9.695531129837036133e-01 2.383887302130460739e-03
9.693217277526855469e-01 2.423666184768080711e-03
9.674630165100097656e-01 2.737340750172734261e-03
9.615238308906555176e-01 3.691187826916575432e-03
9.537073969841003418e-01 4.879851359874010086e-03
9.443873167037963867e-01 6.240752991288900375e-03
9.383384585380554199e-01 7.101776078343391418e-03
9.357501268386840820e-01 7.465916685760021210e-03
9.253504276275634766e-01 8.907006122171878815e-03
9.167727828025817871e-01 1.007239241153001785e-02
9.070261120796203613e-01 1.137411128729581833e-02
9.006806612014770508e-01 1.220955234020948410e-02
8.889749646186828613e-01 1.372690033167600632e-02
8.741609454154968262e-01 1.560396980494260788e-02
8.409689068794250488e-01 1.963320560753345490e-02
8.344379067420959473e-01 2.039640583097934723e-02
8.236367106437683105e-01 2.163620106875896454e-02
8.122157454490661621e-01 2.291599288582801819e-02
8.026744127273559570e-01 2.395974844694137573e-02
7.991712093353271484e-01 2.433702349662780762e-02
7.932930588722229004e-01 2.496272325515747070e-02
7.828531861305236816e-01 2.605088241398334503e-02
7.755761146545410156e-01 2.679139003157615662e-02
7.679393291473388672e-01 2.755221165716648102e-02
7.545133829116821289e-01 2.884809114038944244e-02
7.477971315383911133e-01 2.947585284709930420e-02
7.332895994186401367e-01 3.078370913863182068e-02
7.291026711463928223e-01 3.114862367510795593e-02
7.111627459526062012e-01 3.264683112502098083e-02
7.001681327819824219e-01 3.351136669516563416e-02
6.775103211402893066e-01 3.516064584255218506e-02
6.692116856575012207e-01 3.571933507919311523e-02
6.559149026870727539e-01 3.656325861811637878e-02
6.403201818466186523e-01 3.747246786952018738e-02
6.195930838584899902e-01 3.854728117585182190e-02
6.126337647438049316e-01 3.887448832392692566e-02
6.047439575195312500e-01 3.922537341713905334e-02
5.906633734703063965e-01 3.979971259832382202e-02
5.746462345123291016e-01 4.037496447563171387e-02
5.637520551681518555e-01 4.072084650397300720e-02
5.447584986686706543e-01 4.124116897583007812e-02
5.296112298965454102e-01 4.158576577901840210e-02
5.240485072135925293e-01 4.169766232371330261e-02
5.186860561370849609e-01 4.179840162396430969e-02
4.867153763771057129e-01 4.226526245474815369e-02
4.737697839736938477e-01 4.239518195390701294e-02
4.637339711189270020e-01 4.247482120990753174e-02
4.541336297988891602e-01 4.253480583429336548e-02
4.459664821624755859e-01 4.257394745945930481e-02
4.382520914077758789e-01 4.260128363966941833e-02
4.167750775814056396e-01 4.263056814670562744e-02
4.076762497425079346e-01 4.262306541204452515e-02
3.957176208496093750e-01 4.259573668241500854e-02
3.777656853199005127e-01 4.251791909337043762e-02
3.663049340248107910e-01 4.244505241513252258e-02
3.587018847465515137e-01 4.238655418157577515e-02
3.511058986186981201e-01 4.231984168291091919e-02
3.449083566665649414e-01 4.225917160511016846e-02
3.153441250324249268e-01 4.188772663474082947e-02
3.057438135147094727e-01 4.173574596643447876e-02
3.004097938537597656e-01 4.164409264922142029e-02
2.950300574302673340e-01 4.154623299837112427e-02
2.604314088821411133e-01 4.077290371060371399e-02
2.483415305614471436e-01 4.043645039200782776e-02
2.406572997570037842e-01 4.020232707262039185e-02
2.304817140102386475e-01 3.986611962318420410e-02
2.254134267568588257e-01 3.968686237931251526e-02
2.227395921945571899e-01 3.958896920084953308e-02
2.050873637199401855e-01 3.888124227523803711e-02
2.019192278385162354e-01 3.874216973781585693e-02
1.892786473035812378e-01 3.814709559082984924e-02
1.761040240526199341e-01 3.745250776410102844e-02
1.707132905721664429e-01 3.714429214596748352e-02
1.576512157917022705e-01 3.633364662528038025e-02
1.471025198698043823e-01 3.560651838779449463e-02
1.311298459768295288e-01 3.436444327235221863e-02
1.205915659666061401e-01 3.343859687447547913e-02
1.102302446961402893e-01 3.243340924382209778e-02
1.037908345460891724e-01 3.175566717982292175e-02
9.952535480260848999e-02 3.128224983811378479e-02
8.273255825042724609e-02 2.920276857912540436e-02
7.701779901981353760e-02 2.840551361441612244e-02
6.638541072607040405e-02 2.677779830992221832e-02
4.826597496867179871e-02 2.346600778400897980e-02
4.016482457518577576e-02 2.170073613524436951e-02
3.368124365806579590e-02 2.012237720191478729e-02
2.445350587368011475e-02 1.755164936184883118e-02
1.980946585536003113e-02 1.607310771942138672e-02
1.105290092527866364e-02 1.280574686825275421e-02
4.956665448844432831e-03 9.964298456907272339e-03
2.519534900784492493e-03 8.613264188170433044e-03
-2.422533696517348289e-03 5.130252800881862640e-03
-4.956650082021951675e-03 2.295201644301414490e-03
-5.756102968007326126e-03 5.828485009260475636e-04
-5.848902277648448944e-03 -1.437695696949958801e-03
-5.775804631412029266e-03 -1.723247813060879707e-03
-5.212000105530023575e-03 -2.898766659200191498e-03
-5.003443919122219086e-03 -3.186780726537108421e-03
-4.325157497078180313e-03 -3.926430828869342804e-03
-3.964568022638559341e-03 -4.245214629918336868e-03
-2.164243254810571671e-03 -5.458402447402477264e-03
-1.231216010637581348e-03 -5.943629890680313110e-03
1.512420480139553547e-03 -7.081295363605022430e-03
5.557203199714422226e-03 -8.332867175340652466e-03
8.427107706665992737e-03 -9.054477326571941376e-03
1.552089676260948181e-02 -1.052600331604480743e-02
2.692323736846446991e-02 -1.243269443511962891e-02
4.644406214356422424e-02 -1.516317669302225113e-02
5.642283335328102112e-02 -1.641990244388580322e-02
6.987510621547698975e-02 -1.800134405493736267e-02
7.461557537317276001e-02 -1.852934435009956360e-02
9.207873791456222534e-02 -2.034348621964454651e-02
1.046334952116012573e-01 -2.151820808649063110e-02
1.230778619647026062e-01 -2.304175496101379395e-02
1.305755823850631714e-01 -2.359099127352237701e-02
1.433738917112350464e-01 -2.443378604948520660e-02
1.532882153987884521e-01 -2.500426582992076874e-02
1.621154695749282837e-01 -2.545170113444328308e-02
1.745183616876602173e-01 -2.598466724157333374e-02
1.884988844394683838e-01 -2.645296603441238403e-02
2.038218677043914795e-01 -2.680827490985393524e-02
2.190266549587249756e-01 -2.700244821608066559e-02
2.252156287431716919e-01 -2.703766152262687683e-02
2.362986803054809570e-01 -2.703928761184215546e-02
2.512647807598114014e-01 -2.692070044577121735e-02
2.595396935939788818e-01 -2.679797634482383728e-02
2.823722064495086670e-01 -2.626091986894607544e-02
2.937609553337097168e-01 -2.589087747037410736e-02
3.137299418449401855e-01 -2.509205229580402374e-02
3.269745707511901855e-01 -2.446515671908855438e-02
3.301240205764770508e-01 -2.430548705160617828e-02
3.337901830673217773e-01 -2.411469630897045135e-02
3.546173572540283203e-01 -2.293632738292217255e-02
3.619389533996582031e-01 -2.248661033809185028e-02
3.713931739330291748e-01 -2.188102155923843384e-02
3.763539493083953857e-01 -2.155266329646110535e-02
3.935904800891876221e-01 -2.035989053547382355e-02
4.016220569610595703e-01 -1.977895386517047882e-02
4.081562757492065430e-01 -1.929566822946071625e-02
4.191396236419677734e-01 -1.846363767981529236e-02
4.268231987953186035e-01 -1.786822639405727386e-02
4.590052068233489990e-01 -1.527824066579341888e-02
4.649313092231750488e-01 -1.478800736367702484e-02
4.756059944629669189e-01 -1.389747112989425659e-02
4.870581626892089844e-01 -1.293381489813327789e-02
4.979368448257446289e-01 -1.201319973915815353e-02
5.068368911743164062e-01 -1.125811599195003510e-02
5.133786797523498535e-01 -1.070291455835103989e-02
5.322030782699584961e-01 -9.109976701438426971e-03
5.538264513015747070e-01 -7.303277961909770966e-03
5.564134120941162109e-01 -7.089745253324508667e-03
5.621647834777832031e-01 -6.617556326091289520e-03
5.715039372444152832e-01 -5.859208758920431137e-03
5.767325162887573242e-01 -5.439784377813339233e-03
5.920563936233520508e-01 -4.235357046127319336e-03
6.053221225738525391e-01 -3.227686043828725815e-03
6.124981641769409180e-01 -2.698183991014957428e-03
6.232263445854187012e-01 -1.929339836351573467e-03
6.413987874984741211e-01 -6.962636252865195274e-04
6.505525708198547363e-01 -1.114037440856918693e-04
6.550749540328979492e-01 1.679805282037705183e-04
6.615465879440307617e-01 5.563651211559772491e-04
6.722807884216308594e-01 1.170022529549896717e-03
6.856738924980163574e-01 1.880368217825889587e-03
6.931194663047790527e-01 2.247999655082821846e-03
7.042632699012756348e-01 2.761209849268198013e-03
7.217816114425659180e-01 3.477387363091111183e-03
7.427006959915161133e-01 4.187187645584344864e-03
7.578611969947814941e-01 4.603031091392040253e-03
7.684407234191894531e-01 4.844274371862411499e-03
7.795152068138122559e-01 5.053615197539329529e-03
7.837463617324829102e-01 5.121875088661909103e-03
7.949007749557495117e-01 5.270482040941715240e-03
8.017510175704956055e-01 5.338965449482202530e-03
8.088119626045227051e-01 5.391106009483337402e-03
8.120046854019165039e-01 5.408443976193666458e-03
8.478380441665649414e-01 5.320921540260314941e-03
8.544802665710449219e-01 5.243283230811357498e-03
8.627833127975463867e-01 5.116118118166923523e-03
8.732790350914001465e-01 4.903890192508697510e-03
8.848832845687866211e-01 4.595188889652490616e-03
8.870990872383117676e-01 4.526550415903329849e-03
8.969479203224182129e-01 4.179784562438726425e-03
9.020216464996337891e-01 3.972259815782308578e-03
9.130106568336486816e-01 3.445177339017391205e-03
9.227248430252075195e-01 2.875135047361254692e-03
9.345241785049438477e-01 2.016276819631457329e-03
9.430875182151794434e-01 1.246190746314823627e-03
9.504680037498474121e-01 4.555707273539155722e-04
9.646560549736022949e-01 -1.486624823883175850e-03
9.658699035644531250e-01 -1.681351102888584137e-03
9.684008359909057617e-01 -2.101154532283544540e-03
