9.647755622863769531e-01 1.294083078391849995e-03
9.639822244644165039e-01 1.408919808454811573e-03
9.615158438682556152e-01 1.762293744832277298e-03
9.544791579246520996e-01 2.756206085905432701e-03
9.400752782821655273e-01 4.782732576131820679e-03
9.291570782661437988e-01 6.330788601189851761e-03
9.112001657485961914e-01 8.908286690711975098e-03
9.049471616744995117e-01 9.815155528485774994e-03
8.894731402397155762e-01 1.207900419831275940e-02
8.775520920753479004e-01 1.384116709232330322e-02
8.643152713775634766e-01 1.581476069986820221e-02
8.571329116821289062e-01 1.689255237579345703e-02
8.370552062988281250e-01 1.992890611290931702e-02
8.265032768249511719e-01 2.153710089623928070e-02
7.913662195205688477e-01 2.694094926118850708e-02
7.845023870468139648e-01 2.800328098237514496e-02
7.675668597221374512e-01 3.063024766743183136e-02
7.612469792366027832e-01 3.161194548010826111e-02
7.505399584770202637e-01 3.327575698494911194e-02
7.371631860733032227e-01 3.535375371575355530e-02
7.298232316970825195e-01 3.649264946579933167e-02
7.210320234298706055e-01 3.785462677478790283e-02
7.087499499320983887e-01 3.975194320082664490e-02
7.034463882446289062e-01 4.056869819760322571e-02
6.868167519569396973e-01 4.311659932136535645e-02
6.698241829872131348e-01 4.569410905241966248e-02
6.613795161247253418e-01 4.696284979581832886e-02
6.510013937950134277e-01 4.850922152400016785e-02
6.355366706848144531e-01 5.078344047069549561e-02
6.269119381904602051e-01 5.203428864479064941e-02
6.113029122352600098e-01 5.426223203539848328e-02
5.994470119476318359e-01 5.592067167162895203e-02
5.947169065475463867e-01 5.657358095049858093e-02
5.802094340324401855e-01 5.854270234704017639e-02
5.765922665596008301e-01 5.902549624443054199e-02
5.704938173294067383e-01 5.983178317546844482e-02
5.531688332557678223e-01 6.206703931093215942e-02
5.401053428649902344e-01 6.369527429342269897e-02
5.247891545295715332e-01 6.553751975297927856e-02
5.050980448722839355e-01 6.779333204030990601e-02
4.965873956680297852e-01 6.872697919607162476e-02
4.848673641681671143e-01 6.996995210647583008e-02
4.782208800315856934e-01 7.065213471651077271e-02
4.708154499530792236e-01 7.139236479997634888e-02
4.659500718116760254e-01 7.186703383922576904e-02
4.431458413600921631e-01 7.396399229764938354e-02
4.339158833026885986e-01 7.475034147500991821e-02
4.309087991714477539e-01 7.499847561120986938e-02
4.191779494285583496e-01 7.592760026454925537e-02
4.122045040130615234e-01 7.644987851381301880e-02
4.041889309883117676e-01 7.702170312404632568e-02
3.941499590873718262e-01 7.769368588924407959e-02
3.745233118534088135e-01 7.885924726724624634e-02
3.563579618930816650e-01 7.975331693887710571e-02
3.524312376976013184e-01 7.992206513881683350e-02
3.418912589550018311e-01 8.033017814159393311e-02
3.312126100063323975e-01 8.067491650581359863e-02
3.210257291793823242e-01 8.093667775392532349e-02
3.105314671993255615e-01 8.113502711057662964e-02
2.972007095813751221e-01 8.127771317958831787e-02
2.855008244514465332e-01 8.129721134901046753e-02
2.822785973548889160e-01 8.128452301025390625e-02
2.629729211330413818e-01 8.103676140308380127e-02
2.552021145820617676e-01 8.085011690855026245e-02
2.538022398948669434e-01 8.081096410751342773e-02
2.371611297130584717e-01 8.021043241024017334e-02
2.228133976459503174e-01 7.948177307844161987e-02
2.156601846218109131e-01 7.904066890478134155e-02
1.897996217012405396e-01 7.697533071041107178e-02
1.832314729690551758e-01 7.632417231798171997e-02
1.748218536376953125e-01 7.540931552648544312e-02
1.651729643344879150e-01 7.424145936965942383e-02
1.605216562747955322e-01 7.363111525774002075e-02
1.577589809894561768e-01 7.325340807437896729e-02
1.525225341320037842e-01 7.250569015741348267e-02
1.470011770725250244e-01 7.167062163352966309e-02
1.140502318739891052e-01 6.557735055685043335e-02
1.047653704881668091e-01 6.347184628248214722e-02
9.938823431730270386e-02 6.216365471482276917e-02
9.418585151433944702e-02 6.083222851157188416e-02
8.632399141788482666e-02 5.869043990969657898e-02
7.685237377882003784e-02 5.588736012578010559e-02
6.448601931333541870e-02 5.182288214564323425e-02
4.832572489976882935e-02 4.571761190891265869e-02
4.516196623444557190e-02 4.440306499600410461e-02
3.961047530174255371e-02 4.199110716581344604e-02
1.497086603194475174e-02 2.932418137788772583e-02
4.245072603225708008e-03 2.241970412433147430e-02
5.103700095787644386e-04 1.969641633331775665e-02
-2.560308901593089104e-03 1.727452129125595093e-02
-4.292609170079231262e-03 1.581091992557048798e-02
-9.522425942122936249e-03 1.064368430525064468e-02
-1.047139428555965424e-02 9.470940567553043365e-03
-1.151559129357337952e-02 7.971493527293205261e-03
-1.264795754104852676e-02 5.667147692292928696e-03
-1.297686342149972916e-02 3.921924158930778503e-03
-1.276324503123760223e-02 2.542579313740134239e-03
-1.227496657520532608e-02 1.597062335349619389e-03
-1.158740278333425522e-02 8.176048286259174347e-04
-1.047572772949934006e-02 -1.132765464717522264e-05
-8.953901007771492004e-03 -7.840446778573095798e-04
-6.628943607211112976e-03 -1.593430060893297195e-03
-1.860442687757313251e-03 -2.626284491270780563e-03
5.832054303027689457e-04 -2.985263941809535027e-03
4.627855028957128525e-03 -3.434939775615930557e-03
1.129266340285539627e-02 -3.928266931325197220e-03
1.762772910296916962e-02 -4.219738766551017761e-03
2.488676644861698151e-02 -4.416116978973150253e-03
2.823063544929027557e-02 -4.469395615160465240e-03
3.986869007349014282e-02 -4.516105633229017258e-03
4.849013686180114746e-02 -4.439277108758687973e-03
7.238047569990158081e-02 -3.854320617392659187e-03
8.012201637029647827e-02 -3.567754290997982025e-03
9.531557559967041016e-02 -2.889594761654734612e-03
1.173197180032730103e-01 -1.672293408773839474e-03
1.273406594991683960e-01 -1.038719317875802517e-03
1.389986574649810791e-01 -2.476495865266770124e-04
1.494956612586975098e-01 5.091182538308203220e-04
1.677375733852386475e-01 1.910857856273651123e-03
1.766989529132843018e-01 2.634235424920916557e-03
1.822349280118942261e-01 3.091068007051944733e-03
2.099778503179550171e-01 5.474939011037349701e-03
2.162180989980697632e-01 6.028810515999794006e-03
2.316830754280090332e-01 7.421982008963823318e-03
2.388301044702529907e-01 8.073781616985797882e-03
2.507147490978240967e-01 9.165721945464611053e-03
2.592893242835998535e-01 9.957997128367424011e-03
2.657800018787384033e-01 1.055925339460372925e-02
2.774953544139862061e-01 1.164586190134286880e-02
2.812623977661132812e-01 1.199519727379083633e-02
2.940158247947692871e-01 1.317571848630905151e-02
3.002620041370391846e-01 1.375181134790182114e-02
3.273632228374481201e-01 1.622235216200351715e-02
3.331834673881530762e-01 1.674444787204265594e-02
3.548549115657806396e-01 1.865195669233798981e-02
3.687915205955505371e-01 1.984176039695739746e-02
3.815264701843261719e-01 2.089839242398738861e-02
3.866396844387054443e-01 2.131343446671962738e-02
3.913262784481048584e-01 2.168886177241802216e-02
3.977117240428924561e-01 2.219227328896522522e-02
4.058451652526855469e-01 2.281914092600345612e-02
4.110040664672851562e-01 2.320790663361549377e-02
4.231797456741333008e-01 2.409610152244567871e-02
4.433082044124603271e-01 2.546391077339649200e-02
4.526537954807281494e-01 2.605134621262550354e-02
4.600689411163330078e-01 2.649380825459957123e-02
4.708171188831329346e-01 2.709539234638214111e-02
4.771995246410369873e-01 2.742897532880306244e-02
4.862481355667114258e-01 2.786978892982006073e-02
4.930651783943176270e-01 2.817569859325885773e-02
5.024433732032775879e-01 2.855768427252769470e-02
5.108349323272705078e-01 2.885928936302661896e-02
5.351001620292663574e-01 2.949953824281692505e-02
5.488110184669494629e-01 2.969641052186489105e-02
5.600387454032897949e-01 2.976261638104915619e-02
5.694144368171691895e-01 2.974993921816349030e-02
5.751868486404418945e-01 2.971073426306247711e-02
5.793921947479248047e-01 2.966694161295890808e-02
5.886346697807312012e-01 2.952528186142444611e-02
5.942099094390869141e-01 2.940958924591541290e-02
6.008118987083435059e-01 2.924324013292789459e-02
6.108084321022033691e-01 2.893126755952835083e-02
6.187916398048400879e-01 2.863097004592418671e-02
6.222813129425048828e-01 2.848571725189685822e-02
6.390277743339538574e-01 2.767427824437618256e-02
6.492208838462829590e-01 2.709201164543628693e-02
6.674632430076599121e-01 2.589719556272029877e-02
6.810023188591003418e-01 2.489580027759075165e-02
6.923891901969909668e-01 2.398643456399440765e-02
7.043503522872924805e-01 2.297222241759300232e-02
7.136129140853881836e-01 2.214954234659671783e-02
7.320704460144042969e-01 2.042575366795063019e-02
7.410629987716674805e-01 1.955041848123073578e-02
7.465835213661193848e-01 1.900296658277511597e-02
7.595694661140441895e-01 1.768819987773895264e-02
7.683345079421997070e-01 1.678180508315563202e-02
7.869870066642761230e-01 1.481107436120510101e-02
7.906677126884460449e-01 1.441651303321123123e-02
8.073455691337585449e-01 1.261025480926036835e-02
8.432940840721130371e-01 8.654478006064891815e-03
8.708451390266418457e-01 5.621307063847780228e-03
8.750043511390686035e-01 5.167586728930473328e-03
8.839397430419921875e-01 4.199544433504343033e-03
8.879720568656921387e-01 3.766396315768361092e-03
8.971949815750122070e-01 2.786822384223341942e-03
9.028265476226806641e-01 2.198052825406193733e-03
9.240603446960449219e-01 7.256046228576451540e-05
9.347192645072937012e-01 -9.105133358389139175e-04
9.483031034469604492e-01 -2.033858094364404678e-03
9.640037417411804199e-01 -3.084225812926888466e-03
9.654419422149658203e-01 -3.167117713019251823e-03
9.669324159622192383e-01 -3.251381451264023781e-03
