9.669052362442016602e-01 2.194251632317900658e-03
9.665120244026184082e-01 2.309927716851234436e-03
9.637747406959533691e-01 3.093181876465678215e-03
9.545176625251770020e-01 5.569772329181432724e-03
9.385794997215270996e-01 9.523618966341018677e-03
9.204340577125549316e-01 1.376618165522813797e-02
9.079604148864746094e-01 1.657233759760856628e-02
9.006025195121765137e-01 1.819275505840778351e-02
8.823153972625732422e-01 2.212137728929519653e-02
8.720392584800720215e-01 2.427226863801479340e-02
8.535147309303283691e-01 2.805516310036182404e-02
8.448649644851684570e-01 2.978173457086086273e-02
8.310229778289794922e-01 3.249424695968627930e-02
8.170403838157653809e-01 3.517276048660278320e-02
8.066499829292297363e-01 3.712380304932594299e-02
7.988603115081787109e-01 3.856481984257698059e-02
7.898040413856506348e-01 4.021697118878364563e-02
7.824108600616455078e-01 4.154725000262260437e-02
7.745936512947082520e-01 4.293586686253547668e-02
7.686741948127746582e-01 4.397509992122650146e-02
7.574558258056640625e-01 4.591572657227516174e-02
7.456835508346557617e-01 4.791143536567687988e-02
7.351928353309631348e-01 4.965458065271377563e-02
7.266321778297424316e-01 5.105228722095489502e-02
7.077293992042541504e-01 5.405938252806663513e-02
6.980051398277282715e-01 5.556348338723182678e-02
6.888911128044128418e-01 5.694644153118133545e-02
6.841819882392883301e-01 5.765083059668540955e-02
6.729155182838439941e-01 5.930761992931365967e-02
6.560271382331848145e-01 6.171500310301780701e-02
6.384817361831665039e-01 6.411734968423843384e-02
6.318822503089904785e-01 6.499437987804412842e-02
6.215343475341796875e-01 6.633983552455902100e-02
6.068446040153503418e-01 6.818618625402450562e-02
5.965235233306884766e-01 6.943782418966293335e-02
5.885014533996582031e-01 7.038407027721405029e-02
5.779834389686584473e-01 7.158883661031723022e-02
5.634037256240844727e-01 7.318988442420959473e-02
5.539389848709106445e-01 7.418520003557205200e-02
5.449315905570983887e-01 7.509941607713699341e-02
5.378443598747253418e-01 7.579571753740310669e-02
5.302332043647766113e-01 7.652045041322708130e-02
5.205425620079040527e-01 7.740794867277145386e-02
5.129553675651550293e-01 7.807473093271255493e-02
4.895358979701995850e-01 7.997216284275054932e-02
4.750782251358032227e-01 8.101763576269149780e-02
4.689002037048339844e-01 8.143406361341476440e-02
4.604586660861968994e-01 8.197299391031265259e-02
4.521287679672241211e-01 8.247008919715881348e-02
4.436207115650177002e-01 8.294153213500976562e-02
4.358087480068206787e-01 8.334145694971084595e-02
4.209439456462860107e-01 8.401323109865188599e-02
4.110331833362579346e-01 8.439446240663528442e-02
3.986378312110900879e-01 8.479396998882293701e-02
3.922846615314483643e-01 8.496470004320144653e-02
3.847453892230987549e-01 8.513680845499038696e-02
3.735193312168121338e-01 8.533052355051040649e-02
3.674458861351013184e-01 8.540350198745727539e-02
3.515297770500183105e-01 8.548618108034133911e-02
3.395873904228210449e-01 8.544228225946426392e-02
3.345289826393127441e-01 8.539561182260513306e-02
3.299675881862640381e-01 8.533895015716552734e-02
3.184123933315277100e-01 8.513256162405014038e-02
2.952604293823242188e-01 8.443899452686309814e-02
2.894683182239532471e-01 8.420501649379730225e-02
2.694908678531646729e-01 8.320414274930953979e-02
2.638049423694610596e-01 8.286266028881072998e-02
2.581628262996673584e-01 8.249825239181518555e-02
2.442930787801742554e-01 8.149102330207824707e-02
2.327189743518829346e-01 8.052502572536468506e-02
2.251331508159637451e-01 7.982737571001052856e-02
2.151598185300827026e-01 7.882937788963317871e-02
2.064495086669921875e-01 7.787981629371643066e-02
1.832026690244674683e-01 7.496486604213714600e-02
1.740443557500839233e-01 7.365284860134124756e-02
1.595860123634338379e-01 7.137465476989746094e-02
1.537967771291732788e-01 7.038645446300506592e-02
1.442669183015823364e-01 6.865780800580978394e-02
1.339901387691497803e-01 6.664104014635086060e-02
1.305840313434600830e-01 6.593517214059829712e-02
1.151024848222732544e-01 6.246808916330337524e-02
1.102085709571838379e-01 6.127594411373138428e-02
1.022948846220970154e-01 5.923903360962867737e-02
8.603359758853912354e-02 5.457018688321113586e-02
7.885880023241043091e-02 5.226823315024375916e-02
7.224296778440475464e-02 4.999017715454101562e-02
6.206587329506874084e-02 4.614459723234176636e-02
5.526061728596687317e-02 4.329784214496612549e-02
3.628709912300109863e-02 3.371938690543174744e-02
2.842427976429462433e-02 2.867603488266468048e-02
2.251415513455867767e-02 2.417828515172004700e-02
1.833722554147243500e-02 2.042656578123569489e-02
1.499056071043014526e-02 1.686728745698928833e-02
1.283848378807306290e-02 1.415150891989469528e-02
9.800327941775321960e-03 9.144974872469902039e-03
9.445936419069766998e-03 8.380433544516563416e-03
8.596718311309814453e-03 6.183241959661245346e-03
7.911380380392074585e-03 3.472301876172423363e-03
7.657347247004508972e-03 6.892445380799472332e-04
7.697431836277246475e-03 -4.771767125930637121e-04
8.199904114007949829e-03 -3.341739298775792122e-03
9.033042937517166138e-03 -5.577066913247108459e-03
1.093887910246849060e-02 -8.689075708389282227e-03
1.488154754042625427e-02 -1.264771260321140289e-02
1.740397885441780090e-02 -1.447728835046291351e-02
2.631390839815139771e-02 -1.908762007951736450e-02
3.574618697166442871e-02 -2.240936271846294403e-02
4.197781533002853394e-02 -2.412610128521919250e-02
5.037143826484680176e-02 -2.604057081043720245e-02
5.536849796772003174e-02 -2.701371908187866211e-02
5.927045643329620361e-02 -2.770273387432098389e-02
7.271220535039901733e-02 -2.968951687216758728e-02
7.971511036157608032e-02 -3.052937611937522888e-02
9.472628682851791382e-02 -3.197501599788665771e-02
1.070529818534851074e-01 -3.286274522542953491e-02
1.191429719328880310e-01 -3.351574763655662537e-02
1.335875242948532104e-01 -3.405401483178138733e-02
1.395560652017593384e-01 -3.420798853039741516e-02
1.482402533292770386e-01 -3.436711803078651428e-02
1.576211452484130859e-01 -3.445866331458091736e-02
1.653724163770675659e-01 -3.447593376040458679e-02
1.830332130193710327e-01 -3.433606028556823730e-02
1.889890432357788086e-01 -3.423722460865974426e-02
2.072815001010894775e-01 -3.378746286034584045e-02
2.294426560401916504e-01 -3.297908604145050049e-02
2.421597838401794434e-01 -3.240096196532249451e-02
2.575490772724151611e-01 -3.160297870635986328e-02
2.625341713428497314e-01 -3.132322803139686584e-02
2.683126330375671387e-01 -3.098676726222038269e-02
2.744216024875640869e-01 -3.061744943261146545e-02
2.822853326797485352e-01 -3.012249432504177094e-02
2.871619462966918945e-01 -2.980503067374229431e-02
3.093599379062652588e-01 -2.826739102602005005e-02
3.156988918781280518e-01 -2.780297212302684784e-02
3.296203911304473877e-01 -2.674833498895168304e-02
3.346536457538604736e-01 -2.635623887181282043e-02
3.559084534645080566e-01 -2.464539185166358948e-02
3.624302148818969727e-01 -2.410471811890602112e-02
3.664304018020629883e-01 -2.376990206539630890e-02
3.921131193637847900e-01 -2.157182246446609497e-02
4.004070758819580078e-01 -2.084759809076786041e-02
4.065898358821868896e-01 -2.030435204505920410e-02
4.137954413890838623e-01 -1.966820470988750458e-02
4.415232241153717041e-01 -1.720269024372100830e-02
4.509612917900085449e-01 -1.636191830039024353e-02
4.606718122959136963e-01 -1.549869310110807419e-02
4.661976099014282227e-01 -1.500890869647264481e-02
4.743928313255310059e-01 -1.428524963557720184e-02
4.917184710502624512e-01 -1.276987046003341675e-02
5.080312490463256836e-01 -1.136754546314477921e-02
5.105824470520019531e-01 -1.115084160119295120e-02
5.154158473014831543e-01 -1.074243243783712387e-02
5.268170237541198730e-01 -9.791057556867599487e-03
5.316329598426818848e-01 -9.394644759595394135e-03
5.416742563247680664e-01 -8.579400368034839630e-03
5.508275032043457031e-01 -7.850429043173789978e-03
5.646958947181701660e-01 -6.773758679628372192e-03
5.740371346473693848e-01 -6.068656221032142639e-03
5.983353257179260254e-01 -4.316383507102727890e-03
6.038848757743835449e-01 -3.933629952371120453e-03
6.092202663421630859e-01 -3.572011599317193031e-03
6.201958060264587402e-01 -2.848171163350343704e-03
6.271218657493591309e-01 -2.405589446425437927e-03
6.295421123504638672e-01 -2.253559185191988945e-03
6.545105576515197754e-01 -7.670332561247050762e-04
6.663780212402343750e-01 -1.143055706052109599e-04
6.748624444007873535e-01 3.304132842458784580e-04
7.115857601165771484e-01 2.036425285041332245e-03
7.239317893981933594e-01 2.527005271986126900e-03
7.342599034309387207e-01 2.903977176174521446e-03
7.438019514083862305e-01 3.224520944058895111e-03
7.483989000320434570e-01 3.369245678186416626e-03
7.588039040565490723e-01 3.673018887639045715e-03
7.694882750511169434e-01 3.949725534766912460e-03
7.746636271476745605e-01 4.070570692420005798e-03
7.834907770156860352e-01 4.256276879459619522e-03
7.972217202186584473e-01 4.492180887609720230e-03
8.072061538696289062e-01 4.621355794370174408e-03
8.182728290557861328e-01 4.720525816082954407e-03
8.306831121444702148e-01 4.773298744112253189e-03
8.478432297706604004e-01 4.735537804663181305e-03
8.507868051528930664e-01 4.715125076472759247e-03
8.636164069175720215e-01 4.574120044708251953e-03
8.714824318885803223e-01 4.442674573510885239e-03
8.964486718177795410e-01 3.758417209610342979e-03
9.015982151031494141e-01 3.558064112439751625e-03
9.193495512008666992e-01 2.670059679076075554e-03
9.277711510658264160e-01 2.119253156706690788e-03
9.438679218292236328e-01 7.546956185251474380e-04
9.581596851348876953e-01 -9.169346303679049015e-04
9.623901247978210449e-01 -1.513474388048052788e-03
9.656093716621398926e-01 -1.999459695070981979e-03
