9.645185470581054688e-01 3.538153832778334618e-04
9.641482830047607422e-01 3.995317674707621336e-04
9.617511630058288574e-01 7.044912199489772320e-04
9.559897184371948242e-01 1.480724196881055832e-03
9.458599090576171875e-01 2.936579752713441849e-03
9.355179667472839355e-01 4.505248740315437317e-03
9.212280511856079102e-01 6.781389471143484116e-03
9.147552251815795898e-01 7.849847897887229919e-03
9.040007591247558594e-01 9.673809632658958435e-03
8.942953944206237793e-01 1.137070264667272568e-02
8.856077194213867188e-01 1.292971055954694748e-02
8.788949251174926758e-01 1.415996905416250229e-02
8.726395368576049805e-01 1.532630249857902527e-02
8.609222769737243652e-01 1.756237260997295380e-02
8.430107831954956055e-01 2.110792323946952820e-02
8.392903804779052734e-01 2.186343446373939514e-02
8.202857375144958496e-01 2.582243271172046661e-02
8.130241036415100098e-01 2.737800218164920807e-02
8.041834235191345215e-01 2.930279448628425598e-02
7.974718213081359863e-01 3.078597411513328552e-02
7.781084775924682617e-01 3.516462817788124084e-02
7.631977796554565430e-01 3.862834721803665161e-02
7.564806342124938965e-01 4.021173715591430664e-02
7.510761618614196777e-01 4.149505496025085449e-02
7.427760362625122070e-01 4.348064959049224854e-02
7.350283861160278320e-01 4.534825310111045837e-02
7.116961479187011719e-01 5.103396996855735779e-02
7.064898610115051270e-01 5.231079459190368652e-02
6.974897980690002441e-01 5.452089756727218628e-02
6.852434873580932617e-01 5.752791091799736023e-02
6.780290007591247559e-01 5.929566547274589539e-02
6.588698029518127441e-01 6.395874172449111938e-02
6.517559289932250977e-01 6.567291915416717529e-02
6.398108601570129395e-01 6.852249801158905029e-02
6.212396025657653809e-01 7.286363095045089722e-02
6.155791282653808594e-01 7.416120171546936035e-02
5.977159738540649414e-01 7.816496491432189941e-02
5.855642557144165039e-01 8.080053329467773438e-02
5.765254497528076172e-01 8.271009474992752075e-02
5.720591545104980469e-01 8.363671600818634033e-02
5.633625984191894531e-01 8.540768176317214966e-02
5.478417277336120605e-01 8.845327794551849365e-02
5.381147265434265137e-01 9.028305858373641968e-02
5.221065282821655273e-01 9.315523505210876465e-02
5.070594549179077148e-01 9.568999707698822021e-02
5.010228157043457031e-01 9.666043519973754883e-02
4.839246273040771484e-01 9.926000982522964478e-02
4.696213603019714355e-01 1.012606099247932434e-01
4.519050121307373047e-01 1.035114750266075134e-01
4.460711777210235596e-01 1.041962429881095886e-01
4.376712441444396973e-01 1.051323562860488892e-01
4.286084473133087158e-01 1.060752123594284058e-01
4.155352115631103516e-01 1.073104217648506165e-01
3.971544504165649414e-01 1.087916344404220581e-01
3.837070167064666748e-01 1.096810624003410339e-01
3.810862600803375244e-01 1.098348870873451233e-01
3.573237359523773193e-01 1.109317243099212646e-01
3.463373780250549316e-01 1.112527847290039062e-01
3.367563486099243164e-01 1.114338263869285583e-01
3.179795145988464355e-01 1.115130782127380371e-01
3.083065450191497803e-01 1.114071011543273926e-01
3.025709986686706543e-01 1.112957671284675598e-01
2.980893552303314209e-01 1.111831739544868469e-01
2.885716557502746582e-01 1.108682677149772644e-01
2.833763957023620605e-01 1.106520742177963257e-01
2.679131627082824707e-01 1.098178103566169739e-01
2.540903687477111816e-01 1.088211014866828918e-01
2.411461025476455688e-01 1.076623648405075073e-01
2.333137691020965576e-01 1.068507283926010132e-01
2.273884415626525879e-01 1.061794683337211609e-01
2.235674113035202026e-01 1.057197526097297668e-01
2.140689492225646973e-01 1.044833883643150330e-01
2.064880579710006714e-01 1.033977568149566650e-01
1.877339929342269897e-01 1.003129705786705017e-01
1.798836886882781982e-01 9.884284436702728271e-02
1.674604564905166626e-01 9.628488123416900635e-02
1.556647270917892456e-01 9.357621520757675171e-02
1.441732794046401978e-01 9.065450727939605713e-02
1.295939683914184570e-01 8.650846034288406372e-02
1.208491548895835876e-01 8.376388996839523315e-02
1.153648123145103455e-01 8.193583786487579346e-02
1.022319719195365906e-01 7.719393074512481689e-02
8.671354502439498901e-02 7.084329426288604736e-02
7.390347123146057129e-02 6.487809121608734131e-02
7.004728168249130249e-02 6.293293088674545288e-02
6.197195127606391907e-02 5.860062316060066223e-02
5.159616470336914062e-02 5.242918059229850769e-02
4.724870994687080383e-02 4.959768429398536682e-02
4.116902500391006470e-02 4.533497244119644165e-02
3.617509454488754272e-02 4.150869697332382202e-02
3.395445644855499268e-02 3.969142213463783264e-02
3.045727312564849854e-02 3.665212914347648621e-02
1.818918250501155853e-02 2.303230203688144684e-02
1.642414368689060211e-02 2.028169296681880951e-02
1.364591903984546661e-02 1.467000879347324371e-02
1.220229919999837875e-02 9.717712178826332092e-03
1.200991310179233551e-02 8.518332615494728088e-03
1.182641461491584778e-02 6.133695133030414581e-03
1.183565985411405563e-02 5.046157166361808777e-03
1.222496852278709412e-02 1.878430601209402084e-03
1.293167937546968460e-02 -5.606898339465260506e-04
1.632249169051647186e-02 -6.306086666882038116e-03
1.911881379783153534e-02 -9.119229391217231750e-03
2.255158312618732452e-02 -1.168123725801706314e-02
2.787203900516033173e-02 -1.460665091872215271e-02
3.160384669899940491e-02 -1.618943735957145691e-02
3.593902662396430969e-02 -1.769962720572948456e-02
3.828673809766769409e-02 -1.840230263769626617e-02
5.354933813214302063e-02 -2.163724042475223541e-02
6.728351861238479614e-02 -2.328447811305522919e-02
6.968409568071365356e-02 -2.349033951759338379e-02
9.095691889524459839e-02 -2.457571774721145630e-02
1.058905944228172302e-01 -2.476245723664760590e-02
1.153368726372718811e-01 -2.470920793712139130e-02
1.266960352659225464e-01 -2.450747229158878326e-02
1.420505791902542114e-01 -2.404391951858997345e-02
1.612686365842819214e-01 -2.322657220065593719e-02
1.694421321153640747e-01 -2.281594276428222656e-02
1.809788048267364502e-01 -2.218430489301681519e-02
2.073161005973815918e-01 -2.056048437952995300e-02
2.164353579282760620e-01 -1.995161920785903931e-02
2.270759046077728271e-01 -1.921718753874301910e-02
2.407948821783065796e-01 -1.823806390166282654e-02
2.610063254833221436e-01 -1.674325764179229736e-02
2.744927406311035156e-01 -1.571942865848541260e-02
2.788721919059753418e-01 -1.538343168795108795e-02
2.892837822437286377e-01 -1.457898318767547607e-02
2.960259616374969482e-01 -1.405453030019998550e-02
3.070706129074096680e-01 -1.319089438766241074e-02
3.197263777256011963e-01 -1.219674851745367050e-02
3.257640004158020020e-01 -1.172158215194940567e-02
3.308578133583068848e-01 -1.132056675851345062e-02
3.573841750621795654e-01 -9.237512014806270599e-03
3.632581532001495361e-01 -8.779034949839115143e-03
3.675520420074462891e-01 -8.444895036518573761e-03
3.747984468936920166e-01 -7.883223704993724823e-03
3.962153792381286621e-01 -6.244232878088951111e-03
4.008928835391998291e-01 -5.891401320695877075e-03
4.069488346576690674e-01 -5.437808576971292496e-03
4.151380062103271484e-01 -4.830765072256326675e-03
4.314101636409759521e-01 -3.649230580776929855e-03
4.370588064193725586e-01 -3.247728571295738220e-03
4.484261572360992432e-01 -2.455050358548760414e-03
4.616702497005462646e-01 -1.560108619742095470e-03
4.812487959861755371e-01 -3.022156015504151583e-04
4.911975860595703125e-01 3.031791129615157843e-04
5.000752806663513184e-01 8.220002637244760990e-04
5.224124789237976074e-01 2.028110437095165253e-03
5.334154367446899414e-01 2.564466558396816254e-03
5.376229286193847656e-01 2.758639166131615639e-03
5.450904965400695801e-01 3.087696153670549393e-03
5.505279898643493652e-01 3.314363304525613785e-03
5.576273202896118164e-01 3.593330737203359604e-03
5.595313310623168945e-01 3.664797171950340271e-03
5.688806176185607910e-01 3.994635771960020065e-03
5.758755803108215332e-01 4.217919427901506424e-03
5.863417387008666992e-01 4.513280931860208511e-03
5.934996604919433594e-01 4.687930457293987274e-03
6.045029163360595703e-01 4.912231583148241043e-03
6.104816794395446777e-01 5.011435132473707199e-03
6.187280416488647461e-01 5.121923983097076416e-03
6.342675685882568359e-01 5.247459746897220612e-03
6.486297249794006348e-01 5.269088316708803177e-03
6.507977247238159180e-01 5.264670122414827347e-03
6.724043488502502441e-01 5.115401931107044220e-03
6.906806826591491699e-01 4.849579185247421265e-03
7.030301094055175781e-01 4.604852758347988129e-03
7.093539237976074219e-01 4.460977856069803238e-03
7.376666069030761719e-01 3.682367270812392235e-03
7.403950095176696777e-01 3.597073722630739212e-03
7.546215653419494629e-01 3.127709962427616119e-03
7.662655711174011230e-01 2.716304268687963486e-03
7.719066143035888672e-01 2.509405370801687241e-03
7.756096124649047852e-01 2.371171955019235611e-03
7.846747040748596191e-01 2.025497378781437874e-03
7.890561223030090332e-01 1.855096663348376751e-03
8.092789053916931152e-01 1.046553021296858788e-03
8.126498460769653320e-01 9.090329403989017010e-04
8.271862864494323730e-01 3.104916831944137812e-04
8.355846405029296875e-01 -3.766081135836429894e-05
8.436580896377563477e-01 -3.725378192029893398e-04
8.494626879692077637e-01 -6.127914530225098133e-04
8.568966388702392578e-01 -9.190886048600077629e-04
8.635098338127136230e-01 -1.189564820379018784e-03
8.806408643722534180e-01 -1.876359805464744568e-03
8.994972109794616699e-01 -2.596201840788125992e-03
9.129234552383422852e-01 -3.074319567531347275e-03
9.313762187957763672e-01 -3.665106138214468956e-03
9.450825452804565430e-01 -4.040016792714595795e-03
9.556024074554443359e-01 -4.287871532142162323e-03
9.608860015869140625e-01 -4.402197431772947311e-03
9.627412557601928711e-01 -4.441394004970788956e-03
