9.713079333305358887e-01 8.717633318156003952e-04
9.709457755088806152e-01 9.425302851013839245e-04
9.681387543678283691e-01 1.537100295536220074e-03
9.618017077445983887e-01 3.033438231796026230e-03
9.570400118827819824e-01 4.229469690471887589e-03
9.499469995498657227e-01 6.077815312892198563e-03
9.364418983459472656e-01 9.739839471876621246e-03
9.296533465385437012e-01 1.163126155734062195e-02
9.185575842857360840e-01 1.477852556854486465e-02
9.126016497611999512e-01 1.649235375225543976e-02
8.946812748908996582e-01 2.173484861850738525e-02
8.909675478935241699e-01 2.283540554344654083e-02
8.837859630584716797e-01 2.497615478932857513e-02
8.731530308723449707e-01 2.817290276288986206e-02
8.643031120300292969e-01 3.085586614906787872e-02
8.590404987335205078e-01 3.246007487177848816e-02
8.462525010108947754e-01 3.638219833374023438e-02
8.389266729354858398e-01 3.864278644323348999e-02
8.327973484992980957e-01 4.054078087210655212e-02
8.285239934921264648e-01 4.186723753809928894e-02
8.124949336051940918e-01 4.686284810304641724e-02
7.957779765129089355e-01 5.209705978631973267e-02
7.872355580329895020e-01 5.477727949619293213e-02
7.812924385070800781e-01 5.664288252592086792e-02
7.682557702064514160e-01 6.073495745658874512e-02
7.621090412139892578e-01 6.266285479068756104e-02
7.435729503631591797e-01 6.846221536397933960e-02
7.360626459121704102e-01 7.080294936895370483e-02
7.208205461502075195e-01 7.553065568208694458e-02
7.143168449401855469e-01 7.753671705722808838e-02
7.042921781539916992e-01 8.061303943395614624e-02
6.965864300727844238e-01 8.296327292919158936e-02
6.871967315673828125e-01 8.580787479877471924e-02
6.751309037208557129e-01 8.942867815494537354e-02
6.644186377525329590e-01 9.260685741901397705e-02
6.582499742507934570e-01 9.442004561424255371e-02
6.458742618560791016e-01 9.801662713289260864e-02
6.342510581016540527e-01 1.013406068086624146e-01
6.190157532691955566e-01 1.056102886795997620e-01
6.146097183227539062e-01 1.068251729011535645e-01
5.998271107673645020e-01 1.108307987451553345e-01
5.905034542083740234e-01 1.132980287075042725e-01
5.786355137825012207e-01 1.163671091198921204e-01
5.637140870094299316e-01 1.201041042804718018e-01
5.504767894744873047e-01 1.232973262667655945e-01
5.422316789627075195e-01 1.252244412899017334e-01
5.276674032211303711e-01 1.285051256418228149e-01
5.195078253746032715e-01 1.302707493305206299e-01
5.095384716987609863e-01 1.323535591363906860e-01
4.968840479850769043e-01 1.348739564418792725e-01
4.856195449829101562e-01 1.369954496622085571e-01
4.715584516525268555e-01 1.394732296466827393e-01
4.636319279670715332e-01 1.407826989889144897e-01
4.432959854602813721e-01 1.438380628824234009e-01
4.290448129177093506e-01 1.457039564847946167e-01
4.244379997253417969e-01 1.462563276290893555e-01
4.091342985630035400e-01 1.479057073593139648e-01
4.037949740886688232e-01 1.484121680259704590e-01
3.891830742359161377e-01 1.496087610721588135e-01
3.736571371555328369e-01 1.505647748708724976e-01
3.641394674777984619e-01 1.509837061166763306e-01
3.499846160411834717e-01 1.513630300760269165e-01
3.435601890087127686e-01 1.514363139867782593e-01
3.300855457782745361e-01 1.513833552598953247e-01
3.177688717842102051e-01 1.510831266641616821e-01
3.072818517684936523e-01 1.506320834159851074e-01
3.011497259140014648e-01 1.502830237150192261e-01
2.802260816097259521e-01 1.486029624938964844e-01
2.704882919788360596e-01 1.475553065538406372e-01
2.630841434001922607e-01 1.466420888900756836e-01
2.580539286136627197e-01 1.459631323814392090e-01
2.424553334712982178e-01 1.435490995645523071e-01
2.336411029100418091e-01 1.419732272624969482e-01
2.090402245521545410e-01 1.367285102605819702e-01
1.902702301740646362e-01 1.318435072898864746e-01
1.680484116077423096e-01 1.249966844916343689e-01
1.657232940196990967e-01 1.242099553346633911e-01
1.543296575546264648e-01 1.201523765921592712e-01
1.439925730228424072e-01 1.161692738533020020e-01
1.374087631702423096e-01 1.134755611419677734e-01
1.264160722494125366e-01 1.086919829249382019e-01
1.147600859403610229e-01 1.032052859663963318e-01
1.044504791498184204e-01 9.796932339668273926e-02
9.609860926866531372e-02 9.344276785850524902e-02
8.394119143486022949e-02 8.635401725769042969e-02
7.841006666421890259e-02 8.291464298963546753e-02
6.676197052001953125e-02 7.517819106578826904e-02
6.287622451782226562e-02 7.243300229310989380e-02
5.574371293187141418e-02 6.715183705091476440e-02
4.994317889213562012e-02 6.259907037019729614e-02
3.988324478268623352e-02 5.404678359627723694e-02
3.533948212862014771e-02 4.985272884368896484e-02
2.250072732567787170e-02 3.640820831060409546e-02
1.866735704243183136e-02 3.172696381807327271e-02
1.274245698004961014e-02 2.342587150633335114e-02
1.003675069659948349e-02 1.892798580229282379e-02
7.554832380264997482e-03 1.406702958047389984e-02
4.639449063688516617e-03 6.168126594275236130e-03
3.692767582833766937e-03 1.589312218129634857e-03
3.433305537328124046e-03 -1.150370226241648197e-03
3.514572978019714355e-03 -4.992914386093616486e-03
4.832400940358638763e-03 -1.084601320326328278e-02
5.759406369179487228e-03 -1.301096193492412567e-02
1.074699964374303818e-02 -1.987117156386375427e-02
1.810542680323123932e-02 -2.555599808692932129e-02
2.285325154662132263e-02 -2.815379202365875244e-02
2.850924246013164520e-02 -3.064738027751445770e-02
3.225269541144371033e-02 -3.204311802983283997e-02
4.493658989667892456e-02 -3.576318174600601196e-02
5.535651370882987976e-02 -3.802584856748580933e-02
6.603472679853439331e-02 -3.984538465738296509e-02
8.346032351255416870e-02 -4.204389452934265137e-02
9.387150406837463379e-02 -4.301412031054496765e-02
1.046888828277587891e-01 -4.380878433585166931e-02
1.124662011861801147e-01 -4.426529631018638611e-02
1.235207319259643555e-01 -4.477111622691154480e-02
1.373730599880218506e-01 -4.519964009523391724e-02
1.499606966972351074e-01 -4.541892185807228088e-02
1.591618210077285767e-01 -4.548958688974380493e-02
1.677215248346328735e-01 -4.549420252442359924e-02
1.857695579528808594e-01 -4.533216357231140137e-02
1.947216838598251343e-01 -4.517434909939765930e-02
2.035770267248153687e-01 -4.497282952070236206e-02
2.108607441186904907e-01 -4.477559402585029602e-02
2.328707128763198853e-01 -4.402366280555725098e-02
2.423386722803115845e-01 -4.363518580794334412e-02
2.536873221397399902e-01 -4.312335327267646790e-02
2.589152157306671143e-01 -4.287172108888626099e-02
2.740980982780456543e-01 -4.208845272660255432e-02
2.859940230846405029e-01 -4.142432659864425659e-02
2.929007112979888916e-01 -4.102002456784248352e-02
2.992430329322814941e-01 -4.063735157251358032e-02
3.159871995449066162e-01 -3.957828134298324585e-02
3.207486867904663086e-01 -3.926505520939826965e-02
3.434905111789703369e-01 -3.770279884338378906e-02
3.521180152893066406e-01 -3.708405047655105591e-02
3.721601068973541260e-01 -3.559838607907295227e-02
3.807982206344604492e-01 -3.493935987353324890e-02
3.886463642120361328e-01 -3.433191403746604919e-02
4.045520722866058350e-01 -3.307800740003585815e-02
4.174011051654815674e-01 -3.204568102955818176e-02
4.327309429645538330e-01 -3.079541958868503571e-02
4.438592195510864258e-01 -2.987760491669178009e-02
4.500490725040435791e-01 -2.936412207782268524e-02
4.701788127422332764e-01 -2.768401615321636200e-02
4.799242615699768066e-01 -2.686737664043903351e-02
4.891247153282165527e-01 -2.609604969620704651e-02
5.052174329757690430e-01 -2.474954538047313690e-02
5.330737233161926270e-01 -2.244319580495357513e-02
5.493660569190979004e-01 -2.112010493874549866e-02
5.577459931373596191e-01 -2.044994942843914032e-02
5.637322664260864258e-01 -1.997626386582851410e-02
5.694206953048706055e-01 -1.953042298555374146e-02
5.733414888381958008e-01 -1.922569237649440765e-02
5.939264893531799316e-01 -1.766444742679595947e-02
6.060371994972229004e-01 -1.677998527884483337e-02
6.198896765708923340e-01 -1.580329611897468567e-02
6.360274553298950195e-01 -1.471686735749244690e-02
6.586977243423461914e-01 -1.329195220023393631e-02
6.674926877021789551e-01 -1.277269888669252396e-02
6.749218106269836426e-01 -1.234909985214471817e-02
6.815475821495056152e-01 -1.198299974203109741e-02
6.902821063995361328e-01 -1.151732914149761200e-02
6.930438280105590820e-01 -1.137409918010234833e-02
7.169174551963806152e-01 -1.021586824208498001e-02
7.226568460464477539e-01 -9.958519600331783295e-03
7.293848395347595215e-01 -9.667052887380123138e-03
7.482750415802001953e-01 -8.906234055757522583e-03
7.590867877006530762e-01 -8.507740683853626251e-03
7.691936492919921875e-01 -8.158597163856029510e-03
8.003035783767700195e-01 -7.217451464384794235e-03
8.035379648208618164e-01 -7.130559068173170090e-03
8.099508881568908691e-01 -6.964080967009067535e-03
8.174867630004882812e-01 -6.778094451874494553e-03
8.279229402542114258e-01 -6.537206005305051804e-03
8.340362906455993652e-01 -6.404837593436241150e-03
8.541526198387145996e-01 -6.012930534780025482e-03
8.604075312614440918e-01 -5.904238671064376831e-03
8.730324506759643555e-01 -5.703157279640436172e-03
8.818777799606323242e-01 -5.576518364250659943e-03
8.910005092620849609e-01 -5.457933526486158371e-03
8.965401649475097656e-01 -5.391810555011034012e-03
9.039491415023803711e-01 -5.310271866619586945e-03
9.124810695648193359e-01 -5.226120352745056152e-03
9.257150888442993164e-01 -5.116316489875316620e-03
9.330919981002807617e-01 -5.066199228167533875e-03
9.468178153038024902e-01 -4.994695074856281281e-03
9.542962312698364258e-01 -4.967892542481422424e-03
9.632645845413208008e-01 -4.946375731378793716e-03
9.679732918739318848e-01 -4.938271827995777130e-03
9.697623848915100098e-01 -4.935253877192735672e-03
9.712219238281250000e-01 -4.932613577693700790e-03
