9.606148600578308105e-01 3.336818655952811241e-03
9.598156213760375977e-01 3.551848465576767921e-03
9.570644497871398926e-01 4.254528321325778961e-03
9.420183300971984863e-01 7.541484199464321136e-03
9.234051108360290527e-01 1.102566719055175781e-02
9.162455797195434570e-01 1.227579265832901001e-02
9.002907276153564453e-01 1.494100317358970642e-02
8.933578133583068848e-01 1.605674065649509430e-02
8.850032687187194824e-01 1.737256906926631927e-02
8.771823048591613770e-01 1.857843995094299316e-02
8.611868023872375488e-01 2.097464539110660553e-02
8.551191687583923340e-01 2.186078019440174103e-02
8.430292010307312012e-01 2.359139733016490936e-02
8.348312973976135254e-01 2.473924122750759125e-02
8.087658286094665527e-01 2.825621701776981354e-02
8.006584644317626953e-01 2.930966392159461975e-02
7.849097251892089844e-01 3.130120038986206055e-02
7.746317982673645020e-01 3.256173431873321533e-02
7.655745744705200195e-01 3.364658355712890625e-02
7.574115395545959473e-01 3.460334613919258118e-02
7.497916221618652344e-01 3.547829017043113708e-02
7.446947097778320312e-01 3.605369478464126587e-02
7.213639616966247559e-01 3.858550265431404114e-02
7.160836458206176758e-01 3.913504630327224731e-02
7.025861144065856934e-01 4.049995169043540955e-02
6.917993426322937012e-01 4.154946282505989075e-02
6.820448637008666992e-01 4.246688634157180786e-02
6.744772791862487793e-01 4.315790906548500061e-02
6.674196720123291016e-01 4.378608986735343933e-02
6.601721644401550293e-01 4.441485553979873657e-02
6.475611925125122070e-01 4.546974971890449524e-02
6.352558732032775879e-01 4.645147919654846191e-02
6.271303892135620117e-01 4.707419872283935547e-02
6.213477849960327148e-01 4.750509560108184814e-02
6.129635572433471680e-01 4.811193794012069702e-02
6.017688512802124023e-01 4.888932779431343079e-02
5.836907625198364258e-01 5.006666481494903564e-02
5.731841325759887695e-01 5.070724710822105408e-02
5.622134208679199219e-01 5.134235695004463196e-02
5.498525500297546387e-01 5.201706290245056152e-02
5.387351512908935547e-01 5.258726701140403748e-02
5.263626575469970703e-01 5.318136140704154968e-02
5.166467428207397461e-01 5.361816287040710449e-02
5.092303156852722168e-01 5.393403768539428711e-02
4.972359836101531982e-01 5.441278964281082153e-02
4.793931245803833008e-01 5.505151301622390747e-02
4.645086824893951416e-01 5.551677569746971130e-02
4.602654874324798584e-01 5.563806742429733276e-02
4.397747814655303955e-01 5.615229904651641846e-02
4.302795529365539551e-01 5.634992197155952454e-02
4.126387238502502441e-01 5.664730072021484375e-02
4.053962826728820801e-01 5.674264580011367798e-02
3.928373456001281738e-01 5.687033757567405701e-02
3.804631233215332031e-01 5.694843083620071411e-02
3.707416951656341553e-01 5.697572231292724609e-02
3.625338971614837646e-01 5.697490274906158447e-02
3.508927524089813232e-01 5.693530291318893433e-02
3.427145481109619141e-01 5.687985569238662720e-02
3.223478496074676514e-01 5.663868412375450134e-02
3.148110806941986084e-01 5.651070550084114075e-02
3.085879981517791748e-01 5.638866499066352844e-02
3.008891940116882324e-01 5.621662363409996033e-02
2.798309922218322754e-01 5.562162026762962341e-02
2.710743546485900879e-01 5.531772226095199585e-02
2.650519907474517822e-01 5.508841946721076965e-02
2.525771558284759521e-01 5.455851554870605469e-02
2.418101876974105835e-01 5.403859913349151611e-02
2.340372353792190552e-01 5.362515524029731750e-02
2.147177457809448242e-01 5.244887992739677429e-02
2.044501304626464844e-01 5.173050984740257263e-02
1.939793974161148071e-01 5.092518404126167297e-02
1.839660853147506714e-01 5.008109658956527710e-02
1.765752285718917847e-01 4.940833523869514465e-02
1.711568981409072876e-01 4.888662323355674744e-02
1.639368385076522827e-01 4.815182462334632874e-02
1.527931690216064453e-01 4.692249000072479248e-02
1.367510706186294556e-01 4.492675513029098511e-02
1.254896074533462524e-01 4.334447160363197327e-02
1.191938668489456177e-01 4.238635301589965820e-02
1.121844723820686340e-01 4.125140979886054993e-02
1.038787513971328735e-01 3.980469703674316406e-02
9.079225361347198486e-02 3.727043792605400085e-02
8.445125818252563477e-02 3.591417893767356873e-02
6.934499740600585938e-02 3.227544203400611877e-02
6.334838271141052246e-02 3.064222820103168488e-02
5.994910746812820435e-02 2.966013364493846893e-02
4.444827884435653687e-02 2.454337105154991150e-02
3.503317013382911682e-02 2.074678428471088409e-02
3.087091259658336639e-02 1.882699131965637207e-02
2.545422315597534180e-02 1.601438410580158234e-02
1.939558237791061401e-02 1.222192589193582535e-02
1.547114644199609756e-02 9.080888703465461731e-03
1.393809821456670761e-02 7.552188821136951447e-03
1.253412105143070221e-02 5.838787648826837540e-03
1.114504039287567139e-02 3.358934773132205009e-03
1.062414702028036118e-02 7.164853741414844990e-04
1.089514419436454773e-02 -9.509053197689354420e-04
1.141057536005973816e-02 -2.126460894942283630e-03
1.217165961861610413e-02 -3.232573624700307846e-03
1.300562918186187744e-02 -4.128831438720226288e-03
1.498883310705423355e-02 -5.694943480193614960e-03
1.772463880479335785e-02 -7.253402844071388245e-03
2.375022321939468384e-02 -9.656582958996295929e-03
2.805906534194946289e-02 -1.094406563788652420e-02
3.707694262266159058e-02 -1.304744835942983627e-02
4.418677836656570435e-02 -1.436280738562345505e-02
4.962357133626937866e-02 -1.523385662585496902e-02
6.238389015197753906e-02 -1.695539429783821106e-02
6.788939982652664185e-02 -1.759113743901252747e-02
7.763893157243728638e-02 -1.859428733587265015e-02
9.069316834211349487e-02 -1.973562501370906830e-02
1.009652912616729736e-01 -2.049888111650943756e-02
1.058738902211189270e-01 -2.082680352032184601e-02
1.230292394757270813e-01 -2.180674299597740173e-02
1.343643367290496826e-01 -2.232614345848560333e-02
1.418545246124267578e-01 -2.261850051581859589e-02
1.523627191781997681e-01 -2.296485379338264465e-02
1.648274958133697510e-01 -2.328494004905223846e-02
1.784382015466690063e-01 -2.352955378592014313e-02
1.846698224544525146e-01 -2.360708452761173248e-02
1.967780292034149170e-01 -2.369922958314418793e-02
2.106314152479171753e-01 -2.371503598988056183e-02
2.185868173837661743e-01 -2.368334680795669556e-02
2.296342104673385620e-01 -2.359275519847869873e-02
2.413688600063323975e-01 -2.344036847352981567e-02
2.497809082269668579e-01 -2.329745143651962280e-02
2.583291828632354736e-01 -2.312492020428180695e-02
2.738973796367645264e-01 -2.274416759610176086e-02
2.881543338298797607e-01 -2.232549153268337250e-02
2.965497970581054688e-01 -2.204996906220912933e-02
3.081904649734497070e-01 -2.163481153547763824e-02
3.141441643238067627e-01 -2.140837907791137695e-02
3.294088244438171387e-01 -2.078730799257755280e-02
3.411185443401336670e-01 -2.027410641312599182e-02
3.527902364730834961e-01 -1.973354071378707886e-02
3.645158112049102783e-01 -1.916362158954143524e-02
3.762961924076080322e-01 -1.856620237231254578e-02
3.825062215328216553e-01 -1.824198849499225616e-02
3.928451836109161377e-01 -1.768903248012065887e-02
4.052767157554626465e-01 -1.700401864945888519e-02
4.163032472133636475e-01 -1.637972518801689148e-02
4.286950230598449707e-01 -1.566133648157119751e-02
4.421222507953643799e-01 -1.486511062830686569e-02
4.506788849830627441e-01 -1.434913929551839828e-02
4.608133435249328613e-01 -1.373036764562129974e-02
4.664359390735626221e-01 -1.338383834809064865e-02
4.754628241062164307e-01 -1.282315049320459366e-02
4.859572052955627441e-01 -1.216534338891506195e-02
4.927202761173248291e-01 -1.173845957964658737e-02
5.135532617568969727e-01 -1.041196286678314209e-02
5.226631164550781250e-01 -9.827787056565284729e-03
5.310651659965515137e-01 -9.287529624998569489e-03
5.549222826957702637e-01 -7.749930489808320999e-03
5.715171098709106445e-01 -6.681556347757577896e-03
5.861567258834838867e-01 -5.743232090026140213e-03
5.956698656082153320e-01 -5.136881023645401001e-03
6.007932424545288086e-01 -4.811767488718032837e-03
6.110320687294006348e-01 -4.165644291788339615e-03
6.239879727363586426e-01 -3.356346394866704941e-03
6.329973340034484863e-01 -2.800146117806434631e-03
6.415602564811706543e-01 -2.277350984513759613e-03
6.515534520149230957e-01 -1.675495412200689316e-03
6.627404093742370605e-01 -1.013781060464680195e-03
6.673621535301208496e-01 -7.445476949214935303e-04
6.779372096061706543e-01 -1.386398944305256009e-04
6.865710616111755371e-01 3.445864713285118341e-04
7.124304771423339844e-01 1.719613908790051937e-03
7.254374623298645020e-01 2.363545587286353111e-03
7.346599698066711426e-01 2.797924214974045753e-03
7.428800463676452637e-01 3.168258583173155785e-03
7.587909102439880371e-01 3.836094634607434273e-03
7.726969122886657715e-01 4.361858591437339783e-03
7.806343436241149902e-01 4.635548684746026993e-03
7.884789109230041504e-01 4.885865375399589539e-03
8.015266060829162598e-01 5.254736635833978653e-03
8.173471093177795410e-01 5.615123081952333450e-03
8.292321562767028809e-01 5.816391669213771820e-03
8.366339802742004395e-01 5.908583290874958038e-03
8.491050601005554199e-01 6.000499706715345383e-03
8.585175871849060059e-01 6.011712364852428436e-03
8.741176128387451172e-01 5.903239361941814423e-03
8.777905106544494629e-01 5.851673427969217300e-03
8.900608420372009277e-01 5.595682654529809952e-03
8.966179490089416504e-01 5.399137269705533981e-03
9.043541550636291504e-01 5.104499869048595428e-03
9.086161255836486816e-01 4.909357056021690369e-03
9.210477471351623535e-01 4.180024378001689911e-03
9.335380196571350098e-01 3.138629486784338951e-03
9.447087049484252930e-01 1.838937401771545410e-03
9.565626382827758789e-01 -7.477770850528031588e-05
9.578358530998229980e-01 -3.195331955794245005e-04
9.599382281303405762e-01 -7.412173436023294926e-04
