9.655433893203735352e-01 2.448253100737929344e-03
9.648908972740173340e-01 2.661858452484011650e-03
9.602543711662292480e-01 4.137557931244373322e-03
9.508966207504272461e-01 7.007810752838850021e-03
9.212479591369628906e-01 1.578199863433837891e-02
9.100403785705566406e-01 1.904089190065860748e-02
8.950737118721008301e-01 2.336367964744567871e-02
8.898077011108398438e-01 2.487782947719097137e-02
8.813090920448303223e-01 2.731476724147796631e-02
8.712574243545532227e-01 3.018674068152904510e-02
8.611847162246704102e-01 3.305326029658317566e-02
8.538094162940979004e-01 3.514488041400909424e-02
8.442062139511108398e-01 3.785831481218338013e-02
8.329869508743286133e-01 4.101321101188659668e-02
8.212654590606689453e-01 4.428969696164131165e-02
8.152881264686584473e-01 4.595215246081352234e-02
8.070909380912780762e-01 4.822169989347457886e-02
8.018179535865783691e-01 4.967501759529113770e-02
7.909092903137207031e-01 5.266346782445907593e-02
7.804777026176452637e-01 5.549636855721473694e-02
7.660706043243408203e-01 5.936425179243087769e-02
7.551559209823608398e-01 6.225621700286865234e-02
7.389298677444458008e-01 6.648701429367065430e-02
7.326313257217407227e-01 6.810539215803146362e-02
7.153237462043762207e-01 7.247729599475860596e-02
7.077575922012329102e-01 7.435166090726852417e-02
6.963896155357360840e-01 7.712264358997344971e-02
6.904526948928833008e-01 7.854726910591125488e-02
6.744264364242553711e-01 8.231193572282791138e-02
6.637891530990600586e-01 8.474208414554595947e-02
6.561767458915710449e-01 8.644604682922363281e-02
6.410501003265380859e-01 8.974143117666244507e-02
6.242129802703857422e-01 9.326113760471343994e-02
6.159379482269287109e-01 9.493136405944824219e-02
6.073322296142578125e-01 9.662523120641708374e-02
5.971616506576538086e-01 9.856908768415451050e-02
5.872552394866943359e-01 1.004005447030067444e-01
5.805180072784423828e-01 1.016103625297546387e-01
5.694058537483215332e-01 1.035412773489952087e-01
5.626576542854309082e-01 1.046740040183067322e-01
5.527938008308410645e-01 1.062741875648498535e-01
5.402645468711853027e-01 1.082099676132202148e-01
5.294602513313293457e-01 1.097902283072471619e-01
5.170304179191589355e-01 1.115038692951202393e-01
5.118213891983032227e-01 1.121881678700447083e-01
5.045698285102844238e-01 1.131070628762245178e-01
4.887743890285491943e-01 1.149701178073883057e-01
4.821160137653350830e-01 1.156975701451301575e-01
4.719595909118652344e-01 1.167398169636726379e-01
4.519389867782592773e-01 1.185507252812385559e-01
4.423140287399291992e-01 1.193036362528800964e-01
4.355920553207397461e-01 1.197831705212593079e-01
4.212489128112792969e-01 1.206768527626991272e-01
4.127327501773834229e-01 1.211226060986518860e-01
4.029022157192230225e-01 1.215570122003555298e-01
3.949539065361022949e-01 1.218445301055908203e-01
3.885017931461334229e-01 1.220353543758392334e-01
3.676432371139526367e-01 1.223856955766677856e-01
3.513412773609161377e-01 1.223681718111038208e-01
3.460919260978698730e-01 1.223065927624702454e-01
3.411096036434173584e-01 1.222224161028862000e-01
3.237444162368774414e-01 1.217296868562698364e-01
3.111550509929656982e-01 1.211733520030975342e-01
3.042599260807037354e-01 1.207955554127693176e-01
2.953650653362274170e-01 1.202299445867538452e-01
2.894006073474884033e-01 1.198002994060516357e-01
2.820731997489929199e-01 1.192159056663513184e-01
2.558960914611816406e-01 1.165979355573654175e-01
2.511620521545410156e-01 1.160321012139320374e-01
2.365732043981552124e-01 1.141007170081138611e-01
2.204758971929550171e-01 1.116239130496978760e-01
2.123670876026153564e-01 1.102307885885238647e-01
2.051769495010375977e-01 1.089097335934638977e-01
1.972025781869888306e-01 1.073464229702949524e-01
1.895368844270706177e-01 1.057420894503593445e-01
1.739619672298431396e-01 1.021557226777076721e-01
1.659997552633285522e-01 1.001412644982337952e-01
1.495753526687622070e-01 9.555947035551071167e-02
1.450047940015792847e-01 9.417416155338287354e-02
1.346116662025451660e-01 9.082806855440139771e-02
1.267528086900711060e-01 8.810359984636306763e-02
1.150743663311004639e-01 8.371189981698989868e-02
1.051809266209602356e-01 7.963212579488754272e-02
9.811764210462570190e-02 7.649190723896026611e-02
9.312350302934646606e-02 7.414504140615463257e-02
8.186380565166473389e-02 6.841978430747985840e-02
7.347319275140762329e-02 6.370276212692260742e-02
6.702590733766555786e-02 5.976942554116249084e-02
5.548368766903877258e-02 5.190833285450935364e-02
5.096731707453727722e-02 4.848325252532958984e-02
4.345133528113365173e-02 4.222460091114044189e-02
3.640542179346084595e-02 3.553330898284912109e-02
2.988694421947002411e-02 2.830465883016586304e-02
2.637588419020175934e-02 2.377755939960479736e-02
2.272276394069194794e-02 1.828300021588802338e-02
1.996303722262382507e-02 1.316827256232500076e-02
1.846225373446941376e-02 9.652349166572093964e-03
1.711510121822357178e-02 5.302792880684137344e-03
1.666462235152721405e-02 3.021158045157790184e-03
1.643444783985614777e-02 1.023727701976895332e-03
1.638496853411197662e-02 -1.393149956129491329e-03
1.777622289955615997e-02 -7.873863913118839264e-03
1.912380754947662354e-02 -1.046988461166620255e-02
2.275342121720314026e-02 -1.481484621763229370e-02
2.904820814728736877e-02 -1.936045847833156586e-02
3.450409322977066040e-02 -2.206735685467720032e-02
3.816719725728034973e-02 -2.353091910481452942e-02
4.569061845541000366e-02 -2.595663070678710938e-02
5.151418223977088928e-02 -2.745261974632740021e-02
6.082439422607421875e-02 -2.936129085719585419e-02
6.824615597724914551e-02 -3.056291863322257996e-02
7.798422873020172119e-02 -3.181325644254684448e-02
8.439430594444274902e-02 -3.247236832976341248e-02
9.539199620485305786e-02 -3.335712105035781860e-02
1.040990650653839111e-01 -3.387300670146942139e-02
1.136223375797271729e-01 -3.428153321146965027e-02
1.328170299530029297e-01 -3.470314666628837585e-02
1.462769210338592529e-01 -3.474101796746253967e-02
1.539923995733261108e-01 -3.468426316976547241e-02
1.625784188508987427e-01 -3.456258028745651245e-02
1.682881861925125122e-01 -3.445079550147056580e-02
1.789739280939102173e-01 -3.418227657675743103e-02
1.904691606760025024e-01 -3.381694853305816650e-02
1.978814601898193359e-01 -3.354437276721000671e-02
2.117629945278167725e-01 -3.296609595417976379e-02
2.203592509031295776e-01 -3.256891295313835144e-02
2.317721098661422729e-01 -3.200157359242439270e-02
2.363445162773132324e-01 -3.176275640726089478e-02
2.511155605316162109e-01 -3.095165081322193146e-02
2.582526504993438721e-01 -3.054041042923927307e-02
2.679372131824493408e-01 -2.996485307812690735e-02
2.864103317260742188e-01 -2.881907112896442413e-02
2.989434897899627686e-01 -2.801204659044742584e-02
3.027967512607574463e-01 -2.775986865162849426e-02
3.148375451564788818e-01 -2.696121297776699066e-02
3.240040242671966553e-01 -2.634377405047416687e-02
3.404599726200103760e-01 -2.521890401840209961e-02
3.445659875869750977e-01 -2.493553981184959412e-02
3.562445342540740967e-01 -2.412494458258152008e-02
3.631377518177032471e-01 -2.364384569227695465e-02
3.880525827407836914e-01 -2.189507335424423218e-02
3.954858183860778809e-01 -2.137192152440547943e-02
4.099333286285400391e-01 -2.035559713840484619e-02
4.234431087970733643e-01 -1.940786466002464294e-02
4.333625733852386475e-01 -1.871486566960811615e-02
4.390319883823394775e-01 -1.832024939358234406e-02
4.606431722640991211e-01 -1.682883128523826599e-02
4.738571643829345703e-01 -1.592954993247985840e-02
4.809101521968841553e-01 -1.545432955026626587e-02
5.024737715721130371e-01 -1.402573194354772568e-02
5.165864825248718262e-01 -1.311382837593555450e-02
5.266298055648803711e-01 -1.247768942266702652e-02
5.370625853538513184e-01 -1.182933151721954346e-02
5.479357242584228516e-01 -1.116826664656400681e-02
5.631079673767089844e-01 -1.027315296232700348e-02
5.752732157707214355e-01 -9.580468758940696716e-03
5.836794972419738770e-01 -9.115803986787796021e-03
5.956742167472839355e-01 -8.473753929138183594e-03
6.046264171600341797e-01 -8.011410012841224670e-03
6.180958747863769531e-01 -7.344252895563840866e-03
6.286700963973999023e-01 -6.845392752438783646e-03
6.443006992340087891e-01 -6.149581167846918106e-03
6.552659273147583008e-01 -5.691780243068933487e-03
6.699717044830322266e-01 -5.117633379995822906e-03
6.848616003990173340e-01 -4.582901950925588608e-03
6.923114061355590820e-01 -4.332844167947769165e-03
7.052788138389587402e-01 -3.924963530153036118e-03
7.139757871627807617e-01 -3.670536912977695465e-03
7.227739691734313965e-01 -3.428420517593622208e-03
7.330399155616760254e-01 -3.164818976074457169e-03
7.407127022743225098e-01 -2.980721881613135338e-03
7.529857158660888672e-01 -2.708453917875885963e-03
7.710912823677062988e-01 -2.354296389967203140e-03
7.788894772529602051e-01 -2.218328416347503662e-03
7.947709560394287109e-01 -1.970506738871335983e-03
8.049380779266357422e-01 -1.831390545703470707e-03
8.152558207511901855e-01 -1.705057802610099316e-03
8.243184685707092285e-01 -1.605973229743540287e-03
8.383884429931640625e-01 -1.473370939493179321e-03
8.472918868064880371e-01 -1.402434543706476688e-03
8.602095842361450195e-01 -1.317067188210785389e-03
8.698014616966247559e-01 -1.267115701921284199e-03
8.847972750663757324e-01 -1.212610397487878799e-03
8.933023810386657715e-01 -1.195236458443105221e-03
9.064332246780395508e-01 -1.189989270642399788e-03
9.138597249984741211e-01 -1.200368860736489296e-03
9.334356188774108887e-01 -1.290339627303183079e-03
9.433776140213012695e-01 -1.387948868796229362e-03
9.531613588333129883e-01 -1.542922575026750565e-03
9.601101279258728027e-01 -1.708793803118169308e-03
9.641691446304321289e-01 -1.835904084146022797e-03
9.663722515106201172e-01 -1.915973611176013947e-03
