9.647427201271057129e-01 1.358802197501063347e-03
9.638134241104125977e-01 1.639480702579021454e-03
9.621151685714721680e-01 2.138544106855988503e-03
9.526637196540832520e-01 4.716054536402225494e-03
9.384061098098754883e-01 8.281948044896125793e-03
9.267471432685852051e-01 1.104784663766622543e-02
9.124563336372375488e-01 1.431670784950256348e-02
9.060376882553100586e-01 1.574911922216415405e-02
8.950898051261901855e-01 1.814630255103111267e-02
8.904829025268554688e-01 1.913847029209136963e-02
8.764383196830749512e-01 2.210446819663047791e-02
8.700808882713317871e-01 2.341825515031814575e-02
8.586768507957458496e-01 2.572962455451488495e-02
8.517929911613464355e-01 2.709644474089145660e-02
8.319299221038818359e-01 3.091693483293056488e-02
8.237860202789306641e-01 3.242868185043334961e-02
8.154648542404174805e-01 3.393938764929771423e-02
8.107429742813110352e-01 3.478108718991279602e-02
7.958508729934692383e-01 3.735977038741111755e-02
7.884650826454162598e-01 3.859492391347885132e-02
7.643777132034301758e-01 4.241333529353141785e-02
7.560465335845947266e-01 4.365702718496322632e-02
7.398013472557067871e-01 4.596455395221710205e-02
7.326352000236511230e-01 4.693217575550079346e-02
7.241643071174621582e-01 4.803571477532386780e-02
7.049806118011474609e-01 5.037143826484680176e-02
6.960285305976867676e-01 5.138304829597473145e-02
6.909940242767333984e-01 5.192982777953147888e-02
6.776639819145202637e-01 5.330066382884979248e-02
6.483428478240966797e-01 5.592206865549087524e-02
6.301991939544677734e-01 5.727417021989822388e-02
6.167987585067749023e-01 5.814177915453910828e-02
6.127611994743347168e-01 5.838157236576080322e-02
5.959144234657287598e-01 5.927540361881256104e-02
5.756332278251647949e-01 6.012670695781707764e-02
5.695626139640808105e-01 6.033471599221229553e-02
5.536201000213623047e-01 6.078052893280982971e-02
5.395642518997192383e-01 6.105533242225646973e-02
5.209646821022033691e-01 6.125375628471374512e-02
5.053353309631347656e-01 6.127976253628730774e-02
4.956963360309600830e-01 6.123378500342369080e-02
4.835605919361114502e-01 6.111057475209236145e-02
4.644746482372283936e-01 6.077457964420318604e-02
4.560254216194152832e-01 6.057227775454521179e-02
4.494669437408447266e-01 6.039330735802650452e-02
4.372605085372924805e-01 6.001056730747222900e-02
4.208615422248840332e-01 5.939835309982299805e-02
4.112457036972045898e-01 5.898923799395561218e-02
3.976815044879913330e-01 5.835200101137161255e-02
3.901906609535217285e-01 5.797103419899940491e-02
3.818171620368957520e-01 5.752155929803848267e-02
3.722167313098907471e-01 5.697660520672798157e-02
3.600070476531982422e-01 5.623953789472579956e-02
3.498816788196563721e-01 5.559257417917251587e-02
3.426687121391296387e-01 5.511273816227912903e-02
3.336732983589172363e-01 5.449298024177551270e-02
3.236024975776672363e-01 5.377208441495895386e-02
3.105144798755645752e-01 5.279434472322463989e-02
2.984413206577301025e-01 5.185335502028465271e-02
2.937293052673339844e-01 5.147630721330642700e-02
2.853956520557403564e-01 5.079638212919235229e-02
2.783705592155456543e-01 5.021054670214653015e-02
2.676992118358612061e-01 4.929893463850021362e-02
2.578839957714080811e-01 4.843782261013984680e-02
2.457560598850250244e-01 4.734429717063903809e-02
2.362101376056671143e-01 4.646069556474685669e-02
2.300108075141906738e-01 4.587598517537117004e-02
2.241928279399871826e-01 4.531936347484588623e-02
2.133638560771942139e-01 4.426249116659164429e-02
2.021116465330123901e-01 4.313440620899200439e-02
1.951927244663238525e-01 4.242476820945739746e-02
1.931104958057403564e-01 4.220870509743690491e-02
1.777445673942565918e-01 4.057610034942626953e-02
1.688406467437744141e-01 3.959659114480018616e-02
1.617602109909057617e-01 3.879813477396965027e-02
1.553154736757278442e-01 3.805490583181381226e-02
1.487226784229278564e-01 3.727694228291511536e-02
1.390570551156997681e-01 3.610067069530487061e-02
1.245156452059745789e-01 3.423830866813659668e-02
1.167742237448692322e-01 3.319347649812698364e-02
1.083273962140083313e-01 3.200374171137809753e-02
1.005500927567481995e-01 3.085589781403541565e-02
9.193560481071472168e-02 2.951673790812492371e-02
8.514830470085144043e-02 2.840391546487808228e-02
7.854394614696502686e-02 2.726494334638118744e-02
7.142643630504608154e-02 2.596634626388549805e-02
5.977395549416542053e-02 2.364891022443771362e-02
5.367317795753479004e-02 2.232056669890880585e-02
4.450209811329841614e-02 2.013601548969745636e-02
3.040030039846897125e-02 1.617721654474735260e-02
1.643660105764865875e-02 1.105486601591110229e-02
9.492455050349235535e-03 7.610067725181579590e-03
7.827606983482837677e-03 6.609623786062002182e-03
5.313529167324304581e-03 4.873749334365129471e-03
3.557618707418441772e-03 3.400347661226987839e-03
2.369847847148776054e-03 2.175820991396903992e-03
1.152310403995215893e-03 4.835839208681136370e-04
7.052901783026754856e-04 -4.424893413670361042e-04
3.638635680545121431e-04 -1.697052386589348316e-03
3.313105262350291014e-04 -2.790018683299422264e-03
5.897373775951564312e-04 -3.949554171413183212e-03
1.174490549601614475e-03 -5.102294031530618668e-03
1.766579691320657730e-03 -5.874310620129108429e-03
4.446520004421472549e-03 -8.060000836849212646e-03
7.459549233317375183e-03 -9.630131535232067108e-03
1.868473738431930542e-02 -1.313533727079629898e-02
3.435372933745384216e-02 -1.596634089946746826e-02
3.764115273952484131e-02 -1.642398163676261902e-02
4.629692062735557556e-02 -1.749192550778388977e-02
6.457144767045974731e-02 -1.930541358888149261e-02
7.328865677118301392e-02 -2.003088779747486115e-02
8.075052499771118164e-02 -2.060136012732982635e-02
8.598470687866210938e-02 -2.097841538488864899e-02
9.766743332147598267e-02 -2.176296897232532501e-02
1.199402138590812683e-01 -2.308973297476768494e-02
1.237681880593299866e-01 -2.329991012811660767e-02
1.289658099412918091e-01 -2.357814088463783264e-02
1.380548626184463501e-01 -2.404641732573509216e-02
1.512817144393920898e-01 -2.469050139188766479e-02
1.587637811899185181e-01 -2.503709681332111359e-02
1.701322942972183228e-01 -2.554130740463733673e-02
1.791776120662689209e-01 -2.592437155544757843e-02
1.930232942104339600e-01 -2.648160979151725769e-02
2.027056068181991577e-01 -2.685134112834930420e-02
2.121331095695495605e-01 -2.719615586102008820e-02
2.160615026950836182e-01 -2.733551338315010071e-02
2.263083904981613159e-01 -2.768718637526035309e-02
2.427592128515243530e-01 -2.821657247841358185e-02
2.501428127288818359e-01 -2.844019234180450439e-02
2.668181955814361572e-01 -2.891340665519237518e-02
2.822691798210144043e-01 -2.931226789951324463e-02
2.891135513782501221e-01 -2.947663329541683197e-02
2.984231412410736084e-01 -2.968788333237171173e-02
3.123695850372314453e-01 -2.997736632823944092e-02
3.215582072734832764e-01 -3.015003167092800140e-02
3.287737369537353516e-01 -3.027534484863281250e-02
3.491151630878448486e-01 -3.057845868170261383e-02
3.544767498970031738e-01 -3.064564615488052368e-02
3.753912150859832764e-01 -3.085476905107498169e-02
3.886461555957794189e-01 -3.094174526631832123e-02
3.946253359317779541e-01 -3.096888214349746704e-02
4.021836519241333008e-01 -3.099207766354084015e-02
4.153859913349151611e-01 -3.100181370973587036e-02
4.299711287021636963e-01 -3.096500039100646973e-02
4.443067908287048340e-01 -3.087743744254112244e-02
4.594714343547821045e-01 -3.072603791952133179e-02
4.664210379123687744e-01 -3.063546679913997650e-02
4.746739864349365234e-01 -3.050990588963031769e-02
4.868971109390258789e-01 -3.028674237430095673e-02
4.962050020694732666e-01 -3.008588030934333801e-02
5.074406266212463379e-01 -2.980638667941093445e-02
5.138082504272460938e-01 -2.962945587933063507e-02
5.264853239059448242e-01 -2.923604287207126617e-02
5.323749184608459473e-01 -2.903420850634574890e-02
5.507954359054565430e-01 -2.832269296050071716e-02
5.609360337257385254e-01 -2.787819504737854004e-02
5.645552277565002441e-01 -2.771038375794887543e-02
5.698533058166503906e-01 -2.745603583753108978e-02
5.817832350730895996e-01 -2.684556134045124054e-02
5.898626446723937988e-01 -2.640275470912456512e-02
6.045951247215270996e-01 -2.553587593138217926e-02
6.131547093391418457e-01 -2.499828115105628967e-02
6.200172901153564453e-01 -2.455013990402221680e-02
6.223853230476379395e-01 -2.439209818840026855e-02
6.527481079101562500e-01 -2.222638390958309174e-02
6.690365672111511230e-01 -2.097560651600360870e-02
6.809206008911132812e-01 -2.003408595919609070e-02
6.971015334129333496e-01 -1.872399635612964630e-02
7.074589133262634277e-01 -1.787421293556690216e-02
7.176848053932189941e-01 -1.703078299760818481e-02
7.232624888420104980e-01 -1.657008379697799683e-02
7.324070334434509277e-01 -1.581541262567043304e-02
7.410247921943664551e-01 -1.510665565729141235e-02
7.519890666007995605e-01 -1.421118341386318207e-02
7.614298462867736816e-01 -1.344816014170646667e-02
7.671039104461669922e-01 -1.299408264458179474e-02
7.728117108345031738e-01 -1.254126895219087601e-02
7.852832674980163574e-01 -1.156776398420333862e-02
8.103722333908081055e-01 -9.691121987998485565e-03
8.196812868118286133e-01 -9.028322994709014893e-03
8.518378734588623047e-01 -6.915193982422351837e-03
8.581625223159790039e-01 -6.537408102303743362e-03
8.658511042594909668e-01 -6.097769364714622498e-03
8.942582011222839355e-01 -4.695156123489141464e-03
9.053898453712463379e-01 -4.263559821993112564e-03
9.085909128189086914e-01 -4.154753871262073517e-03
9.299185872077941895e-01 -3.651779145002365112e-03
9.418510198593139648e-01 -3.598126349970698357e-03
9.550651311874389648e-01 -3.841827623546123505e-03
9.627941846847534180e-01 -4.202833864837884903e-03
9.650496244430541992e-01 -4.347785376012325287e-03
9.665494561195373535e-01 -4.455147776752710342e-03
