9.642413258552551270e-01 7.469402044080197811e-04
9.635263681411743164e-01 9.517534053884446621e-04
9.571759104728698730e-01 2.589081181213259697e-03
9.465647339820861816e-01 5.046750418841838837e-03
9.114080071449279785e-01 1.272542495280504227e-02
9.013533592224121094e-01 1.492501422762870789e-02
8.761376142501831055e-01 2.055573649704456329e-02
8.720850944519042969e-01 2.147993072867393494e-02
8.606708049774169922e-01 2.411604300141334534e-02
8.520413637161254883e-01 2.614318951964378357e-02
8.391101360321044922e-01 2.923876047134399414e-02
8.316131830215454102e-01 3.106618672609329224e-02
8.224376440048217773e-01 3.333589062094688416e-02
8.028523921966552734e-01 3.830192238092422485e-02
7.800347805023193359e-01 4.428632557392120361e-02
7.681601643562316895e-01 4.747748747467994690e-02
7.567021250724792480e-01 5.060010030865669250e-02
7.441615462303161621e-01 5.406009033322334290e-02
7.293891906738281250e-01 5.818138271570205688e-02
7.181745767593383789e-01 6.133425980806350708e-02
7.013928294181823730e-01 6.607486307621002197e-02
6.894176006317138672e-01 6.946254521608352661e-02
6.822738051414489746e-01 7.148121297359466553e-02
6.799368858337402344e-01 7.214077562093734741e-02
6.638189554214477539e-01 7.667296379804611206e-02
6.578851938247680664e-01 7.833147048950195312e-02
6.419694423675537109e-01 8.274240791797637939e-02
6.293822526931762695e-01 8.618250489234924316e-02
6.205301284790039062e-01 8.857089281082153320e-02
5.957108139991760254e-01 9.510336816310882568e-02
5.817732214927673340e-01 9.864846616983413696e-02
5.708351135253906250e-01 1.013598740100860596e-01
5.412256121635437012e-01 1.083480939269065857e-01
5.354941487312316895e-01 1.096360683441162109e-01
5.250884890556335449e-01 1.119166761636734009e-01
5.179684758186340332e-01 1.134326085448265076e-01
5.070393681526184082e-01 1.156862154603004456e-01
5.014899373054504395e-01 1.167953163385391235e-01
4.909664690494537354e-01 1.188312768936157227e-01
4.866585731506347656e-01 1.196386665105819702e-01
4.689781665802001953e-01 1.227869316935539246e-01
4.608992636203765869e-01 1.241339221596717834e-01
4.524275064468383789e-01 1.254822909832000732e-01
4.363338649272918701e-01 1.278565526008605957e-01
4.291113018989562988e-01 1.288395822048187256e-01
4.172334372997283936e-01 1.303410232067108154e-01
4.030967354774475098e-01 1.319350749254226685e-01
3.857850432395935059e-01 1.335891038179397583e-01
3.761384785175323486e-01 1.343627423048019409e-01
3.596698641777038574e-01 1.354283988475799561e-01
3.455831110477447510e-01 1.360748708248138428e-01
3.400706052780151367e-01 1.362590640783309937e-01
3.354527950286865234e-01 1.363828778266906738e-01
3.297527432441711426e-01 1.364968568086624146e-01
3.223366439342498779e-01 1.365797966718673706e-01
3.139393925666809082e-01 1.365826278924942017e-01
3.061490058898925781e-01 1.364968866109848022e-01
2.878258526325225830e-01 1.359482258558273315e-01
2.823485136032104492e-01 1.356867849826812744e-01
2.775963842868804932e-01 1.354225575923919678e-01
2.719246745109558105e-01 1.350609958171844482e-01
2.555535435676574707e-01 1.337272673845291138e-01
2.457055747509002686e-01 1.327101588249206543e-01
2.411901801824569702e-01 1.321880072355270386e-01
2.215378880500793457e-01 1.294898688793182373e-01
2.145106196403503418e-01 1.283504664897918701e-01
2.054754048585891724e-01 1.267439574003219604e-01
1.995158344507217407e-01 1.255944520235061646e-01
1.967478692531585693e-01 1.250355839729309082e-01
1.886094808578491211e-01 1.232984960079193115e-01
1.787090599536895752e-01 1.209899336099624634e-01
1.698185503482818604e-01 1.187255680561065674e-01
1.619503200054168701e-01 1.165632680058479309e-01
1.506176441907882690e-01 1.131728887557983398e-01
1.439149230718612671e-01 1.110058203339576721e-01
1.365894377231597900e-01 1.084917038679122925e-01
1.251959651708602905e-01 1.042596772313117981e-01
1.163489371538162231e-01 1.006826981902122498e-01
1.110693961381912231e-01 9.841774404048919678e-02
1.031336858868598938e-01 9.481672942638397217e-02
9.387540817260742188e-02 9.029342234134674072e-02
8.480970561504364014e-02 8.549326658248901367e-02
7.952403277158737183e-02 8.250810950994491577e-02
7.423981279134750366e-02 7.937403768301010132e-02
6.636200845241546631e-02 7.439756393432617188e-02
5.137498676776885986e-02 6.375596672296524048e-02
4.759135097265243530e-02 6.078290566802024841e-02
4.366293177008628845e-02 5.755319818854331970e-02
3.843505680561065674e-02 5.300436913967132568e-02
3.195095807313919067e-02 4.690286144614219666e-02
2.314132079482078552e-02 3.758116811513900757e-02
1.604127511382102966e-02 2.883507125079631805e-02
1.099697407335042953e-02 2.150418236851692200e-02
9.181184694170951843e-03 1.847548782825469971e-02
5.962717812508344650e-03 1.209403108805418015e-02
3.787792287766933441e-03 5.713830236345529556e-03
3.386409021914005280e-03 3.714858554303646088e-03
3.108022036030888557e-03 8.621067390777170658e-04
3.203746397048234940e-03 -1.627696794457733631e-03
3.695127088576555252e-03 -4.146144259721040726e-03
4.640862811356782913e-03 -6.592065095901489258e-03
6.661712657660245895e-03 -9.661806747317314148e-03
1.198978070169687271e-02 -1.416829694062471390e-02
1.364570856094360352e-02 -1.514347549527883530e-02
2.040170878171920776e-02 -1.816717907786369324e-02
2.460799552500247955e-02 -1.956405676901340485e-02
2.874690480530261993e-02 -2.070638537406921387e-02
3.346556425094604492e-02 -2.179884724318981171e-02
3.995306044816970825e-02 -2.302439697086811066e-02
5.012284219264984131e-02 -2.447288297116756439e-02
5.803057551383972168e-02 -2.530108205974102020e-02
6.578211486339569092e-02 -2.591620571911334991e-02
7.942792028188705444e-02 -2.662281505763530731e-02
9.428491443395614624e-02 -2.696190960705280304e-02
1.055488586425781250e-01 -2.698109112679958344e-02
1.297354847192764282e-01 -2.648105099797248840e-02
1.419709771871566772e-01 -2.600156143307685852e-02
1.543988883495330811e-01 -2.538860030472278595e-02
1.735594868659973145e-01 -2.423599362373352051e-02
1.857379972934722900e-01 -2.339401468634605408e-02
1.997470110654830933e-01 -2.233827486634254456e-02
2.064007073640823364e-01 -2.180835790932178497e-02
2.155407667160034180e-01 -2.105402760207653046e-02
2.282711118459701538e-01 -1.995844766497612000e-02
2.383930534124374390e-01 -1.905496791005134583e-02
2.533760368824005127e-01 -1.767357252538204193e-02
2.633882462978363037e-01 -1.672594249248504639e-02
2.720203697681427002e-01 -1.589587889611721039e-02
2.823315858840942383e-01 -1.489107869565486908e-02
2.910210490226745605e-01 -1.403505727648735046e-02
3.024074733257293701e-01 -1.290337555110454559e-02
3.128089308738708496e-01 -1.186232455074787140e-02
3.257085084915161133e-01 -1.056541688740253448e-02
3.314706683158874512e-01 -9.985111653804779053e-03
3.401263356208801270e-01 -9.113410487771034241e-03
3.507554233074188232e-01 -8.044677786529064178e-03
3.597246706485748291e-01 -7.145921699702739716e-03
3.654649257659912109e-01 -6.572914309799671173e-03
3.724218010902404785e-01 -5.881351884454488754e-03
3.840779364109039307e-01 -4.731467925012111664e-03
4.080277383327484131e-01 -2.415401628240942955e-03
4.138638675212860107e-01 -1.862912788055837154e-03
4.339594244956970215e-01 -5.192078333493554965e-06
4.414848685264587402e-01 6.701502716168761253e-04
4.469838440418243408e-01 1.155746867880225182e-03
4.517345428466796875e-01 1.569572719745337963e-03
4.603675007820129395e-01 2.307179616764187813e-03
4.717531204223632812e-01 3.249292494729161263e-03
4.772327542304992676e-01 3.689286066219210625e-03
4.895046949386596680e-01 4.640345461666584015e-03
4.951879084110260010e-01 5.063654854893684387e-03
5.021060109138488770e-01 5.563337821513414383e-03
5.203388333320617676e-01 6.791835650801658630e-03
5.251946449279785156e-01 7.095887791365385056e-03
5.382628440856933594e-01 7.862142287194728851e-03
5.428048372268676758e-01 8.109930902719497681e-03
5.489560365676879883e-01 8.429630659520626068e-03
5.546444058418273926e-01 8.708609268069267273e-03
5.622091293334960938e-01 9.054098278284072876e-03
5.745404362678527832e-01 9.552853181958198547e-03
5.781957507133483887e-01 9.684972465038299561e-03
5.954430699348449707e-01 1.020887121558189392e-02
6.037396788597106934e-01 1.040160469710826874e-02
6.062806248664855957e-01 1.045288052409887314e-02
6.240843534469604492e-01 1.071052253246307373e-02
6.347224712371826172e-01 1.078065857291221619e-02
6.482881903648376465e-01 1.078194286674261093e-02
6.598781943321228027e-01 1.070783566683530807e-02
6.699849963188171387e-01 1.058942638337612152e-02
6.799134612083435059e-01 1.042686495929956436e-02
7.006283998489379883e-01 9.951454587280750275e-03
7.146399617195129395e-01 9.535287506878376007e-03
7.289649248123168945e-01 9.039827622473239899e-03
7.352451086044311523e-01 8.802243508398532867e-03
7.536924481391906738e-01 8.039913140237331390e-03
7.614050507545471191e-01 7.695220410823822021e-03
7.702158689498901367e-01 7.284554652869701385e-03
7.787529230117797852e-01 6.870745681226253510e-03
7.939203977584838867e-01 6.100724916905164719e-03
8.039323687553405762e-01 5.570612382143735886e-03
8.096617460250854492e-01 5.260251928120851517e-03
8.160516619682312012e-01 4.908571485430002213e-03
8.297283649444580078e-01 4.138123709708452225e-03
8.360647559165954590e-01 3.773869015276432037e-03
8.544570803642272949e-01 2.694953465834259987e-03
8.686531782150268555e-01 1.845120335929095745e-03
8.850263357162475586e-01 8.538209367543458939e-04
9.046735167503356934e-01 -3.380473935976624489e-04
9.310089945793151855e-01 -1.894895918667316437e-03
9.535529613494873047e-01 -3.096644068136811256e-03
9.620173573493957520e-01 -3.482405794784426689e-03
9.639413356781005859e-01 -3.564449260011315346e-03
