9.661291837692260742e-01 -2.103409962728619576e-03
9.656024575233459473e-01 -2.146614948287606239e-03
9.622976183891296387e-01 -2.273200545459985733e-03
9.561432600021362305e-01 -2.121540950611233711e-03
9.457844495773315430e-01 -1.279225107282400131e-03
9.384249448776245117e-01 -4.062740190420299768e-04
9.275780320167541504e-01 1.171560725197196007e-03
9.243116378784179688e-01 1.703019253909587860e-03
9.198814630508422852e-01 2.460428979247808456e-03
9.111263751983642578e-01 4.070117603987455368e-03
8.987159729003906250e-01 6.578102242201566696e-03
8.925170898437500000e-01 7.919079624116420746e-03
8.804549574851989746e-01 1.067764125764369965e-02
8.695784211158752441e-01 1.331706997007131577e-02
8.528777360916137695e-01 1.761236600577831268e-02
8.426924943923950195e-01 2.035643719136714935e-02
8.344880938529968262e-01 2.262595295906066895e-02
8.225833773612976074e-01 2.600012905895709991e-02
8.069025874137878418e-01 3.056501038372516632e-02
8.036917448043823242e-01 3.151350840926170349e-02
7.881077527999877930e-01 3.616721183061599731e-02
7.799499630928039551e-01 3.862820193171501160e-02
7.694891691207885742e-01 4.179891943931579590e-02
7.654238343238830566e-01 4.303360357880592346e-02
7.537686228752136230e-01 4.657468199729919434e-02
7.440210580825805664e-01 4.953012242913246155e-02
7.355223894119262695e-01 5.209634825587272644e-02
7.273945212364196777e-01 5.453718081116676331e-02
7.087401747703552246e-01 6.006921455264091492e-02
6.954579949378967285e-01 6.393124163150787354e-02
6.818764805793762207e-01 6.779871881008148193e-02
6.665389537811279297e-01 7.205203175544738770e-02
6.568006277084350586e-01 7.468286901712417603e-02
6.493040919303894043e-01 7.666861265897750854e-02
6.334846615791320801e-01 8.073905110359191895e-02
6.282934546470642090e-01 8.203762024641036987e-02
6.133287549018859863e-01 8.567369729280471802e-02
6.018761396408081055e-01 8.834451436996459961e-02
5.819101929664611816e-01 9.275818616151809692e-02
5.735725760459899902e-01 9.450699388980865479e-02
5.647614598274230957e-01 9.629309922456741333e-02
5.539975166320800781e-01 9.838698804378509521e-02
5.350409150123596191e-01 1.018339097499847412e-01
5.212447047233581543e-01 1.041450574994087219e-01
5.134885907173156738e-01 1.053698733448982239e-01
5.005117058753967285e-01 1.072975546121597290e-01
4.870779812335968018e-01 1.091303899884223938e-01
4.736576676368713379e-01 1.107936054468154907e-01
4.622100889682769775e-01 1.120778545737266541e-01
4.533841907978057861e-01 1.129824444651603699e-01
4.386425912380218506e-01 1.143251806497573853e-01
4.310203790664672852e-01 1.149360388517379761e-01
4.176580905914306641e-01 1.158679351210594177e-01
4.046235382556915283e-01 1.166044622659683228e-01
3.958966135978698730e-01 1.170011162757873535e-01
3.843870759010314941e-01 1.174045801162719727e-01
3.721413612365722656e-01 1.176824644207954407e-01
3.578873276710510254e-01 1.178065538406372070e-01
3.531804382801055908e-01 1.177997812628746033e-01
3.455739319324493408e-01 1.177383288741111755e-01
3.298426866531372070e-01 1.174102276563644409e-01
3.120565116405487061e-01 1.167069002985954285e-01
2.975771725177764893e-01 1.158675625920295715e-01
2.925848066806793213e-01 1.155215352773666382e-01
2.686385214328765869e-01 1.134476661682128906e-01
2.603588998317718506e-01 1.125673130154609680e-01
2.445261180400848389e-01 1.106421202421188354e-01
2.402049303054809570e-01 1.100603193044662476e-01
2.344718426465988159e-01 1.092503219842910767e-01
2.165669202804565430e-01 1.064336672425270081e-01
2.084564566612243652e-01 1.050103157758712769e-01
1.988531202077865601e-01 1.032014861702919006e-01
1.891414523124694824e-01 1.012317761778831482e-01
1.775681376457214355e-01 9.869267046451568604e-02
1.633378267288208008e-01 9.527025371789932251e-02
1.510642617940902710e-01 9.203615039587020874e-02
1.437556743621826172e-01 8.997870981693267822e-02
1.309282183647155762e-01 8.611473441123962402e-02
1.214392930269241333e-01 8.303538709878921509e-02
1.063710376620292664e-01 7.772236317396163940e-02
9.532995522022247314e-02 7.346522808074951172e-02
8.492025732994079590e-02 6.913430988788604736e-02
7.477240264415740967e-02 6.457864493131637573e-02
6.310718506574630737e-02 5.887208133935928345e-02
5.005478858947753906e-02 5.176817998290061951e-02
4.032336547970771790e-02 4.585003480315208435e-02
3.554521128535270691e-02 4.270042479038238525e-02
3.128958866000175476e-02 3.973176702857017517e-02
2.535185590386390686e-02 3.527916222810745239e-02
1.624893210828304291e-02 2.748936787247657776e-02
1.224575191736221313e-02 2.350940369069576263e-02
9.110545739531517029e-03 2.001325972378253937e-02
4.358277656137943268e-03 1.357919629663228989e-02
2.256561070680618286e-03 9.783955290913581848e-03
1.089964644052088261e-03 6.959927268326282501e-03
2.575161925051361322e-04 3.799592610448598862e-03
2.122135811077896506e-05 9.723417460918426514e-04
1.753437973093241453e-04 -8.368687122128903866e-04
7.909217383712530136e-04 -3.130812430754303932e-03
2.218222944065928459e-03 -5.744974594563245773e-03
3.222355153411626816e-03 -6.964873988181352615e-03
4.796051420271396637e-03 -8.433861657977104187e-03
6.452153902500867844e-03 -9.638623334467411041e-03
8.994503878057003021e-03 -1.108399964869022369e-02
1.373486407101154327e-02 -1.302955858409404755e-02
1.945533789694309235e-02 -1.465859264135360718e-02
3.021937049925327301e-02 -1.664607785642147064e-02
3.593201562762260437e-02 -1.737584173679351807e-02
5.018049851059913635e-02 -1.865979284048080444e-02
6.123973429203033447e-02 -1.933440193533897400e-02
7.640214264392852783e-02 -1.999762654304504395e-02
8.497136831283569336e-02 -2.028395608067512512e-02
9.868948906660079956e-02 -2.065207809209823608e-02
1.112395823001861572e-01 -2.091758325695991516e-02
1.268101483583450317e-01 -2.117900177836418152e-02
1.485167145729064941e-01 -2.145315334200859070e-02
1.619415283203125000e-01 -2.158333547413349152e-02
1.754408925771713257e-01 -2.169025130569934845e-02
1.883399188518524170e-01 -2.177327685058116913e-02
1.941962242126464844e-01 -2.180547453463077545e-02
2.125649601221084595e-01 -2.188653498888015747e-02
2.246876955032348633e-01 -2.192500047385692596e-02
2.374589145183563232e-01 -2.195378765463829041e-02
2.430168837308883667e-01 -2.196276187896728516e-02
2.554557919502258301e-01 -2.197541482746601105e-02
2.654486596584320068e-01 -2.197840064764022827e-02
2.760694324970245361e-01 -2.197480387985706329e-02
2.835096716880798340e-01 -2.196821756660938263e-02
2.934266030788421631e-01 -2.195433154702186584e-02
2.999682724475860596e-01 -2.194201201200485229e-02
3.149998188018798828e-01 -2.190423198044300079e-02
3.293843269348144531e-01 -2.185576036572456360e-02
3.383390903472900391e-01 -2.181947045028209686e-02
3.455079495906829834e-01 -2.178701572120189667e-02
3.715762794017791748e-01 -2.164297923445701599e-02
3.842348456382751465e-01 -2.155797369778156281e-02
3.955123722553253174e-01 -2.147370576858520508e-02
4.017522633075714111e-01 -2.142355591058731079e-02
4.124618172645568848e-01 -2.133154124021530151e-02
4.304816424846649170e-01 -2.115942910313606262e-02
4.429835677146911621e-01 -2.102704532444477081e-02
4.494369328022003174e-01 -2.095450274646282196e-02
4.586950540542602539e-01 -2.084540389478206635e-02
4.652804732322692871e-01 -2.076419629156589508e-02
4.744177758693695068e-01 -2.064659073948860168e-02
4.810006320476531982e-01 -2.055833488702774048e-02
4.890441000461578369e-01 -2.044655568897724152e-02
4.967289566993713379e-01 -2.033578976988792419e-02
5.075060725212097168e-01 -2.017415873706340790e-02
5.189164876937866211e-01 -1.999543420970439911e-02
5.283468365669250488e-01 -1.984227076172828674e-02
5.380882620811462402e-01 -1.967939548194408417e-02
5.497990846633911133e-01 -1.947815902531147003e-02
5.578181743621826172e-01 -1.933752559125423431e-02
5.733588337898254395e-01 -1.906027272343635559e-02
5.817270874977111816e-01 -1.890942268073558807e-02
5.902648568153381348e-01 -1.875517703592777252e-02
5.974869728088378906e-01 -1.862491481006145477e-02
6.068139672279357910e-01 -1.845765486359596252e-02
6.150378584861755371e-01 -1.831169612705707550e-02
6.202077865600585938e-01 -1.822093874216079712e-02
6.370210647583007812e-01 -1.793270185589790344e-02
6.492980718612670898e-01 -1.773048751056194305e-02
6.531209349632263184e-01 -1.766915433108806610e-02
6.673801541328430176e-01 -1.744766347110271454e-02
6.798728704452514648e-01 -1.726334728300571442e-02
6.881617903709411621e-01 -1.714601367712020874e-02
7.047210335731506348e-01 -1.692252606153488159e-02
7.163422107696533203e-01 -1.677316240966320038e-02
7.291039228439331055e-01 -1.661440730094909668e-02
7.463629245758056641e-01 -1.640434935688972473e-02
7.556781768798828125e-01 -1.629098132252693176e-02
7.722651958465576172e-01 -1.608417928218841553e-02
7.811013460159301758e-01 -1.596906036138534546e-02
7.984184026718139648e-01 -1.572682335972785950e-02
8.077016472816467285e-01 -1.558447722345590591e-02
8.187633752822875977e-01 -1.539973728358745575e-02
8.331999182701110840e-01 -1.512730773538351059e-02
8.487201929092407227e-01 -1.478319428861141205e-02
8.632194995880126953e-01 -1.439903583377599716e-02
8.713601827621459961e-01 -1.415001880377531052e-02
8.785287141799926758e-01 -1.390692405402660370e-02
8.935574889183044434e-01 -1.330882310867309570e-02
9.016718268394470215e-01 -1.292438805103302002e-02
9.145585894584655762e-01 -1.219725329428911209e-02
9.248906373977661133e-01 -1.147866342216730118e-02
9.328376054763793945e-01 -1.081508491188287735e-02
9.404695630073547363e-01 -1.005699671804904938e-02
9.520165324211120605e-01 -8.591321296989917755e-03
9.619442820549011230e-01 -6.874631159007549286e-03
9.646768569946289062e-01 -6.304522510617971420e-03
9.657248258590698242e-01 -6.073855794966220856e-03
