9.686701893806457520e-01 -1.312264008447527885e-03
9.683123230934143066e-01 -1.247235923074185848e-03
9.660794138908386230e-01 -8.415746269747614861e-04
9.592621922492980957e-01 4.006898961961269379e-04
9.558898210525512695e-01 1.018042559735476971e-03
9.502041339874267578e-01 2.062702551484107971e-03
9.413405060768127441e-01 3.698291489854454994e-03
9.383575916290283203e-01 4.249847494065761566e-03
9.279884696006774902e-01 6.168272811919450760e-03
9.239497780799865723e-01 6.914761383086442947e-03
9.091670513153076172e-01 9.636723436415195465e-03
9.051519036293029785e-01 1.037170458585023880e-02
8.988550901412963867e-01 1.151951495558023453e-02
8.926954865455627441e-01 1.263563986867666245e-02
8.805295825004577637e-01 1.481752004474401474e-02
8.771662712097167969e-01 1.541473250836133957e-02
8.653239011764526367e-01 1.749440282583236694e-02
8.557693362236022949e-01 1.914347149431705475e-02
8.470509052276611328e-01 2.062358520925045013e-02
8.429924249649047852e-01 2.130407840013504028e-02
8.298008441925048828e-01 2.347611822187900543e-02
8.251905441284179688e-01 2.422016672790050507e-02
8.094951510429382324e-01 2.669105865061283112e-02
8.035750985145568848e-01 2.759691514074802399e-02
7.934424877166748047e-01 2.911265566945075989e-02
7.840773463249206543e-01 3.047325462102890015e-02
7.718535065650939941e-01 3.218887001276016235e-02
7.635807991027832031e-01 3.331005200743675232e-02
7.581691741943359375e-01 3.402567654848098755e-02
7.428849935531616211e-01 3.596942499279975891e-02
7.229608297348022461e-01 3.832814097404479980e-02
7.139436602592468262e-01 3.932969644665718079e-02
7.031697034835815430e-01 4.047235846519470215e-02
6.979478597640991211e-01 4.100507125258445740e-02
6.863311529159545898e-01 4.214100539684295654e-02
6.800800561904907227e-01 4.272445663809776306e-02
6.660748720169067383e-01 4.396203905344009399e-02
6.402586698532104492e-01 4.599938914179801941e-02
6.297718286514282227e-01 4.674072191119194031e-02
6.167701482772827148e-01 4.759442433714866638e-02
6.075143814086914062e-01 4.815989732742309570e-02
6.001510024070739746e-01 4.858571663498878479e-02
5.879967212677001953e-01 4.924400150775909424e-02
5.813332200050354004e-01 4.958236217498779297e-02
5.656492114067077637e-01 5.031931027770042419e-02
5.563712120056152344e-01 5.071816965937614441e-02
5.332104563713073730e-01 5.160384997725486755e-02
5.253499150276184082e-01 5.187135934829711914e-02
5.009599328041076660e-01 5.260502919554710388e-02
4.877525568008422852e-01 5.294611304998397827e-02
4.736477732658386230e-01 5.327017977833747864e-02
4.669338166713714600e-01 5.341050028800964355e-02
4.582632184028625488e-01 5.357887595891952515e-02
4.488845169544219971e-01 5.374503508210182190e-02
4.267551004886627197e-01 5.407312884926795959e-02
4.162057638168334961e-01 5.419833213090896606e-02
4.033137857913970947e-01 5.432393401861190796e-02
3.951846361160278320e-01 5.438742414116859436e-02
3.899910151958465576e-01 5.442152172327041626e-02
3.756886124610900879e-01 5.448878929018974304e-02
3.667754530906677246e-01 5.451028794050216675e-02
3.606559634208679199e-01 5.451565235853195190e-02
3.435864150524139404e-01 5.448806658387184143e-02
3.202233016490936279e-01 5.434031412005424500e-02
3.137719035148620605e-01 5.427503958344459534e-02
2.933240830898284912e-01 5.399018898606300354e-02
2.832123041152954102e-01 5.380170792341232300e-02
2.741548120975494385e-01 5.360344424843788147e-02
2.406535446643829346e-01 5.259361118078231812e-02
2.321721613407135010e-01 5.225885286927223206e-02
2.185407876968383789e-01 5.164287611842155457e-02
2.047282010316848755e-01 5.090982094407081604e-02
2.001460790634155273e-01 5.064001306891441345e-02
1.920850425958633423e-01 5.013044923543930054e-02
1.821434944868087769e-01 4.943613708019256592e-02
1.748303323984146118e-01 4.887501150369644165e-02
1.675713360309600830e-01 4.827221855521202087e-02
1.572917997837066650e-01 4.733356833457946777e-02
1.349382847547531128e-01 4.489499703049659729e-02
1.244589388370513916e-01 4.353131353855133057e-02
1.187147125601768494e-01 4.271436855196952820e-02
1.016259044408798218e-01 3.994843363761901855e-02
8.803138881921768188e-02 3.732303157448768616e-02
8.296120911836624146e-02 3.622892126441001892e-02
5.784654989838600159e-02 2.961506322026252747e-02
5.222908779978752136e-02 2.778727747499942780e-02
4.085641726851463318e-02 2.352915331721305847e-02
3.666662052273750305e-02 2.171956561505794525e-02
3.172210231423377991e-02 1.935896277427673340e-02
2.668590284883975983e-02 1.662077009677886963e-02
2.057779394090175629e-02 1.257813721895217896e-02
1.737956143915653229e-02 9.866048581898212433e-03
1.539956312626600266e-02 7.727311458438634872e-03
1.397400815039873123e-02 5.647396203130483627e-03
1.291753631085157394e-02 2.737180329859256744e-03
1.284175459295511246e-02 1.800926285795867443e-03
1.340800896286964417e-02 -7.615365320816636086e-04
1.410846225917339325e-02 -1.947161043062806129e-03
1.533088739961385727e-02 -3.326164558529853821e-03
1.666488684713840485e-02 -4.429835360497236252e-03
1.901088096201419830e-02 -5.904827266931533813e-03
2.108896896243095398e-02 -6.938698701560497284e-03
2.436330914497375488e-02 -8.269937708973884583e-03
2.815960161387920380e-02 -9.529504925012588501e-03
3.215087577700614929e-02 -1.064332481473684311e-02
3.979774564504623413e-02 -1.239832676947116852e-02
5.059043690562248230e-02 -1.436576060950756073e-02
6.393416970968246460e-02 -1.632552221417427063e-02
8.167786896228790283e-02 -1.846353523433208466e-02
9.732013195753097534e-02 -2.007078379392623901e-02
1.078111678361892700e-01 -2.104551903903484344e-02
1.182472631335258484e-01 -2.194948308169841766e-02
1.304985880851745605e-01 -2.293975651264190674e-02
1.404461562633514404e-01 -2.369461581110954285e-02
1.491253525018692017e-01 -2.432091720402240753e-02
1.632885038852691650e-01 -2.528418228030204773e-02
1.785508692264556885e-01 -2.624788880348205566e-02
1.883904933929443359e-01 -2.683148719370365143e-02
2.038099765777587891e-01 -2.769056148827075958e-02
2.150816619396209717e-01 -2.827791124582290649e-02
2.250045686960220337e-01 -2.876786887645721436e-02
2.280180752277374268e-01 -2.891177125275135040e-02
2.432779222726821899e-01 -2.960647456347942352e-02
2.488841563463211060e-01 -2.984775044023990631e-02
2.725590765476226807e-01 -3.078694641590118408e-02
2.762862145900726318e-01 -3.092333488166332245e-02
2.847242951393127441e-01 -3.122085519134998322e-02
2.944833934307098389e-01 -3.154569119215011597e-02
3.065944612026214600e-01 -3.192050382494926453e-02
3.178057074546813965e-01 -3.223992511630058289e-02
3.305033147335052490e-01 -3.257004916667938232e-02
3.340573608875274658e-01 -3.265646472573280334e-02
3.479091823101043701e-01 -3.296843543648719788e-02
3.556956648826599121e-01 -3.312649205327033997e-02
3.895875215530395508e-01 -3.366886451840400696e-02
3.969867229461669922e-01 -3.375551477074623108e-02
4.114199280738830566e-01 -3.389119729399681091e-02
4.235846698284149170e-01 -3.397078067064285278e-02
4.337235987186431885e-01 -3.401228412985801697e-02
4.395524263381958008e-01 -3.402573242783546448e-02
4.446361660957336426e-01 -3.403117880225181580e-02
4.703660607337951660e-01 -3.396584838628768921e-02
4.875137507915496826e-01 -3.383226692676544189e-02
4.923739135265350342e-01 -3.378065675497055054e-02
5.095776319503784180e-01 -3.354696556925773621e-02
5.196877121925354004e-01 -3.337109461426734924e-02
5.309458374977111816e-01 -3.314007073640823364e-02
5.414957404136657715e-01 -3.288858383893966675e-02
5.494186282157897949e-01 -3.267663717269897461e-02
5.527914166450500488e-01 -3.258022665977478027e-02
5.635318160057067871e-01 -3.224804997444152832e-02
5.849730372428894043e-01 -3.146544471383094788e-02
5.951910018920898438e-01 -3.103397414088249207e-02
6.081196665763854980e-01 -3.043174371123313904e-02
6.288505196571350098e-01 -2.933105826377868652e-02
6.413853168487548828e-01 -2.858349122107028961e-02
6.505962610244750977e-01 -2.799469232559204102e-02
6.578035354614257812e-01 -2.751086466014385223e-02
6.662834882736206055e-01 -2.691598609089851379e-02
6.746512651443481445e-01 -2.630245871841907501e-02
6.864477992057800293e-01 -2.539428882300853729e-02
6.948961019515991211e-01 -2.471422590315341949e-02
7.083253264427185059e-01 -2.358585409820079803e-02
7.142660617828369141e-01 -2.306951023638248444e-02
7.301955223083496094e-01 -2.163895405828952789e-02
7.339703440666198730e-01 -2.129116654396057129e-02
7.547730803489685059e-01 -1.932662539184093475e-02
7.721511125564575195e-01 -1.764186471700668335e-02
7.751394510269165039e-01 -1.734991557896137238e-02
7.978547811508178711e-01 -1.512911170721054077e-02
8.175713419914245605e-01 -1.323110796511173248e-02
8.249769806861877441e-01 -1.253454480320215225e-02
8.320120573043823242e-01 -1.188464462757110596e-02
8.370301127433776855e-01 -1.142943091690540314e-02
8.434215188026428223e-01 -1.086127571761608124e-02
8.482447266578674316e-01 -1.044230069965124130e-02
8.637773394584655762e-01 -9.162155911326408386e-03
8.692036867141723633e-01 -8.744454942643642426e-03
8.863476514816284180e-01 -7.553308736532926559e-03
8.921394348144531250e-01 -7.203881628811359406e-03
9.045199155807495117e-01 -6.570014636963605881e-03
9.090425968170166016e-01 -6.383344996720552444e-03
9.179227352142333984e-01 -6.100830156356096268e-03
9.221025109291076660e-01 -6.011866498738527298e-03
9.279726743698120117e-01 -5.942128598690032959e-03
9.310415387153625488e-01 -5.934264045208692551e-03
9.399061203002929688e-01 -6.040139589458703995e-03
9.506315588951110840e-01 -6.481708027422428131e-03
9.565536379814147949e-01 -6.909108255058526993e-03
9.678318500518798828e-01 -8.155874907970428467e-03
9.683721661567687988e-01 -8.230114355683326721e-03
9.695994257926940918e-01 -8.403185755014419556e-03
