9.632067680358886719e-01 3.992804326117038727e-03
9.622903466224670410e-01 4.433259833604097366e-03
9.583019018173217773e-01 6.175581831485033035e-03
9.516029953956604004e-01 8.756445720791816711e-03
9.268162250518798828e-01 1.681794598698616028e-02
9.118515253067016602e-01 2.111912332475185394e-02
9.003218412399291992e-01 2.425217628479003906e-02
8.981897830963134766e-01 2.481715753674507141e-02
8.886278271675109863e-01 2.730164863169193268e-02
8.782451152801513672e-01 2.991684712469577789e-02
8.570975065231323242e-01 3.501640632748603821e-02
8.499669432640075684e-01 3.667567670345306396e-02
8.326039314270019531e-01 4.060493037104606628e-02
8.182480931282043457e-01 4.374583065509796143e-02
8.011237978935241699e-01 4.737780988216400146e-02
7.935528755187988281e-01 4.894667118787765503e-02
7.840245962142944336e-01 5.089068040251731873e-02
7.769036889076232910e-01 5.232209712266921997e-02
7.674483060836791992e-01 5.419522151350975037e-02
7.593795657157897949e-01 5.576945468783378601e-02
7.438718080520629883e-01 5.873382836580276489e-02
7.330780029296875000e-01 6.075018644332885742e-02
7.257204055786132812e-01 6.210275366902351379e-02
7.199776768684387207e-01 6.314611434936523438e-02
6.991943717002868652e-01 6.683088839054107666e-02
6.938602328300476074e-01 6.775329262018203735e-02
6.817485690116882324e-01 6.981138885021209717e-02
6.745771169662475586e-01 7.100589573383331299e-02
6.639268398284912109e-01 7.274591922760009766e-02
6.472718119621276855e-01 7.538314163684844971e-02
6.356884241104125977e-01 7.715466618537902832e-02
6.247742772102355957e-01 7.877496629953384399e-02
6.053729653358459473e-01 8.153294026851654053e-02
5.979551672935485840e-01 8.254437148571014404e-02
5.910135507583618164e-01 8.346854150295257568e-02
5.845504999160766602e-01 8.430914580821990967e-02
5.760489106178283691e-01 8.538514375686645508e-02
5.708299875259399414e-01 8.602854609489440918e-02
5.529986023902893066e-01 8.812574297189712524e-02
5.492948293685913086e-01 8.854115754365921021e-02
5.342116951942443848e-01 9.015888720750808716e-02
5.244649648666381836e-01 9.113930165767669678e-02
5.096627473831176758e-01 9.252726286649703979e-02
5.012183785438537598e-01 9.326295554637908936e-02
4.837480187416076660e-01 9.465133398771286011e-02
4.777776300907135010e-01 9.508339315652847290e-02
4.616010785102844238e-01 9.614241123199462891e-02
4.479655325412750244e-01 9.690499305725097656e-02
4.355320334434509277e-01 9.749351441860198975e-02
4.224055111408233643e-01 9.800139814615249634e-02
4.060208499431610107e-01 9.846735000610351562e-02
3.980851173400878906e-01 9.862440824508666992e-02
3.929824233055114746e-01 9.870130568742752075e-02
3.834967613220214844e-01 9.879350662231445312e-02
3.762937486171722412e-01 9.881884604692459106e-02
3.671028017997741699e-01 9.879431873559951782e-02
3.589141964912414551e-01 9.871799498796463013e-02
3.486732542514801025e-01 9.854912757873535156e-02
3.318320214748382568e-01 9.809021651744842529e-02
3.263768255710601807e-01 9.789228439331054688e-02
3.231000006198883057e-01 9.776163846254348755e-02
3.060983419418334961e-01 9.693946689367294312e-02
2.842135131359100342e-01 9.551503509283065796e-02
2.725138664245605469e-01 9.457828104496002197e-02
2.619995772838592529e-01 9.362857788801193237e-02
2.525506615638732910e-01 9.268558770418167114e-02
2.405546903610229492e-01 9.136262536048889160e-02
2.318685501813888550e-01 9.031410515308380127e-02
2.291821390390396118e-01 8.997400104999542236e-02
2.243469357490539551e-01 8.934269100427627563e-02
2.178364694118499756e-01 8.845297992229461670e-02
1.968158483505249023e-01 8.525584638118743896e-02
1.915953308343887329e-01 8.438113331794738770e-02
1.774504780769348145e-01 8.183846622705459595e-02
1.724006980657577515e-01 8.086673170328140259e-02
1.640523970127105713e-01 7.918214797973632812e-02
1.544072329998016357e-01 7.710798829793930054e-02
1.457487344741821289e-01 7.512132078409194946e-02
1.406505852937698364e-01 7.389276474714279175e-02
1.313517391681671143e-01 7.153173536062240601e-02
1.227408796548843384e-01 6.919619441032409668e-02
1.076538413763046265e-01 6.471404433250427246e-02
9.732148796319961548e-02 6.131478399038314819e-02
8.645311743021011353e-02 5.739620327949523926e-02
7.967850565910339355e-02 5.474684387445449829e-02
7.344521582126617432e-02 5.214707925915718079e-02
5.985927581787109375e-02 4.582992941141128540e-02
5.544899776577949524e-02 4.354608803987503052e-02
4.706211760640144348e-02 3.879821673035621643e-02
4.318739473819732666e-02 3.638784587383270264e-02
3.569523617625236511e-02 3.121634945273399353e-02
2.715090848505496979e-02 2.411708235740661621e-02
2.066997811198234558e-02 1.712703146040439606e-02
1.894968375563621521e-02 1.479720417410135269e-02
1.617806404829025269e-02 1.004786882549524307e-02
1.442335080355405807e-02 4.928616806864738464e-03
1.413846388459205627e-02 2.967951819300651550e-03
1.411719992756843567e-02 6.221651565283536911e-04
1.429362688213586807e-02 -8.282020571641623974e-04
1.477851718664169312e-02 -2.773312851786613464e-03
1.628938317298889160e-02 -6.016044411808252335e-03
1.807777024805545807e-02 -8.453973568975925446e-03
2.727220952510833740e-02 -1.560964994132518768e-02
3.054650500416755676e-02 -1.734541356563568115e-02
3.880354389548301697e-02 -2.091587521135807037e-02
4.471470788121223450e-02 -2.301202528178691864e-02
5.138083174824714661e-02 -2.506824024021625519e-02
6.073733791708946228e-02 -2.755099348723888397e-02
6.991609930992126465e-02 -2.964017353951931000e-02
7.657997310161590576e-02 -3.098498843610286713e-02
7.944920659065246582e-02 -3.152519464492797852e-02
8.835120499134063721e-02 -3.306836634874343872e-02
9.698832035064697266e-02 -3.439326211810112000e-02
1.088646650314331055e-01 -3.597277030348777771e-02
1.177889257669448853e-01 -3.699522465467453003e-02
1.415104418992996216e-01 -3.912045061588287354e-02
1.543965041637420654e-01 -3.995843231678009033e-02
1.584915071725845337e-01 -4.018289968371391296e-02
1.649685353040695190e-01 -4.049910232424736023e-02
1.772676110267639160e-01 -4.097553715109825134e-02
1.873680800199508667e-01 -4.125327244400978088e-02
1.978377550840377808e-01 -4.144101962447166443e-02
2.050401419401168823e-01 -4.151459783315658569e-02
2.219916731119155884e-01 -4.152226075530052185e-02
2.362788170576095581e-01 -4.136297106742858887e-02
2.440266609191894531e-01 -4.121840745210647583e-02
2.561631798744201660e-01 -4.091566428542137146e-02
2.621288001537322998e-01 -4.073455929756164551e-02
2.732847332954406738e-01 -4.034234583377838135e-02
2.824192345142364502e-01 -3.997208550572395325e-02
2.894185185432434082e-01 -3.966017812490463257e-02
2.976163923740386963e-01 -3.926536813378334045e-02
3.104140758514404297e-01 -3.858912363648414612e-02
3.223920464515686035e-01 -3.789462149143218994e-02
3.289945423603057861e-01 -3.748802468180656433e-02
3.364003002643585205e-01 -3.701299056410789490e-02
3.579392433166503906e-01 -3.552591428160667419e-02
3.610320687294006348e-01 -3.530038148164749146e-02
3.740435540676116943e-01 -3.432123363018035889e-02
3.841336071491241455e-01 -3.353017568588256836e-02
4.020323753356933594e-01 -3.206483647227287292e-02
4.194196462631225586e-01 -3.057316876947879791e-02
4.299151003360748291e-01 -2.964373491704463959e-02
4.436759352684020996e-01 -2.839545346796512604e-02
4.515087306499481201e-01 -2.767114713788032532e-02
4.561892747879028320e-01 -2.723391540348529816e-02
4.657111167907714844e-01 -2.633490413427352905e-02
4.781993329524993896e-01 -2.513795346021652222e-02
4.854429066181182861e-01 -2.443529479205608368e-02
5.169222950935363770e-01 -2.132275141775608063e-02
5.235831141471862793e-01 -2.065420709550380707e-02
5.305726528167724609e-01 -1.994979754090309143e-02
5.488405823707580566e-01 -1.809786818921566010e-02
5.540407299995422363e-01 -1.756859011948108673e-02
5.676376819610595703e-01 -1.618235930800437927e-02
5.782756805419921875e-01 -1.509710587561130524e-02
5.862804055213928223e-01 -1.428126636892557144e-02
5.952639579772949219e-01 -1.336747780442237854e-02
6.127729415893554688e-01 -1.159628760069608688e-02
6.266794800758361816e-01 -1.020379178225994110e-02
6.330124139785766602e-01 -9.575316682457923889e-03
6.478894948959350586e-01 -8.116479963064193726e-03
6.519236564636230469e-01 -7.725790608674287796e-03
6.610017418861389160e-01 -6.855464074760675430e-03
6.731775403022766113e-01 -5.709676537662744522e-03
6.833299398422241211e-01 -4.775805398821830750e-03
7.071030139923095703e-01 -2.679375233128666878e-03
7.134911417961120605e-01 -2.140494761988520622e-03
7.291187047958374023e-01 -8.716137381270527840e-04
7.450298070907592773e-01 3.414510283619165421e-04
7.692500948905944824e-01 2.016292186453938484e-03
7.792140245437622070e-01 2.639062236994504929e-03
7.923753261566162109e-01 3.397158812731504440e-03
8.033794164657592773e-01 3.970921970903873444e-03
8.145673274993896484e-01 4.494231659919023514e-03
8.217574954032897949e-01 4.796619061380624771e-03
8.330975174903869629e-01 5.215947981923818588e-03
8.407298922538757324e-01 5.455936770886182785e-03
8.555588126182556152e-01 5.815950687974691391e-03
8.608001470565795898e-01 5.906798411160707474e-03
8.706478476524353027e-01 6.020762491971254349e-03
8.761129975318908691e-01 6.049556192010641098e-03
8.908687829971313477e-01 5.988006014376878738e-03
8.953303098678588867e-01 5.924446973949670792e-03
9.065945744514465332e-01 5.654626060277223587e-03
9.148493409156799316e-01 5.341142416000366211e-03
9.289682507514953613e-01 4.513359162956476212e-03
9.398072361946105957e-01 3.540354548022150993e-03
9.504089355468750000e-01 2.172935521230101585e-03
9.578292965888977051e-01 8.700002799741923809e-04
9.619138240814208984e-01 -1.993603291339240968e-06
9.649495482444763184e-01 -7.284433231689035892e-04
