9.779970049858093262e-01 1.588651794008910656e-03
9.777597188949584961e-01 1.782393548637628555e-03
9.756128191947937012e-01 3.339767921715974808e-03
9.690397977828979492e-01 7.264953106641769409e-03
9.475141167640686035e-01 1.786829158663749695e-02
9.426753520965576172e-01 2.005584537982940674e-02
9.239892959594726562e-01 2.813965454697608948e-02
9.203696250915527344e-01 2.965255640447139740e-02
9.113833904266357422e-01 3.334846347570419312e-02
9.056590199470520020e-01 3.566228598356246948e-02
8.992922306060791016e-01 3.820250183343887329e-02
8.946592211723327637e-01 4.003048315644264221e-02
8.914006948471069336e-01 4.130640998482704163e-02
8.821318745613098145e-01 4.489445686340332031e-02
8.712394237518310547e-01 4.903858527541160583e-02
8.647419810295104980e-01 5.147632583975791931e-02
8.579745292663574219e-01 5.399011448025703430e-02
8.515931367874145508e-01 5.633779987692832947e-02
8.440338373184204102e-01 5.909180268645286560e-02
8.384076952934265137e-01 6.112316995859146118e-02
8.267276883125305176e-01 6.529288738965988159e-02
8.195431232452392578e-01 6.782685220241546631e-02
8.021731376647949219e-01 7.386060804128646851e-02
8.013079166412353516e-01 7.415782660245895386e-02
7.879796028137207031e-01 7.869684696197509766e-02
7.855324745178222656e-01 7.952221482992172241e-02
7.753988504409790039e-01 8.291377127170562744e-02
7.644793987274169922e-01 8.652112632989883423e-02
7.549403905868530273e-01 8.963184058666229248e-02
7.455750703811645508e-01 9.264871478080749512e-02
7.359490394592285156e-01 9.571057558059692383e-02
7.213323712348937988e-01 1.002825498580932617e-01
6.939920783042907715e-01 1.085732355713844299e-01
6.863301992416381836e-01 1.108329147100448608e-01
6.722984910011291504e-01 1.148952096700668335e-01
6.660223603248596191e-01 1.166795268654823303e-01
6.594602465629577637e-01 1.185230165719985962e-01
6.554123759269714355e-01 1.196487247943878174e-01
6.454492807388305664e-01 1.223813965916633606e-01
6.423347592353820801e-01 1.232243925333023071e-01
6.224474906921386719e-01 1.284756362438201904e-01
6.130951642990112305e-01 1.308642923831939697e-01
6.045550704002380371e-01 1.329984366893768311e-01
5.828976631164550781e-01 1.382016986608505249e-01
5.787567496299743652e-01 1.391613334417343140e-01
5.656179785728454590e-01 1.421282887458801270e-01
5.488940477371215820e-01 1.457281261682510376e-01
5.323435068130493164e-01 1.490869969129562378e-01
5.261415839195251465e-01 1.502915173768997192e-01
5.115224123001098633e-01 1.530101150274276733e-01
4.886210858821868896e-01 1.569142043590545654e-01
4.825833439826965332e-01 1.578684896230697632e-01
4.674666225910186768e-01 1.601151525974273682e-01
4.542083442211151123e-01 1.619126945734024048e-01
4.380449652671813965e-01 1.638769656419754028e-01
4.212987422943115234e-01 1.656382381916046143e-01
4.050759375095367432e-01 1.670675277709960938e-01
3.835803270339965820e-01 1.685219109058380127e-01
3.711713850498199463e-01 1.691236197948455811e-01
3.678732812404632568e-01 1.692533195018768311e-01
3.618747293949127197e-01 1.694561392068862915e-01
3.427963852882385254e-01 1.698098778724670410e-01
3.313215076923370361e-01 1.698023527860641479e-01
3.172133564949035645e-01 1.695571392774581909e-01
3.021090328693389893e-01 1.689951270818710327e-01
2.907994985580444336e-01 1.683636456727981567e-01
2.834881246089935303e-01 1.678561121225357056e-01
2.725115418434143066e-01 1.669431179761886597e-01
2.696079015731811523e-01 1.666706353425979614e-01
2.479274272918701172e-01 1.642086058855056763e-01
2.365092188119888306e-01 1.625956594944000244e-01
2.299756258726119995e-01 1.615692675113677979e-01
2.171305716037750244e-01 1.593224555253982544e-01
2.073115408420562744e-01 1.573908925056457520e-01
1.997557431459426880e-01 1.557720005512237549e-01
1.823700219392776489e-01 1.515810787677764893e-01
1.631262600421905518e-01 1.461151242256164551e-01
1.430336833000183105e-01 1.393517553806304932e-01
1.379799842834472656e-01 1.374599784612655640e-01
1.289186775684356689e-01 1.338555961847305298e-01
1.185834258794784546e-01 1.293835192918777466e-01
1.142725646495819092e-01 1.273944973945617676e-01
1.086876094341278076e-01 1.247005164623260498e-01
9.952653944492340088e-02 1.199715435504913330e-01
9.384146332740783691e-02 1.168247163295745850e-01
8.733513951301574707e-02 1.130021810531616211e-01
8.116228878498077393e-02 1.091354042291641235e-01
6.438919156789779663e-02 9.722066670656204224e-02
5.863113328814506531e-02 9.255685657262802124e-02
4.713750630617141724e-02 8.211314678192138672e-02
3.297772258520126343e-02 6.644169986248016357e-02
2.689759805798530579e-02 5.835663527250289917e-02
2.343054674565792084e-02 5.324211344122886658e-02
1.691985689103603363e-02 4.230051860213279724e-02
1.191973313689231873e-02 3.214360773563385010e-02
8.073874749243259430e-03 2.240151539444923401e-02
7.366735953837633133e-03 2.027146145701408386e-02
6.150213535875082016e-03 1.614923961460590363e-02
5.129859782755374908e-03 1.190404687076807022e-02
4.279107786715030670e-03 6.860456429421901703e-03
3.911833744496107101e-03 8.900220855139195919e-04
5.382822826504707336e-03 -8.471889421343803406e-03
1.018100138753652573e-02 -1.673441566526889801e-02
1.354895532131195068e-02 -1.996876671910285950e-02
2.275181375443935394e-02 -2.556179650127887726e-02
2.800643257796764374e-02 -2.768150717020034790e-02
3.090237453579902649e-02 -2.864596061408519745e-02
3.841044008731842041e-02 -3.064754419028759003e-02
4.390666633844375610e-02 -3.175618872046470642e-02
5.938792601227760315e-02 -3.372614830732345581e-02
7.746520638465881348e-02 -3.450423851609230042e-02
8.643920719623565674e-02 -3.444564715027809143e-02
9.675575792789459229e-02 -3.408979997038841248e-02
1.095053702592849731e-01 -3.329486772418022156e-02
1.143180429935455322e-01 -3.290754556655883789e-02
1.213411912322044373e-01 -3.226755931973457336e-02
1.350527554750442505e-01 -3.079598583281040192e-02
1.522634029388427734e-01 -2.861298620700836182e-02
1.710436344146728516e-01 -2.591266110539436340e-02
1.859339326620101929e-01 -2.360105514526367188e-02
1.946764737367630005e-01 -2.219175174832344055e-02
1.993933767080307007e-01 -2.141851931810379028e-02
2.119502872228622437e-01 -1.932485774159431458e-02
2.227133363485336304e-01 -1.749892719089984894e-02
2.315504997968673706e-01 -1.598472893238067627e-02
2.458835095167160034e-01 -1.351159345358610153e-02
2.533827722072601318e-01 -1.221360079944133759e-02
2.685602903366088867e-01 -9.588146582245826721e-03
2.790027260780334473e-01 -7.788923569023609161e-03
2.960069775581359863e-01 -4.883340559899806976e-03
3.037570714950561523e-01 -3.572488203644752502e-03
3.159597516059875488e-01 -1.529729575850069523e-03
3.315160870552062988e-01 1.030483748763799667e-03
3.425788283348083496e-01 2.816877095028758049e-03
3.531387150287628174e-01 4.492526408284902573e-03
3.636390864849090576e-01 6.127787288278341293e-03
3.759284913539886475e-01 7.999596185982227325e-03
3.804193139076232910e-01 8.671668358147144318e-03
3.913178443908691406e-01 1.027476228773593903e-02
4.158303737640380859e-01 1.372606307268142700e-02
4.417729675769805908e-01 1.712357997894287109e-02
4.473402202129364014e-01 1.781575940549373627e-02
4.587701857089996338e-01 1.919359154999256134e-02
4.690589010715484619e-01 2.038239687681198120e-02
4.803324937820434570e-01 2.162671275436878204e-02
4.848540723323822021e-01 2.210813201963901520e-02
5.167831182479858398e-01 2.520357631146907806e-02
5.295720696449279785e-01 2.628583461046218872e-02
5.330672264099121094e-01 2.656513266265392303e-02
5.537709593772888184e-01 2.806922793388366699e-02
5.665273070335388184e-01 2.886364236474037170e-02
5.727992057800292969e-01 2.921604551374912262e-02
6.019406318664550781e-01 3.051231242716312408e-02
6.077112555503845215e-01 3.070095926523208618e-02
6.277252435684204102e-01 3.117739409208297729e-02
6.371325850486755371e-01 3.130551427602767944e-02
6.415660977363586426e-01 3.134465962648391724e-02
6.528850197792053223e-01 3.138316422700881958e-02
6.626458168029785156e-01 3.134609386324882507e-02
6.798011064529418945e-01 3.112629987299442291e-02
6.868311166763305664e-01 3.098068013787269592e-02
7.003049254417419434e-01 3.061442263424396515e-02
7.153382897377014160e-01 3.007596917450428009e-02
7.186140418052673340e-01 2.994120679795742035e-02
7.375570535659790039e-01 2.904610335826873779e-02
7.457088232040405273e-01 2.860295400023460388e-02
7.578144073486328125e-01 2.788450941443443298e-02
7.708607316017150879e-01 2.703370340168476105e-02
7.850924730300903320e-01 2.602034062147140503e-02
7.925847768783569336e-01 2.545275539159774780e-02
8.037623167037963867e-01 2.456373907625675201e-02
8.205696344375610352e-01 2.313379943370819092e-02
8.320227861404418945e-01 2.209545113146305084e-02
8.361058235168457031e-01 2.171253040432929993e-02
8.451024293899536133e-01 2.084445208311080933e-02
8.659617900848388672e-01 1.869357377290725708e-02
8.709090352058410645e-01 1.815222203731536865e-02
8.749817013740539551e-01 1.769657805562019348e-02
8.846847414970397949e-01 1.657153107225894928e-02
8.904287815093994141e-01 1.587654650211334229e-02
8.965322375297546387e-01 1.511143986135721207e-02
9.011065363883972168e-01 1.451803185045719147e-02
9.096339344978332520e-01 1.335945632308721542e-02
9.177181720733642578e-01 1.218662597239017487e-02
9.267682433128356934e-01 1.076541934162378311e-02
9.306188821792602539e-01 1.011793874204158783e-02
9.373199343681335449e-01 8.915145881474018097e-03
9.465709328651428223e-01 7.048546802252531052e-03
9.578028917312622070e-01 4.293926991522312164e-03
9.698958396911621094e-01 2.488167374394834042e-04
9.740452766418457031e-01 -1.553939306177198887e-03
9.764997363090515137e-01 -2.741834381595253944e-03
