9.704561829566955566e-01 -1.158254337497055531e-03
9.698574542999267578e-01 -9.255703771486878395e-04
9.670597314834594727e-01 1.225137384608387947e-04
9.579883813858032227e-01 3.382103750482201576e-03
9.439643025398254395e-01 8.355626836419105530e-03
9.326760172843933105e-01 1.238181255757808685e-02
9.133939146995544434e-01 1.935136318206787109e-02
9.070757627487182617e-01 2.166304364800453186e-02
8.993174433708190918e-01 2.452038414776325226e-02
8.900431990623474121e-01 2.796227298676967621e-02
8.767678141593933105e-01 3.293459489941596985e-02
8.717504143714904785e-01 3.482641652226448059e-02
8.618643879890441895e-01 3.857101127505302429e-02
8.555774092674255371e-01 4.096243530511856079e-02
8.396995663642883301e-01 4.702664911746978760e-02
8.349207043647766113e-01 4.885609075427055359e-02
8.273051381111145020e-01 5.177287384867668152e-02
8.169498443603515625e-01 5.573724210262298584e-02
7.931201457977294922e-01 6.481535732746124268e-02
7.839176654815673828e-01 6.829085946083068848e-02
7.693139314651489258e-01 7.375539839267730713e-02
7.597863674163818359e-01 7.727994024753570557e-02
7.405250668525695801e-01 8.428857475519180298e-02
7.345740199089050293e-01 8.641851693391799927e-02
7.136318683624267578e-01 9.376507252454757690e-02
7.072300314903259277e-01 9.596136212348937988e-02
6.920527815818786621e-01 1.010689884424209595e-01
6.873205900192260742e-01 1.026319116353988647e-01
6.702535748481750488e-01 1.081460937857627869e-01
6.580305695533752441e-01 1.119730696082115173e-01
6.471115350723266602e-01 1.153020486235618591e-01
6.260268688201904297e-01 1.214814037084579468e-01
6.186698675155639648e-01 1.235578358173370361e-01
6.116007566452026367e-01 1.255132257938385010e-01
6.017949581146240234e-01 1.281594336032867432e-01
5.961177349090576172e-01 1.296558678150177002e-01
5.836930274963378906e-01 1.328377723693847656e-01
5.754418373107910156e-01 1.348788142204284668e-01
5.598531365394592285e-01 1.385736614465713501e-01
5.493144392967224121e-01 1.409490108489990234e-01
5.399133563041687012e-01 1.429822593927383423e-01
5.325478315353393555e-01 1.445176303386688232e-01
5.202828049659729004e-01 1.469595432281494141e-01
5.031701922416687012e-01 1.501197963953018188e-01
4.955691993236541748e-01 1.514287292957305908e-01
4.825612902641296387e-01 1.535293161869049072e-01
4.692369997501373291e-01 1.554937064647674561e-01
4.623017609119415283e-01 1.564392298460006714e-01
4.585040211677551270e-01 1.569342315196990967e-01
4.478667974472045898e-01 1.582335233688354492e-01
4.319106042385101318e-01 1.599359959363937378e-01
4.219937622547149658e-01 1.608408391475677490e-01
4.109618663787841797e-01 1.617052257061004639e-01
3.948666453361511230e-01 1.626902520656585693e-01
3.879270553588867188e-01 1.630112081766128540e-01
3.805144429206848145e-01 1.632834374904632568e-01
3.664461672306060791e-01 1.635950654745101929e-01
3.516664206981658936e-01 1.636252701282501221e-01
3.471417427062988281e-01 1.635721474885940552e-01
3.385974764823913574e-01 1.633903086185455322e-01
3.257390260696411133e-01 1.629118919372558594e-01
3.161305487155914307e-01 1.623899042606353760e-01
3.096434175968170166e-01 1.619562655687332153e-01
3.037662208080291748e-01 1.615057885646820068e-01
2.928841710090637207e-01 1.605245321989059448e-01
2.840612530708312988e-01 1.595857441425323486e-01
2.771518230438232422e-01 1.587590277194976807e-01
2.672404944896697998e-01 1.574296057224273682e-01
2.584627568721771240e-01 1.561078429222106934e-01
2.290254086256027222e-01 1.506387740373611450e-01
2.229507714509963989e-01 1.493023633956909180e-01
2.123749256134033203e-01 1.467972695827484131e-01
2.001020014286041260e-01 1.435960680246353149e-01
1.921910196542739868e-01 1.413583159446716309e-01
1.832261383533477783e-01 1.386506110429763794e-01
1.743413209915161133e-01 1.357799023389816284e-01
1.688772290945053101e-01 1.339183449745178223e-01
1.460869312286376953e-01 1.253122240304946899e-01
1.359539777040481567e-01 1.210160329937934875e-01
1.276030838489532471e-01 1.172381490468978882e-01
1.221635714173316956e-01 1.146553680300712585e-01
1.159615591168403625e-01 1.115870103240013123e-01
1.083684191107749939e-01 1.076416522264480591e-01
1.010594442486763000e-01 1.036354005336761475e-01
9.490408748388290405e-02 1.000922173261642456e-01
8.341264724731445312e-02 9.302752465009689331e-02
7.355046272277832031e-02 8.644818514585494995e-02
6.248232349753379822e-02 7.841797918081283569e-02
5.570661276578903198e-02 7.312089204788208008e-02
4.900703206658363342e-02 6.756269931793212891e-02
3.711216896772384644e-02 5.679028481245040894e-02
2.872242778539657593e-02 4.836658760905265808e-02
2.488071657717227936e-02 4.423706233501434326e-02
1.671636104583740234e-02 3.476965799927711487e-02
1.241797860711812973e-02 2.931819669902324677e-02
4.679928533732891083e-03 1.827388629317283630e-02
2.044245135039091110e-03 1.390678714960813522e-02
-3.057468347833491862e-05 1.003306824713945389e-02
-1.696623861789703369e-03 6.378022953867912292e-03
-2.493207575753331184e-03 4.267720039933919907e-03
-3.305430756881833076e-03 1.476088888011872768e-03
-3.804118372499942780e-03 -2.630640054121613503e-03
-3.621871583163738251e-03 -4.592981189489364624e-03
-2.781031187623739243e-03 -7.132906466722488403e-03
2.960868296213448048e-04 -1.073175854980945587e-02
5.296520888805389404e-03 -1.340456772595643997e-02
1.017349585890769958e-02 -1.489930972456932068e-02
1.470915321260690689e-02 -1.583332568407058716e-02
2.434683591127395630e-02 -1.703966036438941956e-02
3.493311256170272827e-02 -1.768402010202407837e-02
5.177732184529304504e-02 -1.793429814279079437e-02
6.028587371110916138e-02 -1.783918030560016632e-02
7.084047049283981323e-02 -1.758390478789806366e-02
8.297663182020187378e-02 -1.715133339166641235e-02
9.882873296737670898e-02 -1.642708107829093933e-02
1.078142076730728149e-01 -1.595816574990749359e-02
1.235497817397117615e-01 -1.506439782679080963e-02
1.360752880573272705e-01 -1.430459227412939072e-02
1.459385901689529419e-01 -1.368484739214181900e-02
1.506738662719726562e-01 -1.338216196745634079e-02
1.648716926574707031e-01 -1.245985459536314011e-02
1.762354373931884766e-01 -1.171071268618106842e-02
1.860492676496505737e-01 -1.105943508446216583e-02
1.956358850002288818e-01 -1.042165514081716537e-02
2.148476690053939819e-01 -9.145823307335376740e-03
2.259943932294845581e-01 -8.410681970417499542e-03
2.442100048065185547e-01 -7.223225198686122894e-03
2.484426200389862061e-01 -6.950385402888059616e-03
2.640006244182586670e-01 -5.959374830126762390e-03
2.764973342418670654e-01 -5.178545601665973663e-03
2.897676825523376465e-01 -4.366050940006971359e-03
3.072416484355926514e-01 -3.325118450447916985e-03
3.174041211605072021e-01 -2.736112102866172791e-03
3.244702517986297607e-01 -2.334110904484987259e-03
3.481478095054626465e-01 -1.035120338201522827e-03
3.623606264591217041e-01 -2.933795040007680655e-04
3.709403872489929199e-01 1.396642473991960287e-04
3.767213821411132812e-01 4.249607736710458994e-04
3.858722448348999023e-01 8.655186393298208714e-04
3.968499600887298584e-01 1.375546213239431381e-03
4.104821681976318359e-01 1.979538938030600548e-03
4.154075980186462402e-01 2.189436694607138634e-03
4.224324524402618408e-01 2.480880357325077057e-03
4.301552474498748779e-01 2.790238708257675171e-03
4.398189187049865723e-01 3.160488093271851540e-03
4.460226297378540039e-01 3.387972479686141014e-03
4.546727836132049561e-01 3.691378748044371605e-03
4.644765555858612061e-01 4.015138838440179825e-03
4.765666127204895020e-01 4.383707884699106216e-03
4.871777594089508057e-01 4.677964840084314346e-03
5.014292001724243164e-01 5.027946550399065018e-03
5.114143490791320801e-01 5.240823142230510712e-03
5.208856463432312012e-01 5.417053587734699249e-03
5.307872891426086426e-01 5.573618691414594650e-03
5.491641759872436523e-01 5.786113440990447998e-03
5.552989840507507324e-01 5.833713803440332413e-03
5.664025545120239258e-01 5.889309570193290710e-03
5.750920772552490234e-01 5.904902704060077667e-03
5.816890597343444824e-01 5.900144111365079880e-03
5.924217104911804199e-01 5.861526820808649063e-03
6.077701449394226074e-01 5.739487707614898682e-03
6.260969638824462891e-01 5.491105373948812485e-03
6.396766901016235352e-01 5.236208904534578323e-03
6.437078714370727539e-01 5.149187520146369934e-03
6.549021005630493164e-01 4.880947526544332504e-03
6.623397469520568848e-01 4.681613296270370483e-03
6.704702377319335938e-01 4.445031750947237015e-03
6.829671859741210938e-01 4.044831264764070511e-03
6.930850744247436523e-01 3.689927281811833382e-03
7.091993093490600586e-01 3.071603598073124886e-03
7.167240977287292480e-01 2.762092510238289833e-03
7.261220216751098633e-01 2.358388854190707207e-03
7.395030260086059570e-01 1.753414515405893326e-03
7.474692463874816895e-01 1.377956592477858067e-03
7.706791758537292480e-01 2.290427946718409657e-04
7.781760096549987793e-01 -1.566352293593809009e-04
7.874587178230285645e-01 -6.418956909328699112e-04
7.936460971832275391e-01 -9.692758321762084961e-04
8.109301924705505371e-01 -1.895236433483660221e-03
8.259060382843017578e-01 -2.703140955418348312e-03
8.425929546356201172e-01 -3.596633672714233398e-03
8.520709872245788574e-01 -4.094916861504316330e-03
8.683586120605468750e-01 -4.922441672533750534e-03
8.829814791679382324e-01 -5.616802256554365158e-03
8.985101580619812012e-01 -6.275109015405178070e-03
9.077330827713012695e-01 -6.610533688217401505e-03
9.229986667633056641e-01 -7.031582295894622803e-03
9.418324232101440430e-01 -7.181130815297365189e-03
9.572960734367370605e-01 -6.747504230588674545e-03
9.660165905952453613e-01 -6.128272507339715958e-03
9.684519171714782715e-01 -5.894278176128864288e-03
9.698150753974914551e-01 -5.751726683229207993e-03
