9.682165384292602539e-01 1.724328263662755489e-03
9.675634503364562988e-01 2.068290952593088150e-03
9.645341634750366211e-01 3.529103938490152359e-03
9.546130299568176270e-01 7.732420694082975388e-03
9.320230484008789062e-01 1.638343557715415955e-02
9.196548461914062500e-01 2.092386782169342041e-02
8.897593617439270020e-01 3.164729103446006775e-02
8.833483457565307617e-01 3.391519188880920410e-02
8.755694031715393066e-01 3.665465861558914185e-02
8.645760416984558105e-01 4.050358012318611145e-02
8.543055057525634766e-01 4.407561197876930237e-02
8.506023287773132324e-01 4.535752534866333008e-02
8.427098989486694336e-01 4.807883128523826599e-02
8.344238400459289551e-01 5.091881379485130310e-02
8.170850872993469238e-01 5.679809302091598511e-02
8.115964531898498535e-01 5.863939598202705383e-02
7.944936156272888184e-01 6.430621445178985596e-02
7.846837043762207031e-01 6.750300526618957520e-02
7.749152183532714844e-01 7.064281404018402100e-02
7.640184760093688965e-01 7.408937811851501465e-02
7.424635291099548340e-01 8.071363717317581177e-02
7.366899847984313965e-01 8.244042843580245972e-02
7.218798995018005371e-01 8.676964789628982544e-02
7.119489312171936035e-01 8.958756923675537109e-02
7.004416584968566895e-01 9.276220947504043579e-02
6.907783150672912598e-01 9.534965455532073975e-02
6.741699576377868652e-01 9.962100535631179810e-02
6.643836498260498047e-01 1.020295321941375732e-01
6.552888751029968262e-01 1.041932106018066406e-01
6.422770023345947266e-01 1.071601808071136475e-01
6.259926557540893555e-01 1.106532365083694458e-01
6.149044036865234375e-01 1.128875762224197388e-01
6.030197143554687500e-01 1.151495203375816345e-01
5.981805920600891113e-01 1.160305142402648926e-01
5.823578238487243652e-01 1.187470927834510803e-01
5.758342146873474121e-01 1.197929754853248596e-01
5.647692084312438965e-01 1.214668303728103638e-01
5.551305413246154785e-01 1.228212639689445496e-01
5.476040244102478027e-01 1.238112822175025940e-01
5.402885675430297852e-01 1.247163638472557068e-01
5.257617235183715820e-01 1.263456642627716064e-01
5.184020400047302246e-01 1.270854920148849487e-01
5.120098590850830078e-01 1.276812404394149780e-01
4.975311458110809326e-01 1.288693249225616455e-01
4.896880388259887695e-01 1.294195502996444702e-01
4.786677658557891846e-01 1.300819069147109985e-01
4.710374176502227783e-01 1.304649859666824341e-01
4.571194350719451904e-01 1.310051232576370239e-01
4.521896839141845703e-01 1.311475783586502075e-01
4.392802715301513672e-01 1.314002871513366699e-01
4.243727922439575195e-01 1.314773559570312500e-01
4.165364801883697510e-01 1.314264535903930664e-01
4.112384617328643799e-01 1.313567459583282471e-01
4.033354222774505615e-01 1.312000602483749390e-01
3.953508436679840088e-01 1.309783011674880981e-01
3.905662298202514648e-01 1.308150142431259155e-01
3.766756951808929443e-01 1.302132457494735718e-01
3.642905354499816895e-01 1.295182257890701294e-01
3.542151153087615967e-01 1.288439482450485229e-01
3.482119441032409668e-01 1.283961683511734009e-01
3.412689268589019775e-01 1.278357505798339844e-01
3.302985727787017822e-01 1.268577426671981812e-01
3.237538635730743408e-01 1.262205988168716431e-01
3.127056658267974854e-01 1.250544786453247070e-01
2.982610464096069336e-01 1.233586296439170837e-01
2.915517687797546387e-01 1.225049719214439392e-01
2.855555117130279541e-01 1.217064857482910156e-01
2.727181315422058105e-01 1.198835521936416626e-01
2.622541189193725586e-01 1.182820722460746765e-01
2.494410425424575806e-01 1.161770597100257874e-01
2.407488524913787842e-01 1.146567016839981079e-01
2.347260713577270508e-01 1.135583966970443726e-01
2.175507247447967529e-01 1.102172359824180603e-01
2.091844975948333740e-01 1.084727048873901367e-01
2.038330137729644775e-01 1.073145940899848938e-01
1.937518715858459473e-01 1.050394475460052490e-01
1.864262372255325317e-01 1.033058315515518188e-01
1.692909151315689087e-01 9.896415472030639648e-02
1.556015908718109131e-01 9.517503529787063599e-02
1.425495743751525879e-01 9.125749766826629639e-02
1.330320388078689575e-01 8.818675577640533447e-02
1.235203817486763000e-01 8.491227030754089355e-02
1.168098673224449158e-01 8.246323466300964355e-02
1.085400283336639404e-01 7.926704734563827515e-02
9.966333210468292236e-02 7.558779418468475342e-02
8.969220519065856934e-02 7.109595835208892822e-02
8.354184776544570923e-02 6.810370832681655884e-02
7.440692186355590820e-02 6.328756362199783325e-02
6.749350577592849731e-02 5.929217860102653503e-02
6.043396517634391785e-02 5.483321845531463623e-02
4.518101736903190613e-02 4.342668130993843079e-02
3.806145116686820984e-02 3.689706698060035706e-02
3.339644521474838257e-02 3.197639063000679016e-02
2.910015545785427094e-02 2.679082006216049194e-02
2.559897489845752716e-02 2.186868339776992798e-02
2.224895730614662170e-02 1.615601964294910431e-02
2.103622071444988251e-02 1.366034056991338730e-02
1.907431893050670624e-02 8.568299934267997742e-03
1.823014579713344574e-02 5.370664875954389572e-03
1.766764558851718903e-02 1.436568563804030418e-03
1.767193526029586792e-02 -1.848541200160980225e-03
1.941549777984619141e-02 -8.468231186270713806e-03
2.206929214298725128e-02 -1.248707156628370285e-02
2.540480345487594604e-02 -1.564927771687507629e-02
3.145188838243484497e-02 -1.943508349359035492e-02
3.582053259015083313e-02 -2.141785621643066406e-02
3.879034891724586487e-02 -2.255350723862648010e-02
4.401678964495658875e-02 -2.426325343549251556e-02
5.095143243670463562e-02 -2.613349817693233490e-02
6.093799322843551636e-02 -2.830430679023265839e-02
6.761621683835983276e-02 -2.951862290501594543e-02
7.436263561248779297e-02 -3.060244396328926086e-02
8.216075599193572998e-02 -3.171172738075256348e-02
9.488075971603393555e-02 -3.325911611318588257e-02
1.196642071008682251e-01 -3.557663410902023315e-02
1.267944574356079102e-01 -3.610774874687194824e-02
1.363062709569931030e-01 -3.673658147454261780e-02
1.450472772121429443e-01 -3.724058717489242554e-02
1.640482693910598755e-01 -3.811647370457649231e-02
1.710521131753921509e-01 -3.836971521377563477e-02
1.861999183893203735e-01 -3.880025446414947510e-02
1.908060908317565918e-01 -3.890100866556167603e-02
1.995618492364883423e-01 -3.905571997165679932e-02
2.116490453481674194e-01 -3.919335082173347473e-02
2.248059213161468506e-01 -3.924821689724922180e-02
2.302464395761489868e-01 -3.924325853586196899e-02
2.399465739727020264e-01 -3.919588774442672729e-02
2.488019168376922607e-01 -3.911088407039642334e-02
2.611775100231170654e-01 -3.892792388796806335e-02
2.723557651042938232e-01 -3.870093449950218201e-02
2.875217795372009277e-01 -3.830353915691375732e-02
2.926851809024810791e-01 -3.814563527703285217e-02
3.027724623680114746e-01 -3.780514746904373169e-02
3.074581623077392578e-01 -3.763294219970703125e-02
3.152149617671966553e-01 -3.732877597212791443e-02
3.235097527503967285e-01 -3.697784990072250366e-02
3.371646702289581299e-01 -3.634443506598472595e-02
3.422772586345672607e-01 -3.609003126621246338e-02
3.558545410633087158e-01 -3.537070006132125854e-02
3.648163974285125732e-01 -3.486238792538642883e-02
3.834272921085357666e-01 -3.372666239738464355e-02
3.884583711624145508e-01 -3.340201452374458313e-02
4.044230580329895020e-01 -3.232548758387565613e-02
4.101220071315765381e-01 -3.192497417330741882e-02
4.211317002773284912e-01 -3.112875670194625854e-02
4.294641315937042236e-01 -3.050757572054862976e-02
4.394870698451995850e-01 -2.974077127873897552e-02
4.576704800128936768e-01 -2.830088511109352112e-02
4.679192900657653809e-01 -2.746529132127761841e-02
4.759274125099182129e-01 -2.680218219757080078e-02
4.845860600471496582e-01 -2.607655897736549377e-02
4.914989471435546875e-01 -2.549174800515174866e-02
5.095351934432983398e-01 -2.394884638488292694e-02
5.121234059333801270e-01 -2.372601069509983063e-02
5.338541865348815918e-01 -2.185001596808433533e-02
5.430129170417785645e-01 -2.106065303087234497e-02
5.522357821464538574e-01 -2.026940695941448212e-02
5.584515929222106934e-01 -1.973918639123439789e-02
5.713787078857421875e-01 -1.864723674952983856e-02
5.834819674491882324e-01 -1.764179393649101257e-02
5.921747684478759766e-01 -1.693210005760192871e-02
6.047828793525695801e-01 -1.592438295483589172e-02
6.149692535400390625e-01 -1.513133011758327484e-02
6.164346337318420410e-01 -1.501891296356916428e-02
6.503823995590209961e-01 -1.254650764167308807e-02
6.632242202758789062e-01 -1.168280839920043945e-02
6.726126074790954590e-01 -1.107789017260074615e-02
6.925553679466247559e-01 -9.869012050330638885e-03
7.028778195381164551e-01 -9.284227155148983002e-03
7.078123688697814941e-01 -9.014511480927467346e-03
7.217608690261840820e-01 -8.286153897643089294e-03
7.350948452949523926e-01 -7.636027876287698746e-03
7.501197457313537598e-01 -6.955699063837528229e-03
7.576575279235839844e-01 -6.634467281401157379e-03
7.819370627403259277e-01 -5.685673560947179794e-03
7.898343205451965332e-01 -5.403649527579545975e-03
7.976984381675720215e-01 -5.134882871061563492e-03
8.045532107353210449e-01 -4.910009447485208511e-03
8.348361253738403320e-01 -4.011176992207765579e-03
8.437240123748779297e-01 -3.773246891796588898e-03
8.577274084091186523e-01 -3.418316598981618881e-03
8.633078932762145996e-01 -3.282914636656641960e-03
8.707126379013061523e-01 -3.107893746346235275e-03
8.846353292465209961e-01 -2.790984231978654861e-03
8.964135050773620605e-01 -2.532385522499680519e-03
9.028370976448059082e-01 -2.393867820501327515e-03
9.169352054595947266e-01 -2.093141432851552963e-03
9.335830807685852051e-01 -1.738650025799870491e-03
9.481446146965026855e-01 -1.429487136192619801e-03
9.599826335906982422e-01 -1.198123325593769550e-03
9.657456874847412109e-01 -1.110948622226715088e-03
9.674342274665832520e-01 -1.091721816919744015e-03
