9.649303555488586426e-01 3.193801967427134514e-03
9.643997550010681152e-01 3.517086850479245186e-03
9.593261480331420898e-01 6.247611250728368759e-03
9.462301731109619141e-01 1.218063943088054657e-02
9.186531305313110352e-01 2.300774492323398590e-02
9.069117307662963867e-01 2.727389521896839142e-02
8.935137391090393066e-01 3.196740522980690002e-02
8.890433311462402344e-01 3.349683806300163269e-02
8.814580440521240234e-01 3.605284169316291809e-02
8.721968531608581543e-01 3.911066800355911255e-02
8.593342900276184082e-01 4.324877634644508362e-02
8.525549769401550293e-01 4.538092389702796936e-02
8.427203893661499023e-01 4.841607064008712769e-02
8.315431475639343262e-01 5.178390815854072571e-02
8.170576095581054688e-01 5.602195858955383301e-02
8.110635280609130859e-01 5.773447826504707336e-02
8.020410537719726562e-01 6.026703491806983948e-02
7.953383922576904297e-01 6.211346760392189026e-02
7.883983254432678223e-01 6.399408727884292603e-02
7.810393571853637695e-01 6.595376878976821899e-02
7.713785767555236816e-01 6.847243010997772217e-02
7.563080787658691406e-01 7.227988541126251221e-02
7.407196164131164551e-01 7.606256008148193359e-02
7.368075251579284668e-01 7.698709517717361450e-02
7.184677720069885254e-01 8.118871599435806274e-02
7.083920240402221680e-01 8.340412378311157227e-02
6.935532093048095703e-01 8.654670417308807373e-02
6.863908767700195312e-01 8.801223337650299072e-02
6.673877835273742676e-01 9.173849225044250488e-02
6.604706645011901855e-01 9.303620457649230957e-02
6.478174924850463867e-01 9.532866626977920532e-02
6.365223526954650879e-01 9.728585183620452881e-02
6.248114705085754395e-01 9.922570735216140747e-02
6.157027482986450195e-01 1.006713584065437317e-01
6.055861711502075195e-01 1.022117137908935547e-01
5.937595963478088379e-01 1.039249524474143982e-01
5.835679769515991211e-01 1.053251698613166809e-01
5.766248106956481934e-01 1.062383726239204407e-01
5.674206018447875977e-01 1.073979809880256653e-01
5.599834918975830078e-01 1.082921624183654785e-01
5.475211739540100098e-01 1.097042486071586609e-01
5.384910106658935547e-01 1.106594279408454895e-01
5.259847044944763184e-01 1.118870452046394348e-01
5.175721645355224609e-01 1.126501858234405518e-01
5.101985931396484375e-01 1.132772490382194519e-01
5.035459399223327637e-01 1.138093471527099609e-01
4.862368404865264893e-01 1.150429323315620422e-01
4.787825345993041992e-01 1.155064180493354797e-01
4.670653045177459717e-01 1.161517277359962463e-01
4.442842900753021240e-01 1.171118319034576416e-01
4.311537146568298340e-01 1.174861267209053040e-01
4.275513589382171631e-01 1.175656542181968689e-01
4.172548055648803711e-01 1.177375763654708862e-01
4.024879932403564453e-01 1.178396865725517273e-01
3.976064920425415039e-01 1.178355962038040161e-01
3.913611173629760742e-01 1.178028434514999390e-01
3.804359138011932373e-01 1.176704466342926025e-01
3.683818578720092773e-01 1.174124106764793396e-01
3.567427396774291992e-01 1.170503497123718262e-01
3.493954837322235107e-01 1.167639940977096558e-01
3.406610488891601562e-01 1.163646951317787170e-01
3.253585994243621826e-01 1.155087500810623169e-01
3.083288371562957764e-01 1.143172234296798706e-01
2.985925674438476562e-01 1.135201603174209595e-01
2.842067480087280273e-01 1.121841445565223694e-01
2.720245718955993652e-01 1.109011843800544739e-01
2.646416425704956055e-01 1.100540533661842346e-01
2.505684792995452881e-01 1.082892566919326782e-01
2.424153238534927368e-01 1.071740686893463135e-01
2.345636785030364990e-01 1.060335785150527954e-01
2.252284288406372070e-01 1.045898422598838806e-01
2.138155102729797363e-01 1.026901602745056152e-01
2.020493596792221069e-01 1.005686968564987183e-01
1.939644068479537964e-01 9.900981187820434570e-02
1.829968690872192383e-01 9.675561636686325073e-02
1.730797886848449707e-01 9.457034617662429810e-02
1.666077822446823120e-01 9.306406229734420776e-02
1.593619734048843384e-01 9.129802882671356201e-02
1.540488749742507935e-01 8.994676917791366577e-02
1.449651867151260376e-01 8.751908689737319946e-02
1.351969391107559204e-01 8.473002910614013672e-02
1.230708286166191101e-01 8.098148554563522339e-02
1.159054636955261230e-01 7.860007137060165405e-02
9.929531812667846680e-02 7.252466678619384766e-02
9.131592512130737305e-02 6.928448379039764404e-02
8.482452481985092163e-02 6.646681576967239380e-02
7.020161300897598267e-02 5.940177664160728455e-02
6.418946385383605957e-02 5.614768341183662415e-02
5.679097399115562439e-02 5.179348960518836975e-02
5.031606554985046387e-02 4.760021343827247620e-02
4.135443270206451416e-02 4.103303700685501099e-02
3.156419843435287476e-02 3.238828480243682861e-02
2.660938538610935211e-02 2.708014100790023804e-02
2.000596188008785248e-02 1.806885749101638794e-02
1.729268208146095276e-02 1.287278067320585251e-02
1.549138594418764114e-02 7.609132677316665649e-03
1.495635695755481720e-02 4.406901076436042786e-03
1.488054171204566956e-02 2.604026114568114281e-03
1.503534615039825439e-02 4.936893819831311703e-04
1.536284107714891434e-02 -1.130681252107024193e-03
1.623063907027244568e-02 -3.490329720079898834e-03
1.839688606560230255e-02 -6.701704580336809158e-03
2.096163667738437653e-02 -9.008179418742656708e-03
2.519502863287925720e-02 -1.147578377276659012e-02
3.257687389850616455e-02 -1.404118258506059647e-02
4.170214012265205383e-02 -1.580921187996864319e-02
4.500845447182655334e-02 -1.623118110001087189e-02
4.985339194536209106e-02 -1.670525223016738892e-02
5.989071354269981384e-02 -1.728654466569423676e-02
6.794100999832153320e-02 -1.747579686343669891e-02
7.894558459520339966e-02 -1.746253855526447296e-02
8.712839335203170776e-02 -1.730467006564140320e-02
9.410668909549713135e-02 -1.709525287151336670e-02
1.079909205436706543e-01 -1.652613095939159393e-02
1.176807209849357605e-01 -1.604040153324604034e-02
1.238953769207000732e-01 -1.570068299770355225e-02
1.380010247230529785e-01 -1.486964989453554153e-02
1.446532756090164185e-01 -1.445627585053443909e-02
1.537787467241287231e-01 -1.387372706085443497e-02
1.626239567995071411e-01 -1.329689845442771912e-02
1.700973212718963623e-01 -1.280343905091285706e-02
1.807617098093032837e-01 -1.209405809640884399e-02
1.879348009824752808e-01 -1.161574572324752808e-02
1.935028731822967529e-01 -1.124478690326213837e-02
2.120421528816223145e-01 -1.001828536391258240e-02
2.208917587995529175e-01 -9.440512396395206451e-03
2.355954349040985107e-01 -8.495766669511795044e-03
2.423736155033111572e-01 -8.067630231380462646e-03
2.561721205711364746e-01 -7.212166208773851395e-03
2.669790089130401611e-01 -6.558367051184177399e-03
2.753007113933563232e-01 -6.065161433070898056e-03
2.816870808601379395e-01 -5.692893639206886292e-03
2.927438616752624512e-01 -5.061540286988019943e-03
3.000982999801635742e-01 -4.651003051549196243e-03
3.132244944572448730e-01 -3.937312867492437363e-03
3.198186159133911133e-01 -3.588094376027584076e-03
3.356256186962127686e-01 -2.776652341708540916e-03
3.433722853660583496e-01 -2.392307156696915627e-03
3.530027866363525391e-01 -1.926764380186796188e-03
3.653670847415924072e-01 -1.349101541563868523e-03
3.788655102252960205e-01 -7.442004280164837837e-04
3.868013620376586914e-01 -4.011366982012987137e-04
3.945175409317016602e-01 -7.649706822121515870e-05
4.047275185585021973e-01 3.395178064238280058e-04
4.116908311843872070e-01 6.143968203105032444e-04
4.224097430706024170e-01 1.023499644361436367e-03
4.368326365947723389e-01 1.547090942040085793e-03
4.488515257835388184e-01 1.959805143997073174e-03
4.662570655345916748e-01 2.519319066777825356e-03
4.828624129295349121e-01 3.010793589055538177e-03
4.927511215209960938e-01 3.283715108409523964e-03
4.973390996456146240e-01 3.405299969017505646e-03
5.132487416267395020e-01 3.802019404247403145e-03
5.184772610664367676e-01 3.923901356756687164e-03
5.423530936241149902e-01 4.426480736583471298e-03
5.528944730758666992e-01 4.619865678250789642e-03
5.625270009040832520e-01 4.781119525432586670e-03
5.747604966163635254e-01 4.964460618793964386e-03
5.836735367774963379e-01 5.082804709672927856e-03
6.052325963973999023e-01 5.315541755408048630e-03
6.191843152046203613e-01 5.425593815743923187e-03
6.329606175422668457e-01 5.502976477146148682e-03
6.420092582702636719e-01 5.536957178264856339e-03
6.594213843345642090e-01 5.565138533711433411e-03
6.735748648643493652e-01 5.552525632083415985e-03
6.835625767707824707e-01 5.524868611246347427e-03
6.948906183242797852e-01 5.475141573697328568e-03
7.001351118087768555e-01 5.445647519081830978e-03
7.115743160247802734e-01 5.367437843233346939e-03
7.276388406753540039e-01 5.226456094533205032e-03
7.392029762268066406e-01 5.103340372443199158e-03
7.504041790962219238e-01 4.967569373548030853e-03
7.639578580856323242e-01 4.782464820891618729e-03
7.711265683174133301e-01 4.675706382840871811e-03
7.839751243591308594e-01 4.469665698707103729e-03
7.978442311286926270e-01 4.226997494697570801e-03
8.180080652236938477e-01 3.838845761492848396e-03
8.264710903167724609e-01 3.664097515866160393e-03
8.430136442184448242e-01 3.303332719951868057e-03
8.531254529953002930e-01 3.070742357522249222e-03
8.610924482345581055e-01 2.881218679249286652e-03
8.662815093994140625e-01 2.754844725131988525e-03
8.816274404525756836e-01 2.367675304412841797e-03
8.909225463867187500e-01 2.123312093317508698e-03
9.070515036582946777e-01 1.680764486081898212e-03
9.147014617919921875e-01 1.461867592297494411e-03
9.296980500221252441e-01 1.012201071716845036e-03
9.373622536659240723e-01 7.687991019338369370e-04
9.510831236839294434e-01 2.968343032989650965e-04
9.609008431434631348e-01 -8.811509178485721350e-05
9.628420472145080566e-01 -1.711367222014814615e-04
9.647183418273925781e-01 -2.539578708820044994e-04
