9.657479524612426758e-01 3.951326478272676468e-03
9.649344682693481445e-01 4.362397361546754837e-03
9.624843001365661621e-01 5.517483688890933990e-03
9.501543641090393066e-01 1.051922328770160675e-02
9.378544092178344727e-01 1.495663449168205261e-02
9.281933903694152832e-01 1.825162023305892944e-02
9.119244813919067383e-01 2.356020174920558929e-02
9.073122143745422363e-01 2.502336539328098297e-02
8.961962461471557617e-01 2.848921529948711395e-02
8.885186910629272461e-01 3.083915263414382935e-02
8.738626837730407715e-01 3.524021431803703308e-02
8.689049482345581055e-01 3.670635446906089783e-02
8.607786297798156738e-01 3.908691555261611938e-02
8.492059707641601562e-01 4.243174567818641663e-02
8.391329646110534668e-01 4.530234262347221375e-02
8.333963751792907715e-01 4.692076519131660461e-02
8.237844705581665039e-01 4.960667341947555542e-02
8.173356056213378906e-01 5.139072239398956299e-02
8.085248470306396484e-01 5.380488932132720947e-02
8.001028895378112793e-01 5.608725547790527344e-02
7.853321433067321777e-01 6.002922356128692627e-02
7.782760858535766602e-01 6.188403442502021790e-02
7.631348371505737305e-01 6.579968333244323730e-02
7.564283013343811035e-01 6.750474870204925537e-02
7.460462450981140137e-01 7.010687142610549927e-02
7.385728359222412109e-01 7.195069640874862671e-02
7.203963398933410645e-01 7.632688432931900024e-02
7.145188450813293457e-01 7.770726084709167480e-02
7.077952623367309570e-01 7.926467806100845337e-02
6.990057826042175293e-01 8.126450330018997192e-02
6.878068447113037109e-01 8.375064283609390259e-02
6.769043207168579102e-01 8.610155433416366577e-02
6.675409078598022461e-01 8.806365728378295898e-02
6.600866317749023438e-01 8.958674967288970947e-02
6.506292223930358887e-01 9.146805107593536377e-02
6.415286660194396973e-01 9.322283416986465454e-02
6.276037693023681641e-01 9.579911828041076660e-02
6.189550161361694336e-01 9.733116626739501953e-02
6.087808609008789062e-01 9.906494617462158203e-02
6.035485863685607910e-01 9.992722421884536743e-02
5.847325325012207031e-01 1.028597429394721985e-01
5.795388221740722656e-01 1.036220341920852661e-01
5.680081248283386230e-01 1.052401512861251831e-01
5.587896108627319336e-01 1.064592897891998291e-01
5.502677559852600098e-01 1.075268387794494629e-01
5.405343770980834961e-01 1.086755394935607910e-01
5.270829796791076660e-01 1.101381033658981323e-01
5.167235136032104492e-01 1.111649647355079651e-01
5.088208317756652832e-01 1.118897274136543274e-01
5.022704601287841797e-01 1.124519556760787964e-01
4.898504614830017090e-01 1.134217083454132080e-01
4.825380146503448486e-01 1.139336377382278442e-01
4.719919860363006592e-01 1.145947054028511047e-01
4.599919915199279785e-01 1.152358725666999817e-01
4.448838829994201660e-01 1.158749088644981384e-01
4.367262423038482666e-01 1.161419600248336792e-01
4.216476082801818848e-01 1.164915114641189575e-01
4.053204655647277832e-01 1.166591197252273560e-01
3.933315873146057129e-01 1.166423633694648743e-01
3.798830807209014893e-01 1.164823397994041443e-01
3.717953264713287354e-01 1.163139268755912781e-01
3.591592013835906982e-01 1.159418970346450806e-01
3.487449288368225098e-01 1.155348271131515503e-01
3.305071592330932617e-01 1.146011203527450562e-01
3.163824081420898438e-01 1.136820763349533081e-01
2.997740507125854492e-01 1.123780757188796997e-01
2.884077727794647217e-01 1.113432422280311584e-01
2.721320390701293945e-01 1.096537932753562927e-01
2.633498311042785645e-01 1.086375489830970764e-01
2.493210881948471069e-01 1.068561375141143799e-01
2.448878437280654907e-01 1.062515228986740112e-01
2.302752584218978882e-01 1.041110754013061523e-01
2.173469066619873047e-01 1.020195484161376953e-01
2.040598094463348389e-01 9.966330230236053467e-02
1.970690786838531494e-01 9.833421558141708374e-02
1.903613656759262085e-01 9.699767827987670898e-02
1.795742511749267578e-01 9.471541643142700195e-02
1.620576828718185425e-01 9.062787145376205444e-02
1.468792110681533813e-01 8.665338903665542603e-02
1.411886811256408691e-01 8.504629880189895630e-02
1.299129128456115723e-01 8.164978027343750000e-02
1.171745359897613525e-01 7.742927968502044678e-02
1.126816421747207642e-01 7.583041489124298096e-02
1.063651368021965027e-01 7.347338646650314331e-02
9.706278145313262939e-02 6.974261999130249023e-02
9.291280061006546021e-02 6.796620041131973267e-02
7.925400137901306152e-02 6.153499707579612732e-02
6.938216090202331543e-02 5.619657412171363831e-02
6.389404088258743286e-02 5.290738120675086975e-02
5.984738096594810486e-02 5.030330270528793335e-02
4.495966434478759766e-02 3.892210498452186584e-02
3.983123227953910828e-02 3.402844816446304321e-02
3.522807359695434570e-02 2.891994640231132507e-02
3.074680455029010773e-02 2.289040945470333099e-02
2.791168540716171265e-02 1.809429749846458435e-02
2.555978298187255859e-02 1.282540522515773773e-02
2.472745440900325775e-02 1.029854081571102142e-02
2.400193735957145691e-02 7.298424839973449707e-03
2.353618107736110687e-02 3.773728385567665100e-03
2.355909720063209534e-02 -2.482144627720117569e-04
2.417890354990959167e-02 -4.029940813779830933e-03
2.778584137558937073e-02 -1.206124015152454376e-02
3.181061521172523499e-02 -1.688922382891178131e-02
3.508313745260238647e-02 -1.979762315750122070e-02
4.097957164049148560e-02 -2.386394329369068146e-02
4.804835468530654907e-02 -2.757042087614536285e-02
5.186723917722702026e-02 -2.922481298446655273e-02
5.664740502834320068e-02 -3.104073740541934967e-02
6.892926990985870361e-02 -3.474142029881477356e-02
8.029305189847946167e-02 -3.727313876152038574e-02
8.545248210430145264e-02 -3.820867836475372314e-02
9.494148939847946167e-02 -3.964554145932197571e-02
1.006923690438270569e-01 -4.036107286810874939e-02
1.091830059885978699e-01 -4.123318195343017578e-02
1.235922873020172119e-01 -4.228511825203895569e-02
1.282021701335906982e-01 -4.252333566546440125e-02
1.390349715948104858e-01 -4.292110726237297058e-02
1.455125808715820312e-01 -4.306071996688842773e-02
1.572857350111007690e-01 -4.314875602722167969e-02
1.658737510442733765e-01 -4.309240356087684631e-02
1.784839332103729248e-01 -4.284820333123207092e-02
1.881121993064880371e-01 -4.254696145653724670e-02
1.949188262224197388e-01 -4.228028282523155212e-02
2.170553505420684814e-01 -4.114544764161109924e-02
2.308687120676040649e-01 -4.025920480489730835e-02
2.397663593292236328e-01 -3.962663188576698303e-02
2.549744844436645508e-01 -3.844736143946647644e-02
2.677830159664154053e-01 -3.736985847353935242e-02
2.767257690429687500e-01 -3.657751157879829407e-02
2.884324491024017334e-01 -3.549623116850852966e-02
2.955523729324340820e-01 -3.481656685471534729e-02
3.050415813922882080e-01 -3.388745337724685669e-02
3.200662434101104736e-01 -3.236844390630722046e-02
3.276754915714263916e-01 -3.157955035567283630e-02
3.345856666564941406e-01 -3.085313364863395691e-02
3.402588367462158203e-01 -3.025028109550476074e-02
3.576924204826354980e-01 -2.836639992892742157e-02
3.615191280841827393e-01 -2.794742956757545471e-02
3.761872053146362305e-01 -2.632710337638854980e-02
3.890808522701263428e-01 -2.488791756331920624e-02
4.107363522052764893e-01 -2.245201542973518372e-02
4.172441065311431885e-01 -2.171781100332736969e-02
4.256844818592071533e-01 -2.076552994549274445e-02
4.423308074474334717e-01 -1.889111846685409546e-02
4.581249654293060303e-01 -1.712319068610668182e-02
4.673826992511749268e-01 -1.609437726438045502e-02
4.784999489784240723e-01 -1.486840099096298218e-02
4.979708492755889893e-01 -1.275233272463083267e-02
5.097637176513671875e-01 -1.149387378245592117e-02
5.220873355865478516e-01 -1.020061317831277847e-02
5.332815647125244141e-01 -9.047375991940498352e-03
5.412697196006774902e-01 -8.238007314503192902e-03
5.576454401016235352e-01 -6.617212202399969101e-03
5.655303001403808594e-01 -5.856461357325315475e-03
5.858416557312011719e-01 -3.960363101214170456e-03
5.898578166961669922e-01 -3.596850205212831497e-03
6.062646508216857910e-01 -2.153016859665513039e-03
6.162457466125488281e-01 -1.308159786276519299e-03
6.285524964332580566e-01 -3.026901104021817446e-04
6.392987966537475586e-01 5.416810163296759129e-04
6.591253876686096191e-01 2.014851197600364685e-03
6.707334518432617188e-01 2.825146540999412537e-03
6.840282678604125977e-01 3.704830072820186615e-03
6.873726248741149902e-01 3.917879424989223480e-03
7.106389403343200684e-01 5.306905135512351990e-03
7.233420014381408691e-01 5.995323415845632553e-03
7.302690148353576660e-01 6.349432282149791718e-03
7.427045702934265137e-01 6.946704816073179245e-03
7.587221264839172363e-01 7.641302887350320816e-03
7.663722038269042969e-01 7.942387834191322327e-03
7.790229916572570801e-01 8.395020850002765656e-03
7.929743528366088867e-01 8.825715631246566772e-03
7.993995547294616699e-01 8.998640812933444977e-03
8.059086799621582031e-01 9.156660176813602448e-03
8.146344423294067383e-01 9.340187534689903259e-03
8.247123956680297852e-01 9.509426541626453400e-03
8.322868347167968750e-01 9.604419581592082977e-03
8.378382921218872070e-01 9.655334055423736572e-03
8.573731184005737305e-01 9.694866836071014404e-03
8.650232553482055664e-01 9.643731638789176941e-03
8.727493286132812500e-01 9.548348374664783478e-03
8.786695003509521484e-01 9.442491456866264343e-03
8.886510133743286133e-01 9.191477671265602112e-03
8.969517350196838379e-01 8.903322741389274597e-03
9.079557657241821289e-01 8.387650363147258759e-03
9.137392640113830566e-01 8.043668232858181000e-03
9.252966046333312988e-01 7.166553288698196411e-03
9.359646439552307129e-01 6.063232198357582092e-03
9.505875110626220703e-01 3.853027941659092903e-03
9.577890038490295410e-01 2.313987817615270615e-03
9.626311659812927246e-01 1.045293058268725872e-03
9.654385447502136230e-01 2.109970810124650598e-04
