9.645789265632629395e-01 1.045267446897923946e-03
9.641242027282714844e-01 1.198642770759761333e-03
9.615515470504760742e-01 2.059938618913292885e-03
9.542506933212280273e-01 4.463876597583293915e-03
9.377313852310180664e-01 9.779556654393672943e-03
9.257184863090515137e-01 1.358057186007499695e-02
9.056216478347778320e-01 1.986347697675228119e-02
8.994952440261840820e-01 2.176477015018463135e-02
8.833700418472290039e-01 2.674442157149314880e-02
8.732210993766784668e-01 2.986302971839904785e-02
8.538663387298583984e-01 3.578193485736846924e-02
8.496788740158081055e-01 3.705777600407600403e-02
8.439047932624816895e-01 3.881433606147766113e-02
8.345380425453186035e-01 4.165726155042648315e-02
8.066294193267822266e-01 5.007315427064895630e-02
8.020777106285095215e-01 5.143708363175392151e-02
7.933975458145141602e-01 5.403014272451400757e-02
7.825927138328552246e-01 5.724206939339637756e-02
7.751073241233825684e-01 5.945586413145065308e-02
7.632838487625122070e-01 6.293079257011413574e-02
7.501271367073059082e-01 6.676213443279266357e-02
7.386410236358642578e-01 7.007215172052383423e-02
7.232381701469421387e-01 7.445174455642700195e-02
7.162927389144897461e-01 7.640180736780166626e-02
6.986707448959350586e-01 8.127087354660034180e-02
6.925333738327026367e-01 8.293762803077697754e-02
6.830407381057739258e-01 8.548347651958465576e-02
6.782903671264648438e-01 8.674189448356628418e-02
6.648685336112976074e-01 9.023720771074295044e-02
6.552557945251464844e-01 9.268224239349365234e-02
6.437709331512451172e-01 9.553427249193191528e-02
6.206685304641723633e-01 1.010213643312454224e-01
6.074791550636291504e-01 1.039898619055747986e-01
6.026032567024230957e-01 1.050547659397125244e-01
5.950506925582885742e-01 1.066681966185569763e-01
5.899458527565002441e-01 1.077331826090812683e-01
5.759073495864868164e-01 1.105515733361244202e-01
5.620519518852233887e-01 1.131666675209999084e-01
5.487480759620666504e-01 1.155137941241264343e-01
5.424857735633850098e-01 1.165607720613479614e-01
5.347846746444702148e-01 1.177960857748985291e-01
5.262718796730041504e-01 1.190931126475334167e-01
5.156571269035339355e-01 1.206070855259895325e-01
5.067259073257446289e-01 1.217899844050407410e-01
5.013466477394104004e-01 1.224616318941116333e-01
4.855724871158599854e-01 1.242505162954330444e-01
4.719138741493225098e-01 1.255774796009063721e-01
4.618162214756011963e-01 1.264235228300094604e-01
4.567352831363677979e-01 1.268053501844406128e-01
4.484493434429168701e-01 1.273645013570785522e-01
4.320819675922393799e-01 1.282359361648559570e-01
4.146332144737243652e-01 1.288215816020965576e-01
4.053973853588104248e-01 1.289874911308288574e-01
3.974021971225738525e-01 1.290505081415176392e-01
3.737821877002716064e-01 1.287997812032699585e-01
3.684743642807006836e-01 1.286538243293762207e-01
3.640939295291900635e-01 1.285086274147033691e-01
3.520632088184356689e-01 1.279949992895126343e-01
3.431148529052734375e-01 1.275040209293365479e-01
3.337557315826416016e-01 1.268913000822067261e-01
3.240131437778472900e-01 1.261459439992904663e-01
3.110659420490264893e-01 1.249857842922210693e-01
3.021063804626464844e-01 1.240696236491203308e-01
2.935295403003692627e-01 1.231056228280067444e-01
2.848504483699798584e-01 1.220432743430137634e-01
2.761142253875732422e-01 1.208853498101234436e-01
2.706411778926849365e-01 1.201144456863403320e-01
2.507218718528747559e-01 1.170093193650245667e-01
2.440059930086135864e-01 1.158551126718521118e-01
2.168585062026977539e-01 1.106200590729713440e-01
2.021726369857788086e-01 1.073917523026466370e-01
1.955380588769912720e-01 1.058372780680656433e-01
1.903729587793350220e-01 1.045843288302421570e-01
1.752798855304718018e-01 1.006993502378463745e-01
1.636493653059005737e-01 9.746552258729934692e-02
1.567673385143280029e-01 9.544699639081954956e-02
1.515569239854812622e-01 9.386397153139114380e-02
1.312273442745208740e-01 8.719795197248458862e-02
1.228220537304878235e-01 8.419102430343627930e-02
1.181813180446624756e-01 8.246096968650817871e-02
1.130608618259429932e-01 8.049061149358749390e-02
1.061262488365173340e-01 7.771244645118713379e-02
9.004037827253341675e-02 7.071984559297561646e-02
8.338192105293273926e-02 6.756723672151565552e-02
7.337678223848342896e-02 6.249095499515533447e-02
6.376316398382186890e-02 5.715963244438171387e-02
5.855654925107955933e-02 5.405035242438316345e-02
5.147877335548400879e-02 4.952316358685493469e-02
4.045971855521202087e-02 4.159751161932945251e-02
3.584435209631919861e-02 3.785770386457443237e-02
3.065106645226478577e-02 3.324120864272117615e-02
2.564158290624618530e-02 2.823170274496078491e-02
2.317024581134319305e-02 2.548193931579589844e-02
2.007848955690860748e-02 2.167274057865142822e-02
1.719041913747787476e-02 1.756742969155311584e-02
1.422247570008039474e-02 1.235225796699523926e-02
1.253133919090032578e-02 8.384362794458866119e-03
1.096836850047111511e-02 1.969167264178395271e-03
1.080564223229885101e-02 -3.941000322811305523e-04
1.091439556330442429e-02 -2.949844347313046455e-03
1.125266309827566147e-02 -5.079485941678285599e-03
1.243882440030574799e-02 -8.768471889197826385e-03
1.519428938627243042e-02 -1.339346449822187424e-02
1.753830537199974060e-02 -1.604156754910945892e-02
2.292517386376857758e-02 -2.040734887123107910e-02
2.664885483682155609e-02 -2.268316969275474548e-02
3.542402759194374084e-02 -2.678929828107357025e-02
4.149617254734039307e-02 -2.898511476814746857e-02
5.088886618614196777e-02 -3.172688558697700500e-02
6.165568903088569641e-02 -3.419299051165580750e-02
7.513736933469772339e-02 -3.657764568924903870e-02
8.091910928487777710e-02 -3.741810470819473267e-02
9.124720841646194458e-02 -3.870195150375366211e-02
1.040527001023292542e-01 -3.997159004211425781e-02
1.159962192177772522e-01 -4.089213535189628601e-02
1.242053434252738953e-01 -4.139991477131843567e-02
1.377513855695724487e-01 -4.204637929797172546e-02
1.457661241292953491e-01 -4.232945293188095093e-02
1.525038927793502808e-01 -4.251612350344657898e-02
1.581257134675979614e-01 -4.263852909207344055e-02
1.678536832332611084e-01 -4.278382286429405212e-02
1.740754097700119019e-01 -4.283554479479789734e-02
1.867750436067581177e-01 -4.284973815083503723e-02
1.922342330217361450e-01 -4.282074794173240662e-02
2.070184051990509033e-01 -4.264551028609275818e-02
2.170917391777038574e-01 -4.245141148567199707e-02
2.318999320268630981e-01 -4.206646978855133057e-02
2.374575138092041016e-01 -4.189353063702583313e-02
2.458026260137557983e-01 -4.160651937127113342e-02
2.542886137962341309e-01 -4.128260537981987000e-02
2.672027945518493652e-01 -4.073135182261466980e-02
2.775069177150726318e-01 -4.024416953325271606e-02
2.914287149906158447e-01 -3.952378779649734497e-02
2.948701381683349609e-01 -3.933524340391159058e-02
3.092519640922546387e-01 -3.850501030683517456e-02
3.191241323947906494e-01 -3.789737820625305176e-02
3.326022624969482422e-01 -3.702129423618316650e-02
3.361701071262359619e-01 -3.678078204393386841e-02
3.469974398612976074e-01 -3.602987900376319885e-02
3.549301922321319580e-01 -3.546033054590225220e-02
3.718514144420623779e-01 -3.419369086623191833e-02
3.802778720855712891e-01 -3.353804722428321838e-02
3.958767354488372803e-01 -3.228349238634109497e-02
4.025344550609588623e-01 -3.173273056745529175e-02
4.196320772171020508e-01 -3.027932532131671906e-02
4.246992468833923340e-01 -2.983838133513927460e-02
4.357790946960449219e-01 -2.885912358760833740e-02
4.611091613769531250e-01 -2.655011974275112152e-02
4.670264422893524170e-01 -2.599831484258174896e-02
4.813665449619293213e-01 -2.464457042515277863e-02
4.932900071144104004e-01 -2.350380644202232361e-02
5.038638114929199219e-01 -2.248304523527622223e-02
5.176841020584106445e-01 -2.113964222371578217e-02
5.270899534225463867e-01 -2.022176608443260193e-02
5.416033267974853516e-01 -1.880433037877082825e-02
5.525454282760620117e-01 -1.773839257657527924e-02
5.661789178848266602e-01 -1.641863025724887848e-02
5.736022591590881348e-01 -1.570596173405647278e-02
5.791882872581481934e-01 -1.517322752624750137e-02
5.893332958221435547e-01 -1.421502698212862015e-02
5.999867320060729980e-01 -1.322411559522151947e-02
6.303513050079345703e-01 -1.051059644669294357e-02
6.458309888839721680e-01 -9.204464964568614960e-03
6.540353894233703613e-01 -8.536544628441333771e-03
6.754741668701171875e-01 -6.877775769680738449e-03
6.826376914978027344e-01 -6.352916359901428223e-03
6.903046965599060059e-01 -5.808161105960607529e-03
7.076466083526611328e-01 -4.642453044652938843e-03
7.145313620567321777e-01 -4.205759149044752121e-03
7.318339943885803223e-01 -3.175082383677363396e-03
7.410418391227722168e-01 -2.666030544787645340e-03
7.516275048255920410e-01 -2.115061972290277481e-03
7.622309327125549316e-01 -1.600226154550909996e-03
7.728433609008789062e-01 -1.122467336244881153e-03
7.882528901100158691e-01 -4.965323605574667454e-04
7.935159802436828613e-01 -3.014192625414580107e-04
8.054547905921936035e-01 1.051979779731482267e-04
8.101242184638977051e-01 2.504164876881986856e-04
8.360252976417541504e-01 9.085694910027086735e-04
8.527064323425292969e-01 1.191067625768482685e-03
8.676346540451049805e-01 1.338919624686241150e-03
8.766009211540222168e-01 1.374685904011130333e-03
8.873457312583923340e-01 1.358682173304259777e-03
8.946421742439270020e-01 1.306996564380824566e-03
9.080545902252197266e-01 1.111440360546112061e-03
9.147818684577941895e-01 9.557639714330434799e-04
9.279292225837707520e-01 5.106328171677887440e-04
9.410598278045654297e-01 -1.854576985351741314e-04
9.522717595100402832e-01 -1.083168783225119114e-03
9.617296457290649414e-01 -2.186560770496726036e-03
9.657059907913208008e-01 -2.786477794870734215e-03
9.670119285583496094e-01 -3.004915313795208931e-03
