9.707517623901367188e-01 -1.426238304702565074e-04
9.701751470565795898e-01 7.770892261760309339e-05
9.687271118164062500e-01 6.239906651899218559e-04
9.647742509841918945e-01 2.078941557556390762e-03
9.508472681045532227e-01 6.984072271734476089e-03
9.443157315254211426e-01 9.213468059897422791e-03
9.320067167282104492e-01 1.333365589380264282e-02
9.274564385414123535e-01 1.483472343534231186e-02
9.188114404678344727e-01 1.765892282128334045e-02
9.114977121353149414e-01 2.002263255417346954e-02
8.990002274513244629e-01 2.401319518685340881e-02
8.945417404174804688e-01 2.542311698198318481e-02
8.873279690742492676e-01 2.768968604505062103e-02
8.805213570594787598e-01 2.981203608214855194e-02
8.702433705329895020e-01 3.298813104629516602e-02
8.666784167289733887e-01 3.408149629831314087e-02
8.547337651252746582e-01 3.771448507905006409e-02
8.474149107933044434e-01 3.991681337356567383e-02
8.320342898368835449e-01 4.448370635509490967e-02
8.256102800369262695e-01 4.636561125516891479e-02
8.088343143463134766e-01 5.120359733700752258e-02
7.982392311096191406e-01 5.419859290122985840e-02
7.802069187164306641e-01 5.917814001441001892e-02
7.758592963218688965e-01 6.035503372550010681e-02
7.653440237045288086e-01 6.316112726926803589e-02
7.620640993118286133e-01 6.402427703142166138e-02
7.541735172271728516e-01 6.607639044523239136e-02
7.470343708992004395e-01 6.790231913328170776e-02
7.391964793205261230e-01 6.987217813730239868e-02
7.313797473907470703e-01 7.179904729127883911e-02
7.226455807685852051e-01 7.390616834163665771e-02
7.051320672035217285e-01 7.797850668430328369e-02
6.915729641914367676e-01 8.098499476909637451e-02
6.867254376411437988e-01 8.202768117189407349e-02
6.776363253593444824e-01 8.393598347902297974e-02
6.707888841629028320e-01 8.533279597759246826e-02
6.576851606369018555e-01 8.790566772222518921e-02
6.485629081726074219e-01 8.961780369281768799e-02
6.346448063850402832e-01 9.210300445556640625e-02
6.256234049797058105e-01 9.363061934709548950e-02
5.991112589836120605e-01 9.773599356412887573e-02
5.943642258644104004e-01 9.841009229421615601e-02
5.804204344749450684e-01 1.002823486924171448e-01
5.563840270042419434e-01 1.031319424510002136e-01
5.493597984313964844e-01 1.038744300603866577e-01
5.415455698966979980e-01 1.046526283025741577e-01
5.183266997337341309e-01 1.066690459847450256e-01
5.113932490348815918e-01 1.071857735514640808e-01
5.033405423164367676e-01 1.077369377017021179e-01
4.953332543373107910e-01 1.082330197095870972e-01
4.780818819999694824e-01 1.091266348958015442e-01
4.701132178306579590e-01 1.094592064619064331e-01
4.606828689575195312e-01 1.097876057028770447e-01
4.441128969192504883e-01 1.101947948336601257e-01
4.334855675697326660e-01 1.103426516056060791e-01
4.053155481815338135e-01 1.103094965219497681e-01
3.913630843162536621e-01 1.100657358765602112e-01
3.712058365345001221e-01 1.094482615590095520e-01
3.654363751411437988e-01 1.092137619853019714e-01
3.574300706386566162e-01 1.088457033038139343e-01
3.490957021713256836e-01 1.084096729755401611e-01
3.365276455879211426e-01 1.076497435569763184e-01
3.266333937644958496e-01 1.069642305374145508e-01
3.118769526481628418e-01 1.057974696159362793e-01
3.042509555816650391e-01 1.051259115338325500e-01
2.919336259365081787e-01 1.039409860968589783e-01
2.801783978939056396e-01 1.026926189661026001e-01
2.759818434715270996e-01 1.022186130285263062e-01
2.681674361228942871e-01 1.012956798076629639e-01
2.380083203315734863e-01 9.722313284873962402e-02
2.233408540487289429e-01 9.493320435285568237e-02
2.123022228479385376e-01 9.306697547435760498e-02
2.017787992954254150e-01 9.116743505001068115e-02
1.948118954896926880e-01 8.984213322401046753e-02
1.880937516689300537e-01 8.851078152656555176e-02
1.807439625263214111e-01 8.699171990156173706e-02
1.641133278608322144e-01 8.329694718122482300e-02
1.437760293483734131e-01 7.823719084262847900e-02
1.234757751226425171e-01 7.248463481664657593e-02
1.157138720154762268e-01 7.006642222404479980e-02
1.053078770637512207e-01 6.660273671150207520e-02
1.009077653288841248e-01 6.505336612462997437e-02
9.509292244911193848e-02 6.292006373405456543e-02
9.186980873346328735e-02 6.169229745864868164e-02
7.941351085901260376e-02 5.660064518451690674e-02
7.088223844766616821e-02 5.273706093430519104e-02
6.281375139951705933e-02 4.872818291187286377e-02
5.465816706418991089e-02 4.422930628061294556e-02
4.684546962380409241e-02 3.935629874467849731e-02
4.239961132407188416e-02 3.624989464879035950e-02
3.205212578177452087e-02 2.750464715063571930e-02
2.976151555776596069e-02 2.509925141930580139e-02
2.803246118128299713e-02 2.308984287083148956e-02
2.253786660730838776e-02 1.440601702779531479e-02
2.143042162060737610e-02 1.144631579518318176e-02
2.049197629094123840e-02 4.688912071287631989e-03
2.068651281297206879e-02 2.584999194368720055e-03
2.104951255023479462e-02 7.924425881356000900e-04
2.204517088830471039e-02 -2.111057285219430923e-03
2.436639741063117981e-02 -6.190385669469833374e-03
2.675969339907169342e-02 -9.114900603890419006e-03
3.193515539169311523e-02 -1.373602915555238724e-02
3.607621416449546814e-02 -1.658911071717739105e-02
4.094345122575759888e-02 -1.940366625785827637e-02
4.836260527372360229e-02 -2.298500388860702515e-02
5.702333897352218628e-02 -2.646860666573047638e-02
6.575339287519454956e-02 -2.947337925434112549e-02
7.898466289043426514e-02 -3.336015716195106506e-02
8.325485885143280029e-02 -3.448204323649406433e-02
9.848321229219436646e-02 -3.807213902473449707e-02
1.079031676054000854e-01 -4.002260789275169373e-02
1.160430982708930969e-01 -4.156699404120445251e-02
1.260275542736053467e-01 -4.330182075500488281e-02
1.311750113964080811e-01 -4.413307085633277893e-02
1.395663917064666748e-01 -4.540284350514411926e-02
1.493386477231979370e-01 -4.675696417689323425e-02
1.669035553932189941e-01 -4.888408631086349487e-02
1.851704716682434082e-01 -5.072081089019775391e-02
1.974439173936843872e-01 -5.176136642694473267e-02
2.062331140041351318e-01 -5.241833254694938660e-02
2.119419127702713013e-01 -5.280758813023567200e-02
2.175889611244201660e-01 -5.316472426056861877e-02
2.402773648500442505e-01 -5.433622747659683228e-02
2.469859570264816284e-01 -5.460665002465248108e-02
2.559867799282073975e-01 -5.491844192147254944e-02
2.635274827480316162e-01 -5.513629689812660217e-02
2.758365869522094727e-01 -5.541072413325309753e-02
2.835793793201446533e-01 -5.553391575813293457e-02
2.907235026359558105e-01 -5.561500787734985352e-02
3.030617237091064453e-01 -5.568429455161094666e-02
3.176404535770416260e-01 -5.565578490495681763e-02
3.267337679862976074e-01 -5.558022111654281616e-02
3.433997333049774170e-01 -5.533194914460182190e-02
3.595665991306304932e-01 -5.496162548661231995e-02
3.810493648052215576e-01 -5.428296327590942383e-02
3.897736668586730957e-01 -5.394911766052246094e-02
3.986336886882781982e-01 -5.357676371932029724e-02
4.030337333679199219e-01 -5.337958037853240967e-02
4.185362160205841064e-01 -5.262125656008720398e-02
4.366873502731323242e-01 -5.161052942276000977e-02
4.462580978870391846e-01 -5.102546140551567078e-02
4.534541368484497070e-01 -5.056225508451461792e-02
4.609762132167816162e-01 -5.005687847733497620e-02
4.739210307598114014e-01 -4.913692176342010498e-02
4.949476420879364014e-01 -4.750866442918777466e-02
4.977675080299377441e-01 -4.727779328823089600e-02
5.126973390579223633e-01 -4.600624367594718933e-02
5.233728885650634766e-01 -4.504648596048355103e-02
5.313946008682250977e-01 -4.429755359888076782e-02
5.363666415214538574e-01 -4.382139816880226135e-02
5.499019026756286621e-01 -4.247874394059181213e-02
5.578911304473876953e-01 -4.165429249405860901e-02
5.785907506942749023e-01 -3.940742462873458862e-02
5.899770259857177734e-01 -3.810310363769531250e-02
6.015959978103637695e-01 -3.672201186418533325e-02
6.071971654891967773e-01 -3.603813424706459045e-02
6.146771907806396484e-01 -3.510656952857971191e-02
6.368580460548400879e-01 -3.222212195396423340e-02
6.441387534141540527e-01 -3.123611584305763245e-02
6.626912951469421387e-01 -2.863911353051662445e-02
6.784761548042297363e-01 -2.633862756192684174e-02
6.874745488166809082e-01 -2.499259635806083679e-02
7.173418402671813965e-01 -2.037131041288375854e-02
7.236645221710205078e-01 -1.936838775873184204e-02
7.350995540618896484e-01 -1.753913238644599915e-02
7.444182038307189941e-01 -1.603800430893898010e-02
7.545715570449829102e-01 -1.439714990556240082e-02
7.765025496482849121e-01 -1.086353324353694916e-02
7.844991683959960938e-01 -9.589563123881816864e-03
7.980107665061950684e-01 -7.470599375665187836e-03
8.121067285537719727e-01 -5.324902478605508804e-03
8.256473541259765625e-01 -3.350768703967332840e-03
8.312093019485473633e-01 -2.570893848314881325e-03
8.388405442237854004e-01 -1.535702147521078587e-03
8.491616249084472656e-01 -2.093529765261337161e-04
8.695321083068847656e-01 2.097178017720580101e-03
8.746942281723022461e-01 2.601483836770057678e-03
8.808243274688720703e-01 3.150108503177762032e-03
8.941987156867980957e-01 4.127836786210536957e-03
9.005414247512817383e-01 4.468441940844058990e-03
9.104040861129760742e-01 4.807781428098678589e-03
9.133628010749816895e-01 4.858068656176328659e-03
9.234969615936279297e-01 4.816715139895677567e-03
9.315515160560607910e-01 4.503660369664430618e-03
9.372643232345581055e-01 4.096512682735919952e-03
9.423967003822326660e-01 3.573804162442684174e-03
9.482430219650268555e-01 2.762901829555630684e-03
9.540504217147827148e-01 1.682905131019651890e-03
9.596532583236694336e-01 3.228090063203126192e-04
9.663200974464416504e-01 -1.799627789296209812e-03
9.676790237426757812e-01 -2.309538656845688820e-03
9.704181551933288574e-01 -3.422967856749892235e-03
