9.587938785552978516e-01 -2.089360961690545082e-03
9.571441411972045898e-01 -1.801035017706453800e-03
9.489434957504272461e-01 -4.456666647456586361e-04
9.288490414619445801e-01 2.604311797767877579e-03
8.957443833351135254e-01 7.219200022518634796e-03
8.771755099296569824e-01 9.663608856499195099e-03
8.576988577842712402e-01 1.214246451854705811e-02
8.493224382400512695e-01 1.318548619747161865e-02
8.389911651611328125e-01 1.445513591170310974e-02
8.254930973052978516e-01 1.608900912106037140e-02
8.126786947250366211e-01 1.761752180755138397e-02
8.053143620491027832e-01 1.848738268017768860e-02
7.922359704971313477e-01 2.001922577619552612e-02
7.850158214569091797e-01 2.085876464843750000e-02
7.736373543739318848e-01 2.217455022037029266e-02
7.668974995613098145e-01 2.295037917792797089e-02
7.514423727989196777e-01 2.472114376723766327e-02
7.408374547958374023e-01 2.593065612018108368e-02
7.344312667846679688e-01 2.665938809514045715e-02
7.208201289176940918e-01 2.820299006998538971e-02
7.049041390419006348e-01 2.999928407371044159e-02
6.966921687126159668e-01 3.092182241380214691e-02
6.826360225677490234e-01 3.249268233776092529e-02
6.738519668579101562e-01 3.346797078847885132e-02
6.575839519500732422e-01 3.525834158062934875e-02
6.488060355186462402e-01 3.621419891715049744e-02
6.320487260818481445e-01 3.801503777503967285e-02
6.264345645904541016e-01 3.861041367053985596e-02
6.164823770523071289e-01 3.965476527810096741e-02
5.984155535697937012e-01 4.151039570569992065e-02
5.835232734680175781e-01 4.299568757414817810e-02
5.705472826957702637e-01 4.425320401787757874e-02
5.619744062423706055e-01 4.506359621882438660e-02
5.508937835693359375e-01 4.608530551195144653e-02
5.384507775306701660e-01 4.719585552811622620e-02
5.287984013557434082e-01 4.802883043885231018e-02
5.149029493331909180e-01 4.918153584003448486e-02
5.043472051620483398e-01 5.001854896545410156e-02
4.951570332050323486e-01 5.071874707937240601e-02
4.857998192310333252e-01 5.140327662229537964e-02
4.783334136009216309e-01 5.192819237709045410e-02
4.702581465244293213e-01 5.247400701045989990e-02
4.618832767009735107e-01 5.301530286669731140e-02
4.504151940345764160e-01 5.371431261301040649e-02
4.368087947368621826e-01 5.447814241051673889e-02
4.305108487606048584e-01 5.480683594942092896e-02
4.207442402839660645e-01 5.528464540839195251e-02
4.161582887172698975e-01 5.549535155296325684e-02
4.063927829265594482e-01 5.591442808508872986e-02
3.880105614662170410e-01 5.659121274948120117e-02
3.744436204433441162e-01 5.699422582983970642e-02
3.687847852706909180e-01 5.713758990168571472e-02
3.574001789093017578e-01 5.738116428256034851e-02
3.512875139713287354e-01 5.748698115348815918e-02
3.375010490417480469e-01 5.766084417700767517e-02
3.329365253448486328e-01 5.769847333431243896e-02
3.253436684608459473e-01 5.773888155817985535e-02
3.136731386184692383e-01 5.774669349193572998e-02
3.058473467826843262e-01 5.771481618285179138e-02
2.988863289356231689e-01 5.766128376126289368e-02
2.904436588287353516e-01 5.756431818008422852e-02
2.799386084079742432e-01 5.739429965615272522e-02
2.723774909973144531e-01 5.723776295781135559e-02
2.670325934886932373e-01 5.710969492793083191e-02
2.533373534679412842e-01 5.671479552984237671e-02
2.415723651647567749e-01 5.629729479551315308e-02
2.331835329532623291e-01 5.595413595438003540e-02
2.181342095136642456e-01 5.523957312107086182e-02
2.103630006313323975e-01 5.481844767928123474e-02
2.036997079849243164e-01 5.442750826478004456e-02
1.971047222614288330e-01 5.401220545172691345e-02
1.868795752525329590e-01 5.330906435847282410e-02
1.770140975713729858e-01 5.255712941288948059e-02
1.689544320106506348e-01 5.188427865505218506e-02
1.587560176849365234e-01 5.094953626394271851e-02
1.451599746942520142e-01 4.953928291797637939e-02
1.417466998100280762e-01 4.915225133299827576e-02
1.338299661874771118e-01 4.819757863879203796e-02
1.257399767637252808e-01 4.713170602917671204e-02
1.203686967492103577e-01 4.636802896857261658e-02
1.136351302266120911e-01 4.534056410193443298e-02
1.019350439310073853e-01 4.334419220685958862e-02
9.524668753147125244e-02 4.206419736146926880e-02
8.742582798004150391e-02 4.041787981986999512e-02
7.754781842231750488e-02 3.806903958320617676e-02
7.089248299598693848e-02 3.628609329462051392e-02
6.210144236683845520e-02 3.363166376948356628e-02
5.703165009617805481e-02 3.191676735877990723e-02
4.817849770188331604e-02 2.851926162838935852e-02
4.337548464536666870e-02 2.641013637185096741e-02
3.325940668582916260e-02 2.109885774552822113e-02
2.681961841881275177e-02 1.676332205533981323e-02
2.243570610880851746e-02 1.303191203624010086e-02
1.811509765684604645e-02 8.028332144021987915e-03
1.595524698495864868e-02 4.196237307041883469e-03
1.497194170951843262e-02 1.339341164566576481e-03
1.451322715729475021e-02 -1.488142530433833599e-03
1.459756493568420410e-02 -4.691277630627155304e-03
1.491427421569824219e-02 -6.464920006692409515e-03
1.550725847482681274e-02 -8.492488414049148560e-03
1.882205531001091003e-02 -1.471525430679321289e-02
2.262102998793125153e-02 -1.925405859947204590e-02
2.602223865687847137e-02 -2.248175814747810364e-02
3.382806107401847839e-02 -2.841320075094699860e-02
4.143756255507469177e-02 -3.304771706461906433e-02
4.888688027858734131e-02 -3.688670322299003601e-02
5.304957553744316101e-02 -3.880292922258377075e-02
5.778331309556961060e-02 -4.081602767109870911e-02
6.839591264724731445e-02 -4.479149356484413147e-02
7.568504661321640015e-02 -4.716207832098007202e-02
8.675834536552429199e-02 -5.030420050024986267e-02
9.459407627582550049e-02 -5.224246904253959656e-02
1.027780696749687195e-01 -5.405011773109436035e-02
1.125181391835212708e-01 -5.594865977764129639e-02
1.264416277408599854e-01 -5.825312808156013489e-02
1.330358982086181641e-01 -5.919805914163589478e-02
1.477078199386596680e-01 -6.101008504629135132e-02
1.622406393289566040e-01 -6.246263533830642700e-02
1.717445999383926392e-01 -6.325390189886093140e-02
1.798386722803115845e-01 -6.383989751338958740e-02
1.963786184787750244e-01 -6.481379270553588867e-02
2.034104466438293457e-01 -6.514603644609451294e-02
2.125843316316604614e-01 -6.551344692707061768e-02
2.232683151960372925e-01 -6.585454940795898438e-02
2.405596971511840820e-01 -6.622906029224395752e-02
2.484052181243896484e-01 -6.633359938859939575e-02
2.644232213497161865e-01 -6.643347442150115967e-02
2.751658856868743896e-01 -6.642234325408935547e-02
2.917615473270416260e-01 -6.629421561956405640e-02
3.006753921508789062e-01 -6.617433577775955200e-02
3.097616434097290039e-01 -6.601817160844802856e-02
3.182998895645141602e-01 -6.584192812442779541e-02
3.253094851970672607e-01 -6.567698717117309570e-02
3.319805264472961426e-01 -6.550381332635879517e-02
3.419447541236877441e-01 -6.521710008382797241e-02
3.495374619960784912e-01 -6.497715413570404053e-02
3.580941855907440186e-01 -6.468560546636581421e-02
3.642565608024597168e-01 -6.446234881877899170e-02
3.745332062244415283e-01 -6.406652182340621948e-02
3.805160224437713623e-01 -6.382308900356292725e-02
4.048452079296112061e-01 -6.274224817752838135e-02
4.124133884906768799e-01 -6.237839534878730774e-02
4.225299954414367676e-01 -6.187325716018676758e-02
4.287425279617309570e-01 -6.155290082097053528e-02
4.412180781364440918e-01 -6.088773161172866821e-02
4.500312209129333496e-01 -6.040125340223312378e-02
4.567278027534484863e-01 -6.002302095293998718e-02
4.731757342815399170e-01 -5.906488001346588135e-02
4.881753921508789062e-01 -5.815842002630233765e-02
4.980542957782745361e-01 -5.754620581865310669e-02
5.080900192260742188e-01 -5.691308528184890747e-02
5.156453251838684082e-01 -5.642960965633392334e-02
5.231279134750366211e-01 -5.594539642333984375e-02
5.328108668327331543e-01 -5.531143397092819214e-02
5.543368458747863770e-01 -5.387531220912933350e-02
5.633329153060913086e-01 -5.326517298817634583e-02
5.743757486343383789e-01 -5.250872671604156494e-02
5.841343998908996582e-01 -5.183348804712295532e-02
5.999170541763305664e-01 -5.072775483131408691e-02
6.093397140502929688e-01 -5.005903914570808411e-02
6.228559017181396484e-01 -4.908728972077369690e-02
6.394482851028442383e-01 -4.787100479006767273e-02
6.574590206146240234e-01 -4.651494696736335754e-02
6.623383164405822754e-01 -4.613992199301719666e-02
6.795365214347839355e-01 -4.478701576590538025e-02
6.845393180847167969e-01 -4.438328370451927185e-02
6.955259442329406738e-01 -4.347806796431541443e-02
7.047106623649597168e-01 -4.269970208406448364e-02
7.127446532249450684e-01 -4.200084507465362549e-02
7.223765850067138672e-01 -4.113853722810745239e-02
7.402195334434509277e-01 -3.946120291948318481e-02
7.477974891662597656e-01 -3.871355578303337097e-02
7.581675648689270020e-01 -3.765220567584037781e-02
7.644394040107727051e-01 -3.698724135756492615e-02
7.793683409690856934e-01 -3.532757982611656189e-02
7.843225002288818359e-01 -3.475103154778480530e-02
7.932245731353759766e-01 -3.368007019162178040e-02
8.028701543807983398e-01 -3.246555849909782410e-02
8.177264928817749023e-01 -3.047454543411731720e-02
8.280321359634399414e-01 -2.899954281747341156e-02
8.399251103401184082e-01 -2.719261310994625092e-02
8.459238409996032715e-01 -2.623567357659339905e-02
8.544006347656250000e-01 -2.482832968235015869e-02
8.672440648078918457e-01 -2.256650291383266449e-02
8.790739178657531738e-01 -2.033902332186698914e-02
8.878426551818847656e-01 -1.859836466610431671e-02
9.055287241935729980e-01 -1.488500181585550308e-02
9.166470170021057129e-01 -1.247935276478528976e-02
9.350748658180236816e-01 -8.781598880887031555e-03
9.459894895553588867e-01 -7.161176297813653946e-03
9.520877599716186523e-01 -6.547055207192897797e-03
9.576737284660339355e-01 -6.170821841806173325e-03
