9.644810557365417480e-01 1.876984460977837443e-04
9.636120796203613281e-01 4.044594243168830872e-04
9.599436521530151367e-01 1.280091353692114353e-03
9.495373964309692383e-01 3.535773837938904762e-03
9.316561818122863770e-01 6.995632313191890717e-03
9.197289347648620605e-01 9.141598828136920929e-03
9.028673171997070312e-01 1.203687395900487900e-02
8.974081873893737793e-01 1.294724456965923309e-02
8.833876848220825195e-01 1.523597817867994308e-02
8.726732134819030762e-01 1.694310270249843597e-02
8.572969436645507812e-01 1.933784224092960358e-02
8.503631949424743652e-01 2.039814740419387817e-02
8.414472937583923340e-01 2.174491062760353088e-02
8.241602182388305664e-01 2.430494129657745361e-02
8.100102543830871582e-01 2.635197713971138000e-02
8.056746721267700195e-01 2.697060443460941315e-02
7.887711524963378906e-01 2.934434264898300171e-02
7.791598439216613770e-01 3.066683188080787659e-02
7.745967507362365723e-01 3.128766641020774841e-02
7.642168402671813965e-01 3.268302604556083679e-02
7.504005432128906250e-01 3.450300917029380798e-02
7.440465688705444336e-01 3.532537817955017090e-02
7.310804128646850586e-01 3.697410598397254944e-02
7.217184305191040039e-01 3.813943266868591309e-02
7.056220769882202148e-01 4.009174183011054993e-02
6.940134763717651367e-01 4.145805165171623230e-02
6.795693039894104004e-01 4.310732707381248474e-02
6.754642724990844727e-01 4.356548935174942017e-02
6.647945642471313477e-01 4.473386704921722412e-02
6.536822319030761719e-01 4.591541364789009094e-02
6.381551027297973633e-01 4.750421643257141113e-02
6.200865507125854492e-01 4.925890266895294189e-02
6.114333868026733398e-01 5.006239190697669983e-02
6.065593361854553223e-01 5.050425976514816284e-02
5.946813225746154785e-01 5.154845491051673889e-02
5.871795415878295898e-01 5.218382179737091064e-02
5.743551254272460938e-01 5.322617664933204651e-02
5.437511801719665527e-01 5.548712611198425293e-02
5.303999185562133789e-01 5.637210980057716370e-02
5.237476825714111328e-01 5.678986757993698120e-02
5.187696814537048340e-01 5.709233134984970093e-02
5.089679956436157227e-01 5.766246840357780457e-02
4.965663850307464600e-01 5.833531171083450317e-02
4.880171716213226318e-01 5.876741558313369751e-02
4.773585200309753418e-01 5.926965922117233276e-02
4.715398848056793213e-01 5.952668935060501099e-02
4.616998732089996338e-01 5.993360280990600586e-02
4.511268734931945801e-01 6.033173575997352600e-02
4.334594309329986572e-01 6.090570986270904541e-02
4.260807335376739502e-01 6.111123040318489075e-02
4.055067598819732666e-01 6.157596781849861145e-02
3.919845521450042725e-01 6.179300695657730103e-02
3.803214728832244873e-01 6.192256137728691101e-02
3.692380189895629883e-01 6.199519336223602295e-02
3.503147363662719727e-01 6.200238689780235291e-02
3.466923534870147705e-01 6.198656558990478516e-02
3.357459306716918945e-01 6.190430000424385071e-02
3.272340595722198486e-01 6.180385127663612366e-02
3.176162540912628174e-01 6.165100634098052979e-02
2.988628149032592773e-01 6.122861802577972412e-02
2.859321236610412598e-01 6.083751842379570007e-02
2.784402370452880859e-01 6.057201325893402100e-02
2.705300450325012207e-01 6.025964394211769104e-02
2.593121528625488281e-01 5.975834652781486511e-02
2.534474730491638184e-01 5.946815386414527893e-02
2.381796240806579590e-01 5.861794576048851013e-02
2.288201600313186646e-01 5.802601575851440430e-02
2.232647091150283813e-01 5.764803290367126465e-02
1.998837888240814209e-01 5.582542717456817627e-02
1.930925548076629639e-01 5.522126331925392151e-02
1.843802481889724731e-01 5.439320579171180725e-02
1.767027378082275391e-01 5.361180007457733154e-02
1.723897606134414673e-01 5.315062403678894043e-02
1.468828767538070679e-01 5.006818845868110657e-02
1.338405907154083252e-01 4.823165014386177063e-02
1.213486939668655396e-01 4.628381505608558655e-02
1.101535633206367493e-01 4.436344653367996216e-02
1.015217676758766174e-01 4.275782033801078796e-02
9.201627969741821289e-02 4.085031151771545410e-02
8.692265301942825317e-02 3.976259753108024597e-02
8.113555610179901123e-02 3.846655413508415222e-02
7.477254420518875122e-02 3.696178644895553589e-02
6.538174301385879517e-02 3.457198292016983032e-02
5.812785774469375610e-02 3.257044404745101929e-02
4.984728619456291199e-02 3.009353578090667725e-02
3.663234412670135498e-02 2.561771869659423828e-02
3.036026656627655029e-02 2.320520579814910889e-02
2.645448222756385803e-02 2.158151566982269287e-02
1.364759821444749832e-02 1.529177557677030563e-02
8.615727536380290985e-03 1.212220545858144760e-02
4.362549167126417160e-03 8.711557835340499878e-03
2.839650958776473999e-03 7.127002347260713577e-03
1.206556800752878189e-03 4.828859120607376099e-03
6.985732470639050007e-04 3.749270224943757057e-03
2.668210945557802916e-04 1.975003397092223167e-03
2.979399287141859531e-04 7.070440333336591721e-04
5.958811962045729160e-04 -4.329840594436973333e-04
1.574229216203093529e-03 -2.131710061803460121e-03
1.926262746565043926e-03 -2.552880905568599701e-03
2.552269725129008293e-03 -3.192708129063248634e-03
5.110473837703466415e-03 -5.078452173620462418e-03
6.852781865745782852e-03 -6.023752968758344650e-03
1.087329629808664322e-02 -7.702603470534086227e-03
1.510082371532917023e-02 -9.034136310219764709e-03
2.358974702656269073e-02 -1.098558958619832993e-02
2.746385708451271057e-02 -1.167145185172557831e-02
3.883555158972740173e-02 -1.321347337216138840e-02
4.188867285847663879e-02 -1.353621110320091248e-02
6.241489201784133911e-02 -1.502461265772581100e-02
8.162474632263183594e-02 -1.565921120345592499e-02
8.977018296718597412e-02 -1.576904393732547760e-02
1.009734347462654114e-01 -1.579454541206359863e-02
1.098961383104324341e-01 -1.572375930845737457e-02
1.183421090245246887e-01 -1.559091825038194656e-02
1.397733837366104126e-01 -1.500616408884525299e-02
1.495149433612823486e-01 -1.463830284774303436e-02
1.623050570487976074e-01 -1.407151017338037491e-02
1.710613965988159180e-01 -1.363361440598964691e-02
1.833602488040924072e-01 -1.295651774853467941e-02
2.135021239519119263e-01 -1.103015709668397903e-02
2.262325286865234375e-01 -1.011790707707405090e-02
2.337429076433181763e-01 -9.555555880069732666e-03
2.410086095333099365e-01 -8.995573967695236206e-03
2.474200576543807983e-01 -8.489059284329414368e-03
2.627674043178558350e-01 -7.232631091028451920e-03
2.708604037761688232e-01 -6.546855904161930084e-03
2.911996543407440186e-01 -4.759733565151691437e-03
3.066094815731048584e-01 -3.351411549374461174e-03
3.152651786804199219e-01 -2.542090602219104767e-03
3.255650401115417480e-01 -1.563495607115328312e-03
3.450192213058471680e-01 3.258248325437307358e-04
3.491415381431579590e-01 7.323104655370116234e-04
3.600960373878479004e-01 1.821599551476538181e-03
3.679026663303375244e-01 2.605190500617027283e-03
3.755401372909545898e-01 3.376964945346117020e-03
3.807823956012725830e-01 3.909309860318899155e-03
3.969479203224182129e-01 5.561747122555971146e-03
4.056307971477508545e-01 6.454349495470523834e-03
4.108259975910186768e-01 6.989486515522003174e-03
4.187513887882232666e-01 7.806706707924604416e-03
4.317130446434020996e-01 9.143186733126640320e-03
4.417278468608856201e-01 1.017324719578027725e-02
4.520566463470458984e-01 1.123057119548320770e-02
4.576774835586547852e-01 1.180279813706874847e-02
4.717961549758911133e-01 1.322635076940059662e-02
4.829457104206085205e-01 1.433195266872644424e-02
4.915312230587005615e-01 1.516874600201845169e-02
5.033527612686157227e-01 1.629512384533882141e-02
5.120018720626831055e-01 1.709647662937641144e-02
5.182721018791198730e-01 1.766339875757694244e-02
5.225363969802856445e-01 1.804147846996784210e-02
5.345096588134765625e-01 1.906668581068515778e-02
5.426639914512634277e-01 1.973035931587219238e-02
5.492504239082336426e-01 2.024341747164726257e-02
5.604612231254577637e-01 2.106404118239879608e-02
5.718430876731872559e-01 2.182152867317199707e-02
5.837848186492919922e-01 2.252458781003952026e-02
5.892891287803649902e-01 2.281440608203411102e-02
5.987200140953063965e-01 2.325751818716526031e-02
6.053504347801208496e-01 2.352694049477577209e-02
6.111933588981628418e-01 2.373456023633480072e-02
6.229851841926574707e-01 2.406615018844604492e-02
6.362178325653076172e-01 2.429625764489173889e-02
6.375845670700073242e-01 2.431140840053558350e-02
6.637000441551208496e-01 2.429510094225406647e-02
6.740831136703491211e-01 2.413214184343814850e-02
6.841788887977600098e-01 2.389311231672763824e-02
6.966844797134399414e-01 2.349266782402992249e-02
7.035742998123168945e-01 2.322531491518020630e-02
7.090311646461486816e-01 2.299113571643829346e-02
7.218815684318542480e-01 2.236534096300601959e-02
7.307721376419067383e-01 2.187475562095642090e-02
7.448211312294006348e-01 2.101064659655094147e-02
7.555577754974365234e-01 2.028201334178447723e-02
7.659013867378234863e-01 1.952814683318138123e-02
7.725611329078674316e-01 1.901728287339210510e-02
7.817441821098327637e-01 1.828171126544475555e-02
7.901488542556762695e-01 1.757821068167686462e-02
8.070621490478515625e-01 1.607949286699295044e-02
8.265148997306823730e-01 1.422645151615142822e-02
8.388498425483703613e-01 1.298289280384778976e-02
8.425110578536987305e-01 1.260370947420597076e-02
8.478823900222778320e-01 1.203908678144216537e-02
8.537406325340270996e-01 1.141191553324460983e-02
8.697156906127929688e-01 9.640255942940711975e-03
8.764613866806030273e-01 8.864164352416992188e-03
8.884854912757873535e-01 7.436532992869615555e-03
9.072251915931701660e-01 5.083424970507621765e-03
9.249176979064941406e-01 2.678937511518597603e-03
9.543223977088928223e-01 -1.997638260945677757e-03
9.581150412559509277e-01 -2.705957507714629173e-03
9.619793295860290527e-01 -3.464594716206192970e-03
