9.595367908477783203e-01 1.358558889478445053e-03
9.588692188262939453e-01 1.475588418543338776e-03
9.540530443191528320e-01 2.298169536516070366e-03
9.461634755134582520e-01 3.592320717871189117e-03
9.235745668411254883e-01 7.135593798011541367e-03
9.156860113143920898e-01 8.346536196768283844e-03
8.977532386779785156e-01 1.107772253453731537e-02
8.954495191574096680e-01 1.142731215804815292e-02
8.831533193588256836e-01 1.329057477414608002e-02
8.751977086067199707e-01 1.449481863528490067e-02
8.587531447410583496e-01 1.698381453752517700e-02
8.523753881454467773e-01 1.794953085482120514e-02
8.328348398208618164e-01 2.091115154325962067e-02
8.176257014274597168e-01 2.321919426321983337e-02
7.964454293251037598e-01 2.643555030226707458e-02
7.840206027030944824e-01 2.832148596644401550e-02
7.718956470489501953e-01 3.015936352312564850e-02
7.597739696502685547e-01 3.199224174022674561e-02
7.455303668975830078e-01 3.413707017898559570e-02
7.368929982185363770e-01 3.543125838041305542e-02
7.265164256095886230e-01 3.697771579027175903e-02
7.093035578727722168e-01 3.951762244105339050e-02
6.938487291336059570e-01 4.176355898380279541e-02
6.907197833061218262e-01 4.221349209547042847e-02
6.815527677536010742e-01 4.352124035358428955e-02
6.762899160385131836e-01 4.426442831754684448e-02
6.656115651130676270e-01 4.575360938906669617e-02
6.596276164054870605e-01 4.657618701457977295e-02
6.479314565658569336e-01 4.815678298473358154e-02
6.350758075714111328e-01 4.984845593571662903e-02
6.228259801864624023e-01 5.141118541359901428e-02
6.042811870574951172e-01 5.367534235119819641e-02
5.931288599967956543e-01 5.497261136770248413e-02
5.842567086219787598e-01 5.596761032938957214e-02
5.711748003959655762e-01 5.737161636352539062e-02
5.642179846763610840e-01 5.808635056018829346e-02
5.518463850021362305e-01 5.930037796497344971e-02
5.442667603492736816e-01 6.000706553459167480e-02
5.249344706535339355e-01 6.167682260274887085e-02
5.201631784439086914e-01 6.205886229872703552e-02
5.110043883323669434e-01 6.275799125432968140e-02
4.978795647621154785e-01 6.368026137351989746e-02
4.872666895389556885e-01 6.435623019933700562e-02
4.798893630504608154e-01 6.478885561227798462e-02
4.667204320430755615e-01 6.548430025577545166e-02
4.573469161987304688e-01 6.591873615980148315e-02
4.425525963306427002e-01 6.650099158287048340e-02
4.336384534835815430e-01 6.679028272628784180e-02
4.183646142482757568e-01 6.717779487371444702e-02
4.103800654411315918e-01 6.732574105262756348e-02
3.886741101741790771e-01 6.753768771886825562e-02
3.832761943340301514e-01 6.754709780216217041e-02
3.740034699440002441e-01 6.752286851406097412e-02
3.649781346321105957e-01 6.745020300149917603e-02
3.604206144809722900e-01 6.739504635334014893e-02
3.509114682674407959e-01 6.724014878273010254e-02
3.430114388465881348e-01 6.707034260034561157e-02
3.225040137767791748e-01 6.645475327968597412e-02
3.102923333644866943e-01 6.596758961677551270e-02
3.037424087524414062e-01 6.566894054412841797e-02
2.968751490116119385e-01 6.532760709524154663e-02
2.785925567150115967e-01 6.427694857120513916e-02
2.605307996273040771e-01 6.303306668996810913e-02
2.567332386970520020e-01 6.274501979351043701e-02
2.442881762981414795e-01 6.173517554998397827e-02
2.359319478273391724e-01 6.099956855177879333e-02
2.241389900445938110e-01 5.988075584173202515e-02
2.210218459367752075e-01 5.956891179084777832e-02
2.174612730741500854e-01 5.920434370636940002e-02
2.099070698022842407e-01 5.840079113841056824e-02
1.941286921501159668e-01 5.658647418022155762e-02
1.854843199253082275e-01 5.551119521260261536e-02
1.819266974925994873e-01 5.505125597119331360e-02
1.657232195138931274e-01 5.282178893685340881e-02
1.551618129014968872e-01 5.124277994036674500e-02
1.473142653703689575e-01 5.000039562582969666e-02
1.326529979705810547e-01 4.750823974609375000e-02
1.217877045273780823e-01 4.550382867455482483e-02
1.164254397153854370e-01 4.446040093898773193e-02
1.080395281314849854e-01 4.275052994489669800e-02
9.123853594064712524e-02 3.900281712412834167e-02
7.939288020133972168e-02 3.605772927403450012e-02
6.681913882493972778e-02 3.259591758251190186e-02
5.814117938280105591e-02 2.996261976659297943e-02
4.862759634852409363e-02 2.679397538304328918e-02
3.706126660108566284e-02 2.243497595191001892e-02
3.037302568554878235e-02 1.958020217716693878e-02
2.479296550154685974e-02 1.694626174867153168e-02
1.820525340735912323e-02 1.342865359038114548e-02
1.367141958326101303e-02 1.062562223523855209e-02
1.054468192160129547e-02 8.396884426474571228e-03
6.890282500535249710e-03 5.199857987463474274e-03
4.836772102862596512e-03 2.668644767254590988e-03
4.297186620533466339e-03 1.702034380286931992e-03
3.768845694139599800e-03 5.320283889886923134e-05
3.776900470256805420e-03 -1.205666922032833099e-03
4.191284067928791046e-03 -2.365867607295513153e-03
4.462384153157472610e-03 -2.791012171655893326e-03
4.872513003647327423e-03 -3.286085324361920357e-03
5.531472619622945786e-03 -3.892069216817617416e-03
7.223200052976608276e-03 -4.970709793269634247e-03
8.590284734964370728e-03 -5.599644500762224197e-03
1.126795262098312378e-02 -6.526006851345300674e-03
1.270635519176721573e-02 -6.921377032995223999e-03
1.957693137228488922e-02 -8.296597748994827271e-03
2.931065484881401062e-02 -9.533076547086238861e-03
3.802152723073959351e-02 -1.030849013477563858e-02
4.398849233984947205e-02 -1.073330454528331757e-02
5.456699058413505554e-02 -1.134135015308856964e-02
6.934438645839691162e-02 -1.196710485965013504e-02
8.244033902883529663e-02 -1.235680188983678818e-02
8.915507048368453979e-02 -1.250579208135604858e-02
1.006148234009742737e-01 -1.268806122243404388e-02
1.156139522790908813e-01 -1.279927603900432587e-02
1.337733566761016846e-01 -1.275458838790655136e-02
1.515482515096664429e-01 -1.253297831863164902e-02
1.609071940183639526e-01 -1.234930660575628281e-02
1.714992076158523560e-01 -1.208809763193130493e-02
1.871564388275146484e-01 -1.160265784710645676e-02
2.021869122982025146e-01 -1.103094127029180527e-02
2.143757939338684082e-01 -1.049566827714443207e-02
2.298081815242767334e-01 -9.731586091220378876e-03
2.382689267396926880e-01 -9.274046868085861206e-03
2.509084641933441162e-01 -8.542653173208236694e-03
2.616881132125854492e-01 -7.876149378716945648e-03
2.694964706897735596e-01 -7.370248436927795410e-03
2.869365811347961426e-01 -6.175231654196977615e-03
2.973863780498504639e-01 -5.419415887445211411e-03
3.103093504905700684e-01 -4.447375889867544174e-03
3.218163847923278809e-01 -3.550118068233132362e-03
3.283008933067321777e-01 -3.032442415133118629e-03
3.388692140579223633e-01 -2.171716885641217232e-03
3.489771187305450439e-01 -1.330464961938560009e-03
3.592622280120849609e-01 -4.583694098982959986e-04
3.706055581569671631e-01 5.199100123718380928e-04
3.784417510032653809e-01 1.204435830004513264e-03
3.893531262874603271e-01 2.167521044611930847e-03
3.979415297508239746e-01 2.932256553322076797e-03
4.072238802909851074e-01 3.763855434954166412e-03
4.260906279087066650e-01 5.463762674480676651e-03
4.345691204071044922e-01 6.228906568139791489e-03
4.518927633762359619e-01 7.787166163325309753e-03
4.673464894294738770e-01 9.162846952676773071e-03
4.805466830730438232e-01 1.031940244138240814e-02
4.851157069206237793e-01 1.071441639214754105e-02
4.916746616363525391e-01 1.127576548606157303e-02
4.980036616325378418e-01 1.181026175618171692e-02
5.058019161224365234e-01 1.245780847966670990e-02
5.120540261268615723e-01 1.296705845743417740e-02
5.310952663421630859e-01 1.445304881781339645e-02
5.352097153663635254e-01 1.475929375737905502e-02
5.436352491378784180e-01 1.536745764315128326e-02
5.620114803314208984e-01 1.659323088824748993e-02
5.702221393585205078e-01 1.709002628922462463e-02
5.791933536529541016e-01 1.759234070777893066e-02
5.857737660408020020e-01 1.793192885816097260e-02
5.910279154777526855e-01 1.818452775478363037e-02
5.947228074073791504e-01 1.835190132260322571e-02
6.035841107368469238e-01 1.871745847165584564e-02
6.131603717803955078e-01 1.905313879251480103e-02
6.179990172386169434e-01 1.919840648770332336e-02
6.319221258163452148e-01 1.952220126986503601e-02
6.419482827186584473e-01 1.966698095202445984e-02
6.474803090095520020e-01 1.971488259732723236e-02
6.579826474189758301e-01 1.974350027740001678e-02
6.670664548873901367e-01 1.970325224101543427e-02
6.840463876724243164e-01 1.947176828980445862e-02
6.918097138404846191e-01 1.930109970271587372e-02
7.027286887168884277e-01 1.899616606533527374e-02
7.141853570938110352e-01 1.859933324158191681e-02
7.254104018211364746e-01 1.813944615423679352e-02
7.364817857742309570e-01 1.762202754616737366e-02
7.506025433540344238e-01 1.687769219279289246e-02
7.616756558418273926e-01 1.623324118554592133e-02
7.780174612998962402e-01 1.519343629479408264e-02
7.879847884178161621e-01 1.451130956411361694e-02
7.984479069709777832e-01 1.375888008624315262e-02
8.090414404869079590e-01 1.296099741011857986e-02
8.215397000312805176e-01 1.197501830756664276e-02
8.318634629249572754e-01 1.112517528235912323e-02
8.398167490959167480e-01 1.044888980686664581e-02
8.439084291458129883e-01 1.009363960474729538e-02
8.603449463844299316e-01 8.615314960479736328e-03
8.710178136825561523e-01 7.609374821186065674e-03
8.804107308387756348e-01 6.691346876323223114e-03
8.920000195503234863e-01 5.511297378689050674e-03
9.020625948905944824e-01 4.437244497239589691e-03
9.221530556678771973e-01 2.109364839270710945e-03
9.301599860191345215e-01 1.086100819520652294e-03
9.522609114646911621e-01 -2.248362870886921883e-03
9.557113647460937500e-01 -2.873119898140430450e-03
9.588623046875000000e-01 -3.477576188743114471e-03
