9.565863609313964844e-01 9.610406705178320408e-04
9.556431174278259277e-01 9.315538336522877216e-04
9.472154974937438965e-01 7.891469867900013924e-04
9.293066263198852539e-01 8.671430405229330063e-04
8.970451354980468750e-01 1.584034762345254421e-03
8.585918545722961426e-01 2.948849229142069817e-03
8.348854780197143555e-01 3.990700468420982361e-03
8.273375034332275391e-01 4.351690411567687988e-03
8.084873557090759277e-01 5.314309615641832352e-03
7.972395420074462891e-01 5.930696614086627960e-03
7.766030430793762207e-01 7.145698647946119308e-03
7.690227031707763672e-01 7.620248012244701385e-03
7.598595023155212402e-01 8.214803412556648254e-03
7.503380179405212402e-01 8.857481181621551514e-03
7.309629321098327637e-01 1.024609804153442383e-02
7.273917198181152344e-01 1.051418762654066086e-02
7.186139225959777832e-01 1.118953898549079895e-02
6.967839002609252930e-01 1.297157816588878632e-02
6.855296492576599121e-01 1.394786220043897629e-02
6.802924871444702148e-01 1.441546529531478882e-02
6.691700220108032227e-01 1.543626841157674789e-02
6.525854468345642090e-01 1.702648401260375977e-02
6.319171786308288574e-01 1.911585964262485504e-02
6.229575276374816895e-01 2.005576714873313904e-02
6.042598485946655273e-01 2.207630127668380737e-02
5.965195894241333008e-01 2.293366938829421997e-02
5.817674994468688965e-01 2.459646947681903839e-02
5.754843950271606445e-01 2.531461231410503387e-02
5.640065670013427734e-01 2.663926593959331512e-02
5.543102025985717773e-01 2.776875160634517670e-02
5.437681674957275391e-01 2.900475449860095978e-02
5.327897071838378906e-01 3.029774129390716553e-02
5.186085104942321777e-01 3.197126090526580811e-02
5.141100883483886719e-01 3.250186517834663391e-02
5.064446926116943359e-01 3.340473026037216187e-02
4.974937140941619873e-01 3.445562347769737244e-02
4.876867532730102539e-01 3.560082614421844482e-02
4.786125421524047852e-01 3.665270283818244934e-02
4.648670554161071777e-01 3.822766616940498352e-02
4.591181874275207520e-01 3.887848928570747375e-02
4.508662223815917969e-01 3.980323299765586853e-02
4.449631869792938232e-01 4.045718535780906677e-02
4.360036253929138184e-01 4.143650457262992859e-02
4.197937250137329102e-01 4.316221177577972412e-02
4.101011157035827637e-01 4.416200146079063416e-02
4.021462202072143555e-01 4.496252164244651794e-02
3.926210701465606689e-01 4.589530825614929199e-02
3.879379332065582275e-01 4.634296521544456482e-02
3.834524750709533691e-01 4.676460474729537964e-02
3.730355799198150635e-01 4.771551862359046936e-02
3.549901545047760010e-01 4.926109313964843750e-02
3.399067819118499756e-01 5.044343695044517517e-02
3.332073092460632324e-01 5.093368515372276306e-02
3.200539350509643555e-01 5.182902142405509949e-02
3.151737153530120850e-01 5.213740840554237366e-02
3.059272170066833496e-01 5.268449336290359497e-02
2.991836667060852051e-01 5.305160209536552429e-02
2.912754416465759277e-01 5.344622209668159485e-02
2.791942656040191650e-01 5.397083610296249390e-02
2.747270762920379639e-01 5.413984134793281555e-02
2.618140578269958496e-01 5.454878881573677063e-02
2.502848207950592041e-01 5.480931326746940613e-02
2.432624846696853638e-01 5.491725355386734009e-02
2.348973751068115234e-01 5.499365553259849548e-02
2.252014130353927612e-01 5.500851571559906006e-02
2.216424196958541870e-01 5.499350279569625854e-02
2.159825712442398071e-01 5.494632199406623840e-02
2.097840905189514160e-01 5.486111342906951904e-02
2.012370675802230835e-01 5.468440428376197815e-02
1.895684897899627686e-01 5.432776734232902527e-02
1.777742654085159302e-01 5.382500216364860535e-02
1.668873876333236694e-01 5.322652682662010193e-02
1.599918454885482788e-01 5.277711153030395508e-02
1.479633003473281860e-01 5.185456946492195129e-02
1.390646696090698242e-01 5.105157196521759033e-02
1.334265768527984619e-01 5.048622563481330872e-02
1.273820996284484863e-01 4.982861503958702087e-02
1.165207624435424805e-01 4.850371181964874268e-02
1.051946580410003662e-01 4.690645635128021240e-02
1.014595627784729004e-01 4.632655531167984009e-02
9.561382234096527100e-02 4.536117240786552429e-02
9.007763862609863281e-02 4.437724873423576355e-02
8.105048537254333496e-02 4.261165857315063477e-02
7.608995586633682251e-02 4.154657945036888123e-02
6.742665916681289673e-02 3.950069099664688110e-02
5.797350779175758362e-02 3.695007041096687317e-02
5.358225852251052856e-02 3.562996536493301392e-02
3.754613921046257019e-02 2.982428297400474548e-02
3.285961225628852844e-02 2.773080579936504364e-02
2.641043066978454590e-02 2.440975978970527649e-02
1.911063864827156067e-02 1.973260007798671722e-02
1.511868461966514587e-02 1.648864150047302246e-02
1.303349249064922333e-02 1.446796860545873642e-02
9.398565627634525299e-03 9.942146018147468567e-03
7.776639424264431000e-03 7.034483831375837326e-03
6.554458290338516235e-03 3.630788298323750496e-03
6.220825016498565674e-03 1.994150690734386444e-03
6.074412260204553604e-03 -1.817505224607884884e-03
7.491563446819782257e-03 -7.516665384173393250e-03
8.151054382324218750e-03 -8.939027786254882812e-03
9.717858396470546722e-03 -1.160616613924503326e-02
1.456787530332803726e-02 -1.735909283161163330e-02
1.822276227176189423e-02 -2.062874659895896912e-02
2.548163756728172302e-02 -2.589020691812038422e-02
2.986809611320495605e-02 -2.858548611402511597e-02
3.825385868549346924e-02 -3.309531882405281067e-02
4.648945853114128113e-02 -3.693908452987670898e-02
5.618013814091682434e-02 -4.092387109994888306e-02
6.506317853927612305e-02 -4.417708888649940491e-02
7.510392367839813232e-02 -4.747869446873664856e-02
9.330762922763824463e-02 -5.263013392686843872e-02
9.986493736505508423e-02 -5.425885319709777832e-02
1.100705936551094055e-01 -5.658228695392608643e-02
1.219349205493927002e-01 -5.898550897836685181e-02
1.359021961688995361e-01 -6.144073978066444397e-02
1.470881551504135132e-01 -6.313945353031158447e-02
1.706765890121459961e-01 -6.601844727993011475e-02
1.776046156883239746e-01 -6.669773161411285400e-02
1.835055798292160034e-01 -6.722109019756317139e-02
1.871500760316848755e-01 -6.751982122659683228e-02
2.044028192758560181e-01 -6.869339942932128906e-02
2.165243029594421387e-01 -6.929646432399749756e-02
2.224041819572448730e-01 -6.952803581953048706e-02
2.296238094568252563e-01 -6.976085901260375977e-02
2.452675849199295044e-01 -7.008277624845504761e-02
2.582050859928131104e-01 -7.017514854669570923e-02
2.765759527683258057e-01 -7.006432116031646729e-02
2.807539999485015869e-01 -7.000274956226348877e-02
2.884208858013153076e-01 -6.985728442668914795e-02
2.955232560634613037e-01 -6.968671828508377075e-02
3.035500347614288330e-01 -6.945485621690750122e-02
3.170978128910064697e-01 -6.897623091936111450e-02
3.266457915306091309e-01 -6.857835501432418823e-02
3.336700201034545898e-01 -6.825625151395797729e-02
3.455323576927185059e-01 -6.766027957201004028e-02
3.524525463581085205e-01 -6.728465855121612549e-02
3.652506172657012939e-01 -6.654112786054611206e-02
3.700877428054809570e-01 -6.624487787485122681e-02
3.784685134887695312e-01 -6.571366637945175171e-02
3.875776231288909912e-01 -6.511262804269790649e-02
3.970592916011810303e-01 -6.446367502212524414e-02
4.031016528606414795e-01 -6.403904408216476440e-02
4.123781621456146240e-01 -6.337243318557739258e-02
4.242848753929138184e-01 -6.249451264739036560e-02
4.322794675827026367e-01 -6.189356744289398193e-02
4.378916025161743164e-01 -6.146727874875068665e-02
4.520401656627655029e-01 -6.038042157888412476e-02
4.629855155944824219e-01 -5.953203141689300537e-02
4.773285984992980957e-01 -5.841736495494842529e-02
5.060064196586608887e-01 -5.620933324098587036e-02
5.169134736061096191e-01 -5.538622662425041199e-02
5.259212255477905273e-01 -5.471642687916755676e-02
5.328528285026550293e-01 -5.420802906155586243e-02
5.456523895263671875e-01 -5.328677967190742493e-02
5.532701611518859863e-01 -5.275011807680130005e-02
5.607188344001770020e-01 -5.223406106233596802e-02
5.790314078330993652e-01 -5.100273340940475464e-02
5.949310660362243652e-01 -4.997543990612030029e-02
6.048390865325927734e-01 -4.935317859053611755e-02
6.157743334770202637e-01 -4.868014156818389893e-02
6.306824088096618652e-01 -4.778075590729713440e-02
6.458157896995544434e-01 -4.688052088022232056e-02
6.600050926208496094e-01 -4.603764042258262634e-02
6.668561697006225586e-01 -4.562764614820480347e-02
6.796139478683471680e-01 -4.485269635915756226e-02
6.838306784629821777e-01 -4.459192231297492981e-02
6.928325295448303223e-01 -4.402486234903335571e-02
7.049690485000610352e-01 -4.323224350810050964e-02
7.115465402603149414e-01 -4.278602451086044312e-02
7.236676812171936035e-01 -4.192610830068588257e-02
7.335338592529296875e-01 -4.118381813168525696e-02
7.412179112434387207e-01 -4.057506099343299866e-02
7.517945170402526855e-01 -3.968723118305206299e-02
7.606883645057678223e-01 -3.889041766524314880e-02
7.801716327667236328e-01 -3.695836663246154785e-02
7.888388037681579590e-01 -3.600509092211723328e-02
7.971533536911010742e-01 -3.502949699759483337e-02
8.047417998313903809e-01 -3.408275917172431946e-02
8.207888007164001465e-01 -3.188650682568550110e-02
8.284476995468139648e-01 -3.073705919086933136e-02
8.413859605789184570e-01 -2.863275445997714996e-02
8.484099507331848145e-01 -2.739955857396125793e-02
8.593227863311767578e-01 -2.534982562065124512e-02
8.678327202796936035e-01 -2.363520115613937378e-02
8.818753361701965332e-01 -2.058482356369495392e-02
8.860250711441040039e-01 -1.963400281965732574e-02
8.984816074371337891e-01 -1.667253300547599792e-02
9.109070301055908203e-01 -1.364668924361467361e-02
9.274260401725769043e-01 -9.886742569506168365e-03
9.453948140144348145e-01 -6.896950304508209229e-03
9.513952136039733887e-01 -6.233599968254566193e-03
9.575012922286987305e-01 -5.707283038645982742e-03
