9.650869965553283691e-01 1.556988572701811790e-03
9.645216464996337891e-01 1.671501086093485355e-03
9.619565606117248535e-01 2.204504795372486115e-03
9.564424753189086914e-01 3.404075745493173599e-03
9.433858394622802734e-01 6.436021067202091217e-03
9.357215166091918945e-01 8.309522643685340881e-03
9.273895025253295898e-01 1.041041128337383270e-02
9.234849214553833008e-01 1.141566596925258636e-02
9.168842434883117676e-01 1.314242184162139893e-02
9.109870791435241699e-01 1.471216883510351181e-02
8.985531926155090332e-01 1.809654757380485535e-02
8.927835226058959961e-01 1.969783194363117218e-02
8.769442439079284668e-01 2.417833916842937469e-02
8.664464354515075684e-01 2.720494382083415985e-02
8.479655385017395020e-01 3.261391818523406982e-02
8.377996683120727539e-01 3.561925515532493591e-02
8.288773894309997559e-01 3.826692700386047363e-02
8.220036625862121582e-01 4.030964896082878113e-02
8.045011758804321289e-01 4.550675302743911743e-02
8.010504245758056641e-01 4.652839899063110352e-02
7.876271605491638184e-01 5.048480257391929626e-02
7.724964618682861328e-01 5.489641800522804260e-02
7.586463093757629395e-01 5.887348577380180359e-02
7.549254894256591797e-01 5.993005633354187012e-02
7.408165931701660156e-01 6.388396769762039185e-02
7.325089573860168457e-01 6.616945564746856689e-02
7.217038273811340332e-01 6.908976286649703979e-02
7.142482995986938477e-01 7.106786221265792847e-02
6.916047930717468262e-01 7.687433809041976929e-02
6.822779178619384766e-01 7.917172461748123169e-02
6.650265455245971680e-01 8.326554298400878906e-02
6.582560539245605469e-01 8.481496572494506836e-02
6.508283019065856934e-01 8.647649735212326050e-02
6.375755071640014648e-01 8.933914452791213989e-02
6.206351518630981445e-01 9.280300885438919067e-02
6.150312423706054688e-01 9.389947354793548584e-02
6.009479761123657227e-01 9.654488414525985718e-02
5.930519104003906250e-01 9.795815497636795044e-02
5.751169919967651367e-01 1.009788364171981812e-01
5.622333884239196777e-01 1.029844135046005249e-01
5.477949380874633789e-01 1.050668507814407349e-01
5.412471294403076172e-01 1.059531718492507935e-01
5.294774770736694336e-01 1.074548289179801941e-01
5.206524133682250977e-01 1.085032224655151367e-01
5.035796761512756348e-01 1.103416457772254944e-01
4.945653378963470459e-01 1.112108528614044189e-01
4.833572506904602051e-01 1.121933683753013611e-01
4.654074013233184814e-01 1.135389432311058044e-01
4.548401832580566406e-01 1.141992881894111633e-01
4.442707598209381104e-01 1.147615090012550354e-01
4.341585338115692139e-01 1.152071431279182434e-01
4.293481111526489258e-01 1.153873726725578308e-01
4.180297553539276123e-01 1.157303452491760254e-01
4.040211141109466553e-01 1.159965842962265015e-01
3.980527222156524658e-01 1.160565540194511414e-01
3.864337801933288574e-01 1.160812601447105408e-01
3.742989003658294678e-01 1.159764304757118225e-01
3.640434443950653076e-01 1.157830655574798584e-01
3.567233085632324219e-01 1.155859380960464478e-01
3.478111922740936279e-01 1.152790561318397522e-01
3.377605080604553223e-01 1.148442029953002930e-01
3.242628574371337891e-01 1.141106635332107544e-01
3.113760948181152344e-01 1.132482737302780151e-01
2.984818816184997559e-01 1.122245714068412781e-01
2.896164655685424805e-01 1.114258840680122375e-01
2.737451195716857910e-01 1.097993403673171997e-01
2.616772055625915527e-01 1.083900183439254761e-01
2.548778951168060303e-01 1.075288057327270508e-01
2.496914267539978027e-01 1.068388298153877258e-01
2.342577129602432251e-01 1.046123951673507690e-01
2.285510301589965820e-01 1.037220358848571777e-01
2.161818146705627441e-01 1.016637608408927917e-01
2.056383639574050903e-01 9.976630657911300659e-02
1.912879496812820435e-01 9.696295112371444702e-02
1.807242929935455322e-01 9.472893178462982178e-02
1.744656562805175781e-01 9.333401173353195190e-02
1.632372587919235229e-01 9.069235622882843018e-02
1.444641500711441040e-01 8.584935963153839111e-02
1.334380060434341431e-01 8.273451030254364014e-02
1.231613010168075562e-01 7.963381707668304443e-02
1.081197261810302734e-01 7.471636682748794556e-02
1.011126786470413208e-01 7.225617766380310059e-02
8.901590108871459961e-02 6.772419810295104980e-02
7.370851933956146240e-02 6.139615178108215332e-02
6.540674716234207153e-02 5.763817951083183289e-02
5.950300022959709167e-02 5.480298027396202087e-02
4.755603149533271790e-02 4.857818782329559326e-02
4.048903286457061768e-02 4.452794045209884644e-02
3.101428411900997162e-02 3.854757174849510193e-02
2.415210567414760590e-02 3.370717540383338928e-02
2.096884325146675110e-02 3.127351775765419006e-02
1.349768135696649551e-02 2.491953410208225250e-02
8.390764705836772919e-03 1.980820670723915100e-02
4.867243114858865738e-03 1.564551331102848053e-02
1.279468648135662079e-03 1.028348319232463837e-02
4.713455564342439175e-04 8.732024580240249634e-03
-6.530451937578618526e-04 6.003560964018106461e-03
-1.003814861178398132e-03 4.834327381104230881e-03
-1.358353765681385994e-03 3.083132673054933548e-03
-1.462105894461274147e-03 8.908486342988908291e-04
-1.202745828777551651e-03 -8.886228897608816624e-04
-7.669311016798019409e-04 -2.194560132920742035e-03
2.030106988968327641e-04 -3.903402714058756828e-03
2.706479979678988457e-03 -6.359745282679796219e-03
6.338787265121936798e-03 -8.391926065087318420e-03
1.669336482882499695e-02 -1.131062116473913193e-02
2.272281236946582794e-02 -1.224993169307708740e-02
3.296072408556938171e-02 -1.330121047794818878e-02
4.712579771876335144e-02 -1.417127624154090881e-02
6.228302046656608582e-02 -1.472142338752746582e-02
7.492440938949584961e-02 -1.501051429659128189e-02
8.259288966655731201e-02 -1.513490173965692520e-02
9.917343407869338989e-02 -1.530751585960388184e-02
1.147881373763084412e-01 -1.537799835205078125e-02
1.250380724668502808e-01 -1.538608875125646591e-02
1.413450688123703003e-01 -1.534756273031234741e-02
1.520447880029678345e-01 -1.529277395457029343e-02
1.592480689287185669e-01 -1.524431910365819931e-02
1.736502200365066528e-01 -1.512255799025297165e-02
1.811502128839492798e-01 -1.504728943109512329e-02
1.908718198537826538e-01 -1.493894029408693314e-02
2.091017365455627441e-01 -1.470685936510562897e-02
2.189097106456756592e-01 -1.456845924258232117e-02
2.282797396183013916e-01 -1.442863233387470245e-02
2.368394732475280762e-01 -1.429511886090040207e-02
2.499836981296539307e-01 -1.408076658844947815e-02
2.653969526290893555e-01 -1.381739508360624313e-02
2.715850174427032471e-01 -1.370865013450384140e-02
2.869418561458587646e-01 -1.343287713825702667e-02
2.939499616622924805e-01 -1.330476626753807068e-02
3.018913567066192627e-01 -1.315828226506710052e-02
3.076193630695343018e-01 -1.305193547159433365e-02
3.192446529865264893e-01 -1.283483579754829407e-02
3.257905542850494385e-01 -1.271212939172983170e-02
3.447856009006500244e-01 -1.235583517700433731e-02
3.499120175838470459e-01 -1.225995272397994995e-02
3.641995489597320557e-01 -1.199426315724849701e-02
3.697228729724884033e-01 -1.189237181097269058e-02
3.792318403720855713e-01 -1.171837188303470612e-02
4.148578643798828125e-01 -1.108857523649930954e-02
4.209092259407043457e-01 -1.098604314029216766e-02
4.277388155460357666e-01 -1.087219640612602234e-02
4.360740482807159424e-01 -1.073613762855529785e-02
4.462946653366088867e-01 -1.057400647550821304e-02
4.528557360172271729e-01 -1.047286204993724823e-02
4.601995050907135010e-01 -1.036256644874811172e-02
4.717790484428405762e-01 -1.019532885402441025e-02
4.798176586627960205e-01 -1.008435897529125214e-02
4.930705726146697998e-01 -9.911284781992435455e-03
5.066599845886230469e-01 -9.747511707246303558e-03
5.126429200172424316e-01 -9.680074639618396759e-03
5.186921954154968262e-01 -9.614905342459678650e-03
5.403209328651428223e-01 -9.407894685864448547e-03
5.453682541847229004e-01 -9.365633130073547363e-03
5.576509237289428711e-01 -9.272638708353042603e-03
5.692042112350463867e-01 -9.198015555739402771e-03
5.777584314346313477e-01 -9.150775149464607239e-03
5.881977081298828125e-01 -9.102222509682178497e-03
5.965119004249572754e-01 -9.070532396435737610e-03
6.132175326347351074e-01 -9.024581871926784515e-03
6.241977214813232422e-01 -9.006285108625888824e-03
6.326778531074523926e-01 -8.997948840260505676e-03
6.391925811767578125e-01 -8.994638919830322266e-03
6.466500759124755859e-01 -8.993812836706638336e-03
6.590907573699951172e-01 -8.998434990644454956e-03
6.761244535446166992e-01 -9.013781324028968811e-03
6.903225779533386230e-01 -9.031021036207675934e-03
7.070480585098266602e-01 -9.051783010363578796e-03
7.219706773757934570e-01 -9.066455066204071045e-03
7.319748997688293457e-01 -9.072177112102508545e-03
7.431808114051818848e-01 -9.072913788259029388e-03
7.532019615173339844e-01 -9.067121893167495728e-03
7.658028602600097656e-01 -9.049151092767715454e-03
7.735231518745422363e-01 -9.031217545270919800e-03
7.890740633010864258e-01 -8.976152166724205017e-03
7.962864041328430176e-01 -8.940805681049823761e-03
8.212142586708068848e-01 -8.760494180023670197e-03
8.281854391098022461e-01 -8.691268973052501678e-03
8.455955982208251953e-01 -8.474924601614475250e-03
8.559314012527465820e-01 -8.312662132084369659e-03
8.640445470809936523e-01 -8.164755068719387054e-03
8.692809343338012695e-01 -8.058615028858184814e-03
8.882316350936889648e-01 -7.592204026877880096e-03
8.948774933815002441e-01 -7.392537780106067657e-03
9.103152751922607422e-01 -6.835697218775749207e-03
9.183316230773925781e-01 -6.482861004769802094e-03
9.321244955062866211e-01 -5.736474413424730301e-03
9.420565962791442871e-01 -5.048328079283237457e-03
9.528404474258422852e-01 -4.086191300302743912e-03
9.606729149818420410e-01 -3.183849621564149857e-03
9.623312354087829590e-01 -2.964881015941500664e-03
9.644647836685180664e-01 -2.667249646037817001e-03
