9.682513475418090820e-01 -3.106306074187159538e-03
9.677029252052307129e-01 -3.012787550687789917e-03
9.665979743003845215e-01 -2.826286014169454575e-03
9.596467614173889160e-01 -1.681040157563984394e-03
9.551944732666015625e-01 -9.548175148665904999e-04
9.497260451316833496e-01 -6.143427162896841764e-05
9.419376850128173828e-01 1.219286699779331684e-03
9.373506307601928711e-01 1.979416469112038612e-03
9.317197203636169434e-01 2.919041784480214119e-03
9.173426032066345215e-01 5.350651685148477554e-03
9.134155511856079102e-01 6.022790446877479553e-03
9.084017872810363770e-01 6.885662209242582321e-03
9.030027985572814941e-01 7.820665836334228516e-03
8.964648842811584473e-01 8.960618637502193451e-03
8.812820315361022949e-01 1.163825858384370804e-02
8.791552782058715820e-01 1.201648637652397156e-02
8.676845431327819824e-01 1.406888384371995926e-02
8.562575578689575195e-01 1.613225042819976807e-02
8.491439819335937500e-01 1.742521487176418304e-02
8.393398523330688477e-01 1.921657659113407135e-02
8.252528905868530273e-01 2.180669084191322327e-02
8.222410678863525391e-01 2.236255072057247162e-02
8.114773631095886230e-01 2.435392327606678009e-02
8.078421950340270996e-01 2.502793818712234497e-02
7.907540202140808105e-01 2.820283547043800354e-02
7.828344106674194336e-01 2.967627346515655518e-02
7.654470801353454590e-01 3.291001915931701660e-02
7.620708942413330078e-01 3.353711590170860291e-02
7.529705166816711426e-01 3.522519022226333618e-02
7.417973875999450684e-01 3.729147464036941528e-02
7.293972969055175781e-01 3.957362473011016846e-02
7.083039879798889160e-01 4.341984540224075317e-02
7.034067511558532715e-01 4.430487006902694702e-02
6.963487267494201660e-01 4.557447880506515503e-02
6.816150546073913574e-01 4.819943755865097046e-02
6.750547885894775391e-01 4.935621097683906555e-02
6.644706130027770996e-01 5.120541527867317200e-02
6.435270309448242188e-01 5.479634553194046021e-02
6.274477839469909668e-01 5.748543515801429749e-02
5.993887782096862793e-01 6.202035024762153625e-02
5.961045622825622559e-01 6.253705918788909912e-02
5.778184533119201660e-01 6.535671651363372803e-02
5.675318241119384766e-01 6.689838320016860962e-02
5.490223169326782227e-01 6.958689540624618530e-02
5.341964364051818848e-01 7.165721803903579712e-02
5.238078236579895020e-01 7.306151092052459717e-02
5.026479363441467285e-01 7.579743117094039917e-02
4.944941997528076172e-01 7.680504024028778076e-02
4.811691939830780029e-01 7.839292287826538086e-02
4.670448899269104004e-01 7.999305427074432373e-02
4.512432217597961426e-01 8.167652785778045654e-02
4.423601329326629639e-01 8.257097750902175903e-02
4.304859042167663574e-01 8.370546996593475342e-02
4.119298458099365234e-01 8.533113449811935425e-02
3.899273276329040527e-01 8.700938522815704346e-02
3.853803873062133789e-01 8.732038736343383789e-02
3.728145360946655273e-01 8.811273425817489624e-02
3.603582382202148438e-01 8.879672735929489136e-02
3.560582697391510010e-01 8.900842815637588501e-02
3.204857707023620605e-01 9.024240821599960327e-02
3.085415363311767578e-01 9.043364971876144409e-02
3.056163787841796875e-01 9.046207368373870850e-02
2.963583469390869141e-01 9.050258994102478027e-02
2.885164618492126465e-01 9.047624468803405762e-02
2.861956059932708740e-01 9.045743197202682495e-02
2.695817947387695312e-01 9.016972780227661133e-02
2.526352703571319580e-01 8.958253264427185059e-02
2.492201030254364014e-01 8.942598104476928711e-02
2.233313024044036865e-01 8.778612315654754639e-02
2.137395143508911133e-01 8.695980161428451538e-02
2.067483663558959961e-01 8.627657592296600342e-02
1.946417838335037231e-01 8.492197096347808838e-02
1.877169460058212280e-01 8.404371142387390137e-02
1.847500205039978027e-01 8.364322036504745483e-02
1.772195398807525635e-01 8.255878835916519165e-02
1.656221151351928711e-01 8.068754523992538452e-02
1.473054885864257812e-01 7.718466967344284058e-02
1.361773163080215454e-01 7.468985766172409058e-02
1.161250844597816467e-01 6.938125193119049072e-02
1.022941172122955322e-01 6.501037627458572388e-02
9.621918201446533203e-02 6.287893652915954590e-02
9.171941876411437988e-02 6.120840087532997131e-02
7.970603555440902710e-02 5.632589757442474365e-02
6.868733465671539307e-02 5.123016238212585449e-02
6.588730961084365845e-02 4.982750862836837769e-02
5.891692638397216797e-02 4.612081125378608704e-02
4.670528322458267212e-02 3.875769674777984619e-02
3.721095621585845947e-02 3.202982991933822632e-02
3.165406733751296997e-02 2.750534005463123322e-02
2.772851288318634033e-02 2.391976304352283478e-02
2.359659224748611450e-02 1.958390697836875916e-02
2.093228511512279510e-02 1.621594652533531189e-02
1.914991810917854309e-02 1.335783582180738449e-02
1.813262887299060822e-02 1.101115159690380096e-02
1.789733953773975372e-02 1.016305107623338699e-02
1.779636368155479431e-02 7.734287995845079422e-03
1.817491836845874786e-02 6.632774136960506439e-03
1.862583309412002563e-02 5.956172477453947067e-03
1.931606233119964600e-02 5.293003749102354050e-03
2.013287693262100220e-02 4.769686143845319748e-03
2.130820415914058685e-02 4.270530771464109421e-03
2.263623103499412537e-02 3.912718500941991806e-03
2.464610151946544647e-02 3.615246620029211044e-03
2.731667272746562958e-02 3.492079908028244972e-03
3.085633739829063416e-02 3.609809093177318573e-03
3.418797254562377930e-02 3.898623399436473846e-03
4.203417152166366577e-02 4.950142465531826019e-03
4.537703469395637512e-02 5.488732829689979553e-03
5.139352008700370789e-02 6.528563331812620163e-03
7.335724681615829468e-02 1.054621208459138870e-02
8.374638110399246216e-02 1.240495312958955765e-02
1.083342060446739197e-01 1.650372892618179321e-02
1.199483647942543030e-01 1.827796176075935364e-02
1.264930069446563721e-01 1.923217996954917908e-02
1.369374543428421021e-01 2.068877220153808594e-02
1.425390541553497314e-01 2.143727988004684448e-02
1.605660617351531982e-01 2.369777858257293701e-02
1.825555711984634399e-01 2.616631053388118744e-02
1.980067342519760132e-01 2.772374823689460754e-02
2.046742141246795654e-01 2.835294231772422791e-02
2.175557315349578857e-01 2.949797175824642181e-02
2.230935394763946533e-01 2.996233664453029633e-02
2.315886914730072021e-01 3.064288198947906494e-02
2.415390908718109131e-01 3.139201179146766663e-02
2.505597770214080811e-01 3.202733024954795837e-02
2.563196122646331787e-01 3.241158276796340942e-02
2.619862258434295654e-01 3.277354687452316284e-02
2.757672965526580811e-01 3.358829021453857422e-02
2.890946269035339355e-01 3.428935632109642029e-02
3.047005534172058105e-01 3.500381112098693848e-02
3.207784593105316162e-01 3.562167286872863770e-02
3.254190385341644287e-01 3.577794134616851807e-02
3.366264104843139648e-01 3.611486405134201050e-02
3.461186885833740234e-01 3.635567426681518555e-02
3.599761426448822021e-01 3.663426637649536133e-02
3.660050928592681885e-01 3.672853857278823853e-02
3.732040822505950928e-01 3.681975603103637695e-02
3.845773339271545410e-01 3.691665083169937134e-02
3.926738500595092773e-01 3.695045784115791321e-02
3.988664150238037109e-01 3.695658594369888306e-02
4.062945246696472168e-01 3.694144636392593384e-02
4.200858175754547119e-01 3.684838116168975830e-02
4.332728683948516846e-01 3.668073192238807678e-02
4.415006339550018311e-01 3.653734922409057617e-02
4.633784890174865723e-01 3.601250424981117249e-02
4.828121960163116455e-01 3.537409752607345581e-02
4.933709800243377686e-01 3.496098890900611877e-02
5.040754675865173340e-01 3.449587151408195496e-02
5.099138617515563965e-01 3.422299027442932129e-02
5.114013552665710449e-01 3.415133059024810791e-02
5.251178145408630371e-01 3.345089405775070190e-02
5.493776798248291016e-01 3.204583749175071716e-02
5.655990242958068848e-01 3.099847584962844849e-02
5.700156092643737793e-01 3.069970756769180298e-02
5.967913269996643066e-01 2.877838350832462311e-02
6.018233299255371094e-01 2.839839458465576172e-02
6.083211898803710938e-01 2.789993397891521454e-02
6.105325818061828613e-01 2.772840484976768494e-02
6.216009855270385742e-01 2.685636095702648163e-02
6.245477199554443359e-01 2.662064507603645325e-02
6.419627666473388672e-01 2.520070411264896393e-02
6.578401327133178711e-01 2.387173473834991455e-02
6.844697594642639160e-01 2.158569358289241791e-02
6.855486035346984863e-01 2.149181999266147614e-02
7.068440914154052734e-01 1.962220296263694763e-02
7.139970064163208008e-01 1.898768730461597443e-02
7.289313673973083496e-01 1.765319332480430603e-02
7.498769164085388184e-01 1.576037891209125519e-02
7.606227993965148926e-01 1.477959007024765015e-02
7.667666077613830566e-01 1.421573106199502945e-02
7.794128656387329102e-01 1.304761227220296860e-02
7.876414060592651367e-01 1.228176150470972061e-02
7.996801733970642090e-01 1.115221250802278519e-02
8.012565970420837402e-01 1.100344769656658173e-02
8.097746968269348145e-01 1.019595097750425339e-02
8.118075728416442871e-01 1.000228617340326309e-02
8.189894556999206543e-01 9.314917027950286865e-03
8.239226937294006348e-01 8.839746005833148956e-03
8.552973866462707520e-01 5.749329924583435059e-03
8.665136098861694336e-01 4.609277471899986267e-03
8.885899782180786133e-01 2.291912445798516273e-03
8.924781680107116699e-01 1.871561864390969276e-03
9.041012525558471680e-01 5.881486576981842518e-04
9.097399115562438965e-01 -5.092679930385202169e-05
9.160380959510803223e-01 -7.794660632498562336e-04
9.203107357025146484e-01 -1.283537480048835278e-03
9.288882613182067871e-01 -2.322817919775843620e-03
9.479851722717285156e-01 -4.799558781087398529e-03
9.603563547134399414e-01 -6.546232383698225021e-03
9.669117927551269531e-01 -7.503123022615909576e-03
9.678227305412292480e-01 -7.635835092514753342e-03
9.686956405639648438e-01 -7.762588094919919968e-03
