9.688908457756042480e-01 8.252753759734332561e-04
9.685973525047302246e-01 8.799656643532216549e-04
9.670680761337280273e-01 1.157607301138341427e-03
9.626374840736389160e-01 1.924625597894191742e-03
9.546290040016174316e-01 3.263446502387523651e-03
9.479508399963378906e-01 4.373939242213964462e-03
9.407819509506225586e-01 5.575153976678848267e-03
9.363743066787719727e-01 6.320917978882789612e-03
9.319030642509460449e-01 7.083906792104244232e-03
9.288023114204406738e-01 7.617003284394741058e-03
9.200766682624816895e-01 9.135252796113491058e-03
9.157079458236694336e-01 9.905499406158924103e-03
9.038937091827392578e-01 1.202120725065469742e-02
8.959476947784423828e-01 1.347004156559705734e-02
8.864940404891967773e-01 1.521903555840253830e-02
8.761581778526306152e-01 1.716016605496406555e-02
8.682869076728820801e-01 1.865667290985584259e-02
8.622191548347473145e-01 1.981999538838863373e-02
8.424528241157531738e-01 2.365911938250064850e-02
8.386620283126831055e-01 2.440246567130088806e-02
8.307327628135681152e-01 2.596310898661613464e-02
8.196101188659667969e-01 2.816234529018402100e-02
7.989762425422668457e-01 3.225699067115783691e-02
7.957319617271423340e-01 3.290084004402160645e-02
7.846513390541076660e-01 3.509628772735595703e-02
7.736602425575256348e-01 3.726467490196228027e-02
7.595713138580322266e-01 4.002231359481811523e-02
7.516472935676574707e-01 4.155879095196723938e-02
7.364622354507446289e-01 4.446574300527572632e-02
7.299913763999938965e-01 4.568701609969139099e-02
7.231621742248535156e-01 4.696305841207504272e-02
7.104855179786682129e-01 4.929292201995849609e-02
7.033475041389465332e-01 5.058060213923454285e-02
6.811137795448303223e-01 5.446546152234077454e-02
6.688562035560607910e-01 5.651725828647613525e-02
6.560422182083129883e-01 5.858746170997619629e-02
6.395178437232971191e-01 6.113682314753532410e-02
6.322798728942871094e-01 6.220876052975654602e-02
6.212154626846313477e-01 6.379286944866180420e-02
6.038216948509216309e-01 6.614556908607482910e-02
5.939415693283081055e-01 6.740500777959823608e-02
5.719458460807800293e-01 7.000362128019332886e-02
5.559261441230773926e-01 7.171481102705001831e-02
5.487947463989257812e-01 7.242694497108459473e-02
5.405287146568298340e-01 7.321388274431228638e-02
5.299275517463684082e-01 7.416256517171859741e-02
4.987986385822296143e-01 7.655499875545501709e-02
4.923422336578369141e-01 7.697796821594238281e-02
4.738655090332031250e-01 7.805026322603225708e-02
4.549067616462707520e-01 7.893895357847213745e-02
4.459255635738372803e-01 7.928572595119476318e-02
4.412273168563842773e-01 7.944820821285247803e-02
4.303532242774963379e-01 7.977458089590072632e-02
4.202587306499481201e-01 8.001573383808135986e-02
4.078658223152160645e-01 8.023060113191604614e-02
3.917112052440643311e-01 8.037690818309783936e-02
3.821651041507720947e-01 8.039225637912750244e-02
3.756981194019317627e-01 8.037264645099639893e-02
3.679206371307373047e-01 8.031694591045379639e-02
3.574315011501312256e-01 8.018608391284942627e-02
3.491860032081604004e-01 8.003811538219451904e-02
3.380692005157470703e-01 7.977539300918579102e-02
3.119326531887054443e-01 7.886769622564315796e-02
3.046662211418151855e-01 7.854169607162475586e-02
2.916052937507629395e-01 7.787316292524337769e-02
2.774989306926727295e-01 7.702904194593429565e-02
2.646875977516174316e-01 7.614894211292266846e-02
2.545061707496643066e-01 7.536973059177398682e-02
2.463880479335784912e-01 7.469605654478073120e-02
2.369215786457061768e-01 7.384980469942092896e-02
2.218035161495208740e-01 7.235662639141082764e-02
2.124484777450561523e-01 7.134081423282623291e-02
1.990147233009338379e-01 6.975118815898895264e-02
1.941281110048294067e-01 6.913265585899353027e-02
1.799196302890777588e-01 6.720389425754547119e-02
1.591578572988510132e-01 6.400378048419952393e-02
1.516970098018646240e-01 6.273092329502105713e-02
1.464019566774368286e-01 6.178444251418113708e-02
1.380422413349151611e-01 6.021271273493766785e-02
1.274033337831497192e-01 5.806455016136169434e-02
1.066356748342514038e-01 5.332463979721069336e-02
9.304880350828170776e-02 4.976051300764083862e-02
8.569094538688659668e-02 4.764889553189277649e-02
6.510365754365921021e-02 4.091181606054306030e-02
6.153926998376846313e-02 3.959839791059494019e-02
5.656354501843452454e-02 3.767865896224975586e-02
4.684118926525115967e-02 3.359722718596458435e-02
4.043342173099517822e-02 3.062446974217891693e-02
3.699413314461708069e-02 2.891831286251544952e-02
2.622916921973228455e-02 2.294304408133029938e-02
2.026658877730369568e-02 1.906999014317989349e-02
1.530376356095075607e-02 1.536633167415857315e-02
9.771957062184810638e-03 1.031478680670261383e-02
7.019371725618839264e-03 6.981754209846258163e-03
5.834086798131465912e-03 5.077161360532045364e-03
5.050108302384614944e-03 3.345778211951255798e-03
4.519462585449218750e-03 6.522081093862652779e-04
4.579166881740093231e-03 -2.929768234025686979e-04
4.973938222974538803e-03 -1.719726598821580410e-03
5.777759011834859848e-03 -3.095758613198995590e-03
6.595432292670011520e-03 -4.009783733636140823e-03
8.223082870244979858e-03 -5.294174887239933014e-03
9.306760504841804504e-03 -5.945428274571895599e-03
1.481845416128635406e-02 -8.181061595678329468e-03
1.855436712503433228e-02 -9.198461659252643585e-03
3.088750503957271576e-02 -1.145898923277854919e-02
4.668077453970909119e-02 -1.335076428949832916e-02
5.868350341916084290e-02 -1.448535639792680740e-02
6.728690862655639648e-02 -1.521409861743450165e-02
8.460975438356399536e-02 -1.655023917555809021e-02
1.141448765993118286e-01 -1.857566274702548981e-02
1.309296339750289917e-01 -1.962250843644142151e-02
1.375000029802322388e-01 -2.001386880874633789e-02
1.507360339164733887e-01 -2.077155187726020813e-02
1.627458184957504272e-01 -2.142384834587574005e-02
1.715988665819168091e-01 -2.188337408006191254e-02
1.869853734970092773e-01 -2.263917960226535797e-02
1.995459347963333130e-01 -2.321616373956203461e-02
2.104474455118179321e-01 -2.368810214102268219e-02
2.181379199028015137e-01 -2.400511316955089569e-02
2.304427623748779297e-01 -2.448537386953830719e-02
2.383078932762145996e-01 -2.477524057030677795e-02
2.594175338745117188e-01 -2.548903785645961761e-02
2.637681066989898682e-01 -2.562481351196765900e-02
2.748683691024780273e-01 -2.595418877899646759e-02
2.808920443058013916e-01 -2.612286061048507690e-02
2.913293242454528809e-01 -2.639876864850521088e-02
2.980625629425048828e-01 -2.656598016619682312e-02
3.111655116081237793e-01 -2.686780318617820740e-02
3.241502940654754639e-01 -2.713710442185401917e-02
3.319146037101745605e-01 -2.728439494967460632e-02
3.418731689453125000e-01 -2.745868265628814697e-02
3.529957234859466553e-01 -2.763439714908599854e-02
3.629910945892333984e-01 -2.777569927275180817e-02
3.762421905994415283e-01 -2.793947607278823853e-02
3.830443322658538818e-01 -2.801333554089069366e-02
3.942058682441711426e-01 -2.811986580491065979e-02
4.005631208419799805e-01 -2.817251719534397125e-02
4.155057072639465332e-01 -2.827369421720504761e-02
4.299493432044982910e-01 -2.834181673824787140e-02
4.388328492641448975e-01 -2.836938016116619110e-02
4.616330862045288086e-01 -2.839018404483795166e-02
4.676702618598937988e-01 -2.838358096778392792e-02
4.806893169879913330e-01 -2.835179120302200317e-02
4.950915575027465820e-01 -2.828803658485412598e-02
5.056846737861633301e-01 -2.822129800915718079e-02
5.217436552047729492e-01 -2.808646298944950104e-02
5.289239287376403809e-01 -2.801241166889667511e-02
5.364213585853576660e-01 -2.792553603649139404e-02
5.529476404190063477e-01 -2.769758366048336029e-02
5.634062290191650391e-01 -2.752560935914516449e-02
5.720136165618896484e-01 -2.736673690378665924e-02
5.808446407318115234e-01 -2.718646265566349030e-02
5.979036092758178711e-01 -2.678490057587623596e-02
6.117038726806640625e-01 -2.640413120388984680e-02
6.241965889930725098e-01 -2.601247094571590424e-02
6.304599046707153320e-01 -2.579832077026367188e-02
6.373454332351684570e-01 -2.554861269891262054e-02
6.477835774421691895e-01 -2.514054812490940094e-02
6.615588665008544922e-01 -2.454564534127712250e-02
6.737949252128601074e-01 -2.396174333989620209e-02
6.893367171287536621e-01 -2.314344048500061035e-02
7.006466984748840332e-01 -2.249403297901153564e-02
7.176594138145446777e-01 -2.143329009413719177e-02
7.382590174674987793e-01 -2.002052962779998779e-02
7.490394711494445801e-01 -1.922915875911712646e-02
7.563480734825134277e-01 -1.867385767400264740e-02
7.653298377990722656e-01 -1.797204650938510895e-02
7.789954543113708496e-01 -1.686681993305683136e-02
7.944798469543457031e-01 -1.556706242263317108e-02
8.096679449081420898e-01 -1.425265241414308548e-02
8.168023228645324707e-01 -1.362472772598266602e-02
8.215447068214416504e-01 -1.320441532880067825e-02
8.270410895347595215e-01 -1.271497085690498352e-02
8.343416452407836914e-01 -1.206198520958423615e-02
8.410310149192810059e-01 -1.146195083856582642e-02
8.561960458755493164e-01 -1.010252814739942551e-02
8.666375279426574707e-01 -9.174252860248088837e-03
8.836724758148193359e-01 -7.693118881434202194e-03
8.913591504096984863e-01 -7.046718616038560867e-03
9.013251662254333496e-01 -6.238791625946760178e-03
9.075403213500976562e-01 -5.757211707532405853e-03
9.265384674072265625e-01 -4.440013319253921509e-03
9.320212602615356445e-01 -4.120102617889642715e-03
9.406999349594116211e-01 -3.692742437124252319e-03
9.432569146156311035e-01 -3.589235479012131691e-03
9.536577463150024414e-01 -3.303856821730732918e-03
9.584387540817260742e-01 -3.261247882619500160e-03
9.632145166397094727e-01 -3.283159807324409485e-03
9.659792184829711914e-01 -3.324521705508232117e-03
9.680047631263732910e-01 -3.365855431184172630e-03
9.685818552970886230e-01 -3.378929803147912025e-03
