9.672505259513854980e-01 5.805248860269784927e-03
9.668236374855041504e-01 6.023617461323738098e-03
9.625430703163146973e-01 8.008965291082859039e-03
9.520879983901977539e-01 1.207335758954286575e-02
9.410897493362426758e-01 1.579910330474376678e-02
9.276453256607055664e-01 1.996154151856899261e-02
9.137237071990966797e-01 2.399487420916557312e-02
9.086554050445556641e-01 2.541369013488292694e-02
8.897826075553894043e-01 3.052987344563007355e-02
8.796517252922058105e-01 3.319359570741653442e-02
8.673180937767028809e-01 3.638015314936637878e-02
8.602512478828430176e-01 3.818379342555999756e-02
8.532851934432983398e-01 3.994872048497200012e-02
8.434703350067138672e-01 4.241736978292465210e-02
8.260219097137451172e-01 4.676559194922447205e-02
8.223939538002014160e-01 4.766457900404930115e-02
8.110512495040893555e-01 5.046620219945907593e-02
7.988524436950683594e-01 5.346627533435821533e-02
7.931030392646789551e-01 5.487615987658500671e-02
7.886925339698791504e-01 5.595607310533523560e-02
7.798088788986206055e-01 5.812684074044227600e-02
7.693539261817932129e-01 6.067398935556411743e-02
7.570439577102661133e-01 6.366119533777236938e-02
7.476341128349304199e-01 6.593460589647293091e-02
7.332083582878112793e-01 6.939957290887832642e-02
7.230198383331298828e-01 7.182884961366653442e-02
7.072030305862426758e-01 7.556355744600296021e-02
6.998171210289001465e-01 7.728965580463409424e-02
6.842200756072998047e-01 8.089034259319305420e-02
6.767756938934326172e-01 8.258496969938278198e-02
6.618680953979492188e-01 8.592504262924194336e-02
6.564581394195556641e-01 8.711793273687362671e-02
6.415352225303649902e-01 9.034937620162963867e-02
6.320043802261352539e-01 9.236416220664978027e-02
6.175562739372253418e-01 9.533853083848953247e-02
6.081125736236572266e-01 9.722667187452316284e-02
5.979222655296325684e-01 9.921088814735412598e-02
5.879079103469848633e-01 1.011042743921279907e-01
5.792686939239501953e-01 1.026903316378593445e-01
5.692085623741149902e-01 1.044794097542762756e-01
5.497220158576965332e-01 1.077582836151123047e-01
5.406683087348937988e-01 1.091934815049171448e-01
5.339860916137695312e-01 1.102153360843658447e-01
5.247958898544311523e-01 1.115671619772911072e-01
5.097872018814086914e-01 1.136372461915016174e-01
4.957431554794311523e-01 1.154134795069694519e-01
4.853998422622680664e-01 1.166183501482009888e-01
4.771324694156646729e-01 1.175165325403213501e-01
4.704651534557342529e-01 1.181979998946189880e-01
4.602862298488616943e-01 1.191628649830818176e-01
4.494051039218902588e-01 1.200910285115242004e-01
4.405828118324279785e-01 1.207634881138801575e-01
4.217208325862884521e-01 1.219532042741775513e-01
4.007412791252136230e-01 1.228654906153678894e-01
3.920967280864715576e-01 1.231111288070678711e-01
3.849760293960571289e-01 1.232549324631690979e-01
3.760444819927215576e-01 1.233593672513961792e-01
3.673279285430908203e-01 1.233784332871437073e-01
3.461693823337554932e-01 1.230759322643280029e-01
3.367691040039062500e-01 1.227790042757987976e-01
3.271260261535644531e-01 1.223679333925247192e-01
3.174799084663391113e-01 1.218468174338340759e-01
3.030185103416442871e-01 1.208551973104476929e-01
2.919543385505676270e-01 1.199222803115844727e-01
2.866393923759460449e-01 1.194192916154861450e-01
2.808872163295745850e-01 1.188342869281768799e-01
2.763520777225494385e-01 1.183429136872291565e-01
2.658742070198059082e-01 1.171045303344726562e-01
2.524700462818145752e-01 1.153060719370841980e-01
2.455035895109176636e-01 1.142741367220878601e-01
2.370634973049163818e-01 1.129327565431594849e-01
2.104198932647705078e-01 1.080175787210464478e-01
2.028818279504776001e-01 1.064312756061553955e-01
1.913809627294540405e-01 1.038362383842468262e-01
1.824666410684585571e-01 1.016742885112762451e-01
1.722922325134277344e-01 9.903912991285324097e-02
1.668494194746017456e-01 9.755323082208633423e-02
1.606682538986206055e-01 9.579906612634658813e-02
1.513778269290924072e-01 9.302385896444320679e-02
1.462515443563461304e-01 9.141827374696731567e-02
1.359116435050964355e-01 8.801020681858062744e-02
1.268075108528137207e-01 8.481038361787796021e-02
1.138738915324211121e-01 7.991471886634826660e-02
1.043504104018211365e-01 7.602021843194961548e-02
9.465637803077697754e-02 7.177310436964035034e-02
8.899983018636703491e-02 6.914901733398437500e-02
7.699867337942123413e-02 6.317707151174545288e-02
6.373188644647598267e-02 5.581516027450561523e-02
5.480087921023368835e-02 5.029705539345741272e-02
4.766877740621566772e-02 4.548041895031929016e-02
3.987594321370124817e-02 3.968997672200202942e-02
3.454787284135818481e-02 3.532496094703674316e-02
2.747337520122528076e-02 2.882903628051280975e-02
1.974159292876720428e-02 2.028047107160091400e-02
1.535775512456893921e-02 1.411544624716043472e-02
1.422659773379564285e-02 1.220826804637908936e-02
1.281118579208850861e-02 9.473581798374652863e-03
1.185309886932373047e-02 7.241500541567802429e-03
1.060359273105859756e-02 3.028404200449585915e-03
1.039877906441688538e-02 1.806880696676671505e-03
1.024273969233036041e-02 -8.173744427040219307e-04
1.134910527616739273e-02 -5.962662864476442337e-03
1.308540627360343933e-02 -8.879541419446468353e-03
1.846880465745925903e-02 -1.369098201394081116e-02
2.031761780381202698e-02 -1.482488960027694702e-02
2.556045353412628174e-02 -1.741155236959457397e-02
3.122156299650669098e-02 -1.957999542355537415e-02
4.113206267356872559e-02 -2.251853980123996735e-02
4.550810903310775757e-02 -2.358766086399555206e-02
5.326857417821884155e-02 -2.523642778396606445e-02
6.148182228207588196e-02 -2.670271135866641998e-02
7.651214301586151123e-02 -2.879356406629085541e-02
8.385264128446578979e-02 -2.957628294825553894e-02
9.938853979110717773e-02 -3.078096173703670502e-02
1.059675514698028564e-01 -3.112006373703479767e-02
1.155851706862449646e-01 -3.144566342234611511e-02
1.298547536134719849e-01 -3.158032521605491638e-02
1.425176858901977539e-01 -3.137830644845962524e-02
1.480578035116195679e-01 -3.120185248553752899e-02
1.557327359914779663e-01 -3.087453916668891907e-02
1.664578765630722046e-01 -3.026601113379001617e-02
1.856482923030853271e-01 -2.878456935286521912e-02
1.904183924198150635e-01 -2.834672294557094574e-02
2.006895393133163452e-01 -2.732105925679206848e-02
2.125382870435714722e-01 -2.601177617907524109e-02
2.223684787750244141e-01 -2.483654394745826721e-02
2.368554174900054932e-01 -2.298136614263057709e-02
2.410440891981124878e-01 -2.242156490683555603e-02
2.560279965400695801e-01 -2.034906670451164246e-02
2.617426514625549316e-01 -1.953438669443130493e-02
2.695454359054565430e-01 -1.840474270284175873e-02
2.760707437992095947e-01 -1.744724437594413757e-02
2.926279306411743164e-01 -1.498033571988344193e-02
2.999016046524047852e-01 -1.388571597635746002e-02
3.126846849918365479e-01 -1.195576693862676620e-02
3.218186795711517334e-01 -1.057745795696973801e-02
3.390694856643676758e-01 -7.991284132003784180e-03
3.460028469562530518e-01 -6.962456274777650833e-03
3.543227314949035645e-01 -5.738803651183843613e-03
3.609541058540344238e-01 -4.773436114192008972e-03
3.718958199024200439e-01 -3.202951978892087936e-03
3.822621703147888184e-01 -1.744184992276132107e-03
3.889626860618591309e-01 -8.180683944374322891e-04
4.009860157966613770e-01 8.075290825217962265e-04
4.075382947921752930e-01 1.672418205998837948e-03
4.217352867126464844e-01 3.491509007290005684e-03
4.369731247425079346e-01 5.354085937142372131e-03
4.448308348655700684e-01 6.275756750255823135e-03
4.610933959484100342e-01 8.094327524304389954e-03
4.818669557571411133e-01 1.023285556584596634e-02
4.893154799938201904e-01 1.094678509980440140e-02
4.958873391151428223e-01 1.155279017984867096e-02
5.007268190383911133e-01 1.198450475931167603e-02
5.125315189361572266e-01 1.298498827964067459e-02
5.265849232673645020e-01 1.407704502344131470e-02
5.389125347137451172e-01 1.494482997804880142e-02
5.596059560775756836e-01 1.620961353182792664e-02
5.731574296951293945e-01 1.690705493092536926e-02
5.963963270187377930e-01 1.786412484943866730e-02
6.155273318290710449e-01 1.843058131635189056e-02
6.311681270599365234e-01 1.875058002769947052e-02
6.384570002555847168e-01 1.885726675391197205e-02
6.484950780868530273e-01 1.896145939826965332e-02
6.579200029373168945e-01 1.901551522314548492e-02
6.716063618659973145e-01 1.902141980826854706e-02
6.770498156547546387e-01 1.900070905685424805e-02
6.896003484725952148e-01 1.890495978295803070e-02
7.084938287734985352e-01 1.864059455692768097e-02
7.157288789749145508e-01 1.850304566323757172e-02
7.240176200866699219e-01 1.832184754312038422e-02
7.357527017593383789e-01 1.802368462085723877e-02
7.440005540847778320e-01 1.778592541813850403e-02
7.602542042732238770e-01 1.725201867520809174e-02
7.693009376525878906e-01 1.691854745149612427e-02
7.811482548713684082e-01 1.644386909902095795e-02
7.876717448234558105e-01 1.616446860134601593e-02
8.190283179283142090e-01 1.464661117643117905e-02
8.294054865837097168e-01 1.408081594854593277e-02
8.498180508613586426e-01 1.287344843149185181e-02
8.603123426437377930e-01 1.220189407467842102e-02
8.751334547996520996e-01 1.119002699851989746e-02
8.808212876319885254e-01 1.078052539378404617e-02
8.916245102882385254e-01 9.967247024178504944e-03
8.991340398788452148e-01 9.371974505484104156e-03
9.104171395301818848e-01 8.424854837357997894e-03
9.167907834053039551e-01 7.857788354158401489e-03
9.360597729682922363e-01 5.961146671324968338e-03
9.477545022964477539e-01 4.622612614184617996e-03
9.592921733856201172e-01 3.079407382756471634e-03
9.655709266662597656e-01 2.107094274833798409e-03
9.668873548507690430e-01 1.889447565190494061e-03
9.689716100692749023e-01 1.535331131890416145e-03
