9.705787301063537598e-01 1.349339145235717297e-03
9.700632095336914062e-01 1.716203056275844574e-03
9.673668146133422852e-01 3.441722365096211433e-03
9.605009555816650391e-01 7.266679313033819199e-03
9.403126239776611328e-01 1.728891208767890930e-02
9.313117265701293945e-01 2.155262045562267303e-02
9.203488230705261230e-01 2.666468918323516846e-02
9.132109284400939941e-01 2.995662763714790344e-02
9.063851237297058105e-01 3.308114036917686462e-02
8.975941538810729980e-01 3.707348182797431946e-02
8.844649791717529297e-01 4.296817258000373840e-02
8.794760704040527344e-01 4.518563300371170044e-02
8.684000968933105469e-01 5.006057769060134888e-02
8.607051372528076172e-01 5.340517684817314148e-02
8.498597145080566406e-01 5.805454030632972717e-02
8.454388976097106934e-01 5.992640182375907898e-02
8.377198576927185059e-01 6.316063553094863892e-02
8.304280042648315430e-01 6.617376953363418579e-02
8.204548358917236328e-01 7.022463530302047729e-02
8.095698356628417969e-01 7.454814016819000244e-02
7.910472750663757324e-01 8.165589720010757446e-02
7.780193686485290527e-01 8.645676076412200928e-02
7.621402740478515625e-01 9.207676351070404053e-02
7.581327557563781738e-01 9.345395117998123169e-02
7.386201620101928711e-01 9.991826862096786499e-02
7.314004302024841309e-01 1.022073924541473389e-01
7.105365395545959473e-01 1.085068136453628540e-01
7.024298310279846191e-01 1.108270436525344849e-01
6.834724545478820801e-01 1.159734800457954407e-01
6.754328012466430664e-01 1.180375665426254272e-01
6.572383046150207520e-01 1.224481612443923950e-01
6.479818224906921387e-01 1.245533600449562073e-01
6.325676441192626953e-01 1.278516650199890137e-01
6.260761618614196777e-01 1.291632056236267090e-01
6.147699356079101562e-01 1.313382983207702637e-01
6.060442924499511719e-01 1.329218447208404541e-01
5.954390764236450195e-01 1.347355991601943970e-01
5.881605148315429688e-01 1.359098553657531738e-01
5.771776437759399414e-01 1.375733166933059692e-01
5.705462098121643066e-01 1.385146230459213257e-01
5.570511221885681152e-01 1.402838081121444702e-01
5.500536561012268066e-01 1.411239057779312134e-01
5.382018089294433594e-01 1.424267590045928955e-01
5.246214866638183594e-01 1.437342315912246704e-01
5.182320475578308105e-01 1.442809998989105225e-01
5.126650333404541016e-01 1.447216272354125977e-01
4.983465969562530518e-01 1.457027047872543335e-01
4.855600297451019287e-01 1.463934779167175293e-01
4.738816022872924805e-01 1.468717604875564575e-01
4.561295807361602783e-01 1.473197788000106812e-01
4.469000399112701416e-01 1.474198997020721436e-01
4.442824423313140869e-01 1.474317163228988647e-01
4.354248046875000000e-01 1.474175602197647095e-01
4.262203574180603027e-01 1.473140567541122437e-01
4.169018864631652832e-01 1.471171230077743530e-01
4.130764901638031006e-01 1.470094621181488037e-01
4.010769724845886230e-01 1.465701162815093994e-01
3.810748755931854248e-01 1.454949676990509033e-01
3.734821379184722900e-01 1.449743807315826416e-01
3.630981445312500000e-01 1.441618800163269043e-01
3.552128970623016357e-01 1.434670835733413696e-01
3.357279300689697266e-01 1.414609700441360474e-01
3.301146924495697021e-01 1.408062130212783813e-01
3.199634850025177002e-01 1.395343095064163208e-01
3.082689344882965088e-01 1.379280388355255127e-01
2.996919453144073486e-01 1.366532295942306519e-01
2.882158160209655762e-01 1.348183751106262207e-01
2.703195214271545410e-01 1.316580623388290405e-01
2.623167634010314941e-01 1.301251947879791260e-01
2.458457648754119873e-01 1.267327219247817993e-01
2.356605976819992065e-01 1.244717463850975037e-01
2.170778810977935791e-01 1.200153827667236328e-01
2.030295282602310181e-01 1.163523048162460327e-01
1.936398893594741821e-01 1.137570366263389587e-01
1.828775107860565186e-01 1.106318831443786621e-01
1.738729029893875122e-01 1.078891158103942871e-01
1.679923832416534424e-01 1.060326024889945984e-01
1.569099128246307373e-01 1.023877039551734924e-01
1.469012647867202759e-01 9.892402589321136475e-02
1.359592974185943604e-01 9.493855386972427368e-02
1.269631385803222656e-01 9.149569272994995117e-02
1.189550012350082397e-01 8.829577267169952393e-02
1.098828241229057312e-01 8.450545370578765869e-02
9.814026951789855957e-02 7.931462675333023071e-02
8.739428967237472534e-02 7.424999028444290161e-02
7.982034236192703247e-02 7.047741860151290894e-02
6.782025098800659180e-02 6.410682946443557739e-02
6.263154000043869019e-02 6.118330731987953186e-02
5.309607461094856262e-02 5.550181493163108826e-02
4.688397422432899475e-02 5.155484750866889954e-02
3.680831193923950195e-02 4.465756937861442566e-02
2.864308468997478485e-02 3.851604089140892029e-02
2.107378095388412476e-02 3.225212544202804565e-02
1.437059603631496429e-02 2.609612792730331421e-02
6.838078144937753677e-03 1.817648485302925110e-02
2.725833561271429062e-03 1.313242875039577484e-02
1.578526425873860717e-04 9.530406445264816284e-03
-2.760675968602299690e-03 4.612203687429428101e-03
-3.621203824877738953e-03 2.824832452461123466e-03
-4.555393476039171219e-03 4.777150752488523722e-04
-5.198528524488210678e-03 -1.741372514516115189e-03
-5.611899308860301971e-03 -4.994574934244155884e-03
-5.315623711794614792e-03 -7.746445015072822571e-03
-4.338696599006652832e-03 -1.025206595659255981e-02
3.696889325510710478e-04 -1.498345565050840378e-02
6.429821252822875977e-03 -1.792946457862854004e-02
1.009384263306856155e-02 -1.916298456490039825e-02
1.547869667410850525e-02 -2.059295773506164551e-02
2.240600250661373138e-02 -2.202169224619865417e-02
3.071301616728305817e-02 -2.336375601589679718e-02
3.954011946916580200e-02 -2.450909279286861420e-02
4.764803498983383179e-02 -2.538797818124294281e-02
5.625155195593833923e-02 -2.618852816522121429e-02
6.911903619766235352e-02 -2.719653770327568054e-02
7.684344798326492310e-02 -2.771595120429992676e-02
9.710419923067092896e-02 -2.884320542216300964e-02
1.074100732803344727e-01 -2.930916845798492432e-02
1.154960021376609802e-01 -2.963178046047687531e-02
1.313304454088211060e-01 -3.016610257327556610e-02
1.388133764266967773e-01 -3.037775866687297821e-02
1.477289199829101562e-01 -3.059852868318557739e-02
1.542970985174179077e-01 -3.074050322175025940e-02
1.669154167175292969e-01 -3.096700087189674377e-02
1.719119399785995483e-01 -3.104069456458091736e-02
1.830797493457794189e-01 -3.117440454661846161e-02
1.952653825283050537e-01 -3.127385303378105164e-02
2.060517817735671997e-01 -3.132375329732894897e-02
2.093604803085327148e-01 -3.133218735456466675e-02
2.257225960493087769e-01 -3.132871165871620178e-02
2.340058237314224243e-01 -3.129950165748596191e-02
2.473237961530685425e-01 -3.121598437428474426e-02
2.582084536552429199e-01 -3.111584484577178955e-02
2.713360786437988281e-01 -3.095894306898117065e-02
2.768366932868957520e-01 -3.088197112083435059e-02
2.945955693721771240e-01 -3.059055097401142120e-02
3.043139576911926270e-01 -3.040474280714988708e-02
3.253951072692871094e-01 -2.994247898459434509e-02
3.312449753284454346e-01 -2.980072796344757080e-02
3.424492776393890381e-01 -2.951403521001338959e-02
3.545745015144348145e-01 -2.918255887925624847e-02
3.690431118011474609e-01 -2.876050956547260284e-02
3.739696741104125977e-01 -2.861071005463600159e-02
3.870626091957092285e-01 -2.819886617362499237e-02
3.961249291896820068e-01 -2.790306881070137024e-02
4.043005406856536865e-01 -2.762945368885993958e-02
4.115568101406097412e-01 -2.738172933459281921e-02
4.246915280818939209e-01 -2.692312002182006836e-02
4.378319084644317627e-01 -2.645342051982879639e-02
4.564171135425567627e-01 -2.577582560479640961e-02
4.668133258819580078e-01 -2.539264783263206482e-02
4.848996698856353760e-01 -2.472397126257419586e-02
4.913623929023742676e-01 -2.448556572198867798e-02
5.047245621681213379e-01 -2.399556338787078857e-02
5.126041769981384277e-01 -2.370936237275600433e-02
5.312399864196777344e-01 -2.304423786699771881e-02
5.416933894157409668e-01 -2.268023788928985596e-02
5.539768934249877930e-01 -2.226251922547817230e-02
5.692881345748901367e-01 -2.175875753164291382e-02
5.761689543724060059e-01 -2.153891511261463165e-02
5.955792069435119629e-01 -2.094153501093387604e-02
6.036446690559387207e-01 -2.070323191583156586e-02
6.140729188919067383e-01 -2.040353044867515564e-02
6.204968094825744629e-01 -2.022346109151840210e-02
6.298161745071411133e-01 -1.996804773807525635e-02
6.462002992630004883e-01 -1.953401230275630951e-02
6.585916280746459961e-01 -1.921642385423183441e-02
6.686677932739257812e-01 -1.896334625780582428e-02
6.796829700469970703e-01 -1.869038864970207214e-02
6.853449940681457520e-01 -1.855103112757205963e-02
7.012081146240234375e-01 -1.816133037209510803e-02
7.146009802818298340e-01 -1.782970875501632690e-02
7.271113395690917969e-01 -1.751417294144630432e-02
7.443612813949584961e-01 -1.706380769610404968e-02
7.529090642929077148e-01 -1.683164015412330627e-02
7.729923725128173828e-01 -1.625478081405162811e-02
7.882655262947082520e-01 -1.577916182577610016e-02
8.093491196632385254e-01 -1.505564432591199875e-02
8.179946541786193848e-01 -1.473226211965084076e-02
8.336318135261535645e-01 -1.410084962844848633e-02
8.430771827697753906e-01 -1.368671096861362457e-02
8.512496948242187500e-01 -1.330597978085279465e-02
8.616595864295959473e-01 -1.278762053698301315e-02
8.848305940628051758e-01 -1.147534791380167007e-02
8.928030729293823242e-01 -1.096352376043796539e-02
9.134429693222045898e-01 -9.453639388084411621e-03
9.218557476997375488e-01 -8.743172511458396912e-03
9.395092129707336426e-01 -7.001167628914117813e-03
9.466912746429443359e-01 -6.159680429846048355e-03
9.615048170089721680e-01 -4.027046263217926025e-03
9.674134850502014160e-01 -2.942305989563465118e-03
9.694324135780334473e-01 -2.526619471609592438e-03
9.704996943473815918e-01 -2.296143444254994392e-03
