9.624956846237182617e-01 3.110689343884587288e-03
9.616481661796569824e-01 3.353409934788942337e-03
9.584929347038269043e-01 4.175970330834388733e-03
9.524327516555786133e-01 5.531810689717531204e-03
9.438254237174987793e-01 7.187806069850921631e-03
9.383724927902221680e-01 8.143343962728977203e-03
9.291772246360778809e-01 9.654856286942958832e-03
9.259299039840698242e-01 1.016697566956281662e-02
9.193189144134521484e-01 1.118408981710672379e-02
9.116497635841369629e-01 1.233073975890874863e-02
8.978528380393981934e-01 1.433219015598297119e-02
8.942103981971740723e-01 1.485126558691263199e-02
8.874605894088745117e-01 1.580571942031383514e-02
8.762818574905395508e-01 1.737071573734283447e-02
8.689687848091125488e-01 1.838724128901958466e-02
8.621203303337097168e-01 1.933584176003932953e-02
8.507017493247985840e-01 2.091335691511631012e-02
8.422389030456542969e-01 2.208117954432964325e-02
8.311203718185424805e-01 2.361608482897281647e-02
8.243752121925354004e-01 2.454837225377559662e-02
8.092573881149291992e-01 2.664274536073207855e-02
8.021163940429687500e-01 2.763485535979270935e-02
7.889260053634643555e-01 2.947261370718479156e-02
7.853980660438537598e-01 2.996527589857578278e-02
7.767091393470764160e-01 3.118054755032062531e-02
7.696402072906494141e-01 3.217101842164993286e-02
7.521715760231018066e-01 3.462390601634979248e-02
7.459886670112609863e-01 3.549301251769065857e-02
7.360313534736633301e-01 3.689264133572578430e-02
7.280786037445068359e-01 3.800961747765541077e-02
7.204864621162414551e-01 3.907432779669761658e-02
7.065002918243408203e-01 4.102878645062446594e-02
6.885199546813964844e-01 4.352032020688056946e-02
6.811812520027160645e-01 4.452773183584213257e-02
6.730398535728454590e-01 4.563713446259498596e-02
6.653594970703125000e-01 4.667475819587707520e-02
6.473653316497802734e-01 4.906538873910903931e-02
6.330680847167968750e-01 5.091686174273490906e-02
6.173704266548156738e-01 5.289205908775329590e-02
6.124076843261718750e-01 5.350260064005851746e-02
5.966734886169433594e-01 5.539019405841827393e-02
5.818172097206115723e-01 5.710019543766975403e-02
5.669295191764831543e-01 5.873779952526092529e-02
5.595574975013732910e-01 5.951900035142898560e-02
5.438333749771118164e-01 6.111668422818183899e-02
5.372564196586608887e-01 6.175643578171730042e-02
5.228325724601745605e-01 6.309882551431655884e-02
5.084661841392517090e-01 6.435099989175796509e-02
5.003913044929504395e-01 6.501688808202743530e-02
4.913299679756164551e-01 6.573115289211273193e-02
4.656864106655120850e-01 6.756012886762619019e-02
4.526354372501373291e-01 6.838011741638183594e-02
4.387853145599365234e-01 6.916733086109161377e-02
4.273203015327453613e-01 6.975360214710235596e-02
4.101313054561614990e-01 7.052041590213775635e-02
4.011218845844268799e-01 7.086797803640365601e-02
3.818258941173553467e-01 7.148475944995880127e-02
3.737430274486541748e-01 7.169070839881896973e-02
3.582656085491180420e-01 7.199717313051223755e-02
3.471394181251525879e-01 7.214486598968505859e-02
3.393204510211944580e-01 7.221166044473648071e-02
3.137603998184204102e-01 7.221050560474395752e-02
2.886629402637481689e-01 7.186710834503173828e-02
2.766660451889038086e-01 7.157600671052932739e-02
2.690158784389495850e-01 7.134536653757095337e-02
2.580330073833465576e-01 7.095061242580413818e-02
2.417090833187103271e-01 7.021848857402801514e-02
2.320033758878707886e-01 6.969607621431350708e-02
2.220647037029266357e-01 6.908973306417465210e-02
2.091110646724700928e-01 6.818438321352005005e-02
1.975811272859573364e-01 6.726128607988357544e-02
1.875879466533660889e-01 6.636509299278259277e-02
1.813106834888458252e-01 6.575344502925872803e-02
1.604273170232772827e-01 6.342142075300216675e-02
1.507543027400970459e-01 6.216982007026672363e-02
1.379201412200927734e-01 6.031829491257667542e-02
1.248709782958030701e-01 5.818421393632888794e-02
1.103574112057685852e-01 5.546467751264572144e-02
1.009223535656929016e-01 5.346946790814399719e-02
9.306644648313522339e-02 5.165066570043563843e-02
8.727295696735382080e-02 5.020669847726821899e-02
6.750768423080444336e-02 4.448850825428962708e-02
5.844882875680923462e-02 4.135739430785179138e-02
5.034375935792922974e-02 3.819987922906875610e-02
4.193598404526710510e-02 3.447506204247474670e-02
3.618716821074485779e-02 3.159121796488761902e-02
3.195066377520561218e-02 2.924172393977642059e-02
2.758140116930007935e-02 2.656480669975280762e-02
2.270361781120300293e-02 2.316915430128574371e-02
1.974132470786571503e-02 2.081376500427722931e-02
1.632257550954818726e-02 1.767545193433761597e-02
1.274870987981557846e-02 1.353227347135543823e-02
9.674528613686561584e-03 7.652291096746921539e-03
9.375947527587413788e-03 6.464177276939153671e-03
9.154714643955230713e-03 4.291526507586240768e-03
9.845915250480175018e-03 7.242716383188962936e-04
1.096365042030811310e-02 -1.331996521912515163e-03
1.192136108875274658e-02 -2.547056879848241806e-03
1.238918583840131760e-02 -3.049240214750170708e-03
1.387672871351242065e-02 -4.399411380290985107e-03
1.610002294182777405e-02 -5.984082818031311035e-03
2.028077095746994019e-02 -8.220673538744449615e-03
2.374652959406375885e-02 -9.661053307354450226e-03
2.634454704821109772e-02 -1.058532483875751495e-02
3.173411637544631958e-02 -1.221114117652177811e-02
3.493193909525871277e-02 -1.303850021213293076e-02
4.341919720172882080e-02 -1.489157974720001221e-02
5.742589011788368225e-02 -1.722501218318939209e-02
7.260055840015411377e-02 -1.909998618066310883e-02
9.609233587980270386e-02 -2.111226506531238556e-02
1.009489670395851135e-01 -2.142242714762687683e-02
1.114948913455009460e-01 -2.199030108749866486e-02
1.219784170389175415e-01 -2.242404781281948090e-02
1.343504190444946289e-01 -2.278563939034938812e-02
1.421820223331451416e-01 -2.293803356587886810e-02
1.513475626707077026e-01 -2.304729819297790527e-02
1.639623045921325684e-01 -2.308582700788974762e-02
1.710589528083801270e-01 -2.305506542325019836e-02
1.777399331331253052e-01 -2.299410291016101837e-02
1.923490017652511597e-01 -2.276107110083103180e-02
2.019616067409515381e-01 -2.253948338329792023e-02
2.089491784572601318e-01 -2.234740741550922394e-02
2.206485718488693237e-01 -2.197213098406791687e-02
2.306704968214035034e-01 -2.160173468291759491e-02
2.457027286291122437e-01 -2.097084000706672668e-02
2.517842948436737061e-01 -2.069243602454662323e-02
2.759509980678558350e-01 -1.947309449315071106e-02
2.871415913105010986e-01 -1.885592192411422729e-02
2.973323166370391846e-01 -1.826973818242549896e-02
3.124155998229980469e-01 -1.736599951982498169e-02
3.218989074230194092e-01 -1.677901111543178558e-02
3.321186304092407227e-01 -1.613289117813110352e-02
3.419584333896636963e-01 -1.549958158284425735e-02
3.467421531677246094e-01 -1.518829260021448135e-02
3.541775941848754883e-01 -1.470072381198406219e-02
3.622910976409912109e-01 -1.416426524519920349e-02
3.984851539134979248e-01 -1.173847354948520660e-02
4.034439921379089355e-01 -1.140460651367902756e-02
4.128255844116210938e-01 -1.077354978770017624e-02
4.227440357208251953e-01 -1.010827161371707916e-02
4.456400871276855469e-01 -8.586407639086246490e-03
4.566791653633117676e-01 -7.862647064030170441e-03
4.628764986991882324e-01 -7.459913846105337143e-03
4.752894937992095947e-01 -6.662099156528711319e-03
4.932792484760284424e-01 -5.529666785150766373e-03
4.987877607345581055e-01 -5.189160816371440887e-03
5.093569159507751465e-01 -4.544754046946763992e-03
5.225597023963928223e-01 -3.757187165319919586e-03
5.295397043228149414e-01 -3.349070670083165169e-03
5.448557138442993164e-01 -2.474567620083689690e-03
5.541068911552429199e-01 -1.960882218554615974e-03
5.659713745117187500e-01 -1.318676513619720936e-03
5.832573771476745605e-01 -4.174206696916371584e-04
5.929217338562011719e-01 6.822230352554470301e-05
6.100188493728637695e-01 8.945454610511660576e-04
6.214908361434936523e-01 1.425039488822221756e-03
6.318869590759277344e-01 1.888821250759065151e-03
6.389808654785156250e-01 2.195879584178328514e-03
6.533687710762023926e-01 2.794733503833413124e-03
6.665629744529724121e-01 3.314965171739459038e-03
6.744104027748107910e-01 3.610830754041671753e-03
6.852257251739501953e-01 4.001458641141653061e-03
6.975126266479492188e-01 4.420243669301271439e-03
7.054927349090576172e-01 4.677410703152418137e-03
7.179190516471862793e-01 5.053487140685319901e-03
7.353018522262573242e-01 5.526736378669738770e-03
7.453470230102539062e-01 5.770193412899971008e-03
7.571113705635070801e-01 6.025338079780340195e-03
7.709850668907165527e-01 6.281749811023473740e-03
7.786895036697387695e-01 6.401924882084131241e-03
7.952464818954467773e-01 6.601959932595491409e-03
8.021574616432189941e-01 6.660227663815021515e-03
8.111355900764465332e-01 6.711941678076982498e-03
8.199629187583923340e-01 6.734630092978477478e-03
8.293147683143615723e-01 6.725860759615898132e-03
8.344395756721496582e-01 6.705739069730043411e-03
8.491995334625244141e-01 6.581339985132217407e-03
8.566659092903137207e-01 6.477174349129199982e-03
8.711845874786376953e-01 6.183569785207509995e-03
8.773627877235412598e-01 6.017623469233512878e-03
8.879947662353515625e-01 5.665873177349567413e-03
8.932987451553344727e-01 5.455373320728540421e-03
9.043107032775878906e-01 4.931797273457050323e-03
9.085850119590759277e-01 4.692873917520046234e-03
9.156469106674194336e-01 4.247455392032861710e-03
9.219400286674499512e-01 3.790098708122968674e-03
9.293708801269531250e-01 3.163948887959122658e-03
9.392274618148803711e-01 2.158489078283309937e-03
9.467504024505615234e-01 1.225876156240701675e-03
9.543974399566650391e-01 1.019737319438718259e-04
9.595762491226196289e-01 -7.676083478145301342e-04
9.620919227600097656e-01 -1.219995669089257717e-03
