9.691681265830993652e-01 5.273050628602504730e-04
9.688134789466857910e-01 6.965222419239580631e-04
9.660136103630065918e-01 1.944934716448187828e-03
9.592441916465759277e-01 4.694662056863307953e-03
9.410020709037780762e-01 1.161061972379684448e-02
9.327132105827331543e-01 1.468396093696355820e-02
9.189625382423400879e-01 1.976072229444980621e-02
9.111216068267822266e-01 2.265424653887748718e-02
8.992125391960144043e-01 2.705523185431957245e-02
8.875417709350585938e-01 3.137930110096931458e-02
8.681061267852783203e-01 3.860611841082572937e-02
8.641320466995239258e-01 4.008725658059120178e-02
8.573839068412780762e-01 4.260411486029624939e-02
8.448948264122009277e-01 4.726624116301536560e-02
8.287650942802429199e-01 5.328631773591041565e-02
8.248577117919921875e-01 5.474301427602767944e-02
8.130568265914916992e-01 5.913478136062622070e-02
8.031175136566162109e-01 6.282096356153488159e-02
7.917277216911315918e-01 6.702535599470138550e-02
7.863116860389709473e-01 6.901560723781585693e-02
7.667697072029113770e-01 7.613582164049148560e-02
7.518960237503051758e-01 8.147820085287094116e-02
7.365916967391967773e-01 8.689124137163162231e-02
7.320633530616760254e-01 8.847476541996002197e-02
7.175889015197753906e-01 9.347515553236007690e-02
7.092131972312927246e-01 9.632336348295211792e-02
6.927564740180969238e-01 1.018144413828849792e-01
6.879479289054870605e-01 1.033910214900970459e-01
6.738359928131103516e-01 1.079406291246414185e-01
6.677500605583190918e-01 1.098655313253402710e-01
6.575443148612976074e-01 1.130409613251686096e-01
6.407023072242736816e-01 1.181296184659004211e-01
6.230766773223876953e-01 1.232400462031364441e-01
6.173115372657775879e-01 1.248613074421882629e-01
6.058382987976074219e-01 1.280104070901870728e-01
5.995171666145324707e-01 1.297002434730529785e-01
5.896682739257812500e-01 1.322667896747589111e-01
5.770245194435119629e-01 1.354392021894454956e-01
5.648405551910400391e-01 1.383605450391769409e-01
5.589025020599365234e-01 1.397345066070556641e-01
5.435397028923034668e-01 1.431312561035156250e-01
5.372582674026489258e-01 1.444527208805084229e-01
5.235389471054077148e-01 1.471977680921554565e-01
5.145397186279296875e-01 1.488902419805526733e-01
5.060499906539916992e-01 1.504060029983520508e-01
4.995531737804412842e-01 1.515117287635803223e-01
4.820601642131805420e-01 1.542487591505050659e-01
4.718512594699859619e-01 1.556796282529830933e-01
4.635653793811798096e-01 1.567483991384506226e-01
4.491433799266815186e-01 1.584060788154602051e-01
4.359259307384490967e-01 1.596941649913787842e-01
4.282833337783813477e-01 1.603361517190933228e-01
4.182190299034118652e-01 1.610645204782485962e-01
4.082706570625305176e-01 1.616522073745727539e-01
3.907867372035980225e-01 1.623610109090805054e-01
3.866205215454101562e-01 1.624681949615478516e-01
3.776649236679077148e-01 1.626174896955490112e-01
3.684045672416687012e-01 1.626543253660202026e-01
3.575642704963684082e-01 1.625443547964096069e-01
3.432064056396484375e-01 1.621419489383697510e-01
3.285601437091827393e-01 1.614266633987426758e-01
3.152579963207244873e-01 1.605070382356643677e-01
3.097209036350250244e-01 1.600477099418640137e-01
2.948754429817199707e-01 1.585920304059982300e-01
2.876929044723510742e-01 1.577692180871963501e-01
2.799948751926422119e-01 1.568005830049514771e-01
2.753857076168060303e-01 1.561772674322128296e-01
2.547287344932556152e-01 1.529783606529235840e-01
2.486570328474044800e-01 1.519097536802291870e-01
2.329866141080856323e-01 1.488744765520095825e-01
2.245537191629409790e-01 1.470716297626495361e-01
2.104687690734863281e-01 1.437865197658538818e-01
2.012361735105514526e-01 1.414408385753631592e-01
1.748077869415283203e-01 1.338293701410293579e-01
1.594915539026260376e-01 1.287603080272674561e-01
1.466927975416183472e-01 1.241159886121749878e-01
1.418828070163726807e-01 1.222676709294319153e-01
1.319802105426788330e-01 1.182736679911613464e-01
1.244209259748458862e-01 1.150440275669097900e-01
1.181296780705451965e-01 1.122289896011352539e-01
1.109591796994209290e-01 1.088709756731987000e-01
1.018881350755691528e-01 1.043780595064163208e-01
8.299210667610168457e-02 9.402927756309509277e-02
7.339929044246673584e-02 8.818653970956802368e-02
6.138645485043525696e-02 8.020754158496856689e-02
5.364864692091941833e-02 7.462005317211151123e-02
4.824033752083778381e-02 7.047738134860992432e-02
4.300779476761817932e-02 6.626302003860473633e-02
3.550856560468673706e-02 5.982636660337448120e-02
3.168231993913650513e-02 5.634056031703948975e-02
2.489456720650196075e-02 4.977085813879966736e-02
1.782583259046077728e-02 4.231187701225280762e-02
1.216658111661672592e-02 3.577600419521331787e-02
9.111902676522731781e-03 3.198804706335067749e-02
4.794450942426919937e-03 2.623722516000270844e-02
-5.423145485110580921e-04 1.822059601545333862e-02
-3.151413286104798317e-03 1.371543668210506439e-02
-7.311051245778799057e-03 4.680428188294172287e-03
-7.958092726767063141e-03 2.765912562608718872e-03
-8.510458283126354218e-03 8.100931881926953793e-04
-8.907740004360675812e-03 -9.896405972540378571e-04
-9.319878183305263519e-03 -4.923845641314983368e-03
-9.135556407272815704e-03 -7.614250760525465012e-03
-8.405710570514202118e-03 -1.036682445555925369e-02
-4.415147472172975540e-03 -1.575726643204689026e-02
-9.059800649993121624e-04 -1.805636286735534668e-02
2.259710570797324181e-03 -1.948229968547821045e-02
4.750323947519063950e-03 -2.035130001604557037e-02
1.816971413791179657e-02 -2.306531555950641632e-02
2.647116780281066895e-02 -2.385796979069709778e-02
3.310197219252586365e-02 -2.422120049595832825e-02
4.084594547748565674e-02 -2.443052269518375397e-02
5.764506384730339050e-02 -2.433861233294010162e-02
7.499162107706069946e-02 -2.373100444674491882e-02
8.439932763576507568e-02 -2.325480617582798004e-02
1.037306040525436401e-01 -2.205008082091808319e-02
1.214857995510101318e-01 -2.075024880468845367e-02
1.280421763658523560e-01 -2.023573964834213257e-02
1.368084847927093506e-01 -1.952454634010791779e-02
1.462488621473312378e-01 -1.873344182968139648e-02
1.582766324281692505e-01 -1.769459247589111328e-02
1.648380756378173828e-01 -1.711589656770229340e-02
1.763377189636230469e-01 -1.608536951243877411e-02
1.816916614770889282e-01 -1.559970155358314514e-02
1.995831578969955444e-01 -1.395678985863924026e-02
2.118974328041076660e-01 -1.281383354216814041e-02
2.333700954914093018e-01 -1.081062760204076767e-02
2.393906861543655396e-01 -1.024869363754987717e-02
2.496352195739746094e-01 -9.294015355408191681e-03
2.610916793346405029e-01 -8.230403997004032135e-03
2.731339335441589355e-01 -7.119258400052785873e-03
2.843777835369110107e-01 -6.090219132602214813e-03
2.998270392417907715e-01 -4.693083465099334717e-03
3.033930957317352295e-01 -4.373793490231037140e-03
3.191589415073394775e-01 -2.978795906528830528e-03
3.313573598861694336e-01 -1.920343958772718906e-03
3.487274944782257080e-01 -4.496024630498141050e-04
3.541937768459320068e-01 3.393840188437025063e-06
3.625132739543914795e-01 6.829898920841515064e-04
3.723056912422180176e-01 1.466680667363107204e-03
3.830837607383728027e-01 2.307404065504670143e-03
3.914814293384552002e-01 2.945387968793511391e-03
4.054925739765167236e-01 3.973789513111114502e-03
4.100146889686584473e-01 4.295462276786565781e-03
4.245543479919433594e-01 5.293123889714479446e-03
4.297088086605072021e-01 5.632673390209674835e-03
4.389915466308593750e-01 6.224281154572963715e-03
4.580401182174682617e-01 7.352356333285570145e-03
4.745389819145202637e-01 8.227284997701644897e-03
4.843406677246093750e-01 8.698209188878536224e-03
4.946729540824890137e-01 9.152673184871673584e-03
5.035513043403625488e-01 9.507194161415100098e-03
5.136455297470092773e-01 9.868162684142589569e-03
5.201163291931152344e-01 1.007523015141487122e-02
5.405153632164001465e-01 1.059874799102544785e-02
5.547259449958801270e-01 1.084378547966480255e-02
5.673874020576477051e-01 1.097756158560514450e-02
5.793030261993408203e-01 1.103044115006923676e-02
5.873250961303710938e-01 1.102644763886928558e-02
6.044107675552368164e-01 1.091388333588838577e-02
6.103430986404418945e-01 1.084251794964075089e-02
6.271846890449523926e-01 1.055331621319055557e-02
6.351642012596130371e-01 1.037353835999965668e-02
6.419607400894165039e-01 1.019987463951110840e-02
6.607816219329833984e-01 9.626787155866622925e-03
6.686018705368041992e-01 9.351752698421478271e-03
6.764405965805053711e-01 9.056146256625652313e-03
6.890665292739868164e-01 8.541294373571872711e-03
6.955440640449523926e-01 8.260075934231281281e-03
7.081277370452880859e-01 7.683992851525545120e-03
7.201511263847351074e-01 7.100766059011220932e-03
7.284475564956665039e-01 6.681981030851602554e-03
7.422872781753540039e-01 5.957930814474821091e-03
7.540388107299804688e-01 5.322193261235952377e-03
7.718436121940612793e-01 4.331161268055438995e-03
7.822286486625671387e-01 3.742025000974535942e-03
7.990483045578002930e-01 2.778155263513326645e-03
8.056268095970153809e-01 2.399834105744957924e-03
8.228293061256408691e-01 1.413325895555317402e-03
8.386991024017333984e-01 5.151982768438756466e-04
8.502565026283264160e-01 -1.254732633242383599e-04
8.600617647171020508e-01 -6.563297938555479050e-04
8.701623678207397461e-01 -1.187409390695393085e-03
8.777906298637390137e-01 -1.575484639033675194e-03
9.012842178344726562e-01 -2.675571013242006302e-03
9.144912958145141602e-01 -3.207129426300525665e-03
9.280065298080444336e-01 -3.656716784462332726e-03
9.403865933418273926e-01 -3.951199352741241455e-03
9.562612771987915039e-01 -4.080290440469980240e-03
9.630287885665893555e-01 -4.015020094811916351e-03
9.665498733520507812e-01 -3.947379067540168762e-03
9.681695699691772461e-01 -3.908887971192598343e-03
