9.680154323577880859e-01 3.476022975519299507e-03
9.676243066787719727e-01 3.586786333471536636e-03
9.659262299537658691e-01 4.055448342114686966e-03
9.599530100822448730e-01 5.625474732369184494e-03
9.421331882476806641e-01 1.013153046369552612e-02
9.330378174781799316e-01 1.242477260529994965e-02
9.223182201385498047e-01 1.514809392392635345e-02
9.193070530891418457e-01 1.591831073164939880e-02
9.037774801254272461e-01 1.993257738649845123e-02
8.987657427787780762e-01 2.124400623142719269e-02
8.789017796516418457e-01 2.651975676417350769e-02
8.750848174095153809e-01 2.754747122526168823e-02
8.636223077774047852e-01 3.065943531692028046e-02
8.526299595832824707e-01 3.367737308144569397e-02
8.317483067512512207e-01 3.948637843132019043e-02
8.248465657234191895e-01 4.142378643155097961e-02
8.152744770050048828e-01 4.412088915705680847e-02
7.998787760734558105e-01 4.847424477338790894e-02
7.910873889923095703e-01 5.096276476979255676e-02
7.835239171981811523e-01 5.310192704200744629e-02
7.640078663825988770e-01 5.859795957803726196e-02
7.581169605255126953e-01 6.024602800607681274e-02
7.463855147361755371e-01 6.350668519735336304e-02
7.394652366638183594e-01 6.541409343481063843e-02
7.273114919662475586e-01 6.872978806495666504e-02
7.231699228286743164e-01 6.984853744506835938e-02
7.074686884880065918e-01 7.403139024972915649e-02
6.964774131774902344e-01 7.689841091632843018e-02
6.888074874877929688e-01 7.886628061532974243e-02
6.756895780563354492e-01 8.216439932584762573e-02
6.689696907997131348e-01 8.381903916597366333e-02
6.624306440353393555e-01 8.540526777505874634e-02
6.324754953384399414e-01 9.235030412673950195e-02
6.276137232780456543e-01 9.342497587203979492e-02
6.122558712959289551e-01 9.671762585639953613e-02
6.073584556579589844e-01 9.773425012826919556e-02
5.940593481063842773e-01 1.004111245274543762e-01
5.873445272445678711e-01 1.017153188586235046e-01
5.711122751235961914e-01 1.047328412532806396e-01
5.634160041809082031e-01 1.060954779386520386e-01
5.510742664337158203e-01 1.081871166825294495e-01
5.449008941650390625e-01 1.091895401477813721e-01
5.234149694442749023e-01 1.124456152319908142e-01
5.109617710113525391e-01 1.141639798879623413e-01
5.046625137329101562e-01 1.149851977825164795e-01
4.981611669063568115e-01 1.157983914017677307e-01
4.805488288402557373e-01 1.178244352340698242e-01
4.721778035163879395e-01 1.186954155564308167e-01
4.566278159618377686e-01 1.201532855629920959e-01
4.448297619819641113e-01 1.211185231804847717e-01
4.257778823375701904e-01 1.224153488874435425e-01
4.121208488941192627e-01 1.231422573328018188e-01
4.019699692726135254e-01 1.235707476735115051e-01
3.945810794830322266e-01 1.238219141960144043e-01
3.857609927654266357e-01 1.240538284182548523e-01
3.726943135261535645e-01 1.242597177624702454e-01
3.681438267230987549e-01 1.242923140525817871e-01
3.625950515270233154e-01 1.243043839931488037e-01
3.469493091106414795e-01 1.241725161671638489e-01
3.411943018436431885e-01 1.240614652633666992e-01
3.317624032497406006e-01 1.238053962588310242e-01
3.179871737957000732e-01 1.232630461454391479e-01
3.008625209331512451e-01 1.223028227686882019e-01
2.929110527038574219e-01 1.217461302876472473e-01
2.763330638408660889e-01 1.203521415591239929e-01
2.700597643852233887e-01 1.197402253746986389e-01
2.534462213516235352e-01 1.178873926401138306e-01
2.504327893257141113e-01 1.175142303109169006e-01
2.417487204074859619e-01 1.163733825087547302e-01
2.273123860359191895e-01 1.142547726631164551e-01
2.194530665874481201e-01 1.129803359508514404e-01
1.986268013715744019e-01 1.091654151678085327e-01
1.890742480754852295e-01 1.071902438998222351e-01
1.783362776041030884e-01 1.047888174653053284e-01
1.730824112892150879e-01 1.035406216979026794e-01
1.622474044561386108e-01 1.008062288165092468e-01
1.483792960643768311e-01 9.697008877992630005e-02
1.384914815425872803e-01 9.398463368415832520e-02
1.292520463466644287e-01 9.098973870277404785e-02
1.204675883054733276e-01 8.794310688972473145e-02
1.124494895339012146e-01 8.497840911149978638e-02
9.164004772901535034e-02 7.634899765253067017e-02
8.024053275585174561e-02 7.095008343458175659e-02
7.077399641275405884e-02 6.603132933378219604e-02
5.534289777278900146e-02 5.698272585868835449e-02
4.865867272019386292e-02 5.258004367351531982e-02
4.457699134945869446e-02 4.971830919384956360e-02
3.746437281370162964e-02 4.436458274722099304e-02
3.255568817257881165e-02 4.034910723567008972e-02
2.885350584983825684e-02 3.711152076721191406e-02
2.353531494736671448e-02 3.207239881157875061e-02
1.980301551520824432e-02 2.818707935512065887e-02
1.469671633094549179e-02 2.219633758068084717e-02
1.292998343706130981e-02 1.985766179859638214e-02
9.903720580041408539e-03 1.531687285751104355e-02
7.924290373921394348e-03 1.169480476528406143e-02
6.917821243405342102e-03 9.433099068701267242e-03
5.816330667585134506e-03 6.088873837143182755e-03
5.259669851511716843e-03 1.732050906866788864e-03
5.382309667766094208e-03 8.681250619702041149e-05
5.699404515326023102e-03 -1.433591940440237522e-03
6.358243525028228760e-03 -3.198935650289058685e-03
9.819658473134040833e-03 -7.589445915073156357e-03
1.148121245205402374e-02 -8.862341754138469696e-03
1.481899432837963104e-02 -1.081020012497901917e-02
2.040171995759010315e-02 -1.312131434679031372e-02
2.731662243604660034e-02 -1.516507845371961594e-02
3.421694040298461914e-02 -1.672430150210857391e-02
4.473828896880149841e-02 -1.858929730951786041e-02
4.890618845820426941e-02 -1.921781525015830994e-02
5.445786938071250916e-02 -1.998693868517875671e-02
6.453261524438858032e-02 -2.123352885246276855e-02
7.187250256538391113e-02 -2.205162309110164642e-02
8.184994012117385864e-02 -2.307316660881042480e-02
1.009354665875434875e-01 -2.480822056531906128e-02
1.468374580144882202e-01 -2.809450589120388031e-02
1.622009575366973877e-01 -2.894035167992115021e-02
1.728669404983520508e-01 -2.945332229137420654e-02
1.873341351747512817e-01 -3.005188517272472382e-02
1.915237903594970703e-01 -3.020437061786651611e-02
2.184821665287017822e-01 -3.096380271017551422e-02
2.233066111803054810e-01 -3.105968236923217773e-02
2.265616059303283691e-01 -3.111760504543781281e-02
2.342589199542999268e-01 -3.123305551707744598e-02
2.568622231483459473e-01 -3.140038624405860901e-02
2.668837308883666992e-01 -3.139461576938629150e-02
2.796798348426818848e-01 -3.131803125143051147e-02
2.867456674575805664e-01 -3.124315664172172546e-02
2.924583554267883301e-01 -3.116603568196296692e-02
2.971279621124267578e-01 -3.109211288392543793e-02
3.135100603103637695e-01 -3.075706027448177338e-02
3.246679902076721191e-01 -3.046321496367454529e-02
3.430690765380859375e-01 -2.986712753772735596e-02
3.497633934020996094e-01 -2.961698547005653381e-02
3.643117547035217285e-01 -2.901453524827957153e-02
3.762495815753936768e-01 -2.846207842230796814e-02
3.902144730091094971e-01 -2.775234356522560120e-02
3.956255614757537842e-01 -2.745962888002395630e-02
4.028280675411224365e-01 -2.705518342554569244e-02
4.185884892940521240e-01 -2.611355297267436981e-02
4.263766407966613770e-01 -2.562087401747703552e-02
4.419108033180236816e-01 -2.458766475319862366e-02
4.567059278488159180e-01 -2.354569174349308014e-02
4.647239744663238525e-01 -2.295942790806293488e-02
4.844097793102264404e-01 -2.146309800446033478e-02
4.867966175079345703e-01 -2.127670310437679291e-02
4.939932823181152344e-01 -2.070896141231060028e-02
5.035828948020935059e-01 -1.994019001722335815e-02
5.098727345466613770e-01 -1.942928880453109741e-02
5.291219353675842285e-01 -1.784031651914119720e-02
5.364380478858947754e-01 -1.722929254174232483e-02
5.460395812988281250e-01 -1.642429269850254059e-02
5.679640769958496094e-01 -1.458694133907556534e-02
5.729355812072753906e-01 -1.417309790849685669e-02
5.866264104843139648e-01 -1.304444205015897751e-02
5.906493067741394043e-01 -1.271679811179637909e-02
5.985603332519531250e-01 -1.207906380295753479e-02
6.061768531799316406e-01 -1.147460471838712692e-02
6.244963407516479492e-01 -1.006743591278791428e-02
6.300001144409179688e-01 -9.659535251557826996e-03
6.385290622711181641e-01 -9.042748250067234039e-03
6.718062758445739746e-01 -6.836417131125926971e-03
6.812538504600524902e-01 -6.273180246353149414e-03
6.850355863571166992e-01 -6.055877543985843658e-03
6.952940225601196289e-01 -5.490079056471586227e-03
7.019510269165039062e-01 -5.141359288245439529e-03
7.139590382575988770e-01 -4.548668861389160156e-03
7.229515910148620605e-01 -4.134860355406999588e-03
7.306084632873535156e-01 -3.802230348810553551e-03
7.389668226242065430e-01 -3.459222381934523582e-03
7.725254893302917480e-01 -2.278410131111741066e-03
7.846527099609375000e-01 -1.922369352541863918e-03
7.974598407745361328e-01 -1.583153032697737217e-03
8.015083670616149902e-01 -1.483420259319245815e-03
8.217296600341796875e-01 -1.036538276821374893e-03
8.332554697990417480e-01 -8.186880731955170631e-04
8.389586210250854492e-01 -7.205888978205621243e-04
8.540266752243041992e-01 -4.925092798657715321e-04
8.686151504516601562e-01 -3.163754590786993504e-04
8.736141920089721680e-01 -2.668460947461426258e-04
8.821301460266113281e-01 -1.963286777026951313e-04
8.856098055839538574e-01 -1.728866773191839457e-04
8.998594284057617188e-01 -1.138531515607610345e-04
9.046690464019775391e-01 -1.092320599127560854e-04
9.136969447135925293e-01 -1.258480624528601766e-04
9.187808632850646973e-01 -1.521352533018216491e-04
9.299808144569396973e-01 -2.645806525833904743e-04
9.445939660072326660e-01 -5.716733867302536964e-04
9.533977508544921875e-01 -8.936222875490784645e-04
9.626223444938659668e-01 -1.407106057740747929e-03
9.669740796089172363e-01 -1.733403769321739674e-03
9.680975079536437988e-01 -1.827480155043303967e-03
