9.616456031799316406e-01 -1.250810455530881882e-03
9.607406854629516602e-01 -1.243268023245036602e-03
9.547457695007324219e-01 -1.136292703449726105e-03
9.411405324935913086e-01 -6.879665888845920563e-04
8.915559053421020508e-01 1.839844044297933578e-03
8.761622309684753418e-01 2.759517403319478035e-03
8.649634122848510742e-01 3.452398115769028664e-03
8.560600876808166504e-01 4.015214741230010986e-03
8.288254737854003906e-01 5.790145136415958405e-03
8.144915699958801270e-01 6.750559434294700623e-03
8.030799627304077148e-01 7.525725755840539932e-03
7.916201353073120117e-01 8.312473073601722717e-03
7.844447493553161621e-01 8.808943443000316620e-03
7.709097266197204590e-01 9.752843528985977173e-03
7.417915463447570801e-01 1.181296724826097488e-02
7.348755598068237305e-01 1.230775192379951477e-02
7.242608666419982910e-01 1.307107973843812943e-02
7.052240371704101562e-01 1.445198245346546173e-02
6.959469318389892578e-01 1.513057854026556015e-02
6.799604892730712891e-01 1.630905829370021820e-02
6.712703704833984375e-01 1.695470325648784637e-02
6.612266302108764648e-01 1.770559512078762054e-02
6.463574171066284180e-01 1.882690005004405975e-02
6.451380252838134766e-01 1.891939714550971985e-02
6.263364553451538086e-01 2.035614848136901855e-02
6.166883111000061035e-01 2.110148593783378601e-02
6.074190735816955566e-01 2.182287536561489105e-02
5.883665084838867188e-01 2.332224510610103607e-02
5.644706487655639648e-01 2.523384243249893188e-02
5.556189417839050293e-01 2.595019899308681488e-02
5.368611216545104980e-01 2.748131938278675079e-02
5.307618975639343262e-01 2.798248454928398132e-02
5.074830651283264160e-01 2.990625053644180298e-02
5.023068189620971680e-01 3.033557720482349396e-02
4.881142973899841309e-01 3.151354193687438965e-02
4.823302626609802246e-01 3.199334815144538879e-02
4.773296117782592773e-01 3.240776807069778442e-02
4.711478054523468018e-01 3.291920199990272522e-02
4.622715413570404053e-01 3.365129977464675903e-02
4.571810364723205566e-01 3.406952321529388428e-02
4.447052180767059326e-01 3.508793190121650696e-02
4.381001889705657959e-01 3.562235459685325623e-02
4.316110014915466309e-01 3.614346683025360107e-02
4.146993458271026611e-01 3.747921809554100037e-02
4.103267490863800049e-01 3.781837224960327148e-02
4.085560142993927002e-01 3.795489668846130371e-02
3.944734930992126465e-01 3.902189433574676514e-02
3.732823729515075684e-01 4.055283591151237488e-02
3.659154474735260010e-01 4.105996340513229370e-02
3.512735664844512939e-01 4.202274605631828308e-02
3.325810134410858154e-01 4.315165802836418152e-02
3.305370807647705078e-01 4.326748102903366089e-02
3.259483575820922852e-01 4.352165386080741882e-02
3.197132647037506104e-01 4.385349899530410767e-02
3.146225512027740479e-01 4.411238059401512146e-02
3.096306920051574707e-01 4.435526579618453979e-02
2.996799647808074951e-01 4.480533674359321594e-02
2.897165119647979736e-01 4.520770907402038574e-02
2.814139127731323242e-01 4.550376534461975098e-02
2.781843543052673340e-01 4.560883343219757080e-02
2.736646533012390137e-01 4.574609175324440002e-02
2.655495703220367432e-01 4.596291482448577881e-02
2.560322582721710205e-01 4.616684466600418091e-02
2.498619109392166138e-01 4.626872390508651733e-02
2.449428737163543701e-01 4.633228480815887451e-02
2.375881075859069824e-01 4.639719054102897644e-02
2.280964851379394531e-01 4.642583057284355164e-02
2.244277447462081909e-01 4.641974344849586487e-02
2.182567864656448364e-01 4.638735949993133545e-02
2.091038823127746582e-01 4.628676176071166992e-02
1.900838911533355713e-01 4.586744681000709534e-02
1.763440966606140137e-01 4.537768661975860596e-02
1.682377755641937256e-01 4.501088336110115051e-02
1.656114310026168823e-01 4.487920179963111877e-02
1.599936038255691528e-01 4.457587376236915588e-02
1.559845507144927979e-01 4.434097185730934143e-02
1.435283422470092773e-01 4.350924119353294373e-02
1.317402422428131104e-01 4.257179424166679382e-02
1.274314969778060913e-01 4.219023138284683228e-02
1.133528426289558411e-01 4.078621417284011841e-02
1.079859137535095215e-01 4.018278792500495911e-02
1.023939400911331177e-01 3.951045125722885132e-02
9.755695611238479614e-02 3.889069706201553345e-02
8.415640890598297119e-02 3.696798160672187805e-02
7.358506321907043457e-02 3.520328179001808167e-02
5.559344962239265442e-02 3.153771162033081055e-02
5.023952201008796692e-02 3.023455478250980377e-02
4.337457567453384399e-02 2.837060205638408661e-02
3.561918437480926514e-02 2.592493966221809387e-02
2.802339196205139160e-02 2.302477881312370300e-02
1.980767957866191864e-02 1.892175897955894470e-02
1.295976061373949051e-02 1.370676979422569275e-02
1.255920622497797012e-02 1.328226085752248764e-02
1.035188790410757065e-02 1.029046904295682907e-02
9.251522831618785858e-03 3.000144846737384796e-03
1.032889075577259064e-02 4.482609219849109650e-04
1.119331736117601395e-02 -8.308938704431056976e-04
1.244132593274116516e-02 -2.252027625218033791e-03
1.362589001655578613e-02 -3.339165821671485901e-03
1.456660963594913483e-02 -4.083883948624134064e-03
1.561311725527048111e-02 -4.821376875042915344e-03
1.733732409775257111e-02 -5.879164207726716995e-03
2.161313220858573914e-02 -7.943846285343170166e-03
2.501005306839942932e-02 -9.223955683410167694e-03
3.314731642603874207e-02 -1.157449651509523392e-02
3.905460610985755920e-02 -1.291159540414810181e-02
4.649325087666511536e-02 -1.434568688273429871e-02
5.285236239433288574e-02 -1.542921178042888641e-02
5.686205625534057617e-02 -1.606509461998939514e-02
7.265615463256835938e-02 -1.833643577992916107e-02
9.379468113183975220e-02 -2.103088237345218658e-02
1.015643849968910217e-01 -2.195826917886734009e-02
1.113201603293418884e-01 -2.308490686118602753e-02
1.334501802921295166e-01 -2.550168149173259735e-02
1.444994658231735229e-01 -2.664146572351455688e-02
1.544816344976425171e-01 -2.763495966792106628e-02
1.634630262851715088e-01 -2.850055694580078125e-02
1.843416094779968262e-01 -3.041430935263633728e-02
1.995819807052612305e-01 -3.172936663031578064e-02
2.050107568502426147e-01 -3.218200430274009705e-02
2.188141047954559326e-01 -3.329711034893989563e-02
2.241599559783935547e-01 -3.371558338403701782e-02
2.295648455619812012e-01 -3.413128480315208435e-02
2.393668442964553833e-01 -3.486661612987518311e-02
2.527306973934173584e-01 -3.583164513111114502e-02
2.695023715496063232e-01 -3.698356822133064270e-02
2.760946452617645264e-01 -3.741874173283576965e-02
2.893679738044738770e-01 -3.826548904180526733e-02
3.093397915363311768e-01 -3.946641832590103149e-02
3.193092942237854004e-01 -4.003335908055305481e-02
3.305716812610626221e-01 -4.064785316586494446e-02
3.431414663791656494e-01 -4.130109772086143494e-02
3.576880991458892822e-01 -4.201381281018257141e-02
3.639190793037414551e-01 -4.230477660894393921e-02
3.767139911651611328e-01 -4.287492483854293823e-02
3.841991126537322998e-01 -4.319120943546295166e-02
3.999484181404113770e-01 -4.381421580910682678e-02
4.072735309600830078e-01 -4.408395290374755859e-02
4.145361781120300293e-01 -4.433854669332504272e-02
4.216879308223724365e-01 -4.457655921578407288e-02
4.366900622844696045e-01 -4.503387957811355591e-02
4.465594887733459473e-01 -4.530287906527519226e-02
4.586036801338195801e-01 -4.559571668505668640e-02
4.679646193981170654e-01 -4.579561203718185425e-02
4.755870103836059570e-01 -4.593997076153755188e-02
4.788220822811126709e-01 -4.599615931510925293e-02
4.920228421688079834e-01 -4.619325697422027588e-02
5.055747032165527344e-01 -4.634028673171997070e-02
5.170493721961975098e-01 -4.641944542527198792e-02
5.322002768516540527e-01 -4.645809158682823181e-02
5.515022277832031250e-01 -4.639488458633422852e-02
5.584086775779724121e-01 -4.634079337120056152e-02
5.737381577491760254e-01 -4.616026580333709717e-02
5.795888304710388184e-01 -4.606907814741134644e-02
5.895643830299377441e-01 -4.588494077324867249e-02
5.976198911666870117e-01 -4.570971801877021790e-02
6.020294427871704102e-01 -4.560371488332748413e-02
6.194325089454650879e-01 -4.511550441384315491e-02
6.222766637802124023e-01 -4.502509906888008118e-02
6.375913023948669434e-01 -4.448695853352546692e-02
6.420915722846984863e-01 -4.431234300136566162e-02
6.469397544860839844e-01 -4.411583766341209412e-02
6.588000655174255371e-01 -4.359837621450424194e-02
6.678552031517028809e-01 -4.316804558038711548e-02
6.806949973106384277e-01 -4.250511527061462402e-02
6.884560585021972656e-01 -4.207410290837287903e-02
7.137440443038940430e-01 -4.050722345709800720e-02
7.235636711120605469e-01 -3.982957080006599426e-02
7.260667681694030762e-01 -3.965043276548385620e-02
7.394700050354003906e-01 -3.864552825689315796e-02
7.532541155815124512e-01 -3.752896934747695923e-02
7.602383494377136230e-01 -3.692946583032608032e-02
7.741125226020812988e-01 -3.566767275333404541e-02
7.781966328620910645e-01 -3.527752682566642761e-02
8.006225228309631348e-01 -3.297215327620506287e-02
8.078204989433288574e-01 -3.216984122991561890e-02
8.170757293701171875e-01 -3.109006769955158234e-02
8.216847181320190430e-01 -3.053118661046028137e-02
8.354536890983581543e-01 -2.877251617610454559e-02
8.406686186790466309e-01 -2.806957997381687164e-02
8.459696173667907715e-01 -2.733308263123035431e-02
8.507730364799499512e-01 -2.664580754935741425e-02
8.657114505767822266e-01 -2.437989786267280579e-02
8.686482906341552734e-01 -2.391025424003601074e-02
8.918132781982421875e-01 -1.990001276135444641e-02
8.962367177009582520e-01 -1.906956173479557037e-02
9.110016226768493652e-01 -1.615053042769432068e-02
9.190632700920104980e-01 -1.447821408510208130e-02
9.330337047576904297e-01 -1.156567223370075226e-02
9.543555378913879395e-01 -7.926510646939277649e-03
9.556193351745605469e-01 -7.770089898258447647e-03
9.606534838676452637e-01 -7.218199782073497772e-03
