9.638511538505554199e-01 4.050457384437322617e-03
9.634462594985961914e-01 4.256781190633773804e-03
9.615853428840637207e-01 5.139478482306003571e-03
9.534569382667541504e-01 8.307156153023242950e-03
9.418227076530456543e-01 1.198225934058427811e-02
9.304738044738769531e-01 1.511934306472539902e-02
9.162350893020629883e-01 1.870715245604515076e-02
9.115649461746215820e-01 1.982512511312961578e-02
8.959428668022155762e-01 2.341101318597793579e-02
8.857831954956054688e-01 2.564259991049766541e-02
8.748466372489929199e-01 2.797624468803405762e-02
8.644241094589233398e-01 3.014541044831275940e-02
8.524069190025329590e-01 3.259110078215599060e-02
8.376277685165405273e-01 3.553126007318496704e-02
8.165916204452514648e-01 3.961139544844627380e-02
8.123416304588317871e-01 4.042295366525650024e-02
7.972742915153503418e-01 4.326953366398811340e-02
7.893571853637695312e-01 4.474752768874168396e-02
7.785550355911254883e-01 4.674561321735382080e-02
7.698698043823242188e-01 4.833720624446868896e-02
7.598424553871154785e-01 5.015856772661209106e-02
7.399639487266540527e-01 5.371778085827827454e-02
7.311699986457824707e-01 5.526979640126228333e-02
7.212645411491394043e-01 5.700056999921798706e-02
7.075529098510742188e-01 5.936387926340103149e-02
7.024497985839843750e-01 6.023325398564338684e-02
6.917387247085571289e-01 6.203866004943847656e-02
6.882816553115844727e-01 6.261549890041351318e-02
6.785883903503417969e-01 6.421685218811035156e-02
6.625419855117797852e-01 6.681171059608459473e-02
6.469425559043884277e-01 6.926035881042480469e-02
6.372621655464172363e-01 7.073967903852462769e-02
6.290467977523803711e-01 7.196912914514541626e-02
6.097633242607116699e-01 7.475428283214569092e-02
6.024059057235717773e-01 7.577721774578094482e-02
5.953969955444335938e-01 7.673012465238571167e-02
5.860410928726196289e-01 7.796806842088699341e-02
5.754461288452148438e-01 7.932099699974060059e-02
5.635548233985900879e-01 8.077479898929595947e-02
5.575155615806579590e-01 8.148601651191711426e-02
5.461662411689758301e-01 8.277143537998199463e-02
5.310669541358947754e-01 8.437445014715194702e-02
5.242539048194885254e-01 8.505640923976898193e-02
5.169807076454162598e-01 8.575531095266342163e-02
4.893397092819213867e-01 8.812798559665679932e-02
4.699819087982177734e-01 8.951217681169509888e-02
4.610201716423034668e-01 9.007292985916137695e-02
4.541482329368591309e-01 9.046794474124908447e-02
4.410788714885711670e-01 9.113414585590362549e-02
4.357698559761047363e-01 9.137254208326339722e-02
4.214064776897430420e-01 9.192303568124771118e-02
4.133261144161224365e-01 9.217126667499542236e-02
4.032046198844909668e-01 9.241893142461776733e-02
3.911502063274383545e-01 9.262110292911529541e-02
3.849606215953826904e-01 9.268522262573242188e-02
3.787296116352081299e-01 9.272239357233047485e-02
3.663943707942962646e-01 9.271400421857833862e-02
3.566233515739440918e-01 9.262917190790176392e-02
3.285774290561676025e-01 9.199415147304534912e-02
3.178885579109191895e-01 9.159598499536514282e-02
3.106181919574737549e-01 9.127480536699295044e-02
3.025572299957275391e-01 9.087039530277252197e-02
2.883163392543792725e-01 9.002962708473205566e-02
2.791407704353332520e-01 8.940074592828750610e-02
2.710117101669311523e-01 8.878528326749801636e-02
2.580334246158599854e-01 8.768638968467712402e-02
2.454250007867813110e-01 8.647783100605010986e-02
2.384226173162460327e-01 8.574473112821578979e-02
2.320283651351928711e-01 8.503564447164535522e-02
2.247130423784255981e-01 8.417680114507675171e-02
2.184893488883972168e-01 8.340518921613693237e-02
2.006553411483764648e-01 8.097636699676513672e-02
1.962012946605682373e-01 8.031722903251647949e-02
1.757367551326751709e-01 7.699884474277496338e-02
1.671269834041595459e-01 7.545109093189239502e-02
1.509798020124435425e-01 7.228162884712219238e-02
1.377358138561248779e-01 6.939698010683059692e-02
1.302813440561294556e-01 6.764856725931167603e-02
1.259774565696716309e-01 6.659507751464843750e-02
1.198185235261917114e-01 6.502813845872879028e-02
1.077987253665924072e-01 6.175282970070838928e-02
9.867144376039505005e-02 5.905368551611900330e-02
9.068078547716140747e-02 5.652219429612159729e-02
7.125160843133926392e-02 4.959424957633018494e-02
6.692314147949218750e-02 4.787664860486984253e-02
6.371405720710754395e-02 4.655593633651733398e-02
4.257920011878013611e-02 3.664268925786018372e-02
3.630843758583068848e-02 3.318915516138076782e-02
2.739071846008300781e-02 2.771068364381790161e-02
2.262791432440280914e-02 2.443012967705726624e-02
2.014671824872493744e-02 2.259361743927001953e-02
1.625375449657440186e-02 1.948729902505874634e-02
9.297848679125308990e-03 1.287574321031570435e-02
7.560867816209793091e-03 1.084805000573396683e-02
4.167234059423208237e-03 5.734005011618137360e-03
3.402808215469121933e-03 4.021650180220603943e-03
2.854436635971069336e-03 2.272348850965499878e-03
2.601229585707187653e-03 8.129972848109900951e-04
2.552123973146080971e-03 -4.521289956755936146e-04
2.722075674682855606e-03 -1.929864520207047462e-03
4.352838266640901566e-03 -5.470564123243093491e-03
5.461921449750661850e-03 -6.745267193764448166e-03
9.207519702613353729e-03 -9.574813768267631531e-03
1.342344097793102264e-02 -1.168291270732879639e-02
1.686915755271911621e-02 -1.301892101764678955e-02
2.372700348496437073e-02 -1.511728670448064804e-02
2.807824686169624329e-02 -1.620382815599441528e-02
3.216028958559036255e-02 -1.710513047873973846e-02
4.173446446657180786e-02 -1.889639161527156830e-02
4.929940402507781982e-02 -2.007667906582355499e-02
5.323151499032974243e-02 -2.062645554542541504e-02
7.335629314184188843e-02 -2.291458658874034882e-02
8.645427972078323364e-02 -2.402619272470474243e-02
1.104101836681365967e-01 -2.545146271586418152e-02
1.231825426220893860e-01 -2.593220770359039307e-02
1.422740519046783447e-01 -2.633016370236873627e-02
1.553185880184173584e-01 -2.639854699373245239e-02
1.614387035369873047e-01 -2.637728489935398102e-02
1.702696979045867920e-01 -2.628928236663341522e-02
1.835772097110748291e-01 -2.603443339467048645e-02
1.952979862689971924e-01 -2.569471113383769989e-02
2.129449844360351562e-01 -2.499313652515411377e-02
2.198567539453506470e-01 -2.465967461466789246e-02
2.517153918743133545e-01 -2.273379266262054443e-02
2.633408904075622559e-01 -2.188494987785816193e-02
2.720629274845123291e-01 -2.120135724544525146e-02
2.843133807182312012e-01 -2.017739601433277130e-02
2.908035218715667725e-01 -1.960618607699871063e-02
3.027654886245727539e-01 -1.850419119000434875e-02
3.116802275180816650e-01 -1.764356344938278198e-02
3.164638876914978027e-01 -1.716857589781284332e-02
3.197726607322692871e-01 -1.683485135436058044e-02
3.469326198101043701e-01 -1.394597068428993225e-02
3.680317997932434082e-01 -1.153770089149475098e-02
3.767324686050415039e-01 -1.050824206322431564e-02
3.837985992431640625e-01 -9.658049792051315308e-03
3.993528187274932861e-01 -7.745878305286169052e-03
4.040756225585937500e-01 -7.155139464884996414e-03
4.089843630790710449e-01 -6.536582950502634048e-03
4.268032312393188477e-01 -4.256276413798332214e-03
4.404213726520538330e-01 -2.482572104781866074e-03
4.528680741786956787e-01 -8.437155629508197308e-04
4.614794254302978516e-01 2.973734517581760883e-04
4.823864102363586426e-01 3.080394351854920387e-03
4.883449077606201172e-01 3.874002024531364441e-03
4.988059699535369873e-01 5.264314822852611542e-03
5.053169727325439453e-01 6.126248277723789215e-03
5.115406513214111328e-01 6.946574896574020386e-03
5.273703336715698242e-01 9.010635316371917725e-03
5.495128631591796875e-01 1.181674562394618988e-02
5.529182553291320801e-01 1.223705243319272995e-02
5.577753186225891113e-01 1.283031795173883438e-02
5.652852058410644531e-01 1.373185869306325912e-02
5.682257413864135742e-01 1.407924946397542953e-02
5.783697962760925293e-01 1.525073312222957611e-02
5.912538170814514160e-01 1.667124219238758087e-02
6.023609638214111328e-01 1.782663539052009583e-02
6.113513112068176270e-01 1.870932430028915405e-02
6.304352283477783203e-01 2.040891349315643311e-02
6.358357071876525879e-01 2.084337174892425537e-02
6.427957415580749512e-01 2.137113176286220551e-02
6.573657989501953125e-01 2.235391363501548767e-02
6.659560203552246094e-01 2.285319380462169647e-02
6.717676520347595215e-01 2.315641753375530243e-02
6.889202594757080078e-01 2.388622798025608063e-02
7.014042139053344727e-01 2.426122315227985382e-02
7.101808190345764160e-01 2.444627508521080017e-02
7.203717827796936035e-01 2.458041533827781677e-02
7.397269606590270996e-01 2.460020221769809723e-02
7.487836480140686035e-01 2.450576424598693848e-02
7.609245181083679199e-01 2.427767589688301086e-02
7.704326510429382324e-01 2.401912771165370941e-02
7.774673700332641602e-01 2.378323115408420563e-02
7.849849462509155273e-01 2.348958887159824371e-02
7.931035757064819336e-01 2.312453091144561768e-02
8.007634878158569336e-01 2.273464947938919067e-02
8.275982737541198730e-01 2.101982757449150085e-02
8.340378999710083008e-01 2.052648738026618958e-02
8.449223637580871582e-01 1.961850374937057495e-02
8.589985370635986328e-01 1.830128580331802368e-02
8.768216967582702637e-01 1.638575643301010132e-02
8.810340166091918945e-01 1.588939130306243896e-02
8.906369209289550781e-01 1.468977238982915878e-02
8.998218178749084473e-01 1.344652567058801651e-02
9.096060395240783691e-01 1.200608909130096436e-02
9.190695881843566895e-01 1.048121880739927292e-02
9.343968629837036133e-01 7.666694000363349915e-03
9.458635449409484863e-01 5.181174259632825851e-03
9.540959596633911133e-01 3.106598975136876106e-03
9.612876176834106445e-01 1.019031973555684090e-03
9.627428650856018066e-01 5.588883068412542343e-04
9.648655056953430176e-01 -1.369471574435010552e-04
