9.622875452041625977e-01 7.638966664671897888e-03
9.613499641418457031e-01 8.202369324862957001e-03
9.592946767807006836e-01 9.324327111244201660e-03
9.477735757827758789e-01 1.416876260191202164e-02
9.226645827293395996e-01 2.165377698838710785e-02
9.107720255851745605e-01 2.457169443368911743e-02
8.953816890716552734e-01 2.800699695944786072e-02
8.884596824645996094e-01 2.945486456155776978e-02
8.716913461685180664e-01 3.276437148451805115e-02
8.637225031852722168e-01 3.425320237874984741e-02
8.515299558639526367e-01 3.644201904535293579e-02
8.458319306373596191e-01 3.743138909339904785e-02
8.361237645149230957e-01 3.907219320535659790e-02
8.250730633735656738e-01 4.087654128670692444e-02
8.184620738029479980e-01 4.192592948675155640e-02
8.125686049461364746e-01 4.284374043345451355e-02
8.016707301139831543e-01 4.449877887964248657e-02
7.944239377975463867e-01 4.557062685489654541e-02
7.888901829719543457e-01 4.637435823678970337e-02
7.803468704223632812e-01 4.759088158607482910e-02
7.635962367057800293e-01 4.989445954561233521e-02
7.596335411071777344e-01 5.042417347431182861e-02
7.407614588737487793e-01 5.286993831396102905e-02
7.319588065147399902e-01 5.396826937794685364e-02
7.233669757843017578e-01 5.501479282975196838e-02
7.160223126411437988e-01 5.588961020112037659e-02
7.009852528572082520e-01 5.762410163879394531e-02
6.970990300178527832e-01 5.806004256010055542e-02
6.913021802902221680e-01 5.870087072253227234e-02
6.747274398803710938e-01 6.047065928578376770e-02
6.614596247673034668e-01 6.182003766298294067e-02
6.524023413658142090e-01 6.270633637905120850e-02
6.382419466972351074e-01 6.403452157974243164e-02
6.280105710029602051e-01 6.494984030723571777e-02
6.228390932083129883e-01 6.539820134639739990e-02
6.156787276268005371e-01 6.600297242403030396e-02
6.038950085639953613e-01 6.695716083049774170e-02
5.923503041267395020e-01 6.784204393625259399e-02
5.790705084800720215e-01 6.879780441522598267e-02
5.746765732765197754e-01 6.909928470849990845e-02
5.610864758491516113e-01 6.998480111360549927e-02
5.508679747581481934e-01 7.060363888740539551e-02
5.370137691497802734e-01 7.137777656316757202e-02
5.293357968330383301e-01 7.177454978227615356e-02
5.092889666557312012e-01 7.270136475563049316e-02
5.050420761108398438e-01 7.287742197513580322e-02
4.947293400764465332e-01 7.327543199062347412e-02
4.872340857982635498e-01 7.353842258453369141e-02
4.754684567451477051e-01 7.390670478343963623e-02
4.653652906417846680e-01 7.417949289083480835e-02
4.442699849605560303e-01 7.461972534656524658e-02
4.362266063690185547e-01 7.474151998758316040e-02
4.233445227146148682e-01 7.488354295492172241e-02
4.157478511333465576e-01 7.493664324283599854e-02
4.039960205554962158e-01 7.497386634349822998e-02
3.958216905593872070e-01 7.496747374534606934e-02
3.859065771102905273e-01 7.492391765117645264e-02
3.798489570617675781e-01 7.487788796424865723e-02
3.554398417472839355e-01 7.454133033752441406e-02
3.452461361885070801e-01 7.432787120342254639e-02
3.373462855815887451e-01 7.413222640752792358e-02
3.293908834457397461e-01 7.390806078910827637e-02
3.129876852035522461e-01 7.335782796144485474e-02
2.976946532726287842e-01 7.273407280445098877e-02
2.836820185184478760e-01 7.206405699253082275e-02
2.716330289840698242e-01 7.140847295522689819e-02
2.610339522361755371e-01 7.076779007911682129e-02
2.551891505718231201e-01 7.038763910531997681e-02
2.408434152603149414e-01 6.936904042959213257e-02
2.330454289913177490e-01 6.876150518655776978e-02
2.256877273321151733e-01 6.815125048160552979e-02
2.103508561849594116e-01 6.675516068935394287e-02
2.024589329957962036e-01 6.596623361110687256e-02
1.816067099571228027e-01 6.362123042345046997e-02
1.736749857664108276e-01 6.261830776929855347e-02
1.605906039476394653e-01 6.081062182784080505e-02
1.501964777708053589e-01 5.922219529747962952e-02
1.387455910444259644e-01 5.729334801435470581e-02
1.265585720539093018e-01 5.500256270170211792e-02
1.176281794905662537e-01 5.314337462186813354e-02
1.113302260637283325e-01 5.172730237245559692e-02
1.015192419290542603e-01 4.932412505149841309e-02
9.515363723039627075e-02 4.761905223131179810e-02
8.860913664102554321e-02 4.572900384664535522e-02
8.006633073091506958e-02 4.302122816443443298e-02
7.639941573143005371e-02 4.176367074251174927e-02
6.854178011417388916e-02 3.884443268179893494e-02
6.207722797989845276e-02 3.617519885301589966e-02
4.771526902914047241e-02 2.908935397863388062e-02
4.226948320865631104e-02 2.582613006234169006e-02
3.427350148558616638e-02 2.012494392693042755e-02
2.823932282626628876e-02 1.460953149944543839e-02
2.548301964998245239e-02 1.139033399522304535e-02
2.426744438707828522e-02 9.691365994513034821e-03
2.262300066649913788e-02 6.827303208410739899e-03
2.190167084336280823e-02 5.104282405227422714e-03
2.157982252538204193e-02 4.086119122803211212e-03
2.117210999131202698e-02 1.808101427741348743e-03
2.118582651019096375e-02 9.963418415281921625e-05
2.140740491449832916e-02 -1.202795654535293579e-03
2.381403930485248566e-02 -5.571558605879545212e-03
2.519883401691913605e-02 -6.916418205946683884e-03
3.055251576006412506e-02 -1.032131630927324295e-02
3.360288590192794800e-02 -1.167364045977592468e-02
4.033303633332252502e-02 -1.395040098577737808e-02
4.556816443800926208e-02 -1.530657615512609482e-02
4.988250881433486938e-02 -1.624204963445663452e-02
5.572800338268280029e-02 -1.731181889772415161e-02
6.818684935569763184e-02 -1.903615146875381470e-02
7.389089465141296387e-02 -1.963278278708457947e-02
7.676637917757034302e-02 -1.989589072763919830e-02
8.772929012775421143e-02 -2.069906517863273621e-02
9.354942291975021362e-02 -2.101260423660278320e-02
1.072770878672599792e-01 -2.149323560297489166e-02
1.222713366150856018e-01 -2.167015522718429565e-02
1.330002546310424805e-01 -2.161181345582008362e-02
1.435154229402542114e-01 -2.142708003520965576e-02
1.477174460887908936e-01 -2.132158726453781128e-02
1.548162996768951416e-01 -2.110583335161209106e-02
1.629518717527389526e-01 -2.080498635768890381e-02
1.847561448812484741e-01 -1.975523866713047028e-02
1.901276707649230957e-01 -1.944939978420734406e-02
1.932201534509658813e-01 -1.926583983004093170e-02
2.106199860572814941e-01 -1.814108528196811676e-02
2.462207973003387451e-01 -1.544995233416557312e-02
2.559274435043334961e-01 -1.464646123349666595e-02
2.746285796165466309e-01 -1.303516235202550888e-02
2.879137098789215088e-01 -1.184888184070587158e-02
2.950367033481597900e-01 -1.120113674551248550e-02
3.034647107124328613e-01 -1.042569242417812347e-02
3.170138895511627197e-01 -9.161669760942459106e-03
3.233273029327392578e-01 -8.566545322537422180e-03
3.315159976482391357e-01 -7.789881899952888489e-03
3.442448377609252930e-01 -6.573898252099752426e-03
3.497730791568756104e-01 -6.043203175067901611e-03
3.563395738601684570e-01 -5.411270074546337128e-03
3.759570419788360596e-01 -3.517015604302287102e-03
3.817054629325866699e-01 -2.961114048957824707e-03
3.921878337860107422e-01 -1.947629265487194061e-03
4.025530815124511719e-01 -9.467680356465280056e-04
4.198465049266815186e-01 7.170945173129439354e-04
4.283157587051391602e-01 1.527994521893560886e-03
4.395975768566131592e-01 2.602884778752923012e-03
4.555922448635101318e-01 4.114174284040927887e-03
4.785662293434143066e-01 6.252702325582504272e-03
4.834140837192535400e-01 6.698273587971925735e-03
4.893000423908233643e-01 7.236276753246784210e-03
5.073082447052001953e-01 8.860141970217227936e-03
5.190927386283874512e-01 9.902667254209518433e-03
5.325655341148376465e-01 1.107238512486219406e-02
5.368374586105346680e-01 1.143790781497955322e-02
5.461204648017883301e-01 1.222250796854496002e-02
5.624123215675354004e-01 1.356444228440523148e-02
5.689018964767456055e-01 1.408525463193655014e-02
5.856813788414001465e-01 1.539092231541872025e-02
5.925472974777221680e-01 1.590646803379058838e-02
6.025295853614807129e-01 1.663451269268989563e-02
6.117220520973205566e-01 1.728051342070102692e-02
6.360602378845214844e-01 1.886200532317161560e-02
6.429454684257507324e-01 1.927138119935989380e-02
6.520367264747619629e-01 1.978340186178684235e-02
6.639921069145202637e-01 2.040393091738224030e-02
6.726059317588806152e-01 2.081137895584106445e-02
6.743822097778320312e-01 2.089107409119606018e-02
6.970664858818054199e-01 2.177131362259387970e-02
7.071942687034606934e-01 2.207744307816028595e-02
7.167456150054931641e-01 2.231425791978836060e-02
7.316867709159851074e-01 2.257999964058399200e-02
7.404605150222778320e-01 2.267475239932537079e-02
7.471979260444641113e-01 2.271600626409053802e-02
7.639560699462890625e-01 2.269743010401725769e-02
7.748571038246154785e-01 2.259063161909580231e-02
7.860243916511535645e-01 2.240207232534885406e-02
7.943556904792785645e-01 2.220829576253890991e-02
8.002110123634338379e-01 2.204451709985733032e-02
8.069275021553039551e-01 2.182820625603199005e-02
8.122696280479431152e-01 2.163416333496570587e-02
8.235817551612854004e-01 2.115764096379280090e-02
8.398503661155700684e-01 2.031084336340427399e-02
8.499916791915893555e-01 1.968204975128173828e-02
8.668634891510009766e-01 1.845218054950237274e-02
8.719916939735412598e-01 1.802991703152656555e-02
8.783250451087951660e-01 1.747513562440872192e-02
8.843651413917541504e-01 1.691008172929286957e-02
8.963840603828430176e-01 1.567268744111061096e-02
9.018471837043762207e-01 1.505598425865173340e-02
9.214198589324951172e-01 1.251479331403970718e-02
9.291520118713378906e-01 1.133662462234497070e-02
9.440440535545349121e-01 8.677353151142597198e-03
9.574230909347534180e-01 5.620802287012338638e-03
9.617736339569091797e-01 4.412274807691574097e-03
9.646306633949279785e-01 3.540024394169449806e-03
