9.643294215202331543e-01 3.276822855696082115e-03
9.639617800712585449e-01 3.491166047751903534e-03
9.624242186546325684e-01 4.328342620283365250e-03
9.472379684448242188e-01 1.064763497561216354e-02
9.356333613395690918e-01 1.461823843419551849e-02
9.211569428443908691e-01 1.914670690894126892e-02
9.127137660980224609e-01 2.164820209145545959e-02
9.078624248504638672e-01 2.305029705166816711e-02
8.917724490165710449e-01 2.755394764244556427e-02
8.833072781562805176e-01 2.984876558184623718e-02
8.701894879341125488e-01 3.332284837961196899e-02
8.626781105995178223e-01 3.527290746569633484e-02
8.549951314926147461e-01 3.724116832017898560e-02
8.464617133140563965e-01 3.939851000905036926e-02
8.199267387390136719e-01 4.593378305435180664e-02
8.176864385604858398e-01 4.647448658943176270e-02
8.041861057281494141e-01 4.969841241836547852e-02
7.991279959678649902e-01 5.089135095477104187e-02
7.933935523033142090e-01 5.223418399691581726e-02
7.813983559608459473e-01 5.500985309481620789e-02
7.641682028770446777e-01 5.891847237944602966e-02
7.476788163185119629e-01 6.257072836160659790e-02
7.426494359970092773e-01 6.366717815399169922e-02
7.363365292549133301e-01 6.503148376941680908e-02
7.221262454986572266e-01 6.805305182933807373e-02
7.157292962074279785e-01 6.939038634300231934e-02
7.027984857559204102e-01 7.204895466566085815e-02
6.984070539474487305e-01 7.293797284364700317e-02
6.923384070396423340e-01 7.415457069873809814e-02
6.717987060546875000e-01 7.816792279481887817e-02
6.573871374130249023e-01 8.088429272174835205e-02
6.494188904762268066e-01 8.234981447458267212e-02
6.390246152877807617e-01 8.422174304723739624e-02
6.272381544113159180e-01 8.628880232572555542e-02
6.240727901458740234e-01 8.683375269174575806e-02
6.192030906677246094e-01 8.766357600688934326e-02
6.013488769531250000e-01 9.061625599861145020e-02
5.937228202819824219e-01 9.183375537395477295e-02
5.803041458129882812e-01 9.391135722398757935e-02
5.710768103599548340e-01 9.529148042201995850e-02
5.618780255317687988e-01 9.662739187479019165e-02
5.517942905426025391e-01 9.804527461528778076e-02
5.341003537178039551e-01 1.004136502742767334e-01
5.255042314529418945e-01 1.015082523226737976e-01
5.138149857521057129e-01 1.029368266463279724e-01
5.031090378761291504e-01 1.041836962103843689e-01
4.861139357089996338e-01 1.060393005609512329e-01
4.792846441268920898e-01 1.067413315176963806e-01
4.640160202980041504e-01 1.082180887460708618e-01
4.589870274066925049e-01 1.086758971214294434e-01
4.491769373416900635e-01 1.095272228121757507e-01
4.456737935543060303e-01 1.098176911473274231e-01
4.354979991912841797e-01 1.106202751398086548e-01
4.230198860168457031e-01 1.115190014243125916e-01
4.166311323642730713e-01 1.119418069720268250e-01
4.134517908096313477e-01 1.121426075696945190e-01
3.978345692157745361e-01 1.130338385701179504e-01
3.753873407840728760e-01 1.140263900160789490e-01
3.694607615470886230e-01 1.142289713025093079e-01
3.561707139015197754e-01 1.145885065197944641e-01
3.489536046981811523e-01 1.147270053625106812e-01
3.424886167049407959e-01 1.148160547018051147e-01
3.325013816356658936e-01 1.148863956332206726e-01
3.264155387878417969e-01 1.148880273103713989e-01
3.204449117183685303e-01 1.148583516478538513e-01
2.954843044281005859e-01 1.143796965479850769e-01
2.803701460361480713e-01 1.137910410761833191e-01
2.567971646785736084e-01 1.123727932572364807e-01
2.500914335250854492e-01 1.118487343192100525e-01
2.434227019548416138e-01 1.112708151340484619e-01
2.416117936372756958e-01 1.111038252711296082e-01
2.292348146438598633e-01 1.098427623510360718e-01
2.239343523979187012e-01 1.092362403869628906e-01
2.124391496181488037e-01 1.077755689620971680e-01
2.063426375389099121e-01 1.069162562489509583e-01
2.003456801176071167e-01 1.060107648372650146e-01
1.750054806470870972e-01 1.014691293239593506e-01
1.702535599470138550e-01 1.004778966307640076e-01
1.618804186582565308e-01 9.861456602811813354e-02
1.538374125957489014e-01 9.667742997407913208e-02
1.373544633388519287e-01 9.222162514925003052e-02
1.265763491392135620e-01 8.892519026994705200e-02
1.172015368938446045e-01 8.579042553901672363e-02
1.069373041391372681e-01 8.205202221870422363e-02
1.034386605024337769e-01 8.070049434900283813e-02
9.745875746011734009e-02 7.829506695270538330e-02
7.156518846750259399e-02 6.634972244501113892e-02
6.367334723472595215e-02 6.214964762330055237e-02
5.823844671249389648e-02 5.908102542161941528e-02
5.362335219979286194e-02 5.635207518935203552e-02
4.786254838109016418e-02 5.277148261666297913e-02
3.328651189804077148e-02 4.266344010829925537e-02
1.986656524240970612e-02 3.138899803161621094e-02
1.622842252254486084e-02 2.778174169361591339e-02
9.031101129949092865e-03 1.923122443258762360e-02
7.270739413797855377e-03 1.660069450736045837e-02
5.600193049758672714e-03 1.367108430713415146e-02
4.732884000986814499e-03 1.185473706573247910e-02
3.398840548470616341e-03 8.082931861281394958e-03
2.807910088449716568e-03 3.066488774493336678e-03
4.098250530660152435e-03 -2.000292064622044563e-03
6.055056117475032806e-03 -4.851348698139190674e-03
1.422901824116706848e-02 -1.021008659154176712e-02
1.656081341207027435e-02 -1.107023004442453384e-02
2.069658041000366211e-02 -1.224654354155063629e-02
2.749732322990894318e-02 -1.352223195135593414e-02
3.236046060919761658e-02 -1.409061998128890991e-02
3.554387763142585754e-02 -1.434762682765722275e-02
5.660113692283630371e-02 -1.455731783062219620e-02
6.891415268182754517e-02 -1.392831746488809586e-02
7.203528285026550293e-02 -1.371283270418643951e-02
8.728418499231338501e-02 -1.242560800164937973e-02
9.384689480066299438e-02 -1.177944149821996689e-02
1.025492846965789795e-01 -1.086119096726179123e-02
1.122999265789985657e-01 -9.768998250365257263e-03
1.180547103285789490e-01 -9.100662544369697571e-03
1.296181529760360718e-01 -7.719635963439941406e-03
1.386235356330871582e-01 -6.619662977755069733e-03
1.488567739725112915e-01 -5.354363936930894852e-03
1.630167514085769653e-01 -3.592007560655474663e-03
1.698268353939056396e-01 -2.744341036304831505e-03
1.853345185518264771e-01 -8.239249582402408123e-04
1.879829764366149902e-01 -4.980916273780167103e-04
2.490563690662384033e-01 6.714500952512025833e-03
2.629577219486236572e-01 8.254266344010829926e-03
2.722952067852020264e-01 9.264068678021430969e-03
2.907595038414001465e-01 1.120057981461286545e-02
2.978430092334747314e-01 1.192159019410610199e-02
3.099985122680664062e-01 1.312981173396110535e-02
3.169773817062377930e-01 1.380659081041812897e-02
3.242990672588348389e-01 1.450315769761800766e-02
3.277351856231689453e-01 1.482525933533906937e-02
3.408838808536529541e-01 1.602908782660961151e-02
3.511703312397003174e-01 1.693862117826938629e-02
3.552196025848388672e-01 1.728877611458301544e-02
3.620824813842773438e-01 1.787195168435573578e-02
3.776212036609649658e-01 1.914380304515361786e-02
3.822286725044250488e-01 1.950779184699058533e-02
3.878602981567382812e-01 1.994439028203487396e-02
3.952648043632507324e-01 2.050443738698959351e-02
4.171634614467620850e-01 2.206565253436565399e-02
4.235318601131439209e-01 2.249240875244140625e-02
4.284574687480926514e-01 2.281387336552143097e-02
4.620127379894256592e-01 2.479829266667366028e-02
4.762865006923675537e-01 2.552979066967964172e-02
4.966308474540710449e-01 2.645061165094375610e-02
5.042708516120910645e-01 2.675833180546760559e-02
5.201412439346313477e-01 2.732902765274047852e-02
5.322833657264709473e-01 2.770163863897323608e-02
5.394583940505981445e-01 2.789511345326900482e-02
5.436850786209106445e-01 2.799964882433414459e-02
5.484005212783813477e-01 2.810794673860073090e-02
5.545475482940673828e-01 2.823579870164394379e-02
5.566583275794982910e-01 2.827619202435016632e-02
5.810594558715820312e-01 2.861067466437816620e-02
5.859916806221008301e-01 2.864815481007099152e-02
6.004332304000854492e-01 2.869844809174537659e-02
6.149646043777465820e-01 2.865842357277870178e-02
6.337825655937194824e-01 2.846954204142093658e-02
6.384996771812438965e-01 2.839774638414382935e-02
6.593739986419677734e-01 2.796184830367565155e-02
6.702023744583129883e-01 2.765969187021255493e-02
6.947944164276123047e-01 2.678129449486732483e-02
6.989535093307495117e-01 2.660650946199893951e-02
7.168822288513183594e-01 2.576713450253009796e-02
7.280592322349548340e-01 2.517388947308063507e-02
7.345704436302185059e-01 2.480378746986389160e-02
7.386528253555297852e-01 2.456260472536087036e-02
7.564664483070373535e-01 2.342857979238033295e-02
7.611552476882934570e-01 2.310818992555141449e-02
7.681560516357421875e-01 2.261304669082164764e-02
7.821166515350341797e-01 2.156605012714862823e-02
7.912203073501586914e-01 2.084094658493995667e-02
7.979332208633422852e-01 2.028504014015197754e-02
8.195421695709228516e-01 1.837431639432907104e-02
8.242527246475219727e-01 1.793342642486095428e-02
8.345828652381896973e-01 1.693618297576904297e-02
8.380264043807983398e-01 1.659453101456165314e-02
8.559034466743469238e-01 1.474683079868555069e-02
8.681471347808837891e-01 1.341010443866252899e-02
8.796416521072387695e-01 1.210277341306209564e-02
8.854730129241943359e-01 1.142029650509357452e-02
8.926996588706970215e-01 1.055673509836196899e-02
8.979461789131164551e-01 9.917645715177059174e-03
9.127528667449951172e-01 8.060866966843605042e-03
9.189671277999877930e-01 7.259692996740341187e-03
9.288243055343627930e-01 5.966135300695896149e-03
9.402300119400024414e-01 4.444921854883432388e-03
9.551569819450378418e-01 2.458260860294103622e-03
9.632188677787780762e-01 1.417626626789569855e-03
9.650578498840332031e-01 1.184617285616695881e-03
9.665909409523010254e-01 9.911882225424051285e-04
