9.639054536819458008e-01 3.462265012785792351e-03
9.630722403526306152e-01 3.953926265239715576e-03
9.606978893280029297e-01 5.232718307524919510e-03
9.529138207435607910e-01 8.812488988041877747e-03
9.375592470169067383e-01 1.483275741338729858e-02
9.253808856010437012e-01 1.918825134634971619e-02
9.100884199142456055e-01 2.437519282102584839e-02
9.044018387794494629e-01 2.624591253697872162e-02
8.915729522705078125e-01 3.037429042160511017e-02
8.828313946723937988e-01 3.312376514077186584e-02
8.696333765983581543e-01 3.718874976038932800e-02
8.606486916542053223e-01 3.990100696682929993e-02
8.523142933845520020e-01 4.237905144691467285e-02
8.452996611595153809e-01 4.443696513772010803e-02
8.242815732955932617e-01 5.045335739850997925e-02
8.182544708251953125e-01 5.213695019483566284e-02
8.048439621925354004e-01 5.581476166844367981e-02
7.978439927101135254e-01 5.769632756710052490e-02
7.768386006355285645e-01 6.317932158708572388e-02
7.682610154151916504e-01 6.534504890441894531e-02
7.442040443420410156e-01 7.117892056703567505e-02
7.342385649681091309e-01 7.348683476448059082e-02
7.180711627006530762e-01 7.708874344825744629e-02
7.125574946403503418e-01 7.827568799257278442e-02
6.958314776420593262e-01 8.174245804548263550e-02
6.890404224395751953e-01 8.309137076139450073e-02
6.728507280349731445e-01 8.616692572832107544e-02
6.651402115821838379e-01 8.756092190742492676e-02
6.547571420669555664e-01 8.936459571123123169e-02
6.305674910545349121e-01 9.323438256978988647e-02
6.184945106506347656e-01 9.498947113752365112e-02
6.072981357574462891e-01 9.651141613721847534e-02
6.012694835662841797e-01 9.728858619928359985e-02
5.889782309532165527e-01 9.878141433000564575e-02
5.746791362762451172e-01 1.003634631633758545e-01
5.693730115890502930e-01 1.009083390235900879e-01
5.585849881172180176e-01 1.019462049007415771e-01
5.545607209205627441e-01 1.023093983530998230e-01
5.343074798583984375e-01 1.039415448904037476e-01
5.215808153152465820e-01 1.048017516732215881e-01
5.084462761878967285e-01 1.055577993392944336e-01
5.020122528076171875e-01 1.058798730373382568e-01
4.871240556240081787e-01 1.065051406621932983e-01
4.761359989643096924e-01 1.068604812026023865e-01
4.703583419322967529e-01 1.070116832852363586e-01
4.552563726902008057e-01 1.072922945022583008e-01
4.441449940204620361e-01 1.073943600058555603e-01
4.392358362674713135e-01 1.074115931987762451e-01
4.311563670635223389e-01 1.074032336473464966e-01
4.214177727699279785e-01 1.073328703641891479e-01
4.147846698760986328e-01 1.072475239634513855e-01
4.102559387683868408e-01 1.071719676256179810e-01
3.966055214405059814e-01 1.068600788712501526e-01
3.812910914421081543e-01 1.063610687851905823e-01
3.757143020629882812e-01 1.061405017971992493e-01
3.665036261081695557e-01 1.057310700416564941e-01
3.512934744358062744e-01 1.049321368336677551e-01
3.241007328033447266e-01 1.031226068735122681e-01
3.203689754009246826e-01 1.028359457850456238e-01
3.133116662502288818e-01 1.022683307528495789e-01
3.021684288978576660e-01 1.013036221265792847e-01
2.919950783252716064e-01 1.003487855195999146e-01
2.824365496635437012e-01 9.938608109951019287e-02
2.755094468593597412e-01 9.864798933267593384e-02
2.662186026573181152e-01 9.760371595621109009e-02
2.497131377458572388e-01 9.558995068073272705e-02
2.424675524234771729e-01 9.463950991630554199e-02
2.313321381807327271e-01 9.309627860784530640e-02
2.214515656232833862e-01 9.163960814476013184e-02
2.071944028139114380e-01 8.938410133123397827e-02
2.003034949302673340e-01 8.822508901357650757e-02
1.941688209772109985e-01 8.715320378541946411e-02
1.801168471574783325e-01 8.454674482345581055e-02
1.738368272781372070e-01 8.330909162759780884e-02
1.681645214557647705e-01 8.214975893497467041e-02
1.615654081106185913e-01 8.074869215488433838e-02
1.499727666378021240e-01 7.814051955938339233e-02
1.368490159511566162e-01 7.493606954813003540e-02
1.195711642503738403e-01 7.023763656616210938e-02
1.149173155426979065e-01 6.886401027441024780e-02
1.052825525403022766e-01 6.585118174552917480e-02
9.556333720684051514e-02 6.255003809928894043e-02
8.724208921194076538e-02 5.947935208678245544e-02
8.235343545675277710e-02 5.755441263318061829e-02
7.701978832483291626e-02 5.533874407410621643e-02
7.172603160142898560e-02 5.300641804933547974e-02
5.453735962510108948e-02 4.427865147590637207e-02
4.742518439888954163e-02 3.998165577650070190e-02
4.373366385698318481e-02 3.753618150949478149e-02
3.863450512290000916e-02 3.385576978325843811e-02
2.883210964500904083e-02 2.537979558110237122e-02
2.461099438369274139e-02 2.081209979951381683e-02
2.195588871836662292e-02 1.742971502244472504e-02
1.780762895941734314e-02 1.048591360449790955e-02
1.605294272303581238e-02 5.612893030047416687e-03
1.551621407270431519e-02 2.424828708171844482e-03
1.557826064527034760e-02 -8.662058389745652676e-04
1.575688831508159637e-02 -1.933648367412388325e-03
1.649008318781852722e-02 -4.315491765737533569e-03
1.797660253942012787e-02 -6.978876888751983643e-03
1.953362673521041870e-02 -8.819018490612506866e-03
2.246715314686298370e-02 -1.123255118727684021e-02
2.451097033917903900e-02 -1.248078234493732452e-02
2.864980883896350861e-02 -1.440711040049791336e-02
3.383993357419967651e-02 -1.614631153643131256e-02
5.143362656235694885e-02 -1.957050152122974396e-02
5.700650066137313843e-02 -2.026926539838314056e-02
6.175423040986061096e-02 -2.078797109425067902e-02
7.051549106836318970e-02 -2.161624282598495483e-02
8.296182006597518921e-02 -2.261057682335376740e-02
9.171386063098907471e-02 -2.323334291577339172e-02
9.731035679578781128e-02 -2.361044101417064667e-02
1.047527864575386047e-01 -2.409346215426921844e-02
1.119350567460060120e-01 -2.454428002238273621e-02
1.347036361694335938e-01 -2.590327896177768707e-02
1.385110616683959961e-01 -2.612190693616867065e-02
1.454304605722427368e-01 -2.651323564350605011e-02
1.539456397294998169e-01 -2.698402479290962219e-02
1.676985770463943481e-01 -2.771765924990177155e-02
1.706625819206237793e-01 -2.787115424871444702e-02
1.798846721649169922e-01 -2.833748795092105865e-02
1.890856325626373291e-01 -2.878480963408946991e-02
1.959296464920043945e-01 -2.910514734685420990e-02
2.097606956958770752e-01 -2.971802651882171631e-02
2.196141034364700317e-01 -3.012472204864025116e-02
2.264257222414016724e-01 -3.039050847291946411e-02
2.411021143198013306e-01 -3.091845102608203888e-02
2.521555721759796143e-01 -3.127396479249000549e-02
2.606056630611419678e-01 -3.152036666870117188e-02
2.705351412296295166e-01 -3.178097307682037354e-02
2.806122601032257080e-01 -3.201265260577201843e-02
2.866955697536468506e-01 -3.213617578148841858e-02
2.965914309024810791e-01 -3.231030330061912537e-02
3.124559223651885986e-01 -3.251870721578598022e-02
3.189890384674072266e-01 -3.257868066430091858e-02
3.268359303474426270e-01 -3.263044357299804688e-02
3.347625136375427246e-01 -3.265999257564544678e-02
3.384688496589660645e-01 -3.266591206192970276e-02
3.502278327941894531e-01 -3.265090659260749817e-02
3.660844266414642334e-01 -3.254839777946472168e-02
3.737734556198120117e-01 -3.246421739459037781e-02
3.778588473796844482e-01 -3.241025283932685852e-02
3.862215876579284668e-01 -3.227968886494636536e-02
3.966910839080810547e-01 -3.207794949412345886e-02
4.018110036849975586e-01 -3.196372836828231812e-02
4.170795679092407227e-01 -3.156227990984916687e-02
4.214738905429840088e-01 -3.142984211444854736e-02
4.369359016418457031e-01 -3.090398944914340973e-02
4.483439922332763672e-01 -3.045667335391044617e-02
4.533851444721221924e-01 -3.024314343929290771e-02
4.629164934158325195e-01 -2.981317788362503052e-02
4.674431979656219482e-01 -2.959710732102394104e-02
4.786592125892639160e-01 -2.902949601411819458e-02
4.834989905357360840e-01 -2.877064608037471771e-02
5.053177475929260254e-01 -2.750432118773460388e-02
5.107844471931457520e-01 -2.716279216110706329e-02
5.166828036308288574e-01 -2.678404189646244049e-02
5.270999073982238770e-01 -2.609036117792129517e-02
5.373480916023254395e-01 -2.537911944091320038e-02
5.513281822204589844e-01 -2.436735481023788452e-02
5.737820863723754883e-01 -2.265830524265766144e-02
5.806741714477539062e-01 -2.211687155067920685e-02
5.961813926696777344e-01 -2.087683230638504028e-02
5.993576645851135254e-01 -2.061980403959751129e-02
6.200364828109741211e-01 -1.893005147576332092e-02
6.347407698631286621e-01 -1.771974936127662659e-02
6.479954719543457031e-01 -1.662983186542987823e-02
6.623678803443908691e-01 -1.545535400509834290e-02
6.773285865783691406e-01 -1.424720603972673416e-02
6.927812695503234863e-01 -1.302109379321336746e-02
6.991620063781738281e-01 -1.252264250069856644e-02
7.101336121559143066e-01 -1.167787611484527588e-02
7.200323939323425293e-01 -1.093034539371728897e-02
7.295581698417663574e-01 -1.022530067712068558e-02
7.561003565788269043e-01 -8.343772962689399719e-03
7.641824483871459961e-01 -7.797468919306993484e-03
7.731696367263793945e-01 -7.205830886960029602e-03
7.830872535705566406e-01 -6.573248654603958130e-03
8.035033941268920898e-01 -5.342889111489057541e-03
8.128788471221923828e-01 -4.812603816390037537e-03
8.304949402809143066e-01 -3.880572039633989334e-03
8.398935794830322266e-01 -3.420185763388872147e-03
8.544983863830566406e-01 -2.760324627161026001e-03
8.716319799423217773e-01 -2.081259852275252342e-03
8.889340758323669434e-01 -1.514634001068770885e-03
8.964550495147705078e-01 -1.310914987698197365e-03
9.237481951713562012e-01 -8.370158611796796322e-04
9.353602528572082520e-01 -7.908527040854096413e-04
9.526008963584899902e-01 -9.368364117108285427e-04
9.602045416831970215e-01 -1.071044360287487507e-03
9.613656997680664062e-01 -1.091864542104303837e-03
9.626104235649108887e-01 -1.113194739446043968e-03
