9.617017507553100586e-01 3.013171954080462456e-03
9.611963629722595215e-01 3.205052344128489494e-03
9.561383724212646484e-01 4.877732135355472565e-03
9.512635469436645508e-01 6.249488331377506256e-03
9.333118200302124023e-01 1.052118185907602310e-02
9.237992167472839355e-01 1.256293803453445435e-02
9.108922481536865234e-01 1.522681582719087601e-02
9.053294062614440918e-01 1.635228283703327179e-02
8.962017893791198730e-01 1.818171516060829163e-02
8.893083930015563965e-01 1.955428905785083771e-02
8.784267902374267578e-01 2.171374484896659851e-02
8.716766238212585449e-01 2.305233851075172424e-02
8.570621609687805176e-01 2.595668286085128784e-02
8.465602993965148926e-01 2.805370092391967773e-02
8.363202810287475586e-01 3.010940179228782654e-02
8.310141563415527344e-01 3.117947839200496674e-02
8.228976130485534668e-01 3.282295539975166321e-02
8.151346445083618164e-01 3.440260514616966248e-02
8.032459020614624023e-01 3.683599457144737244e-02
7.944117784500122070e-01 3.865490108728408813e-02
7.819023728370666504e-01 4.124422743916511536e-02
7.697424888610839844e-01 4.377374425530433655e-02
7.563088536262512207e-01 4.657753184437751770e-02
7.505906820297241211e-01 4.777237400412559509e-02
7.339345216751098633e-01 5.125013738870620728e-02
7.305497527122497559e-01 5.195542797446250916e-02
7.208002805709838867e-01 5.398150160908699036e-02
7.120744585990905762e-01 5.578574165701866150e-02
7.032800912857055664e-01 5.759244412183761597e-02
6.908218860626220703e-01 6.012583896517753601e-02
6.855342388153076172e-01 6.118997558951377869e-02
6.650805473327636719e-01 6.522862613201141357e-02
6.569476723670959473e-01 6.679426133632659912e-02
6.472352147102355957e-01 6.862905621528625488e-02
6.373028755187988281e-01 7.046225666999816895e-02
6.222557425498962402e-01 7.314780354499816895e-02
6.078283190727233887e-01 7.560884952545166016e-02
6.013994812965393066e-01 7.666692137718200684e-02
5.782116055488586426e-01 8.027138561010360718e-02
5.700468420982360840e-01 8.145783096551895142e-02
5.624092221260070801e-01 8.252695947885513306e-02
5.464146137237548828e-01 8.463539183139801025e-02
5.308178067207336426e-01 8.651708066463470459e-02
5.233175158500671387e-01 8.735951781272888184e-02
5.148964524269104004e-01 8.825653791427612305e-02
5.033565163612365723e-01 8.940140157938003540e-02
4.843578338623046875e-01 9.107237309217453003e-02
4.787328839302062988e-01 9.151592850685119629e-02
4.633143246173858643e-01 9.261173754930496216e-02
4.517115056514739990e-01 9.332064539194107056e-02
4.362916052341461182e-01 9.410948306322097778e-02
4.308902621269226074e-01 9.434455633163452148e-02
4.211217463016510010e-01 9.471556544303894043e-02
4.085720479488372803e-01 9.509013593196868896e-02
3.980136811733245850e-01 9.531666338443756104e-02
3.857470154762268066e-01 9.547854959964752197e-02
3.756036162376403809e-01 9.553032368421554565e-02
3.409158587455749512e-01 9.514652937650680542e-02
3.323183059692382812e-01 9.491684287786483765e-02
3.245872557163238525e-01 9.466432780027389526e-02
3.169605135917663574e-01 9.437242895364761353e-02
2.923491299152374268e-01 9.313683956861495972e-02
2.797206938266754150e-01 9.232562780380249023e-02
2.749893963336944580e-01 9.199012070894241333e-02
2.672890722751617432e-01 9.140662103891372681e-02
2.550914585590362549e-01 9.038572013378143311e-02
2.312815934419631958e-01 8.803830295801162720e-02
2.256755232810974121e-01 8.741436898708343506e-02
2.211503386497497559e-01 8.689012378454208374e-02
2.122176736593246460e-01 8.579980581998825073e-02
1.966703832149505615e-01 8.371849358081817627e-02
1.827923357486724854e-01 8.165044337511062622e-02
1.781691759824752808e-01 8.091450482606887817e-02
1.649793237447738647e-01 7.867686450481414795e-02
1.540859937667846680e-01 7.666367292404174805e-02
1.335965991020202637e-01 7.242039591073989868e-02
1.238657608628273010e-01 7.016855478286743164e-02
1.127951741218566895e-01 6.739362329244613647e-02
1.067991182208061218e-01 6.578590720891952515e-02
9.917385876178741455e-02 6.362386047840118408e-02
8.742219209671020508e-02 6.000354140996932983e-02
7.578201591968536377e-02 5.601749196648597717e-02
6.863479316234588623e-02 5.333888530731201172e-02
5.911585316061973572e-02 4.945029690861701965e-02
5.333442613482475281e-02 4.688252881169319153e-02
3.853323683142662048e-02 3.942920640110969543e-02
2.595765329897403717e-02 3.177606686949729919e-02
1.998101733624935150e-02 2.753761969506740570e-02
1.434572227299213409e-02 2.304059453308582306e-02
8.962661027908325195e-03 1.809584535658359528e-02
5.755766760557889938e-03 1.468826923519372940e-02
3.501088125631213188e-03 1.196056883782148361e-02
7.078176131471991539e-04 7.891961373388767242e-03
-7.872881833463907242e-04 5.030116531997919083e-03
-1.810053130611777306e-03 2.182823838666081429e-03
-2.260229084640741348e-03 -6.711343303322792053e-04
-2.013797638937830925e-03 -3.338527865707874298e-03
-1.662540831603109837e-03 -4.479424562305212021e-03
-1.063844538293778896e-03 -5.747524555772542953e-03
5.967881879769265652e-04 -7.942435331642627716e-03
2.641044789925217628e-03 -9.702236391603946686e-03
7.506945170462131500e-03 -1.243780832737684250e-02
1.033956557512283325e-02 -1.359002944082021713e-02
1.479976903647184372e-02 -1.506356708705425262e-02
2.484835870563983917e-02 -1.754664629697799683e-02
3.214699402451515198e-02 -1.895107142627239227e-02
4.106973484158515930e-02 -2.040838450193405151e-02
5.459120869636535645e-02 -2.227223664522171021e-02
6.374081224203109741e-02 -2.337139472365379333e-02
7.589294761419296265e-02 -2.468027174472808838e-02
9.535701572895050049e-02 -2.648529224097728729e-02
1.051843240857124329e-01 -2.727686055004596710e-02
1.144238263368606567e-01 -2.795256115496158600e-02
1.232662647962570190e-01 -2.853871881961822510e-02
1.326420903205871582e-01 -2.909673936665058136e-02
1.509975045919418335e-01 -3.000295720994472504e-02
1.637693345546722412e-01 -3.049014508724212646e-02
1.793818473815917969e-01 -3.092868067324161530e-02
1.851055771112442017e-01 -3.104687295854091644e-02
2.073696255683898926e-01 -3.129497915506362915e-02
2.161358594894409180e-01 -3.130281344056129456e-02
2.332912832498550415e-01 -3.117754496634006500e-02
2.435969412326812744e-01 -3.101631812751293182e-02
2.538620829582214355e-01 -3.079447895288467407e-02
2.648771405220031738e-01 -3.049142658710479736e-02
2.723580300807952881e-01 -3.024884313344955444e-02
2.899465560913085938e-01 -2.956819720566272736e-02
2.958311140537261963e-01 -2.930776961147785187e-02
3.035124242305755615e-01 -2.894460223615169525e-02
3.117965757846832275e-01 -2.852475084364414215e-02
3.196325004100799561e-01 -2.810204029083251953e-02
3.384565412998199463e-01 -2.699272148311138153e-02
3.493140339851379395e-01 -2.629794925451278687e-02
3.618053495883941650e-01 -2.545424178242683411e-02
3.770781755447387695e-01 -2.436503581702709198e-02
3.862774968147277832e-01 -2.368178404867649078e-02
3.948153555393218994e-01 -2.303137630224227905e-02
3.995716571807861328e-01 -2.266279235482215881e-02
4.116168618202209473e-01 -2.171126753091812134e-02
4.187736213207244873e-01 -2.113482728600502014e-02
4.353883266448974609e-01 -1.976973563432693481e-02
4.481986761093139648e-01 -1.869616843760013580e-02
4.568101465702056885e-01 -1.796639524400234222e-02
4.726002812385559082e-01 -1.661553420126438141e-02
4.807674288749694824e-01 -1.591212116181850433e-02
4.844172894954681396e-01 -1.559701375663280487e-02
4.956101477146148682e-01 -1.462877821177244186e-02
5.023661255836486816e-01 -1.404347922652959824e-02
5.122039318084716797e-01 -1.319096330553293228e-02
5.282387137413024902e-01 -1.180312037467956543e-02
5.444565415382385254e-01 -1.040476746857166290e-02
5.510577559471130371e-01 -9.837779216468334198e-03
5.588223338127136230e-01 -9.172786027193069458e-03
5.762739777565002441e-01 -7.686503697186708450e-03
5.888193249702453613e-01 -6.625814363360404968e-03
5.964968204498291016e-01 -5.979994311928749084e-03
6.067798733711242676e-01 -5.119102541357278824e-03
6.162334680557250977e-01 -4.331871401518583298e-03
6.251066923141479492e-01 -3.596828319132328033e-03
6.363198757171630859e-01 -2.673646900802850723e-03
6.418914198875427246e-01 -2.217513741925358772e-03
6.578320860862731934e-01 -9.232683223672211170e-04
6.768494844436645508e-01 5.949938786216080189e-04
6.990175247192382812e-01 2.315888879820704460e-03
7.114926576614379883e-01 3.253185888752341270e-03
7.208301424980163574e-01 3.936333581805229187e-03
7.326081395149230957e-01 4.771561361849308014e-03
7.402412295341491699e-01 5.294892005622386932e-03
7.534155249595642090e-01 6.159983575344085693e-03
7.672656178474426270e-01 7.009625900536775589e-03
7.750956416130065918e-01 7.459077518433332443e-03
7.833148837089538574e-01 7.904147729277610779e-03
7.900831699371337891e-01 8.248409256339073181e-03
7.978752255439758301e-01 8.617854677140712738e-03
8.156259059906005859e-01 9.339421056210994720e-03
8.270473480224609375e-01 9.703562594950199127e-03
8.363895416259765625e-01 9.934768080711364746e-03
8.454391956329345703e-01 1.009500306099653244e-02
8.551300764083862305e-01 1.018916163593530655e-02
8.655292391777038574e-01 1.018992159515619278e-02
8.769161105155944824e-01 1.005405839532613754e-02
8.844059705734252930e-01 9.875184856355190277e-03
9.019644856452941895e-01 9.116908535361289978e-03
9.107443094253540039e-01 8.518772199749946594e-03
9.179892539978027344e-01 7.887109182775020599e-03
9.257780909538269043e-01 7.039867807179689407e-03
9.358881711959838867e-01 5.613990128040313721e-03
9.472365975379943848e-01 3.419125452637672424e-03
9.524862766265869141e-01 2.117104129865765572e-03
9.588306546211242676e-01 2.305704401805996895e-04
9.615359306335449219e-01 -6.924981717020273209e-04
9.643995761871337891e-01 -1.750910654664039612e-03
