9.700670838356018066e-01 3.625823883339762688e-03
9.696918129920959473e-01 4.110185895115137100e-03
9.679549336433410645e-01 6.086835637688636780e-03
9.583182930946350098e-01 1.440706104040145874e-02
9.478558897972106934e-01 2.179222367703914642e-02
9.354349374771118164e-01 2.964036725461483002e-02
9.272824525833129883e-01 3.444701433181762695e-02
9.228169918060302734e-01 3.698955476284027100e-02
9.101245403289794922e-01 4.392369464039802551e-02
9.022012352943420410e-01 4.805998876690864563e-02
8.881733417510986328e-01 5.506862699985504150e-02
8.834583759307861328e-01 5.734112486243247986e-02
8.719184994697570801e-01 6.273981928825378418e-02
8.592284917831420898e-01 6.842280924320220947e-02
8.457792401313781738e-01 7.417319715023040771e-02
8.408969044685363770e-01 7.619412988424301147e-02
8.337206840515136719e-01 7.910229265689849854e-02
8.281378149986267090e-01 8.131434768438339233e-02
8.190385699272155762e-01 8.482764661312103271e-02
8.134851455688476562e-01 8.691700547933578491e-02
7.980108857154846191e-01 9.252561628818511963e-02
7.828956842422485352e-01 9.771151840686798096e-02
7.641535997390747070e-01 1.037581190466880798e-01
7.579814195632934570e-01 1.056596189737319946e-01
7.402253150939941406e-01 1.108902692794799805e-01
7.245506048202514648e-01 1.152211427688598633e-01
7.129439711570739746e-01 1.182601749897003174e-01
7.066859602928161621e-01 1.198407411575317383e-01
6.920264363288879395e-01 1.233871430158615112e-01
6.862405538558959961e-01 1.247275173664093018e-01
6.663213968276977539e-01 1.290899068117141724e-01
6.621682047843933105e-01 1.299508959054946899e-01
6.521700620651245117e-01 1.319555640220642090e-01
6.443273425102233887e-01 1.334614008665084839e-01
6.370277404785156250e-01 1.348106414079666138e-01
6.299967765808105469e-01 1.360627710819244385e-01
6.126774549484252930e-01 1.389500051736831665e-01
6.070605516433715820e-01 1.398265808820724487e-01
5.990364551544189453e-01 1.410280019044876099e-01
5.871096849441528320e-01 1.427039206027984619e-01
5.740919709205627441e-01 1.443835198879241943e-01
5.695268511772155762e-01 1.449356228113174438e-01
5.549677610397338867e-01 1.465683579444885254e-01
5.458945631980895996e-01 1.474872380495071411e-01
5.343159437179565430e-01 1.485498845577239990e-01
5.226094126701354980e-01 1.494984924793243408e-01
5.126383900642395020e-01 1.502065360546112061e-01
5.009746551513671875e-01 1.509177684783935547e-01
4.958505034446716309e-01 1.511901915073394775e-01
4.791074395179748535e-01 1.519095450639724731e-01
4.699677824974060059e-01 1.521911472082138062e-01
4.647005200386047363e-01 1.523177325725555420e-01
4.553983211517333984e-01 1.524771600961685181e-01
4.383198916912078857e-01 1.525556445121765137e-01
4.361117184162139893e-01 1.525453925132751465e-01
4.276097416877746582e-01 1.524623483419418335e-01
4.177049398422241211e-01 1.522775888442993164e-01
4.094679951667785645e-01 1.520513892173767090e-01
4.003602266311645508e-01 1.517240256071090698e-01
3.916761279106140137e-01 1.513359844684600830e-01
3.809606730937957764e-01 1.507541239261627197e-01
3.719727694988250732e-01 1.501777321100234985e-01
3.606529235839843750e-01 1.493358463048934937e-01
3.433067500591278076e-01 1.477918475866317749e-01
3.383029401302337646e-01 1.472886800765991211e-01
3.244064450263977051e-01 1.457533389329910278e-01
3.178052604198455811e-01 1.449522078037261963e-01
2.893757820129394531e-01 1.409590989351272583e-01
2.782994210720062256e-01 1.391580253839492798e-01
2.606136500835418701e-01 1.359847187995910645e-01
2.569015324115753174e-01 1.352709233760833740e-01
2.405134737491607666e-01 1.319139301776885986e-01
2.306895554065704346e-01 1.297352910041809082e-01
2.221278101205825806e-01 1.277303844690322876e-01
2.164089977741241455e-01 1.263342648744583130e-01
2.128887772560119629e-01 1.254515498876571655e-01
2.065071463584899902e-01 1.238048896193504333e-01
1.916433274745941162e-01 1.197271943092346191e-01
1.824932694435119629e-01 1.170381382107734680e-01
1.725614368915557861e-01 1.139534935355186462e-01
1.599018871784210205e-01 1.097514033317565918e-01
1.491732597351074219e-01 1.059306785464286804e-01
1.428388506174087524e-01 1.035527437925338745e-01
1.271261274814605713e-01 9.721701592206954956e-02
1.206008419394493103e-01 9.438225626945495605e-02
1.179645583033561707e-01 9.319959580898284912e-02
9.654297679662704468e-02 8.267175406217575073e-02
8.412794023752212524e-02 7.566885650157928467e-02
7.758738845586776733e-02 7.164695113897323608e-02
7.174082100391387939e-02 6.782457232475280762e-02
6.357040256261825562e-02 6.206764653325080872e-02
5.386162549257278442e-02 5.446900799870491028e-02
4.879517853260040283e-02 5.010563880205154419e-02
3.943672776222229004e-02 4.113058000802993774e-02
3.311514854431152344e-02 3.420095890760421753e-02
3.020635060966014862e-02 3.070390224456787109e-02
2.607304230332374573e-02 2.530103176832199097e-02
2.249486558139324188e-02 2.008021064102649689e-02
1.787403412163257599e-02 1.213467586785554886e-02
1.568460650742053986e-02 7.474296726286411285e-03
1.410386152565479279e-02 3.257449949160218239e-03
1.250255573540925980e-02 -5.192375276237726212e-03
1.289062295109033585e-02 -9.465318173170089722e-03
1.500479038804769516e-02 -1.431367546319961548e-02
1.793810725212097168e-02 -1.746778003871440887e-02
3.117141313850879669e-02 -2.354660443961620331e-02
3.389832004904747009e-02 -2.422733046114444733e-02
4.111139476299285889e-02 -2.561466023325920105e-02
4.727139323949813843e-02 -2.646769583225250244e-02
5.213861167430877686e-02 -2.698967605829238892e-02
5.994848906993865967e-02 -2.761890366673469543e-02
7.126682996749877930e-02 -2.819840982556343079e-02
8.001142740249633789e-02 -2.845048531889915466e-02
9.188756346702575684e-02 -2.859329059720039368e-02
1.031750589609146118e-01 -2.856666035950183868e-02
1.080130115151405334e-01 -2.851638942956924438e-02
1.193323880434036255e-01 -2.832385897636413574e-02
1.247373446822166443e-01 -2.819991298019886017e-02
1.327854096889495850e-01 -2.798269875347614288e-02
1.382503956556320190e-01 -2.781539410352706909e-02
1.443132311105728149e-01 -2.761315181851387024e-02
1.571847945451736450e-01 -2.713344432413578033e-02
1.602139323949813843e-01 -2.701179310679435730e-02
1.736665964126586914e-01 -2.643742971122264862e-02
1.803778856992721558e-01 -2.613258361816406250e-02
1.893948316574096680e-01 -2.570674940943717957e-02
2.091668844223022461e-01 -2.471933700144290924e-02
2.129640579223632812e-01 -2.452271059155464172e-02
2.281018644571304321e-01 -2.372104488313198090e-02
2.318737059831619263e-01 -2.351745218038558960e-02
2.418903559446334839e-01 -2.297060377895832062e-02
2.484583556652069092e-01 -2.260781824588775635e-02
2.589761614799499512e-01 -2.202118746936321259e-02
2.619891464710235596e-01 -2.185204625129699707e-02
2.819292247295379639e-01 -2.072373777627944946e-02
2.872252762317657471e-01 -2.042220719158649445e-02
3.041686117649078369e-01 -1.945513673126697540e-02
3.091632425785064697e-01 -1.916985400021076202e-02
3.189556598663330078e-01 -1.861091144382953644e-02
3.393794894218444824e-01 -1.744982600212097168e-02
3.495413661003112793e-01 -1.687608473002910614e-02
3.562319874763488770e-01 -1.650026813149452209e-02
3.592531979084014893e-01 -1.633112691342830658e-02
3.708817958831787109e-01 -1.568383350968360901e-02
3.808115124702453613e-01 -1.513630151748657227e-02
3.876919746398925781e-01 -1.476004719734191895e-02
3.980424404144287109e-01 -1.419935096055269241e-02
4.085774719715118408e-01 -1.363579370081424713e-02
4.311497807502746582e-01 -1.245540659874677658e-02
4.500306546688079834e-01 -1.149983797222375870e-02
4.559234380722045898e-01 -1.120806019753217697e-02
4.622018039226531982e-01 -1.090076006948947906e-02
4.834695458412170410e-01 -9.888324886560440063e-03
4.886174201965332031e-01 -9.650180116295814514e-03
5.010955333709716797e-01 -9.084578603506088257e-03
5.099776983261108398e-01 -8.692279458045959473e-03
5.380477905273437500e-01 -7.511063478887081146e-03
5.527583360671997070e-01 -6.928625516593456268e-03
5.628750920295715332e-01 -6.542997434735298157e-03
5.798968672752380371e-01 -5.921889096498489380e-03
6.208065152168273926e-01 -4.572006873786449432e-03
6.259230971336364746e-01 -4.417317919433116913e-03
6.322999000549316406e-01 -4.228895530104637146e-03
6.401394009590148926e-01 -4.003862850368022919e-03
6.528666019439697266e-01 -3.653956344351172447e-03
6.627252697944641113e-01 -3.395933890715241432e-03
6.741447448730468750e-01 -3.111149650067090988e-03
6.879631876945495605e-01 -2.786564407870173454e-03
6.955773234367370605e-01 -2.617011545225977898e-03
7.116988897323608398e-01 -2.279619919136166573e-03
7.257156372070312500e-01 -2.009977353736758232e-03
7.364021539688110352e-01 -1.819122117012739182e-03
7.472521066665649414e-01 -1.638348330743610859e-03
7.544142007827758789e-01 -1.526192645542323589e-03
7.708179950714111328e-01 -1.290863147005438805e-03
7.840381860733032227e-01 -1.123150927014648914e-03
8.066692352294921875e-01 -8.821482188068330288e-04
8.105776309967041016e-01 -8.465107530355453491e-04
8.284452557563781738e-01 -7.065400131978094578e-04
8.395134806632995605e-01 -6.391224451363086700e-04
8.516933917999267578e-01 -5.824987310916185379e-04
8.577082753181457520e-01 -5.614828551188111305e-04
8.721119165420532227e-01 -5.303288344293832779e-04
8.811089992523193359e-01 -5.249092355370521545e-04
9.103795289993286133e-01 -5.832964670844376087e-04
9.149929881095886230e-01 -6.026994087733328342e-04
9.383599758148193359e-01 -7.270956994034349918e-04
9.495016336441040039e-01 -7.721338770352303982e-04
9.617757797241210938e-01 -7.103137904778122902e-04
9.653899669647216797e-01 -6.292603793554008007e-04
9.681416749954223633e-01 -5.288242828100919724e-04
9.694266915321350098e-01 -4.664577136281877756e-04
