9.665585160255432129e-01 -5.984225426800549030e-04
9.662123918533325195e-01 -4.594045458361506462e-04
9.636299014091491699e-01 5.187042988836765289e-04
9.598160982131958008e-01 1.836420735344290733e-03
9.492282867431640625e-01 5.107386503368616104e-03
9.402965903282165527e-01 7.646685931831598282e-03
9.300748109817504883e-01 1.042343396693468094e-02
9.256586432456970215e-01 1.159401610493659973e-02
9.122641086578369141e-01 1.506814453750848770e-02
9.023168683052062988e-01 1.759126409888267517e-02
8.960403800010681152e-01 1.916354522109031677e-02
8.907482624053955078e-01 2.047866955399513245e-02
8.810321688652038574e-01 2.287070639431476593e-02
8.735241889953613281e-01 2.470047213137149811e-02
8.605508804321289062e-01 2.782667987048625946e-02
8.543580174446105957e-01 2.930358052253723145e-02
8.471943736076354980e-01 3.099984303116798401e-02
8.376140594482421875e-01 3.324767574667930603e-02
8.261534571647644043e-01 3.590507060289382935e-02
8.200661540031433105e-01 3.730209544301033020e-02
8.113445639610290527e-01 3.928565979003906250e-02
7.843771576881408691e-01 4.527402296662330627e-02
7.622738480567932129e-01 5.000103637576103210e-02
7.576074600219726562e-01 5.097588151693344116e-02
7.467495203018188477e-01 5.321084707975387573e-02
7.386335730552673340e-01 5.484974756836891174e-02
7.252179980278015137e-01 5.749588459730148315e-02
7.148459553718566895e-01 5.948512628674507141e-02
6.978757977485656738e-01 6.262686848640441895e-02
6.874151229858398438e-01 6.448991596698760986e-02
6.811441779136657715e-01 6.557869911193847656e-02
6.659606099128723145e-01 6.812456995248794556e-02
6.511912941932678223e-01 7.047356665134429932e-02
6.426512598991394043e-01 7.177241146564483643e-02
6.223758459091186523e-01 7.467517256736755371e-02
6.178133487701416016e-01 7.529240846633911133e-02
6.068255901336669922e-01 7.672347128391265869e-02
6.000608205795288086e-01 7.756498456001281738e-02
5.812497138977050781e-01 7.974378764629364014e-02
5.747889876365661621e-01 8.043652772903442383e-02
5.696899294853210449e-01 8.096293359994888306e-02
5.424111485481262207e-01 8.347040414810180664e-02
5.222676396369934082e-01 8.498274534940719604e-02
5.134810805320739746e-01 8.555085211992263794e-02
5.053860545158386230e-01 8.602470904588699341e-02
4.995903372764587402e-01 8.633460849523544312e-02
4.883849620819091797e-01 8.686416596174240112e-02
4.774298667907714844e-01 8.729270845651626587e-02
4.618747234344482422e-01 8.774919807910919189e-02
4.511703550815582275e-01 8.795923739671707153e-02
4.397619366645812988e-01 8.808942884206771851e-02
4.336511194705963135e-01 8.811929076910018921e-02
4.211044311523437500e-01 8.809340000152587891e-02
4.164495468139648438e-01 8.805390447378158569e-02
4.018780589103698730e-01 8.782542496919631958e-02
3.987241685390472412e-01 8.775501698255538940e-02
3.928862810134887695e-01 8.760503679513931274e-02
3.688157200813293457e-01 8.671618998050689697e-02
3.477190732955932617e-01 8.557790517807006836e-02
3.445012569427490234e-01 8.537466078996658325e-02
3.345453143119812012e-01 8.469610661268234253e-02
3.263439536094665527e-01 8.408045023679733276e-02
3.137250542640686035e-01 8.303277939558029175e-02
3.053905367851257324e-01 8.227377384901046753e-02
2.872747480869293213e-01 8.043868839740753174e-02
2.821325659751892090e-01 7.987119257450103760e-02
2.731064856052398682e-01 7.882486283779144287e-02
2.658627629280090332e-01 7.793849706649780273e-02
2.566289305686950684e-01 7.674788683652877808e-02
2.449322491884231567e-01 7.514085620641708374e-02
2.195885181427001953e-01 7.127080857753753662e-02
2.139537185430526733e-01 7.033631950616836548e-02
2.067600041627883911e-01 6.910307705402374268e-02
1.897519081830978394e-01 6.600309908390045166e-02
1.692870855331420898e-01 6.191343814134597778e-02
1.603011190891265869e-01 5.998615548014640808e-02
1.475253999233245850e-01 5.709867924451828003e-02
1.369194686412811279e-01 5.456211045384407043e-02
1.307981759309768677e-01 5.303691700100898743e-02
1.206669583916664124e-01 5.040771514177322388e-02
1.096974983811378479e-01 4.740238934755325317e-02
1.032120734453201294e-01 4.554133862257003784e-02
7.784099131822586060e-02 3.755806013941764832e-02
7.049006968736648560e-02 3.499788045883178711e-02
6.387788802385330200e-02 3.258015587925910950e-02
5.433641746640205383e-02 2.887110412120819092e-02
4.771947860717773438e-02 2.612121403217315674e-02
4.247782379388809204e-02 2.382174506783485413e-02
3.105378337204456329e-02 1.835187338292598724e-02
2.444902807474136353e-02 1.481702923774719238e-02
2.230080030858516693e-02 1.358935702592134476e-02
1.727854087948799133e-02 1.052196230739355087e-02
1.281700562685728073e-02 7.466777227818965912e-03
9.166399948298931122e-03 4.535863641649484634e-03
7.150298915803432465e-03 2.523421309888362885e-03
6.304956041276454926e-03 1.450854237191379070e-03
5.785489920526742935e-03 5.996362306177616119e-04
5.404388066381216049e-03 -3.750933974515646696e-04
5.318549927324056625e-03 -9.155956795439124107e-04
5.313965957611799240e-03 -1.089703175239264965e-03
5.445808637887239456e-03 -1.829483080655336380e-03
6.058204453438520432e-03 -2.747345948591828346e-03
6.933873519301414490e-03 -3.395079635083675385e-03
9.738667868077754974e-03 -4.437469411641359329e-03
1.346134394407272339e-02 -5.095443222671747208e-03
2.074281498789787292e-02 -5.613979417830705643e-03
2.628219127655029297e-02 -5.703120026737451553e-03
4.013793170452117920e-02 -5.384261254221200943e-03
5.314416810870170593e-02 -4.690321162343025208e-03
6.503955274820327759e-02 -3.853463800624012947e-03
8.174397796392440796e-02 -2.461610361933708191e-03
8.888699859380722046e-02 -1.811241963878273964e-03
9.870181977748870850e-02 -8.793055312708020210e-04
1.180061474442481995e-01 1.036927918903529644e-03
1.272797435522079468e-01 1.976863946765661240e-03
1.404075324535369873e-01 3.308518789708614349e-03
1.518734991550445557e-01 4.459215793758630753e-03
1.604114323854446411e-01 5.301689729094505310e-03
1.682849377393722534e-01 6.063982844352722168e-03
1.731258928775787354e-01 6.524533964693546295e-03
1.819669157266616821e-01 7.347560022026300430e-03
1.940844208002090454e-01 8.433253504335880280e-03
2.060184776782989502e-01 9.449426084756851196e-03
2.132501602172851562e-01 1.003765594214200974e-02
2.269850075244903564e-01 1.109450496733188629e-02
2.369648665189743042e-01 1.181103661656379700e-02
2.530020773410797119e-01 1.286922954022884369e-02
2.568601667881011963e-01 1.310641039162874222e-02
2.773075997829437256e-01 1.424989011138677597e-02
2.873043417930603027e-01 1.473938114941120148e-02
2.941736280918121338e-01 1.504934672266244888e-02
3.074729144573211670e-01 1.558883488178253174e-02
3.234391808509826660e-01 1.613203622400760651e-02
3.325677514076232910e-01 1.639214530587196350e-02
3.434081971645355225e-01 1.665412820875644684e-02
3.480610847473144531e-01 1.675113849341869354e-02
3.619213104248046875e-01 1.698610559105873108e-02
3.673221170902252197e-01 1.705607399344444275e-02
3.727740645408630371e-01 1.711461693048477173e-02
3.814464211463928223e-01 1.718306541442871094e-02
3.863595426082611084e-01 1.720858551561832428e-02
4.003220498561859131e-01 1.722985878586769104e-02
4.210744500160217285e-01 1.712637394666671753e-02
4.286309778690338135e-01 1.705027371644973755e-02
4.377144575119018555e-01 1.693282835185527802e-02
4.429854154586791992e-01 1.685206964612007141e-02
4.554693102836608887e-01 1.662527211010456085e-02
4.722008407115936279e-01 1.624751836061477661e-02
4.849508404731750488e-01 1.590751484036445618e-02
5.053097009658813477e-01 1.528202276676893234e-02
5.118595957756042480e-01 1.506166160106658936e-02
5.188258290290832520e-01 1.481824088841676712e-02
5.254636406898498535e-01 1.457831542938947678e-02
5.420465469360351562e-01 1.394941937178373337e-02
5.523115396499633789e-01 1.354257669299840927e-02
5.700575709342956543e-01 1.281599793583154678e-02
5.793514847755432129e-01 1.242709718644618988e-02
5.899426937103271484e-01 1.197953708469867706e-02
5.961898565292358398e-01 1.171418465673923492e-02
6.053613424301147461e-01 1.132380682975053787e-02
6.159349083900451660e-01 1.087386347353458405e-02
6.272453069686889648e-01 1.039428636431694031e-02
6.437671780586242676e-01 9.699880145490169525e-03
6.638986468315124512e-01 8.867646567523479462e-03
6.796557903289794922e-01 8.228790014982223511e-03
6.899200677871704102e-01 7.818826474249362946e-03
7.082603573799133301e-01 7.098081987351179123e-03
7.181361913681030273e-01 6.715804804116487503e-03
7.278387546539306641e-01 6.343766581267118454e-03
7.356890439987182617e-01 6.045033223927021027e-03
7.463012337684631348e-01 5.643960088491439819e-03
7.581279277801513672e-01 5.199924111366271973e-03
7.704837918281555176e-01 4.738175775855779648e-03
7.777352333068847656e-01 4.467661026865243912e-03
7.963033914566040039e-01 3.774029435589909554e-03
8.022550344467163086e-01 3.550691762939095497e-03
8.115150332450866699e-01 3.201417392119765282e-03
8.218998908996582031e-01 2.806101227179169655e-03
8.441818952560424805e-01 1.938029890879988670e-03
8.518632054328918457e-01 1.629950362257659435e-03
8.699918389320373535e-01 8.770748390816152096e-04
8.825837373733520508e-01 3.258922661188989878e-04
8.945215940475463867e-01 -2.257514133816584945e-04
8.998226523399353027e-01 -4.820460162591189146e-04
9.097554087638854980e-01 -9.854986565187573433e-04
9.160441756248474121e-01 -1.322995987720787525e-03
9.273887276649475098e-01 -1.978769199922680855e-03
9.411681890487670898e-01 -2.885983791202306747e-03
9.567529559135437012e-01 -4.135184921324253082e-03
9.643755555152893066e-01 -4.861785098910331726e-03
9.658168554306030273e-01 -5.007140338420867920e-03
9.671261906623840332e-01 -5.140636581927537918e-03
