9.630313515663146973e-01 -2.552210353314876556e-03
9.623189568519592285e-01 -2.468415070325136185e-03
9.596103429794311523e-01 -2.148632192984223366e-03
9.518522620201110840e-01 -1.230990863405168056e-03
9.231415987014770508e-01 2.084971871227025986e-03
9.080569148063659668e-01 3.756935009732842445e-03
8.907095193862915039e-01 5.613542161881923676e-03
8.793166279792785645e-01 6.792772561311721802e-03
8.662327527999877930e-01 8.106443099677562714e-03
8.566137552261352539e-01 9.043841622769832611e-03
8.473102450370788574e-01 9.927070699632167816e-03
8.400211334228515625e-01 1.060275174677371979e-02
8.308857083320617676e-01 1.142900250852108002e-02
8.226519227027893066e-01 1.215397566556930542e-02
8.010693192481994629e-01 1.396416034549474716e-02
7.976181507110595703e-01 1.424151752144098282e-02
7.847516536712646484e-01 1.524615567177534103e-02
7.774190902709960938e-01 1.579820550978183746e-02
7.712737917900085449e-01 1.624958589673042297e-02
7.643178701400756836e-01 1.674827374517917633e-02
7.493644356727600098e-01 1.777772977948188782e-02
7.402091026306152344e-01 1.838050037622451782e-02
7.191861271858215332e-01 1.969167776405811310e-02
7.134873270988464355e-01 2.003095299005508423e-02
6.954029202461242676e-01 2.106728777289390564e-02
6.823468804359436035e-01 2.178160473704338074e-02
6.696108579635620117e-01 2.245510928332805634e-02
6.627967953681945801e-01 2.280718088150024414e-02
6.490116715431213379e-01 2.350417710840702057e-02
6.411838531494140625e-01 2.389197796583175659e-02
6.302911043167114258e-01 2.442338317632675171e-02
6.176322698593139648e-01 2.503065206110477448e-02
6.059424877166748047e-01 2.558322995901107788e-02
5.963347554206848145e-01 2.603246830403804779e-02
5.721331238746643066e-01 2.714871987700462341e-02
5.658263564109802246e-01 2.743678167462348938e-02
5.520018935203552246e-01 2.806517481803894043e-02
5.439426302909851074e-01 2.843000367283821106e-02
5.412508249282836914e-01 2.855165675282478333e-02
5.335676670074462891e-01 2.889848314225673676e-02
5.279109477996826172e-01 2.915353141725063324e-02
5.146201252937316895e-01 2.975231595337390900e-02
5.025599598884582520e-01 3.029583767056465149e-02
4.955998063087463379e-01 3.060998022556304932e-02
4.885873198509216309e-01 3.092705830931663513e-02
4.802920818328857422e-01 3.130314871668815613e-02
4.715451896190643311e-01 3.170129284262657166e-02
4.626685976982116699e-01 3.210746496915817261e-02
4.503981471061706543e-01 3.267328441143035889e-02
4.320743680000305176e-01 3.353044763207435608e-02
4.218138456344604492e-01 3.401831537485122681e-02
4.160289168357849121e-01 3.429628536105155945e-02
4.036135971546173096e-01 3.490070998668670654e-02
3.974862992763519287e-01 3.520325198769569397e-02
3.779641985893249512e-01 3.618778288364410400e-02
3.762052655220031738e-01 3.627808019518852234e-02
3.684003055095672607e-01 3.668213263154029846e-02
3.585544228553771973e-01 3.719950467348098755e-02
3.472847938537597656e-01 3.780191764235496521e-02
3.398267030715942383e-01 3.820624575018882751e-02
3.318614661693572998e-01 3.864252194762229919e-02
3.279228806495666504e-01 3.885974735021591187e-02
3.210219144821166992e-01 3.924234583973884583e-02
3.085751235485076904e-01 3.993694484233856201e-02
3.050268888473510742e-01 4.013545066118240356e-02
2.940400242805480957e-01 4.074937105178833008e-02
2.893942296504974365e-01 4.100774228572845459e-02
2.726978659629821777e-01 4.192211106419563293e-02
2.555133104324340820e-01 4.281992465257644653e-02
2.481793761253356934e-01 4.318193346261978149e-02
2.333636879920959473e-01 4.385838285088539124e-02
2.253320664167404175e-01 4.418644309043884277e-02
2.141087651252746582e-01 4.458763450384140015e-02
2.090339660644531250e-01 4.474354535341262817e-02
1.942236274480819702e-01 4.509028792381286621e-02
1.847199946641921997e-01 4.521350562572479248e-02
1.780755519866943359e-01 4.524596035480499268e-02
1.677518039941787720e-01 4.519711807370185852e-02
1.622805595397949219e-01 4.511703923344612122e-02
1.455880403518676758e-01 4.460529237985610962e-02
1.339824050664901733e-01 4.397553950548171997e-02
1.237138807773590088e-01 4.319866001605987549e-02
1.086565330624580383e-01 4.162489622831344604e-02
9.519351273775100708e-02 3.970204293727874756e-02
8.927239477634429932e-02 3.867730870842933655e-02
8.338279277086257935e-02 3.753614425659179688e-02
6.341800093650817871e-02 3.260125219821929932e-02
5.438563972711563110e-02 2.970584295690059662e-02
4.073702916502952576e-02 2.426920644938945770e-02
3.306611254811286926e-02 2.045752294361591339e-02
2.904300950467586517e-02 1.815492287278175354e-02
1.997586339712142944e-02 1.175347343087196350e-02
1.611492596566677094e-02 8.067484013736248016e-03
1.412480324506759644e-02 5.605146288871765137e-03
1.216040644794702530e-02 1.894198707304894924e-03
1.170044671744108200e-02 -5.203066975809633732e-04
1.174377836287021637e-02 -1.525697764009237289e-03
1.197032909840345383e-02 -2.605320420116186142e-03
1.214543636888265610e-02 -3.106514457613229752e-03
1.240389514714479446e-02 -3.677661996334791183e-03
1.290901377797126770e-02 -4.519888665527105331e-03
1.463132444769144058e-02 -6.381889805197715759e-03
1.640348136425018311e-02 -7.667803205549716949e-03
1.948033086955547333e-02 -9.287424385547637939e-03
2.246423624455928802e-02 -1.047510188072919846e-02
2.613742277026176453e-02 -1.164598669856786728e-02
3.149553015828132629e-02 -1.300410274416208267e-02
3.738034889101982117e-02 -1.419695373624563217e-02
4.784257709980010986e-02 -1.585530862212181091e-02
6.053460389375686646e-02 -1.740043424069881439e-02
7.207041978836059570e-02 -1.854594051837921143e-02
8.291467279195785522e-02 -1.948409155011177063e-02
8.790674060583114624e-02 -1.988436467945575714e-02
1.046875044703483582e-01 -2.113176509737968445e-02
1.177936941385269165e-01 -2.203701436519622803e-02
1.266946047544479370e-01 -2.263106033205986023e-02
1.497548669576644897e-01 -2.412826754152774811e-02
1.598358303308486938e-01 -2.477367408573627472e-02
1.689877659082412720e-01 -2.535821683704853058e-02
1.751255095005035400e-01 -2.575023844838142395e-02
1.835119724273681641e-01 -2.628652937710285187e-02
1.881278902292251587e-01 -2.658220194280147552e-02
2.000125944614410400e-01 -2.734582126140594482e-02
2.054068446159362793e-01 -2.769366092979907990e-02
2.340868413448333740e-01 -2.955790422856807709e-02
2.378776818513870239e-01 -2.980617620050907135e-02
2.439296245574951172e-01 -3.020334430038928986e-02
2.517539858818054199e-01 -3.071824274957180023e-02
2.649526298046112061e-01 -3.158992528915405273e-02
2.769758701324462891e-01 -3.238651901483535767e-02
2.947320342063903809e-01 -3.356505930423736572e-02
2.985172569751739502e-01 -3.381633013486862183e-02
3.187126219272613525e-01 -3.515426442027091980e-02
3.242839872837066650e-01 -3.552199900150299072e-02
3.316936194896697998e-01 -3.600963950157165527e-02
3.357091844081878662e-01 -3.627309203147888184e-02
3.474665284156799316e-01 -3.704049810767173767e-02
3.561905622482299805e-01 -3.760522976517677307e-02
3.638907372951507568e-01 -3.809971362352371216e-02
3.706000447273254395e-01 -3.852707520127296448e-02
3.773499429225921631e-01 -3.895333781838417053e-02
3.901332914829254150e-01 -3.974910452961921692e-02
4.160429239273071289e-01 -4.130532592535018921e-02
4.222624897956848145e-01 -4.166547581553459167e-02
4.359881579875946045e-01 -4.243874922394752502e-02
4.442548751831054688e-01 -4.288892820477485657e-02
4.565402865409851074e-01 -4.353407397866249084e-02
4.782239496707916260e-01 -4.459533095359802246e-02
4.873788356781005859e-01 -4.501061514019966125e-02
4.932078123092651367e-01 -4.526412114500999451e-02
5.065348148345947266e-01 -4.581004381179809570e-02
5.133033394813537598e-01 -4.606853798031806946e-02
5.214107632637023926e-01 -4.636076837778091431e-02
5.243113636970520020e-01 -4.646056145429611206e-02
5.418671965599060059e-01 -4.700915887951850891e-02
5.629859566688537598e-01 -4.753568395972251892e-02
5.696663260459899902e-01 -4.767015948891639709e-02
5.757623910903930664e-01 -4.777887091040611267e-02
5.882435441017150879e-01 -4.795860126614570618e-02
5.966788530349731445e-01 -4.804649204015731812e-02
6.042580604553222656e-01 -4.810161888599395752e-02
6.342608928680419922e-01 -4.808732494711875916e-02
6.430640816688537598e-01 -4.800911620259284973e-02
6.488838791847229004e-01 -4.793809726834297180e-02
6.780676245689392090e-01 -4.733864217996597290e-02
6.871520280838012695e-01 -4.706514254212379456e-02
7.028907537460327148e-01 -4.648755118250846863e-02
7.090640068054199219e-01 -4.622375592589378357e-02
7.204142212867736816e-01 -4.568175226449966431e-02
7.300459742546081543e-01 -4.516192525625228882e-02
7.387526035308837891e-01 -4.464290663599967957e-02
7.479978203773498535e-01 -4.403879493474960327e-02
7.591515779495239258e-01 -4.323435202240943909e-02
7.626291513442993164e-01 -4.296603053808212280e-02
7.704310417175292969e-01 -4.233279824256896973e-02
7.759731411933898926e-01 -4.185596108436584473e-02
7.892258167266845703e-01 -4.062082618474960327e-02
7.968888878822326660e-01 -3.984275460243225098e-02
8.311170339584350586e-01 -3.573291748762130737e-02
8.462622761726379395e-01 -3.354108706116676331e-02
8.609044551849365234e-01 -3.116879053413867950e-02
8.674812912940979004e-01 -3.001388348639011383e-02
8.795804381370544434e-01 -2.773016691207885742e-02
8.880846500396728516e-01 -2.599102444946765900e-02
8.996714353561401367e-01 -2.342532388865947723e-02
9.037232398986816406e-01 -2.247101254761219025e-02
9.215085506439208984e-01 -1.790920644998550415e-02
9.340909123420715332e-01 -1.433525979518890381e-02
9.445769190788269043e-01 -1.123866159468889236e-02
9.586922526359558105e-01 -7.238392252475023270e-03
9.621654748916625977e-01 -6.328738294541835785e-03
9.633433818817138672e-01 -6.028127390891313553e-03
