9.661732316017150879e-01 3.368971636518836021e-03
9.658401012420654297e-01 3.545214189216494560e-03
9.632396697998046875e-01 4.785294178873300552e-03
9.588622450828552246e-01 6.529162172228097916e-03
9.492518901824951172e-01 9.615600109100341797e-03
9.388657212257385254e-01 1.237920951098203659e-02
9.312142729759216309e-01 1.419930532574653625e-02
9.270716309547424316e-01 1.513032894581556320e-02
9.125958681106567383e-01 1.816221140325069427e-02
9.059879779815673828e-01 1.945671439170837402e-02
8.966058492660522461e-01 2.122026123106479645e-02
8.910862207412719727e-01 2.222270146012306213e-02
8.802186250686645508e-01 2.413194626569747925e-02
8.725427985191345215e-01 2.543521486222743988e-02
8.656630516052246094e-01 2.657528966665267944e-02
8.584903478622436523e-01 2.773826196789741516e-02
8.453693985939025879e-01 2.980443835258483887e-02
8.353624343872070312e-01 3.133215755224227905e-02
8.313475251197814941e-01 3.193418309092521667e-02
8.276184797286987305e-01 3.248811140656471252e-02
8.182150125503540039e-01 3.386289253830909729e-02
8.094781637191772461e-01 3.511314466595649719e-02
8.001735210418701172e-01 3.641720488667488098e-02
7.910845279693603516e-01 3.766455501317977905e-02
7.761413455009460449e-01 3.965967521071434021e-02
7.684777379035949707e-01 4.065647348761558533e-02
7.556855678558349609e-01 4.228057712316513062e-02
7.507730126380920410e-01 4.289100691676139832e-02
7.396880388259887695e-01 4.424109682440757751e-02
7.245036959648132324e-01 4.602793231606483459e-02
7.091290950775146484e-01 4.776131361722946167e-02
6.965289115905761719e-01 4.912291094660758972e-02
6.849286556243896484e-01 5.032764747738838196e-02
6.759493947029113770e-01 5.122714489698410034e-02
6.664398312568664551e-01 5.214734375476837158e-02
6.565589904785156250e-01 5.306726321578025818e-02
6.466464400291442871e-01 5.395207926630973816e-02
6.341041326522827148e-01 5.501565337181091309e-02
6.249265670776367188e-01 5.575331300497055054e-02
6.173375248908996582e-01 5.633686482906341553e-02
6.089528799057006836e-01 5.695345997810363770e-02
5.979124903678894043e-01 5.771962553262710571e-02
5.883112549781799316e-01 5.834315717220306396e-02
5.814469456672668457e-01 5.876436829566955566e-02
5.592454671859741211e-01 5.998520553112030029e-02
5.453160405158996582e-01 6.064042076468467712e-02
5.367539525032043457e-01 6.100081279873847961e-02
5.248251557350158691e-01 6.144938245415687561e-02
5.110239386558532715e-01 6.189116090536117554e-02
4.969813823699951172e-01 6.225659698247909546e-02
4.839186072349548340e-01 6.252145767211914062e-02
4.744035899639129639e-01 6.266944110393524170e-02
4.622559845447540283e-01 6.280419230461120605e-02
4.538241028785705566e-01 6.286244094371795654e-02
4.389204382896423340e-01 6.289578974246978760e-02
4.318571090698242188e-01 6.288097053766250610e-02
4.193809628486633301e-01 6.280742585659027100e-02
4.131365120410919189e-01 6.274814158678054810e-02
4.005520641803741455e-01 6.258365511894226074e-02
3.918958008289337158e-01 6.243596598505973816e-02
3.830845654010772705e-01 6.225697696208953857e-02
3.704712986946105957e-01 6.195085868239402771e-02
3.586153686046600342e-01 6.160992756485939026e-02
3.352544009685516357e-01 6.078807264566421509e-02
3.252564668655395508e-01 6.037544831633567810e-02
3.103054463863372803e-01 5.968979746103286743e-02
3.017170131206512451e-01 5.925835669040679932e-02
2.951922118663787842e-01 5.891202390193939209e-02
2.795095443725585938e-01 5.801280215382575989e-02
2.740704715251922607e-01 5.767847970128059387e-02
2.610274851322174072e-01 5.682818964123725891e-02
2.420058250427246094e-01 5.546023324131965637e-02
2.336079180240631104e-01 5.480541288852691650e-02
2.069599479436874390e-01 5.250234529376029968e-02
1.889446973800659180e-01 5.072962865233421326e-02
1.689262986183166504e-01 4.852117598056793213e-02
1.614489406347274780e-01 4.762290418148040771e-02
1.515431851148605347e-01 4.636358842253684998e-02
1.402693092823028564e-01 4.482369869947433472e-02
1.324667930603027344e-01 4.368351772427558899e-02
1.188741028308868408e-01 4.152994975447654724e-02
1.104346886277198792e-01 4.006994888186454773e-02
1.008522734045982361e-01 3.827834874391555786e-02
8.717884868383407593e-02 3.542712703347206116e-02
7.560759782791137695e-02 3.267799317836761475e-02
6.991955637931823730e-02 3.118721768260002136e-02
6.121415644884109497e-02 2.868854440748691559e-02
5.748249590396881104e-02 2.752372622489929199e-02
4.074889421463012695e-02 2.136937156319618225e-02
3.434462472796440125e-02 1.845189556479454041e-02
2.642319165170192719e-02 1.413150224834680557e-02
2.271943725645542145e-02 1.168744824826717377e-02
1.765135303139686584e-02 7.475067861378192902e-03
1.613731123507022858e-02 5.813122726976871490e-03
1.411834359169006348e-02 2.638204954564571381e-03
1.391682308167219162e-02 2.136206021532416344e-03
1.347609702497720718e-02 -5.974909072392620146e-05
1.361593604087829590e-02 -1.443768735043704510e-03
1.398596260696649551e-02 -2.524918178096413612e-03
1.451256498694419861e-02 -3.459841944277286530e-03
1.627478748559951782e-02 -5.375016480684280396e-03
1.751727052032947540e-02 -6.313071120530366898e-03
2.079622820019721985e-02 -8.155867457389831543e-03
2.670305967330932617e-02 -1.046566013246774673e-02
3.026389516890048981e-02 -1.155366376042366028e-02
3.571594133973121643e-02 -1.296989154070615768e-02
4.664755985140800476e-02 -1.525810826569795609e-02
5.712987855076789856e-02 -1.703095622360706329e-02
7.782323658466339111e-02 -1.979804225265979767e-02
8.467452228069305420e-02 -2.055650576949119568e-02
9.033619612455368042e-02 -2.113450504839420319e-02
1.049866378307342529e-01 -2.244723401963710785e-02
1.108429431915283203e-01 -2.290474995970726013e-02
1.255129426717758179e-01 -2.389949746429920197e-02
1.359067261219024658e-01 -2.448389492928981781e-02
1.484439224004745483e-01 -2.506815083324909210e-02
1.574252098798751831e-01 -2.541176602244377136e-02
1.664614379405975342e-01 -2.569895796477794647e-02
1.747769266366958618e-01 -2.591469325125217438e-02
1.845228224992752075e-01 -2.611233107745647430e-02
1.964163333177566528e-01 -2.627886831760406494e-02
2.037190198898315430e-01 -2.634358406066894531e-02
2.123318314552307129e-01 -2.638597041368484497e-02
2.212081253528594971e-01 -2.639392018318176270e-02
2.475062459707260132e-01 -2.623122744262218475e-02
2.559165954589843750e-01 -2.612821385264396667e-02
2.738165855407714844e-01 -2.584059536457061768e-02
2.806785702705383301e-01 -2.570855431258678436e-02
2.881050705909729004e-01 -2.555366046726703644e-02
2.978933453559875488e-01 -2.533224970102310181e-02
3.066664040088653564e-01 -2.511889114975929260e-02
3.106689751148223877e-01 -2.501730620861053467e-02
3.217888474464416504e-01 -2.472260594367980957e-02
3.303709030151367188e-01 -2.448395825922489166e-02
3.499364554882049561e-01 -2.390987239778041840e-02
3.559303283691406250e-01 -2.372704818844795227e-02
3.787854611873626709e-01 -2.300704456865787506e-02
3.839360177516937256e-01 -2.284066192805767059e-02
3.891721367835998535e-01 -2.267022617161273956e-02
4.060040712356567383e-01 -2.211466804146766663e-02
4.157159924507141113e-01 -2.178940549492835999e-02
4.283992350101470947e-01 -2.135989442467689514e-02
4.348979294300079346e-01 -2.113773673772811890e-02
4.442081749439239502e-01 -2.081687375903129578e-02
4.536422193050384521e-01 -2.048829570412635803e-02
4.637213051319122314e-01 -2.013282291591167450e-02
4.716436266899108887e-01 -1.984966360032558441e-02
4.841521680355072021e-01 -1.939443871378898621e-02
5.022298097610473633e-01 -1.871411874890327454e-02
5.149661898612976074e-01 -1.821428351104259491e-02
5.215182900428771973e-01 -1.794907823204994202e-02
5.283126831054687500e-01 -1.766747795045375824e-02
5.350304245948791504e-01 -1.738183386623859406e-02
5.476627945899963379e-01 -1.682299934327602386e-02
5.608502030372619629e-01 -1.620556227862834930e-02
5.736462473869323730e-01 -1.556910760700702667e-02
5.925491452217102051e-01 -1.455466635525226593e-02
6.009166836738586426e-01 -1.407571230083703995e-02
6.271147131919860840e-01 -1.245526969432830811e-02
6.343882083892822266e-01 -1.197371445596218109e-02
6.412269473075866699e-01 -1.150917354971170425e-02
6.529752612113952637e-01 -1.068602874875068665e-02
6.658809781074523926e-01 -9.748861193656921387e-03
6.714517474174499512e-01 -9.334921836853027344e-03
7.083531618118286133e-01 -6.490731611847877502e-03
7.272141575813293457e-01 -5.001029465347528458e-03
7.375232577323913574e-01 -4.186813719570636749e-03
7.618700861930847168e-01 -2.287592273205518723e-03
7.683886885643005371e-01 -1.789095927961170673e-03
7.835194468498229980e-01 -6.563702481798827648e-04
7.979716658592224121e-01 3.851057845167815685e-04
8.040747046470642090e-01 8.103897562250494957e-04
8.115389943122863770e-01 1.317007001489400864e-03
8.208729624748229980e-01 1.927103730849921703e-03
8.273588418960571289e-01 2.333940938115119934e-03
8.329312801361083984e-01 2.671116264536976814e-03
8.454845547676086426e-01 3.383741946890950203e-03
8.571236133575439453e-01 3.977610729634761810e-03
8.689703345298767090e-01 4.503379110246896744e-03
8.751940727233886719e-01 4.742602352052927017e-03
8.899046778678894043e-01 5.186500027775764465e-03
8.938274383544921875e-01 5.271431058645248413e-03
9.042300581932067871e-01 5.414417013525962830e-03
9.104716777801513672e-01 5.433720070868730545e-03
9.214207530021667480e-01 5.317598581314086914e-03
9.259943962097167969e-01 5.200561601668596268e-03
9.381691217422485352e-01 4.628573078662157059e-03
9.435206651687622070e-01 4.222724586725234985e-03
9.533236622810363770e-01 3.131155855953693390e-03
9.620998501777648926e-01 1.615197397768497467e-03
9.645470380783081055e-01 1.073303399607539177e-03
9.665492773056030273e-01 5.864279810339212418e-04
