9.595676660537719727e-01 2.882559550926089287e-03
9.589537382125854492e-01 3.033024258911609650e-03
9.561504721641540527e-01 3.665717085823416710e-03
9.487865567207336426e-01 5.099921487271785736e-03
9.406074285507202148e-01 6.522049196064472198e-03
9.308278560638427734e-01 8.127501234412193298e-03
9.160067439079284668e-01 1.049502100795507431e-02
9.105641841888427734e-01 1.136162411421537399e-02
9.016495943069458008e-01 1.278825942426919937e-02
8.919599056243896484e-01 1.435648184269666672e-02
8.784571290016174316e-01 1.658350042998790741e-02
8.737961053848266602e-01 1.736539602279663086e-02
8.607147932052612305e-01 1.959966309368610382e-02
8.503582477569580078e-01 2.141247689723968506e-02
8.371406793594360352e-01 2.378512732684612274e-02
8.322520256042480469e-01 2.467963658273220062e-02
8.126639127731323242e-01 2.835597097873687744e-02
8.066064715385437012e-01 2.952222339808940887e-02
7.949123978614807129e-01 3.181156888604164124e-02
7.774080634117126465e-01 3.532627224922180176e-02
7.635332345962524414e-01 3.817957639694213867e-02
7.544673681259155273e-01 4.007183015346527100e-02
7.475036382675170898e-01 4.153820872306823730e-02
7.373173832893371582e-01 4.370004683732986450e-02
7.251499891281127930e-01 4.630241915583610535e-02
7.192080616950988770e-01 4.757854714989662170e-02
6.980626583099365234e-01 5.212660133838653564e-02
6.909682750701904297e-01 5.364776030182838440e-02
6.790241003036499023e-01 5.619351193308830261e-02
6.691634654998779297e-01 5.827387794852256775e-02
6.601890325546264648e-01 6.014455109834671021e-02
6.396027803421020508e-01 6.432780623435974121e-02
6.338194608688354492e-01 6.547025591135025024e-02
6.235377788543701172e-01 6.745973229408264160e-02
6.154724359512329102e-01 6.897983700037002563e-02
6.082271933555603027e-01 7.031260430812835693e-02
5.922466516494750977e-01 7.313372939825057983e-02
5.819852352142333984e-01 7.485329359769821167e-02
5.652413368225097656e-01 7.749439775943756104e-02
5.528526306152343750e-01 7.931127399206161499e-02
5.445280671119689941e-01 8.046450465917587280e-02
5.292261838912963867e-01 8.244016021490097046e-02
5.172209143638610840e-01 8.385808020830154419e-02
5.069460272789001465e-01 8.497894555330276489e-02
4.974915981292724609e-01 8.593495190143585205e-02
4.911517202854156494e-01 8.653565496206283569e-02
4.662070870399475098e-01 8.858741819858551025e-02
4.583126902580261230e-01 8.913441002368927002e-02
4.444499909877777100e-01 8.997759222984313965e-02
4.402933120727539062e-01 9.020156413316726685e-02
4.268522262573242188e-01 9.083583950996398926e-02
4.164409041404724121e-01 9.123362600803375244e-02
4.032270908355712891e-01 9.162238240242004395e-02
3.880441784858703613e-01 9.191067516803741455e-02
3.741716742515563965e-01 9.202767908573150635e-02
3.680304884910583496e-01 9.203512966632843018e-02
3.579589128494262695e-01 9.198861569166183472e-02
3.394158482551574707e-01 9.171251207590103149e-02
3.318790793418884277e-01 9.152962267398834229e-02
3.161490261554718018e-01 9.101526439189910889e-02
3.109000027179718018e-01 9.080340713262557983e-02
2.990153133869171143e-01 9.024833887815475464e-02
2.864133715629577637e-01 8.954365551471710205e-02
2.825337648391723633e-01 8.930218964815139771e-02
2.771881222724914551e-01 8.895031362771987915e-02
2.668794095516204834e-01 8.820766210556030273e-02
2.503643631935119629e-01 8.683629333972930908e-02
2.390691488981246948e-01 8.576357364654541016e-02
2.289286702871322632e-01 8.470213413238525391e-02
2.137758135795593262e-01 8.293168246746063232e-02
2.072947919368743896e-01 8.210293948650360107e-02
1.969430595636367798e-01 8.068434894084930420e-02
1.904013603925704956e-01 7.972440123558044434e-02
1.791963875293731689e-01 7.795778661966323853e-02
1.702932566404342651e-01 7.643582671880722046e-02
1.595940142869949341e-01 7.445552200078964233e-02
1.457653641700744629e-01 7.162399590015411377e-02
1.352512538433074951e-01 6.923989206552505493e-02
1.230457574129104614e-01 6.618519872426986694e-02
1.149844601750373840e-01 6.397631019353866577e-02
1.070106923580169678e-01 6.162224337458610535e-02
9.237982332706451416e-02 5.679724365472793579e-02
7.930579781532287598e-02 5.181990191340446472e-02
6.827528029680252075e-02 4.701103642582893372e-02
6.388574838638305664e-02 4.491126164793968201e-02
5.143481865525245667e-02 3.824272006750106812e-02
4.619786515831947327e-02 3.505390137434005737e-02
3.966672345995903015e-02 3.066280856728553772e-02
3.365422040224075317e-02 2.609373256564140320e-02
3.032511286437511444e-02 2.327165193855762482e-02
2.652263827621936798e-02 1.969125680625438690e-02
2.289620973169803619e-02 1.574506796896457672e-02
1.854837499558925629e-02 9.557616896927356720e-03
1.759560592472553253e-02 7.642086129635572433e-03
1.673988066613674164e-02 5.287675652652978897e-03
1.626642793416976929e-02 2.249532379209995270e-03
1.638541556894779205e-02 5.954084917902946472e-04
1.685882359743118286e-02 -1.100660301744937897e-03
1.737944222986698151e-02 -2.172251464799046516e-03
1.821645908057689667e-02 -3.384058363735675812e-03
1.930790022015571594e-02 -4.542011767625808716e-03
2.204589359462261200e-02 -6.547849625349044800e-03
2.436760067939758301e-02 -7.764466106891632080e-03
2.695639617741107941e-02 -8.845590986311435699e-03
3.309424221515655518e-02 -1.077164988964796066e-02
3.730642423033714294e-02 -1.179223507642745972e-02
4.313207790255546570e-02 -1.296641957014799118e-02
4.977439716458320618e-02 -1.408292446285486221e-02
6.130187958478927612e-02 -1.566457934677600861e-02
8.072109520435333252e-02 -1.771293580532073975e-02
8.978015929460525513e-02 -1.849136874079704285e-02
9.895046800374984741e-02 -1.919190399348735809e-02
1.051461026072502136e-01 -1.962157525122165680e-02
1.176595985889434814e-01 -2.039476111531257629e-02
1.361397355794906616e-01 -2.133473381400108337e-02
1.460741758346557617e-01 -2.175265736877918243e-02
1.584517210721969604e-01 -2.219686098396778107e-02
1.759177446365356445e-01 -2.269218489527702332e-02
1.842905431985855103e-01 -2.287936769425868988e-02
2.034307420253753662e-01 -2.319518104195594788e-02
2.189664989709854126e-01 -2.334529720246791840e-02
2.371355593204498291e-01 -2.341007441282272339e-02
2.453324347734451294e-01 -2.340259589254856110e-02
2.619877755641937256e-01 -2.332119457423686981e-02
2.696602344512939453e-01 -2.325507998466491699e-02
2.742173671722412109e-01 -2.320756204426288605e-02
2.945086359977722168e-01 -2.292411029338836670e-02
3.008252382278442383e-01 -2.281272038817405701e-02
3.107256591320037842e-01 -2.261680178344249725e-02
3.172020018100738525e-01 -2.247487008571624756e-02
3.266717195510864258e-01 -2.224815636873245239e-02
3.371043801307678223e-01 -2.197260409593582153e-02
3.567472398281097412e-01 -2.138257585465908051e-02
3.611694276332855225e-01 -2.123723365366458893e-02
3.716301321983337402e-01 -2.087547816336154938e-02
3.815840184688568115e-01 -2.050816826522350311e-02
4.013529121875762939e-01 -1.971327699720859528e-02
4.080579578876495361e-01 -1.942422240972518921e-02
4.161467850208282471e-01 -1.906258426606655121e-02
4.218318760395050049e-01 -1.880000345408916473e-02
4.374833703041076660e-01 -1.804159767925739288e-02
4.439157843589782715e-01 -1.771493628621101379e-02
4.531261026859283447e-01 -1.723216846585273743e-02
4.726145565509796143e-01 -1.615293137729167938e-02
4.864009320735931396e-01 -1.534290052950382233e-02
4.968346953392028809e-01 -1.470477133989334106e-02
5.071639418601989746e-01 -1.405225135385990143e-02
5.195326209068298340e-01 -1.324451528489589691e-02
5.273702144622802734e-01 -1.271835621446371078e-02
5.328752398490905762e-01 -1.234242040663957596e-02
5.385127067565917969e-01 -1.195217948406934738e-02
5.483344197273254395e-01 -1.126020494848489761e-02
5.579638481140136719e-01 -1.056791096925735474e-02
5.643591880798339844e-01 -1.010122988373041153e-02
5.766848325729370117e-01 -9.188260883092880249e-03
5.827316045761108398e-01 -8.734807372093200684e-03
5.908983349800109863e-01 -8.117751218378543854e-03
5.956356525421142578e-01 -7.757866755127906799e-03
6.049985289573669434e-01 -7.043717429041862488e-03
6.114001274108886719e-01 -6.554269231855869293e-03
6.200419664382934570e-01 -5.893625319004058838e-03
6.381067633628845215e-01 -4.521617200225591660e-03
6.553738713264465332e-01 -3.236510790884494781e-03
6.598501801490783691e-01 -2.909724134951829910e-03
6.812193989753723145e-01 -1.398796681314706802e-03
6.918423771858215332e-01 -6.841666181571781635e-04
7.053310275077819824e-01 1.813615526771172881e-04
7.158091068267822266e-01 8.177043637260794640e-04
7.294657826423645020e-01 1.595091191120445728e-03
7.358672618865966797e-01 1.937849447131156921e-03
7.462076544761657715e-01 2.460619201883673668e-03
7.558376193046569824e-01 2.911600982770323753e-03
7.720811367034912109e-01 3.589411498978734016e-03
7.783983349800109863e-01 3.823559265583753586e-03
7.955425977706909180e-01 4.371101036667823792e-03
7.984727025032043457e-01 4.451328422874212265e-03
8.110754489898681641e-01 4.749779589474201202e-03
8.163432478904724121e-01 4.851357545703649521e-03
8.373420834541320801e-01 5.111151374876499176e-03
8.465921878814697266e-01 5.146727897226810455e-03
8.585526943206787109e-01 5.114261992275714874e-03
8.624173998832702637e-01 5.083614028990268707e-03
8.798751831054687500e-01 4.809807520359754562e-03
8.855891227722167969e-01 4.667447414249181747e-03
8.988404273986816406e-01 4.221870098263025284e-03
9.065926671028137207e-01 3.876512404531240463e-03
9.203830361366271973e-01 3.074962645769119263e-03
9.413896203041076660e-01 1.227751839905977249e-03
9.472549557685852051e-01 5.216848221607506275e-04
9.566878080368041992e-01 -8.582044392824172974e-04
9.610279202461242676e-01 -1.610266044735908508e-03
9.622889757156372070e-01 -1.843040226958692074e-03
