9.608857035636901855e-01 4.820277914404869080e-03
9.599287509918212891e-01 5.088349804282188416e-03
9.551325440406799316e-01 6.342734675854444504e-03
9.464012980461120605e-01 8.435761556029319763e-03
9.249681830406188965e-01 1.320897787809371948e-02
9.162868857383728027e-01 1.508709695190191269e-02
8.984302878379821777e-01 1.892582327127456665e-02
8.918554186820983887e-01 2.033987455070018768e-02
8.790712356567382812e-01 2.310086041688919067e-02
8.661038279533386230e-01 2.592548169195652008e-02
8.561836481094360352e-01 2.810781635344028473e-02
8.492674827575683594e-01 2.964200079441070557e-02
8.433989286422729492e-01 3.095280192792415619e-02
8.291190862655639648e-01 3.417908772826194763e-02
8.084562420845031738e-01 3.894733637571334839e-02
7.994346022605895996e-01 4.106814414262771606e-02
7.903860211372375488e-01 4.321943968534469604e-02
7.762303352355957031e-01 4.663305357098579407e-02
7.673904895782470703e-01 4.879355430603027344e-02
7.536493539810180664e-01 5.219332128763198853e-02
7.379434108734130859e-01 5.613407492637634277e-02
7.300246357917785645e-01 5.813971534371376038e-02
7.194544672966003418e-01 6.083247438073158264e-02
7.156402468681335449e-01 6.180759146809577942e-02
7.014233469963073730e-01 6.545249372720718384e-02
6.934490203857421875e-01 6.750010699033737183e-02
6.799105405807495117e-01 7.097113877534866333e-02
6.712293028831481934e-01 7.318756729364395142e-02
6.580049991607666016e-01 7.653868943452835083e-02
6.492946147918701172e-01 7.872262597084045410e-02
6.388908028602600098e-01 8.129984885454177856e-02
6.249467134475708008e-01 8.468769490718841553e-02
6.067743897438049316e-01 8.896224200725555420e-02
6.002775430679321289e-01 9.044553339481353760e-02
5.938642621040344238e-01 9.188406169414520264e-02
5.847467184066772461e-01 9.388247132301330566e-02
5.761674046516418457e-01 9.570995718240737915e-02
5.586283802986145020e-01 9.927370399236679077e-02
5.415873527526855469e-01 1.024984866380691528e-01
5.334222912788391113e-01 1.039557754993438721e-01
5.228385329246520996e-01 1.057569086551666260e-01
5.144289135932922363e-01 1.071157306432723999e-01
5.049737691879272461e-01 1.085655167698860168e-01
4.871440529823303223e-01 1.110704243183135986e-01
4.765247404575347900e-01 1.124180629849433899e-01
4.715543389320373535e-01 1.130114346742630005e-01
4.548497498035430908e-01 1.148298755288124084e-01
4.467301368713378906e-01 1.156155243515968323e-01
4.374670088291168213e-01 1.164331361651420593e-01
4.254998564720153809e-01 1.173650026321411133e-01
4.131523966789245605e-01 1.181795075535774231e-01
4.070575833320617676e-01 1.185265108942985535e-01
4.015136361122131348e-01 1.188105344772338867e-01
3.914236724376678467e-01 1.192503198981285095e-01
3.813786208629608154e-01 1.195890903472900391e-01
3.748908340930938721e-01 1.197553649544715881e-01
3.642577230930328369e-01 1.199385821819305420e-01
3.487160503864288330e-01 1.200062483549118042e-01
3.406272232532501221e-01 1.199470385909080505e-01
3.262416124343872070e-01 1.196806728839874268e-01
3.136505186557769775e-01 1.192766278982162476e-01
2.987428903579711914e-01 1.185885071754455566e-01
2.860155701637268066e-01 1.178171932697296143e-01
2.774755358695983887e-01 1.172024980187416077e-01
2.646085917949676514e-01 1.161248460412025452e-01
2.534787654876708984e-01 1.150412708520889282e-01
2.428912371397018433e-01 1.138750910758972168e-01
2.339497953653335571e-01 1.127833873033523560e-01
2.225421667098999023e-01 1.112421005964279175e-01
2.050964981317520142e-01 1.085427701473236084e-01
1.965824663639068604e-01 1.070644930005073547e-01
1.791501492261886597e-01 1.036771684885025024e-01
1.698528230190277100e-01 1.016553789377212524e-01
1.600720882415771484e-01 9.935095906257629395e-02
1.506420224905014038e-01 9.694226086139678955e-02
1.352410763502120972e-01 9.256897866725921631e-02
1.288567483425140381e-01 9.057863056659698486e-02
1.206092238426208496e-01 8.783592283725738525e-02
1.043954342603683472e-01 8.180639147758483887e-02
1.004711613059043884e-01 8.020386844873428345e-02
9.471493959426879883e-02 7.773994654417037964e-02
8.430538326501846313e-02 7.290651649236679077e-02
8.023364841938018799e-02 7.086915522813796997e-02
7.574769109487533569e-02 6.851877272129058838e-02
6.104004755616188049e-02 5.991892889142036438e-02
4.634138196706771851e-02 4.960537329316139221e-02
4.103507846593856812e-02 4.533414170145988464e-02
3.648114204406738281e-02 4.137937352061271667e-02
3.241795301437377930e-02 3.758754581212997437e-02
2.868086472153663635e-02 3.384219855070114136e-02
2.144565992057323456e-02 2.567895688116550446e-02
1.747991517186164856e-02 2.047115005552768707e-02
1.488976180553436279e-02 1.661393232643604279e-02
1.262892782688140869e-02 1.275514904409646988e-02
1.117609720677137375e-02 9.845564141869544983e-03
8.826571516692638397e-03 2.708739135414361954e-03
8.567340672016143799e-03 -4.303208843339234591e-04
8.877016603946685791e-03 -2.978078089654445648e-03
9.334572590887546539e-03 -4.454084206372499466e-03
1.001313235610723495e-02 -5.871689878404140472e-03
1.086893118917942047e-02 -7.154970895498991013e-03
1.219642069190740585e-02 -8.632294833660125732e-03
1.420142501592636108e-02 -1.027641631662845612e-02
1.737528294324874878e-02 -1.216553337872028351e-02
2.244094386696815491e-02 -1.430198457092046738e-02
2.720010094344615936e-02 -1.579464785754680634e-02
3.175507858395576477e-02 -1.694826222956180573e-02
3.672397136688232422e-02 -1.799985393881797791e-02
4.661089554429054260e-02 -1.966186054050922394e-02
5.555879324674606323e-02 -2.082782611250877380e-02
6.659061461687088013e-02 -2.195625565946102142e-02
7.650058716535568237e-02 -2.274615690112113953e-02
9.041383862495422363e-02 -2.357058040797710419e-02
1.014987826347351074e-01 -2.402779459953308105e-02
1.115355566143989563e-01 -2.430938743054866791e-02
1.199143305420875549e-01 -2.445741929113864899e-02
1.317870467901229858e-01 -2.454347722232341766e-02
1.494315862655639648e-01 -2.442971430718898773e-02
1.626396030187606812e-01 -2.417480573058128357e-02
1.782917827367782593e-01 -2.370420843362808228e-02
1.947143375873565674e-01 -2.303295955061912537e-02
2.041616141796112061e-01 -2.257165126502513885e-02
2.132071107625961304e-01 -2.208224311470985413e-02
2.230901271104812622e-01 -2.149726822972297668e-02
2.407653182744979858e-01 -2.032979577779769897e-02
2.498331516981124878e-01 -1.967491209506988525e-02
2.607021927833557129e-01 -1.884368807077407837e-02
2.867073714733123779e-01 -1.666841842234134674e-02
2.985770702362060547e-01 -1.559640094637870789e-02
3.067576587200164795e-01 -1.483130268752574921e-02
3.153943419456481934e-01 -1.400162093341350555e-02
3.231503963470458984e-01 -1.323829405009746552e-02
3.397518694400787354e-01 -1.155029330402612686e-02
3.459354341030120850e-01 -1.090386509895324707e-02
3.578450381755828857e-01 -9.633806534111499786e-03
3.680259883403778076e-01 -8.523535914719104767e-03
3.818587362766265869e-01 -6.981686688959598541e-03
3.935355246067047119e-01 -5.652799271047115326e-03
4.031128287315368652e-01 -4.545835778117179871e-03
4.073514640331268311e-01 -4.051371943205595016e-03
4.287521839141845703e-01 -1.516887918114662170e-03
4.334284663200378418e-01 -9.555279975757002831e-04
4.418473839759826660e-01 6.098927769926376641e-05
4.504362344741821289e-01 1.105002127587795258e-03
4.637610316276550293e-01 2.736173802986741066e-03
4.745130240917205811e-01 4.060094710439443588e-03
4.851537644863128662e-01 5.374588537961244583e-03
5.035817623138427734e-01 7.653465960174798965e-03
5.100052952766418457e-01 8.446277119219303131e-03
5.146818161010742188e-01 9.022263810038566589e-03
5.267681479454040527e-01 1.050394307821989059e-02
5.373156666755676270e-01 1.178522501140832901e-02
5.487677454948425293e-01 1.315876096487045288e-02
5.571271777153015137e-01 1.414640061557292938e-02
5.772721767425537109e-01 1.645683683454990387e-02
5.806357264518737793e-01 1.683086343109607697e-02
5.893160700798034668e-01 1.777752302587032318e-02
6.021866798400878906e-01 1.912485994398593903e-02
6.116431355476379395e-01 2.006514742970466614e-02
6.222267746925354004e-01 2.106007002294063568e-02
6.294075250625610352e-01 2.169679477810859680e-02
6.412283778190612793e-01 2.267029322683811188e-02
6.587184667587280273e-01 2.392116747796535492e-02
6.658322811126708984e-01 2.435923181474208832e-02
6.812691688537597656e-01 2.515797130763530731e-02
6.867115497589111328e-01 2.538790367543697357e-02
7.007884979248046875e-01 2.585270255804061890e-02
7.118162512779235840e-01 2.608286030590534210e-02
7.204173207283020020e-01 2.617935836315155029e-02
7.328835129737854004e-01 2.618921734392642975e-02
7.467572689056396484e-01 2.601942233741283417e-02
7.542898654937744141e-01 2.584795467555522919e-02
7.700892686843872070e-01 2.530919574201107025e-02
7.757589221000671387e-01 2.505738101899623871e-02
7.930901646614074707e-01 2.409926801919937134e-02
8.007575869560241699e-01 2.358599007129669189e-02
8.125765919685363770e-01 2.268888056278228760e-02
8.231678009033203125e-01 2.177682518959045410e-02
8.399896621704101562e-01 2.011966705322265625e-02
8.517428636550903320e-01 1.881004124879837036e-02
8.635101914405822754e-01 1.737270504236221313e-02
8.688809871673583984e-01 1.667419448494911194e-02
8.878557682037353516e-01 1.398724596947431564e-02
8.927859067916870117e-01 1.323138177394866943e-02
9.038872122764587402e-01 1.143760792911052704e-02
9.108260869979858398e-01 1.024890132248401642e-02
9.198603630065917969e-01 8.618060499429702759e-03
9.336270093917846680e-01 5.934432614594697952e-03
9.472151994705200195e-01 3.012928413227200508e-03
9.588822722434997559e-01 2.428059524390846491e-04
9.607545137405395508e-01 -2.270632248837500811e-04
9.629425406455993652e-01 -7.852109265513718128e-04
