9.689462780952453613e-01 4.501855000853538513e-03
9.685660600662231445e-01 4.368284251540899277e-03
9.640830755233764648e-01 3.106414806097745895e-03
9.563593864440917969e-01 1.703175483271479607e-03
9.459621310234069824e-01 5.749372066929936409e-04
9.346497654914855957e-01 -1.056211549439467490e-04
9.237223267555236816e-01 -4.178075469098985195e-04
9.165202379226684570e-01 -4.864035581704229116e-04
8.969132304191589355e-01 -2.567538176663219929e-04
8.923307657241821289e-01 -1.305753394262865186e-04
8.759384751319885254e-01 5.052259075455367565e-04
8.683086633682250977e-01 8.890823810361325741e-04
8.640490174293518066e-01 1.125424169003963470e-03
8.539721369743347168e-01 1.743481028825044632e-03
8.321672081947326660e-01 3.340409370139241219e-03
8.267989754676818848e-01 3.783816006034612656e-03
8.214620351791381836e-01 4.243152681738138199e-03
8.020431399345397949e-01 6.062866188585758209e-03
7.961050868034362793e-01 6.663666106760501862e-03
7.850593328475952148e-01 7.833639159798622131e-03
7.588546872138977051e-01 1.086528226733207703e-02
7.556708455085754395e-01 1.125667057931423187e-02
7.419340610504150391e-01 1.299852412194013596e-02
7.370200753211975098e-01 1.364173647016286850e-02
7.239587306976318359e-01 1.539963483810424805e-02
7.176451683044433594e-01 1.627301797270774841e-02
7.116894721984863281e-01 1.711017265915870667e-02
6.971235275268554688e-01 1.920768432319164276e-02
6.881350874900817871e-01 2.053423412144184113e-02
6.834164261817932129e-01 2.123946137726306915e-02
6.654749512672424316e-01 2.396943792700767517e-02
6.587381362915039062e-01 2.501163817942142487e-02
6.251635551452636719e-01 3.030150569975376129e-02
6.212683916091918945e-01 3.092203103005886078e-02
6.106173992156982422e-01 3.262220695614814758e-02
6.065301299095153809e-01 3.327536210417747498e-02
5.990865826606750488e-01 3.446493670344352722e-02
5.744841098785400391e-01 3.838390111923217773e-02
5.602772831916809082e-01 4.062616825103759766e-02
5.553168058395385742e-01 4.140368103981018066e-02
5.370345115661621094e-01 4.423839971423149109e-02
5.273448824882507324e-01 4.571750387549400330e-02
5.146402716636657715e-01 4.762772843241691589e-02
4.962176382541656494e-01 5.033016204833984375e-02
4.826418459415435791e-01 5.226308852434158325e-02
4.777496755123138428e-01 5.294625088572502136e-02
4.647508859634399414e-01 5.472422763705253601e-02
4.594074189662933350e-01 5.543860048055648804e-02
4.494414925575256348e-01 5.674366652965545654e-02
4.367086887359619141e-01 5.835644155740737915e-02
4.220748543739318848e-01 6.012879312038421631e-02
4.140388071537017822e-01 6.106277927756309509e-02
4.101569950580596924e-01 6.150346994400024414e-02
3.966301679611206055e-01 6.298381835222244263e-02
3.824100792407989502e-01 6.444258987903594971e-02
3.721086680889129639e-01 6.543336808681488037e-02
3.575756251811981201e-01 6.673149764537811279e-02
3.497015535831451416e-01 6.738394498825073242e-02
3.373590111732482910e-01 6.833140552043914795e-02
3.084008395671844482e-01 7.017154246568679810e-02
2.944507300853729248e-01 7.085400074720382690e-02
2.878262102603912354e-01 7.112915068864822388e-02
2.756812870502471924e-01 7.154889404773712158e-02
2.421620488166809082e-01 7.210934162139892578e-02
2.228274941444396973e-01 7.200780510902404785e-02
2.138163894414901733e-01 7.184780389070510864e-02
2.044380009174346924e-01 7.160222530364990234e-02
1.998165994882583618e-01 7.145081460475921631e-02
1.807490289211273193e-01 7.060550153255462646e-02
1.649721860885620117e-01 6.962358951568603516e-02
1.576772481203079224e-01 6.907780468463897705e-02
1.478178799152374268e-01 6.824289262294769287e-02
1.445270925760269165e-01 6.793844699859619141e-02
1.387607902288436890e-01 6.737279146909713745e-02
1.335876882076263428e-01 6.682944297790527344e-02
1.280392110347747803e-01 6.620766222476959229e-02
1.254307627677917480e-01 6.590100377798080444e-02
1.071190237998962402e-01 6.347388029098510742e-02
8.566953241825103760e-02 5.995173752307891846e-02
7.760694622993469238e-02 5.841244012117385864e-02
7.456084340810775757e-02 5.779723450541496277e-02
6.463276594877243042e-02 5.565546825528144836e-02
5.798826739192008972e-02 5.409753695130348206e-02
5.469955503940582275e-02 5.328697711229324341e-02
3.299277275800704956e-02 4.720243811607360840e-02
2.455418929457664490e-02 4.444543644785881042e-02
1.515446044504642487e-02 4.107028245925903320e-02
6.976533215492963791e-03 3.783837333321571350e-02
1.565877464599907398e-03 3.552897274494171143e-02
-2.502741292119026184e-03 3.369231894612312317e-02
-2.579797245562076569e-02 2.096641063690185547e-02
-3.231903538107872009e-02 1.635801419615745544e-02
-3.406664356589317322e-02 1.498527918010950089e-02
-3.763295710086822510e-02 1.191933546215295792e-02
-4.174372181296348572e-02 7.680654991418123245e-03
-4.414193704724311829e-02 4.487786442041397095e-03
-4.597235471010208130e-02 1.014913315884768963e-03
-4.690504074096679688e-02 -2.780081005766987801e-03
-4.669543355703353882e-02 -5.971424747258424759e-03
-4.581946507096290588e-02 -8.465140126645565033e-03
-4.411366581916809082e-02 -1.114541105926036835e-02
-4.163686558604240417e-02 -1.375408191233873367e-02
-3.888956084847450256e-02 -1.595257036387920380e-02
-3.222420811653137207e-02 -1.997968181967735291e-02
-2.578721567988395691e-02 -2.300860360264778137e-02
-1.833733730018138885e-02 -2.595887333154678345e-02
-8.731840178370475769e-03 -2.922956272959709167e-02
-6.359972758218646049e-04 -3.167614713311195374e-02
1.215253304690122604e-02 -3.514431789517402649e-02
4.092292115092277527e-02 -4.179082438349723816e-02
6.468615680932998657e-02 -4.647842794656753540e-02
7.365473359823226929e-02 -4.810481518507003784e-02
9.654875844717025757e-02 -5.195511505007743835e-02
1.096814274787902832e-01 -5.398594588041305542e-02
1.292408853769302368e-01 -5.679027736186981201e-02
1.424204409122467041e-01 -5.853869393467903137e-02
1.699017733335494995e-01 -6.183650717139244080e-02
1.908904463052749634e-01 -6.405021995306015015e-02
2.182198464870452881e-01 -6.655119359493255615e-02
2.238622754812240601e-01 -6.701499223709106445e-02
2.567797005176544189e-01 -6.937134265899658203e-02
2.596866190433502197e-01 -6.955121457576751709e-02
2.662532627582550049e-01 -6.994091719388961792e-02
2.766228318214416504e-01 -7.050976902246475220e-02
3.279570937156677246e-01 -7.250716537237167358e-02
3.359017074108123779e-01 -7.269749790430068970e-02
3.442980945110321045e-01 -7.286489754915237427e-02
3.730830550193786621e-01 -7.317906618118286133e-02
3.866839706897735596e-01 -7.319002598524093628e-02
4.012502729892730713e-01 -7.310587167739868164e-02
4.073696434497833252e-01 -7.304125279188156128e-02
4.110597968101501465e-01 -7.299403846263885498e-02
4.177339375019073486e-01 -7.289287447929382324e-02
4.240460693836212158e-01 -7.277867943048477173e-02
4.522257745265960693e-01 -7.205314189195632935e-02
4.561562240123748779e-01 -7.192444056272506714e-02
4.717815220355987549e-01 -7.134795188903808594e-02
4.798508286476135254e-01 -7.101029902696609497e-02
4.929578006267547607e-01 -7.040552049875259399e-02
4.974212348461151123e-01 -7.018398493528366089e-02
5.075802803039550781e-01 -6.965097039937973022e-02
5.255103707313537598e-01 -6.861598789691925049e-02
5.456838011741638184e-01 -6.731657683849334717e-02
5.480983853340148926e-01 -6.715206056833267212e-02
5.673525333404541016e-01 -6.577664613723754883e-02
5.748848915100097656e-01 -6.520970165729522705e-02
5.837361216545104980e-01 -6.452452391386032104e-02
5.968626737594604492e-01 -6.347341090440750122e-02
6.045442223548889160e-01 -6.284055113792419434e-02
6.126027703285217285e-01 -6.216366961598396301e-02
6.214652061462402344e-01 -6.140502542257308960e-02
6.370166540145874023e-01 -6.004077568650245667e-02
6.428340077400207520e-01 -5.952034518122673035e-02
6.480583548545837402e-01 -5.904844403266906738e-02
6.622090339660644531e-01 -5.774924904108047485e-02
6.688753962516784668e-01 -5.712641403079032898e-02
6.752652525901794434e-01 -5.652261525392532349e-02
6.930789351463317871e-01 -5.480108782649040222e-02
6.988662481307983398e-01 -5.422820523381233215e-02
7.072749137878417969e-01 -5.338229611515998840e-02
7.142289280891418457e-01 -5.266923829913139343e-02
7.211008667945861816e-01 -5.195125192403793335e-02
7.334179878234863281e-01 -5.062667652964591980e-02
7.347222566604614258e-01 -5.048329755663871765e-02
7.471345663070678711e-01 -4.908486083149909973e-02
7.500874996185302734e-01 -4.874244704842567444e-02
7.601540088653564453e-01 -4.754362255334854126e-02
7.748992443084716797e-01 -4.568870738148689270e-02
7.772495746612548828e-01 -4.538090527057647705e-02
7.901160717010498047e-01 -4.362952709197998047e-02
8.127424120903015137e-01 -4.023553803563117981e-02
8.154868483543395996e-01 -3.979268297553062439e-02
8.238891959190368652e-01 -3.838963061571121216e-02
8.290343284606933594e-01 -3.749329224228858948e-02
8.381860256195068359e-01 -3.582361713051795959e-02
8.440553545951843262e-01 -3.469821438193321228e-02
8.497323989868164062e-01 -3.356611356139183044e-02
8.540781736373901367e-01 -3.266886621713638306e-02
8.815050721168518066e-01 -2.630217559635639191e-02
8.877873420715332031e-01 -2.464677765965461731e-02
9.005659222602844238e-01 -2.101040445268154144e-02
9.025896191596984863e-01 -2.039880119264125824e-02
9.158204197883605957e-01 -1.613881625235080719e-02
9.195318818092346191e-01 -1.485966518521308899e-02
9.265387058258056641e-01 -1.234622392803430557e-02
9.292489290237426758e-01 -1.134222932159900665e-02
9.340319037437438965e-01 -9.535336866974830627e-03
9.440741539001464844e-01 -5.687670782208442688e-03
9.520459771156311035e-01 -2.780282404273748398e-03
9.647420048713684082e-01 1.024410012178122997e-03
9.658358097076416016e-01 1.296445494517683983e-03
9.686914682388305664e-01 1.970008248463273048e-03
