9.577124118804931641e-01 6.223570555448532104e-03
9.565462470054626465e-01 6.829564925283193588e-03
9.523509144783020020e-01 8.756567724049091339e-03
9.386339783668518066e-01 1.387548632919788361e-02
9.110378026962280273e-01 2.237626723945140839e-02
8.930592536926269531e-01 2.740685828030109406e-02
8.651877045631408691e-01 3.482396528124809265e-02
8.564449548721313477e-01 3.708679229021072388e-02
8.406881093978881836e-01 4.110890626907348633e-02
8.309648633003234863e-01 4.356068745255470276e-02
8.164521455764770508e-01 4.718347638845443726e-02
8.100475072860717773e-01 4.876955226063728333e-02
7.973530888557434082e-01 5.189191550016403198e-02
7.851060032844543457e-01 5.487813428044319153e-02
7.666569948196411133e-01 5.932753160595893860e-02
7.563589811325073242e-01 6.178387627005577087e-02
7.399396300315856934e-01 6.565514951944351196e-02
7.324876785278320312e-01 6.739170849323272705e-02
7.189217209815979004e-01 7.051619142293930054e-02
7.049506902694702148e-01 7.367753237485885620e-02
6.911218762397766113e-01 7.674174010753631592e-02
6.828827261924743652e-01 7.853282988071441650e-02
6.685756444931030273e-01 8.157469332218170166e-02
6.560499072074890137e-01 8.415910601615905762e-02
6.362003684043884277e-01 8.808566629886627197e-02
6.264030337333679199e-01 8.994003385305404663e-02
6.134411096572875977e-01 9.230118244886398315e-02
6.060389876365661621e-01 9.360009431838989258e-02
5.969703793525695801e-01 9.514038264751434326e-02
5.900391936302185059e-01 9.627837687730789185e-02
5.793135762214660645e-01 9.797047078609466553e-02
5.688317418098449707e-01 9.954082220792770386e-02
5.571521520614624023e-01 1.011907905340194702e-01
5.511375069618225098e-01 1.019985303282737732e-01
5.427855849266052246e-01 1.030721589922904968e-01
5.349498987197875977e-01 1.040279045701026917e-01
5.237324833869934082e-01 1.053083240985870361e-01
5.156906843185424805e-01 1.061619073152542114e-01
5.057660341262817383e-01 1.071405485272407532e-01
4.964879751205444336e-01 1.079802215099334717e-01
4.841414988040924072e-01 1.089841350913047791e-01
4.761593341827392578e-01 1.095639467239379883e-01
4.661985933780670166e-01 1.102110669016838074e-01
4.551585018634796143e-01 1.108289659023284912e-01
4.450629055500030518e-01 1.113025620579719543e-01
4.357492327690124512e-01 1.116620227694511414e-01
4.221580624580383301e-01 1.120533570647239685e-01
4.166221320629119873e-01 1.121675223112106323e-01
4.103739857673645020e-01 1.122648715972900391e-01
3.990810215473175049e-01 1.123564690351486206e-01
3.839250802993774414e-01 1.123086661100387573e-01
3.755897879600524902e-01 1.121991574764251709e-01
3.698809444904327393e-01 1.120899841189384460e-01
3.592123985290527344e-01 1.118117570877075195e-01
3.555437028408050537e-01 1.116937398910522461e-01
3.471978008747100830e-01 1.113824024796485901e-01
3.390607833862304688e-01 1.110216528177261353e-01
3.311092555522918701e-01 1.106142327189445496e-01
3.206059634685516357e-01 1.099927276372909546e-01
3.103280961513519287e-01 1.092919111251831055e-01
2.982043325901031494e-01 1.083462834358215332e-01
2.861201167106628418e-01 1.072737798094749451e-01
2.740763127803802490e-01 1.060732454061508179e-01
2.682966589927673340e-01 1.054496094584465027e-01
2.565069198608398438e-01 1.040796861052513123e-01
2.458490580320358276e-01 1.027254983782768250e-01
2.394714355468750000e-01 1.018610000610351562e-01
2.322120666503906250e-01 1.008262559771537781e-01
2.178986370563507080e-01 9.862181544303894043e-02
2.073753327131271362e-01 9.685521572828292847e-02
1.976537853479385376e-01 9.510672092437744141e-02
1.853314042091369629e-01 9.271901845932006836e-02
1.780924797058105469e-01 9.122107177972793579e-02
1.672461777925491333e-01 8.883435279130935669e-02
1.615417152643203735e-01 8.750613033771514893e-02
1.543929725885391235e-01 8.576543629169464111e-02
1.480552703142166138e-01 8.414693176746368408e-02
1.306808143854141235e-01 7.930532842874526978e-02
1.201983615756034851e-01 7.605662196874618530e-02
1.152827814221382141e-01 7.443562895059585571e-02
1.076423078775405884e-01 7.177821546792984009e-02
9.831224381923675537e-02 6.827820092439651489e-02
9.356214106082916260e-02 6.637487560510635376e-02
8.283412456512451172e-02 6.172568723559379578e-02
7.369154691696166992e-02 5.731023102998733521e-02
6.747843325138092041e-02 5.402088910341262817e-02
6.196828186511993408e-02 5.087128281593322754e-02
5.658476799726486206e-02 4.754678905010223389e-02
5.129856616258621216e-02 4.400109127163887024e-02
4.668708518147468567e-02 4.063596576452255249e-02
3.493851050734519958e-02 3.048507310450077057e-02
3.102895431220531464e-02 2.637242525815963745e-02
2.895696647465229034e-02 2.396524325013160706e-02
2.566408924758434296e-02 1.968298479914665222e-02
2.326108887791633606e-02 1.602927036583423615e-02
2.103181369602680206e-02 1.191384065896272659e-02
1.992323435842990875e-02 9.349538944661617279e-03
1.843744330108165741e-02 4.059573169797658920e-03
1.818656362593173981e-02 5.808722344227135181e-04
1.826091110706329346e-02 -5.664918571710586548e-04
1.879758387804031372e-02 -3.231890266761183739e-03
2.017326280474662781e-02 -6.276698783040046692e-03
2.233435958623886108e-02 -9.032417088747024536e-03
2.522673085331916809e-02 -1.148682832717895508e-02
3.279451280832290649e-02 -1.553858723491430283e-02
4.039998725056648254e-02 -1.818554848432540894e-02
4.217397049069404602e-02 -1.869225502014160156e-02
4.823580756783485413e-02 -2.020888216793537140e-02
5.327553302049636841e-02 -2.127267606556415558e-02
5.759415030479431152e-02 -2.207458205521106720e-02
6.716404855251312256e-02 -2.357159927487373352e-02
7.337909191846847534e-02 -2.437850832939147949e-02
8.149131387472152710e-02 -2.527433261275291443e-02
8.980452269315719604e-02 -2.603556774556636810e-02
1.133910641074180603e-01 -2.750319615006446838e-02
1.192380636930465698e-01 -2.773341350257396698e-02
1.284988224506378174e-01 -2.800397574901580811e-02
1.381404250860214233e-01 -2.817220985889434814e-02
1.469828784465789795e-01 -2.823249064385890961e-02
1.531443297863006592e-01 -2.822470478713512421e-02
1.769941002130508423e-01 -2.784420549869537354e-02
1.873702257871627808e-01 -2.752049453556537628e-02
1.915441304445266724e-01 -2.736551128327846527e-02
2.047711610794067383e-01 -2.678607217967510223e-02
2.240574657917022705e-01 -2.571887150406837463e-02
2.329612374305725098e-01 -2.514479495584964752e-02
2.560108304023742676e-01 -2.344453893601894379e-02
2.662856280803680420e-01 -2.259564399719238281e-02
2.762029469013214111e-01 -2.172783389687538147e-02
2.830633521080017090e-01 -2.110125683248043060e-02
2.896883487701416016e-01 -2.047680877149105072e-02
2.977369427680969238e-01 -1.969374716281890869e-02
3.055559098720550537e-01 -1.890863291919231415e-02
3.103622198104858398e-01 -1.841462776064872742e-02
3.209465444087982178e-01 -1.729774288833141327e-02
3.298007547855377197e-01 -1.633445732295513153e-02
3.413099646568298340e-01 -1.504571270197629929e-02
3.474168181419372559e-01 -1.434616651386022568e-02
3.614751696586608887e-01 -1.269754208624362946e-02
3.712514638900756836e-01 -1.152213942259550095e-02
3.859538137912750244e-01 -9.714613668620586395e-03
3.913817703723907471e-01 -9.036314673721790314e-03
4.014256298542022705e-01 -7.767176255583763123e-03
4.086236655712127686e-01 -6.847409997135400772e-03
4.187597334384918213e-01 -5.539431702345609665e-03
4.290541410446166992e-01 -4.197796341031789780e-03
4.380629360675811768e-01 -3.014669753611087799e-03
4.466428756713867188e-01 -1.881637726910412312e-03
4.618890285491943359e-01 1.418323518009856343e-04
4.740017950534820557e-01 1.753495191223919392e-03
4.808861911296844482e-01 2.668999601155519485e-03
4.881775677204132080e-01 3.636853769421577454e-03
5.026483535766601562e-01 5.547337699681520462e-03
5.108844041824340820e-01 6.625244859606027603e-03
5.280228257179260254e-01 8.835174143314361572e-03
5.352638959884643555e-01 9.751385077834129333e-03
5.467089414596557617e-01 1.117260567843914032e-02
5.551774501800537109e-01 1.219926960766315460e-02
5.651078820228576660e-01 1.337160356342792511e-02
5.786231160163879395e-01 1.490363292396068573e-02
5.878292322158813477e-01 1.589927636086940765e-02
6.008340716361999512e-01 1.723049208521842957e-02
6.079609990119934082e-01 1.791905984282493591e-02
6.129287481307983398e-01 1.838059909641742706e-02
6.328093409538269043e-01 2.006440237164497375e-02
6.400792598724365234e-01 2.061049081385135651e-02
6.598645448684692383e-01 2.189311943948268890e-02
6.757544279098510742e-01 2.269686199724674225e-02
6.832375526428222656e-01 2.300305478274822235e-02
6.983911395072937012e-01 2.347860671579837799e-02
7.194542288780212402e-01 2.381515316665172577e-02
7.275332808494567871e-01 2.384393662214279175e-02
7.363266348838806152e-01 2.381229586899280548e-02
7.439548969268798828e-01 2.373194321990013123e-02
7.637022733688354492e-01 2.329768054187297821e-02
7.713866233825683594e-01 2.304133400321006775e-02
7.793631553649902344e-01 2.272398024797439575e-02
7.880159616470336914e-01 2.232107706367969513e-02
8.063791394233703613e-01 2.126550860702991486e-02
8.128699660301208496e-01 2.082760073244571686e-02
8.256505131721496582e-01 1.986679993569850922e-02
8.322126865386962891e-01 1.932271942496299744e-02
8.452791571617126465e-01 1.813652738928794861e-02
8.569222092628479004e-01 1.696344278752803802e-02
8.785996437072753906e-01 1.448246091604232788e-02
8.878844976425170898e-01 1.329848170280456543e-02
9.097207188606262207e-01 1.021264307200908661e-02
9.283992648124694824e-01 7.214179728180170059e-03
9.416630864143371582e-01 4.864302929490804672e-03
9.542363286018371582e-01 2.449987456202507019e-03
9.567788839340209961e-01 1.937868888489902020e-03
9.592565894126892090e-01 1.430588890798389912e-03
