9.683903455734252930e-01 3.587091923691332340e-04
9.678323864936828613e-01 6.889217183925211430e-04
9.653912186622619629e-01 1.971663441509008408e-03
9.586787223815917969e-01 4.984582774341106415e-03
9.467352628707885742e-01 9.802596643567085266e-03
9.384375810623168945e-01 1.301972847431898117e-02
9.281426072120666504e-01 1.696452498435974121e-02
9.218795895576477051e-01 1.935706846415996552e-02
9.156739115715026855e-01 2.172907814383506775e-02
9.058702588081359863e-01 2.548668719828128815e-02
8.981810808181762695e-01 2.844653837382793427e-02
8.907650709152221680e-01 3.131328523159027100e-02
8.803633451461791992e-01 3.535456210374832153e-02
8.715012073516845703e-01 3.881480172276496887e-02
8.572998046875000000e-01 4.438586905598640442e-02
8.517469167709350586e-01 4.657024890184402466e-02
8.435386419296264648e-01 4.980199784040451050e-02
8.332115411758422852e-01 5.386767536401748657e-02
8.210625648498535156e-01 5.863931030035018921e-02
8.076592087745666504e-01 6.387353688478469849e-02
7.903308868408203125e-01 7.056267559528350830e-02
7.809387445449829102e-01 7.413826882839202881e-02
7.727009654045104980e-01 7.723923772573471069e-02
7.665270566940307617e-01 7.953904569149017334e-02
7.514589428901672363e-01 8.505465090274810791e-02
7.457495331764221191e-01 8.710528165102005005e-02
7.284917235374450684e-01 9.315770864486694336e-02
7.136625647544860840e-01 9.816931933164596558e-02
7.048016190528869629e-01 1.010745763778686523e-01
6.917657256126403809e-01 1.052209660410881042e-01
6.839224696159362793e-01 1.076401472091674805e-01
6.746995449066162109e-01 1.104101762175559998e-01
6.632403135299682617e-01 1.137370467185974121e-01
6.539796590805053711e-01 1.163309141993522644e-01
6.453800201416015625e-01 1.186625361442565918e-01
6.388376951217651367e-01 1.203862354159355164e-01
6.226332187652587891e-01 1.244663447141647339e-01
6.162489652633666992e-01 1.259992271661758423e-01
6.010213494300842285e-01 1.294833421707153320e-01
5.923354029655456543e-01 1.313613951206207275e-01
5.842033028602600098e-01 1.330472826957702637e-01
5.724415183067321777e-01 1.353611648082733154e-01
5.649255514144897461e-01 1.367623358964920044e-01
5.506561994552612305e-01 1.392557322978973389e-01
5.434594750404357910e-01 1.404301077127456665e-01
5.333728790283203125e-01 1.419816315174102783e-01
5.206294655799865723e-01 1.437839865684509277e-01
5.118703246116638184e-01 1.449201256036758423e-01
5.013249516487121582e-01 1.461765468120574951e-01
4.888548851013183594e-01 1.475044339895248413e-01
4.778969287872314453e-01 1.485294252634048462e-01
4.692428410053253174e-01 1.492446511983871460e-01
4.572951197624206543e-01 1.500946432352066040e-01
4.518171846866607666e-01 1.504307687282562256e-01
4.335667490959167480e-01 1.513058692216873169e-01
4.284861981868743896e-01 1.514820009469985962e-01
4.175659418106079102e-01 1.517604738473892212e-01
4.027051329612731934e-01 1.519179642200469971e-01
3.919901549816131592e-01 1.518713086843490601e-01
3.827058672904968262e-01 1.517211943864822388e-01
3.767859339714050293e-01 1.515718549489974976e-01
3.652565479278564453e-01 1.511597931385040283e-01
3.574727773666381836e-01 1.507901549339294434e-01
3.502578735351562500e-01 1.503809690475463867e-01
3.391501903533935547e-01 1.496241688728332520e-01
3.327829241752624512e-01 1.491201817989349365e-01
3.195044100284576416e-01 1.479018628597259521e-01
2.934651970863342285e-01 1.448372006416320801e-01
2.838755548000335693e-01 1.434753388166427612e-01
2.669096291065216064e-01 1.407453715801239014e-01
2.588739991188049316e-01 1.393048465251922607e-01
2.480870187282562256e-01 1.372166275978088379e-01
2.321237474679946899e-01 1.337888538837432861e-01
2.262204736471176147e-01 1.324151456356048584e-01
2.174428552389144897e-01 1.302624195814132690e-01
2.021566629409790039e-01 1.261851787567138672e-01
1.917937397956848145e-01 1.231710389256477356e-01
1.783518195152282715e-01 1.189399138092994690e-01
1.683010756969451904e-01 1.155238896608352661e-01
1.520072221755981445e-01 1.094890087842941284e-01
1.455488801002502441e-01 1.069143712520599365e-01
1.350806355476379395e-01 1.025033816695213318e-01
1.254718303680419922e-01 9.817799180746078491e-02
1.161859557032585144e-01 9.372662007808685303e-02
1.102503016591072083e-01 9.073171764612197876e-02
9.825415909290313721e-02 8.429429680109024048e-02
8.544639497995376587e-02 7.679855078458786011e-02
7.097864896059036255e-02 6.745659559965133667e-02
6.270778924226760864e-02 6.164731457829475403e-02
5.779436603188514709e-02 5.801824480295181274e-02
4.586534574627876282e-02 4.859586060047149658e-02
3.784858807921409607e-02 4.171223193407058716e-02
2.629215084016323090e-02 3.080509230494499207e-02
2.276443503797054291e-02 2.717164531350135803e-02
1.771972142159938812e-02 2.161544375121593475e-02
1.320400089025497437e-02 1.609746553003787994e-02
1.116940472275018692e-02 1.333162933588027954e-02
8.479854092001914978e-03 9.176309220492839813e-03
7.255744189023971558e-03 6.934516131877899170e-03
6.422605831176042557e-03 5.152199883013963699e-03
5.207429639995098114e-03 1.527120708487927914e-03
4.938327241688966751e-03 -2.983578946441411972e-03
5.825916305184364319e-03 -5.861353129148483276e-03
8.150766603648662567e-03 -8.954426273703575134e-03
1.068903785198926926e-02 -1.094728242605924606e-02
1.373440679162740707e-02 -1.265832502394914627e-02
1.708472892642021179e-02 -1.410278212279081345e-02
2.241268381476402283e-02 -1.587568409740924835e-02
2.972983941435813904e-02 -1.771545410156250000e-02
4.277319461107254028e-02 -2.008797787129878998e-02
5.546599626541137695e-02 -2.177379466593265533e-02
6.814105063676834106e-02 -2.308259904384613037e-02
7.596720755100250244e-02 -2.375478297472000122e-02
9.409447759389877319e-02 -2.501060254871845245e-02
1.063768938183784485e-01 -2.567066438496112823e-02
1.213283687829971313e-01 -2.630821429193019867e-02
1.445124894380569458e-01 -2.700364030897617340e-02
1.617833077907562256e-01 -2.733183652162551880e-02
1.753577142953872681e-01 -2.749427966773509979e-02
1.805805563926696777e-01 -2.753667905926704407e-02
1.958627551794052124e-01 -2.760241739451885223e-02
2.038614153861999512e-01 -2.760471403598785400e-02
2.170686572790145874e-01 -2.756457589566707611e-02
2.284571975469589233e-01 -2.748947031795978546e-02
2.382395267486572266e-01 -2.739742211997509003e-02
2.465012520551681519e-01 -2.730120532214641571e-02
2.526294887065887451e-01 -2.721951715648174286e-02
2.582456469535827637e-01 -2.713727019727230072e-02
2.764952480792999268e-01 -2.682452835142612457e-02
2.838440835475921631e-01 -2.668027207255363464e-02
2.958185076713562012e-01 -2.642454579472541809e-02
3.113207221031188965e-01 -2.605821751058101654e-02
3.257539272308349609e-01 -2.568465285003185272e-02
3.303021490573883057e-01 -2.556093223392963409e-02
3.413548469543457031e-01 -2.524911053478717804e-02
3.514650762081146240e-01 -2.495085261762142181e-02
3.618737459182739258e-01 -2.463175356388092041e-02
3.669348955154418945e-01 -2.447246201336383820e-02
3.748622834682464600e-01 -2.421786077320575714e-02
3.835601210594177246e-01 -2.393175847828388214e-02
4.086051881313323975e-01 -2.307299524545669556e-02
4.152930378913879395e-01 -2.283597551286220551e-02
4.323892593383789062e-01 -2.221774868667125702e-02
4.405834674835205078e-01 -2.191593311727046967e-02
4.495034813880920410e-01 -2.158395200967788696e-02
4.544594287872314453e-01 -2.139813452959060669e-02
4.638873040676116943e-01 -2.104232087731361389e-02
4.835570752620697021e-01 -2.029231935739517212e-02
4.909730851650238037e-01 -2.000768855214118958e-02
5.070241093635559082e-01 -1.938987150788307190e-02
5.214012265205383301e-01 -1.883617416024208069e-02
5.353426933288574219e-01 -1.830065436661243439e-02
5.440876483917236328e-01 -1.796609535813331604e-02
5.523872375488281250e-01 -1.764990016818046570e-02
5.608742833137512207e-01 -1.732816919684410095e-02
5.715034604072570801e-01 -1.692787371575832367e-02
5.797569155693054199e-01 -1.661931350827217102e-02
5.921626687049865723e-01 -1.615961082279682159e-02
5.988504290580749512e-01 -1.591396704316139221e-02
6.068308949470520020e-01 -1.562290545552968979e-02
6.176075339317321777e-01 -1.523352880030870438e-02
6.337419152259826660e-01 -1.465855445712804794e-02
6.450648903846740723e-01 -1.426072232425212860e-02
6.482481956481933594e-01 -1.414970587939023972e-02
6.665930151939392090e-01 -1.351674832403659821e-02
6.739264130592346191e-01 -1.326684188097715378e-02
6.929491758346557617e-01 -1.262624841183423996e-02
7.069083452224731445e-01 -1.216260623186826706e-02
7.194458246231079102e-01 -1.175032276660203934e-02
7.277099490165710449e-01 -1.148050092160701752e-02
7.414456009864807129e-01 -1.103511638939380646e-02
7.565363645553588867e-01 -1.054971665143966675e-02
7.688711285591125488e-01 -1.015562750399112701e-02
7.718524336814880371e-01 -1.006069779396057129e-02
7.933215498924255371e-01 -9.380307048559188843e-03
8.012157678604125977e-01 -9.131385944783687592e-03
8.089822530746459961e-01 -8.887055329978466034e-03
8.153480291366577148e-01 -8.687168359756469727e-03
8.366255164146423340e-01 -8.021115325391292572e-03
8.442540764808654785e-01 -7.782946340739727020e-03
8.587789535522460938e-01 -7.330091204494237900e-03
8.681553006172180176e-01 -7.038008887320756912e-03
8.870934844017028809e-01 -6.447853054851293564e-03
8.954100012779235840e-01 -6.188141647726297379e-03
9.070509672164916992e-01 -5.823189392685890198e-03
9.138877391815185547e-01 -5.607508588582277298e-03
9.331238865852355957e-01 -4.988772328943014145e-03
9.493513703346252441e-01 -4.428688436746597290e-03
9.610358476638793945e-01 -3.947317134588956833e-03
9.648652672767639160e-01 -3.750673029571771622e-03
9.670274853706359863e-01 -3.623675089329481125e-03
9.681039452552795410e-01 -3.554848488420248032e-03
