9.678972363471984863e-01 2.247275115223601460e-04
9.673496484756469727e-01 3.899062576238065958e-04
9.651764035224914551e-01 1.012660912238061428e-03
9.602746963500976562e-01 2.322928979992866516e-03
9.557660222053527832e-01 3.481587860733270645e-03
9.463450312614440918e-01 5.863684695214033127e-03
9.379937052726745605e-01 7.977176457643508911e-03
9.320886135101318359e-01 9.483779780566692352e-03
9.262603521347045898e-01 1.098406314849853516e-02
9.185326099395751953e-01 1.299577951431274414e-02
9.052690267562866211e-01 1.651139557361602783e-02
8.989328742027282715e-01 1.821886934340000153e-02
8.909421563148498535e-01 2.039718627929687500e-02
8.814052343368530273e-01 2.303195372223854065e-02
8.661381006240844727e-01 2.732205949723720551e-02
8.578789830207824707e-01 2.967589162290096283e-02
8.487261533737182617e-01 3.230798617005348206e-02
8.440493345260620117e-01 3.366130217909812927e-02
8.343629240989685059e-01 3.647992387413978577e-02
8.292422294616699219e-01 3.797736018896102905e-02
8.129885792732238770e-01 4.275466501712799072e-02
8.015773296356201172e-01 4.612180218100547791e-02
7.938145995140075684e-01 4.841378703713417053e-02
7.883917093276977539e-01 5.001398548483848572e-02
7.765709757804870605e-01 5.349452793598175049e-02
7.716041803359985352e-01 5.495228245854377747e-02
7.592442035675048828e-01 5.856144800782203674e-02
7.522028684616088867e-01 6.060282513499259949e-02
7.371276021003723145e-01 6.492679566144943237e-02
7.206526994705200195e-01 6.956127285957336426e-02
7.131887674331665039e-01 7.162357866764068604e-02
6.982597708702087402e-01 7.566784322261810303e-02
6.897115707397460938e-01 7.793033868074417114e-02
6.747688651084899902e-01 8.178199827671051025e-02
6.680639982223510742e-01 8.346453309059143066e-02
6.621644496917724609e-01 8.492033183574676514e-02
6.451442837715148926e-01 8.898394554853439331e-02
6.340239644050598145e-01 9.152363240718841553e-02
6.175156235694885254e-01 9.511620551347732544e-02
6.119419336318969727e-01 9.627953171730041504e-02
5.989129543304443359e-01 9.889791905879974365e-02
5.871078968048095703e-01 1.011454239487648010e-01
5.677577257156372070e-01 1.045652478933334351e-01
5.579460263252258301e-01 1.061712577939033508e-01
5.436692237854003906e-01 1.083515509963035583e-01
5.321138501167297363e-01 1.099787876009941101e-01
5.155882835388183594e-01 1.120898947119712830e-01
5.040137171745300293e-01 1.134160012006759644e-01
4.814580082893371582e-01 1.156365051865577698e-01
4.730163514614105225e-01 1.163434013724327087e-01
4.583751559257507324e-01 1.174084320664405823e-01
4.509933888912200928e-01 1.178678274154663086e-01
4.395658671855926514e-01 1.184761896729469299e-01
4.281597733497619629e-01 1.189585551619529724e-01
4.158092737197875977e-01 1.193399205803871155e-01
4.111373722553253174e-01 1.194458901882171631e-01
3.962277770042419434e-01 1.196430400013923645e-01
3.823190629482269287e-01 1.196325197815895081e-01
3.758751749992370605e-01 1.195637360215187073e-01
3.665008842945098877e-01 1.193910315632820129e-01
3.584236800670623779e-01 1.191727668046951294e-01
3.429566323757171631e-01 1.185741275548934937e-01
3.304706513881683350e-01 1.179158389568328857e-01
3.241333067417144775e-01 1.175211369991302490e-01
3.051001727581024170e-01 1.160870194435119629e-01
2.859820425510406494e-01 1.142621412873268127e-01
2.655309140682220459e-01 1.118682101368904114e-01
2.514896392822265625e-01 1.099492907524108887e-01
2.467681467533111572e-01 1.092518717050552368e-01
2.403163313865661621e-01 1.082554087042808533e-01
2.363225668668746948e-01 1.076130643486976624e-01
2.247893959283828735e-01 1.056454032659530640e-01
2.165856808423995972e-01 1.041410118341445923e-01
1.994429975748062134e-01 1.007017046213150024e-01
1.862818896770477295e-01 9.777335822582244873e-02
1.725229769945144653e-01 9.442364424467086792e-02
1.645631939172744751e-01 9.234182536602020264e-02
1.568660885095596313e-01 9.022192656993865967e-02
1.472642272710800171e-01 8.742146939039230347e-02
1.307880133390426636e-01 8.217634260654449463e-02
1.213934496045112610e-01 7.891120016574859619e-02
1.062626466155052185e-01 7.317643612623214722e-02
9.705831110477447510e-02 6.936482340097427368e-02
8.265103399753570557e-02 6.282765418291091919e-02
7.755296677350997925e-02 6.032523885369300842e-02
7.007065415382385254e-02 5.644844099879264832e-02
5.623942241072654724e-02 4.853898286819458008e-02
5.193434655666351318e-02 4.584525525569915771e-02
4.778444394469261169e-02 4.312589764595031738e-02
4.141466319561004639e-02 3.868399560451507568e-02
3.744018077850341797e-02 3.572122007608413696e-02
3.222950547933578491e-02 3.156587854027748108e-02
1.710012368857860565e-02 1.653822138905525208e-02
1.487819477915763855e-02 1.352379564195871353e-02
1.289475895464420319e-02 1.031186711043119431e-02
1.126902177929878235e-02 6.808966863900423050e-03
1.043451856821775436e-02 3.879712428897619247e-03
1.022998429834842682e-02 2.396583324298262596e-03
1.019999012351036072e-02 7.863644859753549099e-04
1.104459911584854126e-02 -2.930307760834693909e-03
1.232386939227581024e-02 -5.187664646655321121e-03
1.532401889562606812e-02 -8.304125629365444183e-03
1.745750382542610168e-02 -9.844564832746982574e-03
2.015184983611106873e-02 -1.140499953180551529e-02
2.433733828365802765e-02 -1.332397945225238800e-02
2.924092486500740051e-02 -1.509737689048051834e-02
3.701900318264961243e-02 -1.728206500411033630e-02
4.214920476078987122e-02 -1.844490878283977509e-02
5.758658424019813538e-02 -2.111225575208663940e-02
6.860073655843734741e-02 -2.250250242650508881e-02
7.538132369518280029e-02 -2.320832945406436920e-02
9.098391234874725342e-02 -2.450079657137393951e-02
1.032271310687065125e-01 -2.525998651981353760e-02
1.166697889566421509e-01 -2.589337341487407684e-02
1.239236146211624146e-01 -2.616277150809764862e-02
1.401935666799545288e-01 -2.661442570388317108e-02
1.597314476966857910e-01 -2.692984044551849365e-02
1.683098226785659790e-01 -2.700486034154891968e-02
1.806343644857406616e-01 -2.705622650682926178e-02
1.931751519441604614e-01 -2.704962156713008881e-02
2.082117646932601929e-01 -2.697593905031681061e-02
2.197032123804092407e-01 -2.687887288630008698e-02
2.296811342239379883e-01 -2.677017450332641602e-02
2.584295868873596191e-01 -2.635467797517776489e-02
2.724080681800842285e-01 -2.610906586050987244e-02
2.766396403312683105e-01 -2.603017538785934448e-02
2.840355336666107178e-01 -2.588777057826519012e-02
2.903628647327423096e-01 -2.576172910630702972e-02
3.030899763107299805e-01 -2.549774572253227234e-02
3.130177259445190430e-01 -2.528330869972705841e-02
3.206410706043243408e-01 -2.511422708630561829e-02
3.283552825450897217e-01 -2.493961714208126068e-02
3.389389514923095703e-01 -2.469493448734283447e-02
3.498310446739196777e-01 -2.443761005997657776e-02
3.617500960826873779e-01 -2.415039390325546265e-02
3.725529611110687256e-01 -2.388554997742176056e-02
3.856233954429626465e-01 -2.355991676449775696e-02
3.884483575820922852e-01 -2.348883450031280518e-02
3.965210616588592529e-01 -2.328436635434627533e-02
4.070250093936920166e-01 -2.301543578505516052e-02
4.290716946125030518e-01 -2.244033850729465485e-02
4.397561550140380859e-01 -2.215623669326305389e-02
4.449546337127685547e-01 -2.201665006577968597e-02
4.565827846527099609e-01 -2.170096337795257568e-02
4.725797772407531738e-01 -2.125818096101284027e-02
4.848726391792297363e-01 -2.091039717197418213e-02
4.911605715751647949e-01 -2.072969637811183929e-02
5.042123198509216309e-01 -2.034795470535755157e-02
5.151984095573425293e-01 -2.001901157200336456e-02
5.301805138587951660e-01 -1.955793611705303192e-02
5.377288460731506348e-01 -1.931971497833728790e-02
5.454757809638977051e-01 -1.907078735530376434e-02
5.513408780097961426e-01 -1.887921988964080811e-02
5.568988323211669922e-01 -1.869511604309082031e-02
5.688976645469665527e-01 -1.828884705901145935e-02
5.813798904418945312e-01 -1.785287447273731232e-02
5.920358300209045410e-01 -1.746954582631587982e-02
6.010301709175109863e-01 -1.713784784078598022e-02
6.118677258491516113e-01 -1.672819629311561584e-02
6.233878731727600098e-01 -1.628084853291511536e-02
6.334010362625122070e-01 -1.588222756981849670e-02
6.533137559890747070e-01 -1.506364345550537109e-02
6.653484702110290527e-01 -1.455329824239015579e-02
6.728544235229492188e-01 -1.422954909503459930e-02
6.955925226211547852e-01 -1.322613097727298737e-02
7.129783034324645996e-01 -1.243972498923540115e-02
7.224804759025573730e-01 -1.200445834547281265e-02
7.323430180549621582e-01 -1.154950819909572601e-02
7.537937760353088379e-01 -1.055257394909858704e-02
7.632409334182739258e-01 -1.011193450540304184e-02
7.768903374671936035e-01 -9.475653059780597687e-03
7.846743464469909668e-01 -9.113769046962261200e-03
7.923258543014526367e-01 -8.759293705224990845e-03
8.011841773986816406e-01 -8.351057767868041992e-03
8.116982579231262207e-01 -7.870526053011417389e-03
8.168984055519104004e-01 -7.634862791746854782e-03
8.346619009971618652e-01 -6.842868402600288391e-03
8.420125842094421387e-01 -6.522450130432844162e-03
8.548776507377624512e-01 -5.974886938929557800e-03
8.622226119041442871e-01 -5.671301390975713730e-03
8.704280257225036621e-01 -5.341491196304559708e-03
8.795639872550964355e-01 -4.987941123545169830e-03
8.914572000503540039e-01 -4.554146435111761093e-03
9.001990556716918945e-01 -4.259045701473951340e-03
9.177983403205871582e-01 -3.748615970835089684e-03
9.287287592887878418e-01 -3.511290997266769409e-03
9.415889382362365723e-01 -3.354287939146161079e-03
9.503200650215148926e-01 -3.362164599820971489e-03
9.585313200950622559e-01 -3.499051323160529137e-03
9.629399776458740234e-01 -3.642212599515914917e-03
9.657276868820190430e-01 -3.761652391403913498e-03
9.666594266891479492e-01 -3.806529333814978600e-03
