9.692133069038391113e-01 -5.559284705668687820e-03
9.690203666687011719e-01 -5.503102671355009079e-03
9.669492840766906738e-01 -4.888737574219703674e-03
9.631673097610473633e-01 -3.732054028660058975e-03
9.511509537696838379e-01 8.961575804278254509e-05
9.443691968917846680e-01 2.301229396834969521e-03
9.348921179771423340e-01 5.431406665593385696e-03
9.317666292190551758e-01 6.471342407166957855e-03
9.257227778434753418e-01 8.490567095577716827e-03
9.185100793838500977e-01 1.091188471764326096e-02
9.042381048202514648e-01 1.572887226939201355e-02
9.006795287132263184e-01 1.693364977836608887e-02
8.933088779449462891e-01 1.943161897361278534e-02
8.794408440589904785e-01 2.413645759224891663e-02
8.647889494895935059e-01 2.910372987389564514e-02
8.611105084419250488e-01 3.034893609583377838e-02
8.502035737037658691e-01 3.403392434120178223e-02
8.387110829353332520e-01 3.790139779448509216e-02
8.281815052032470703e-01 4.142687097191810608e-02
8.205670118331909180e-01 4.396340250968933105e-02
7.994927763938903809e-01 5.091367289423942566e-02
7.910822033882141113e-01 5.365350097417831421e-02
7.796915173530578613e-01 5.732809007167816162e-02
7.729794383049011230e-01 5.947207286953926086e-02
7.619075775146484375e-01 6.297048926353454590e-02
7.554464340209960938e-01 6.498847156763076782e-02
7.445574402809143066e-01 6.834663450717926025e-02
7.415202260017395020e-01 6.927323341369628906e-02
7.264527082443237305e-01 7.379997521638870239e-02
7.169144153594970703e-01 7.660135626792907715e-02
7.063235640525817871e-01 7.964886724948883057e-02
6.854640841484069824e-01 8.544129878282546997e-02
6.748688817024230957e-01 8.826879411935806274e-02
6.695624589920043945e-01 8.965422213077545166e-02
6.580286026000976562e-01 9.259181469678878784e-02
6.531518697738647461e-01 9.380283206701278687e-02
6.370646953582763672e-01 9.766130149364471436e-02
6.208637356758117676e-01 1.013277694582939148e-01
6.097543835639953613e-01 1.037099659442901611e-01
6.044535040855407715e-01 1.048078313469886780e-01
5.976399779319763184e-01 1.061816960573196411e-01
5.837377905845642090e-01 1.088527888059616089e-01
5.676795840263366699e-01 1.117139905691146851e-01
5.624192357063293457e-01 1.125983670353889465e-01
5.565504431724548340e-01 1.135538741946220398e-01
5.459662675857543945e-01 1.151940524578094482e-01
5.331110954284667969e-01 1.170415431261062622e-01
5.153293609619140625e-01 1.193347498774528503e-01
5.019756555557250977e-01 1.208564564585685730e-01
4.902362525463104248e-01 1.220523267984390259e-01
4.731986522674560547e-01 1.235526055097579956e-01
4.618074595928192139e-01 1.244008541107177734e-01
4.509850740432739258e-01 1.250922977924346924e-01
4.440025091171264648e-01 1.254794597625732422e-01
4.207465052604675293e-01 1.264369189739227295e-01
4.160166084766387939e-01 1.265693604946136475e-01
4.042085111141204834e-01 1.268083602190017700e-01
3.963423371315002441e-01 1.268950253725051880e-01
3.899651169776916504e-01 1.269227564334869385e-01
3.817262053489685059e-01 1.269021034240722656e-01
3.697619736194610596e-01 1.267586648464202881e-01
3.566293120384216309e-01 1.264459192752838135e-01
3.470611274242401123e-01 1.261151582002639771e-01
3.345621526241302490e-01 1.255511939525604248e-01
3.277305662631988525e-01 1.251792907714843750e-01
3.132305443286895752e-01 1.242386549711227417e-01
3.049518764019012451e-01 1.236081346869468689e-01
2.827132642269134521e-01 1.215682625770568848e-01
2.749896943569183350e-01 1.207384690642356873e-01
2.570745348930358887e-01 1.185623481869697571e-01
2.434014827013015747e-01 1.166549101471900940e-01
2.361547350883483887e-01 1.155532449483871460e-01
2.259113490581512451e-01 1.138840541243553162e-01
1.989614963531494141e-01 1.088196113705635071e-01
1.848787814378738403e-01 1.057469844818115234e-01
1.696718931198120117e-01 1.020594239234924316e-01
1.622345596551895142e-01 1.001032888889312744e-01
1.531954556703567505e-01 9.757930785417556763e-02
1.448798477649688721e-01 9.510493278503417969e-02
1.306175887584686279e-01 9.048639982938766479e-02
1.263219267129898071e-01 8.899409323930740356e-02
1.154524162411689758e-01 8.498606085777282715e-02
8.599681407213211060e-02 7.212354987859725952e-02
7.173026353120803833e-02 6.455588340759277344e-02
6.409838795661926270e-02 6.004793196916580200e-02
5.591825395822525024e-02 5.479594320058822632e-02
5.171310901641845703e-02 5.190530419349670410e-02
4.832706972956657410e-02 4.947375133633613586e-02
3.955996409058570862e-02 4.269551485776901245e-02
3.321262821555137634e-02 3.728955984115600586e-02
2.905749343335628510e-02 3.348508477210998535e-02
2.355613373219966888e-02 2.806924283504486084e-02
1.877944916486740112e-02 2.294624410569667816e-02
1.692227646708488464e-02 2.082556299865245819e-02
1.339069753885269165e-02 1.653983443975448608e-02
1.013625692576169968e-02 1.218980550765991211e-02
7.163611240684986115e-03 7.637929636985063553e-03
3.969471901655197144e-03 7.762638852000236511e-04
3.772813826799392700e-03 4.879447806160897017e-05
3.464430337771773338e-03 -1.793372328393161297e-03
3.512392519041895866e-03 -3.618967952206730843e-03
3.728295210748910904e-03 -4.567047115415334702e-03
4.434182308614253998e-03 -6.045180838555097580e-03
5.439131986349821091e-03 -7.206620648503303528e-03
8.153409697115421295e-03 -8.909787982702255249e-03
1.077498029917478561e-02 -9.826170280575752258e-03
1.586248725652694702e-02 -1.080261915922164917e-02
1.803912967443466187e-02 -1.104358956217765808e-02
4.885417968034744263e-02 -1.084729563444852829e-02
6.699162721633911133e-02 -9.735753759741783142e-03
7.603724300861358643e-02 -9.117252193391323090e-03
8.273506164550781250e-02 -8.649903349578380585e-03
1.008058488368988037e-01 -7.391675375401973724e-03
1.118727624416351318e-01 -6.643664091825485229e-03
1.251779347658157349e-01 -5.782246123999357224e-03
1.386652588844299316e-01 -4.959821701049804688e-03
1.593498587608337402e-01 -3.809552174061536789e-03
1.678182184696197510e-01 -3.379269503057003021e-03
1.748519837856292725e-01 -3.040143288671970367e-03
1.838222444057464600e-01 -2.631751354783773422e-03
1.947925239801406860e-01 -2.168909180909395218e-03
1.972427964210510254e-01 -2.071016933768987656e-03
2.109935134649276733e-01 -1.558344811201095581e-03
2.162494063377380371e-01 -1.378702232614159584e-03
2.330766916275024414e-01 -8.630907977931201458e-04
2.410035133361816406e-01 -6.510584498755633831e-04
2.606327533721923828e-01 -2.084437728626653552e-04
2.659800946712493896e-01 -1.077272390830330551e-04
2.772951424121856689e-01 7.821118924766778946e-05
2.896223366260528564e-01 2.397686621407046914e-04
3.098307251930236816e-01 4.159011295996606350e-04
3.175849318504333496e-01 4.554051556624472141e-04
3.278716802597045898e-01 4.847677482757717371e-04
3.312189280986785889e-01 4.888002877123653889e-04
3.437626659870147705e-01 4.805832286365330219e-04
3.535389006137847900e-01 4.495275788940489292e-04
3.715777993202209473e-01 3.388432087376713753e-04
3.755869865417480469e-01 3.053243563044816256e-04
3.831551671028137207e-01 2.337031764909625053e-04
3.904736340045928955e-01 1.544361439300701022e-04
4.006788134574890137e-01 2.838390901160892099e-05
4.135237634181976318e-01 -1.540940284030511975e-04
4.196279942989349365e-01 -2.493707579560577869e-04
4.223596155643463135e-01 -2.936761302407830954e-04
4.410580992698669434e-01 -6.219593924470245838e-04
4.441755712032318115e-01 -6.805248558521270752e-04
4.542882740497589111e-01 -8.769211708568036556e-04
4.871314465999603271e-01 -1.564892125315964222e-03
4.949973523616790771e-01 -1.736505888402462006e-03
5.024915337562561035e-01 -1.900917617604136467e-03
5.126202702522277832e-01 -2.123287646099925041e-03
5.228533148765563965e-01 -2.346610650420188904e-03
5.326554775238037109e-01 -2.557786647230386734e-03
5.381146073341369629e-01 -2.673735842108726501e-03
5.558956861495971680e-01 -3.040345152840018272e-03
5.764644145965576172e-01 -3.437425009906291962e-03
5.857483148574829102e-01 -3.605450037866830826e-03
5.911509990692138672e-01 -3.699775319546461105e-03
5.996471643447875977e-01 -3.842825535684823990e-03
6.109173297882080078e-01 -4.022447858005762100e-03
6.205061078071594238e-01 -4.166146740317344666e-03
6.435831785202026367e-01 -4.478488117456436157e-03
6.646891832351684570e-01 -4.725663922727108002e-03
6.697634458541870117e-01 -4.780132789164781570e-03
6.915060877799987793e-01 -4.994560033082962036e-03
7.014634013175964355e-01 -5.083759780973196030e-03
7.098348736763000488e-01 -5.155081860721111298e-03
7.242956757545471191e-01 -5.271674133837223053e-03
7.291425466537475586e-01 -5.309193395078182220e-03
7.429850101470947266e-01 -5.413101520389318466e-03
7.605878710746765137e-01 -5.540849640965461731e-03
7.678685188293457031e-01 -5.593167617917060852e-03
7.791628241539001465e-01 -5.674762651324272156e-03
7.918352484703063965e-01 -5.768306553363800049e-03
8.037940263748168945e-01 -5.860132165253162384e-03
8.079631924629211426e-01 -5.893273744732141495e-03
8.270004391670227051e-01 -6.054839119315147400e-03
8.307626247406005859e-01 -6.089221686124801636e-03
8.578727841377258301e-01 -6.370898336172103882e-03
8.758164644241333008e-01 -6.602378562092781067e-03
8.874776959419250488e-01 -6.780135910958051682e-03
8.930045962333679199e-01 -6.873810663819313049e-03
9.000550508499145508e-01 -7.003690581768751144e-03
9.085938930511474609e-01 -7.179178763180971146e-03
9.315084218978881836e-01 -7.785366848111152649e-03
9.364122748374938965e-01 -7.950264960527420044e-03
9.435146450996398926e-01 -8.219607174396514893e-03
9.531740546226501465e-01 -8.658754639327526093e-03
9.604046940803527832e-01 -9.057026356458663940e-03
9.656824469566345215e-01 -9.390812367200851440e-03
9.692142009735107422e-01 -9.632994420826435089e-03
9.699707031250000000e-01 -9.686402045190334320e-03
