9.635047912597656250e-01 6.840286077931523323e-04
9.629001021385192871e-01 9.979398455470800400e-04
9.594590663909912109e-01 2.612844342365860939e-03
9.451640844345092773e-01 8.332108147442340851e-03
9.262254834175109863e-01 1.523816306143999100e-02
9.102925658226013184e-01 2.083560451865196228e-02
9.009092450141906738e-01 2.407785877585411072e-02
8.986582159996032715e-01 2.485069260001182556e-02
8.871328234672546387e-01 2.878060564398765564e-02
8.769260048866271973e-01 3.222513198852539062e-02
8.556767106056213379e-01 3.929196670651435852e-02
8.493309617042541504e-01 4.137441515922546387e-02
8.318923711776733398e-01 4.702576249837875366e-02
8.110403418540954590e-01 5.363225936889648438e-02
7.935422658920288086e-01 5.903187766671180725e-02
7.832435965538024902e-01 6.214098259806632996e-02
7.749888896942138672e-01 6.459323316812515259e-02
7.650040388107299805e-01 6.750921905040740967e-02
7.553490996360778809e-01 7.027348875999450684e-02
7.489967942237854004e-01 7.206113636493682861e-02
7.363560199737548828e-01 7.554100453853607178e-02
7.230990529060363770e-01 7.907406240701675415e-02
7.109101414680480957e-01 8.221124857664108276e-02
7.044746875762939453e-01 8.382271230220794678e-02
6.786466836929321289e-01 8.996196836233139038e-02
6.708167791366577148e-01 9.171500802040100098e-02
6.615725159645080566e-01 9.371735900640487671e-02
6.549868583679199219e-01 9.509868174791336060e-02
6.337287425994873047e-01 9.929411113262176514e-02
6.231805682182312012e-01 1.012234464287757874e-01
6.113142371177673340e-01 1.032704710960388184e-01
5.984128117561340332e-01 1.053459495306015015e-01
5.882706046104431152e-01 1.068665310740470886e-01
5.808557868003845215e-01 1.079159155488014221e-01
5.749101638793945312e-01 1.087192222476005554e-01
5.683312416076660156e-01 1.095683351159095764e-01
5.589054226875305176e-01 1.107119619846343994e-01
5.526219010353088379e-01 1.114264875650405884e-01
5.332808494567871094e-01 1.133852601051330566e-01
5.282994508743286133e-01 1.138308793306350708e-01
5.182558298110961914e-01 1.146561130881309509e-01
5.145550370216369629e-01 1.149354949593544006e-01
4.978890717029571533e-01 1.160292997956275940e-01
4.908614456653594971e-01 1.164100542664527893e-01
4.788612127304077148e-01 1.169502958655357361e-01
4.710306823253631592e-01 1.172283291816711426e-01
4.598671197891235352e-01 1.175233796238899231e-01
4.536984562873840332e-01 1.176355257630348206e-01
4.437249898910522461e-01 1.177406087517738342e-01
4.256804287433624268e-01 1.176926046609878540e-01
4.114965200424194336e-01 1.174411177635192871e-01
4.023533165454864502e-01 1.171800196170806885e-01
3.943516910076141357e-01 1.168882101774215698e-01
3.817797005176544189e-01 1.163109764456748962e-01
3.785490393638610840e-01 1.161392778158187866e-01
3.690777719020843506e-01 1.155811548233032227e-01
3.623146116733551025e-01 1.151326894760131836e-01
3.513593673706054688e-01 1.143184080719947815e-01
3.452357947826385498e-01 1.138160377740859985e-01
3.377088606357574463e-01 1.131522431969642639e-01
3.300875127315521240e-01 1.124281510710716248e-01
3.048614859580993652e-01 1.096591427922248840e-01
2.935786247253417969e-01 1.082353442907333374e-01
2.884064018726348877e-01 1.075441986322402954e-01
2.673929929733276367e-01 1.044860184192657471e-01
2.556397318840026855e-01 1.025985777378082275e-01
2.509560286998748779e-01 1.018105447292327881e-01
2.446533590555191040e-01 1.007175296545028687e-01
2.399197816848754883e-01 9.987185150384902954e-02
2.319424748420715332e-01 9.839788824319839478e-02
2.252424061298370361e-01 9.711207449436187744e-02
2.115080803632736206e-01 9.433653950691223145e-02
2.056738883256912231e-01 9.309924393892288208e-02
1.922403424978256226e-01 9.011335670948028564e-02
1.831976473331451416e-01 8.799190819263458252e-02
1.696068048477172852e-01 8.462533354759216309e-02
1.632852405309677124e-01 8.298275619745254517e-02
1.580010950565338135e-01 8.157055824995040894e-02
1.518857181072235107e-01 7.988991588354110718e-02
1.361126005649566650e-01 7.531030476093292236e-02
1.210117861628532410e-01 7.055997848510742188e-02
1.055019721388816833e-01 6.524850428104400635e-02
9.726941585540771484e-02 6.222333759069442749e-02
8.193755149841308594e-02 5.613717809319496155e-02
7.299192994832992554e-02 5.226515606045722961e-02
6.727920472621917725e-02 4.964572936296463013e-02
5.409971252083778381e-02 4.307610169053077698e-02
4.852278903126716614e-02 4.002957046031951904e-02
3.456508740782737732e-02 3.146488964557647705e-02
3.111512213945388794e-02 2.907995879650115967e-02
2.462500706315040588e-02 2.419345267117023468e-02
1.863694190979003906e-02 1.905699633061885834e-02
1.059425529092550278e-02 1.046234089881181717e-02
8.448195643723011017e-03 7.501231040805578232e-03
6.428395397961139679e-03 4.078232683241367340e-03
5.202515516430139542e-03 1.289542298763990402e-03
4.278506617993116379e-03 -2.469690982252359390e-03
4.255228675901889801e-03 -5.052083171904087067e-03
4.555401392281055450e-03 -6.643041037023067474e-03
4.900463856756687164e-03 -7.667625788599252701e-03
6.177380681037902832e-03 -9.938291274011135101e-03
8.389380760490894318e-03 -1.224239356815814972e-02
1.246262062340974808e-02 -1.486092060804367065e-02
1.635488122701644897e-02 -1.657084189355373383e-02
2.302287332713603973e-02 -1.868843846023082733e-02
3.236644715070724487e-02 -2.080326527357101440e-02
3.875949233770370483e-02 -2.193972654640674591e-02
4.828250408172607422e-02 -2.335472032427787781e-02
5.984743684530258179e-02 -2.478102222084999084e-02
6.872414052486419678e-02 -2.572574093937873840e-02
7.957936078310012817e-02 -2.674822136759757996e-02
9.004382044076919556e-02 -2.762045152485370636e-02
1.056987047195434570e-01 -2.874865382909774780e-02
1.156311109662055969e-01 -2.936531789600849152e-02
1.300158649682998657e-01 -3.013112954795360565e-02
1.489820629358291626e-01 -3.092080354690551758e-02
1.589004844427108765e-01 -3.123740293085575104e-02
1.687993705272674561e-01 -3.148915246129035950e-02
1.763111650943756104e-01 -3.163824230432510376e-02
1.856245845556259155e-01 -3.177386522293090820e-02
1.962974369525909424e-01 -3.186392411589622498e-02
2.093078792095184326e-01 -3.188232332468032837e-02
2.139324098825454712e-01 -3.186541050672531128e-02
2.208598256111145020e-01 -3.181773424148559570e-02
2.432355433702468872e-01 -3.148848190903663635e-02
2.502928078174591064e-01 -3.133184462785720825e-02
2.636235654354095459e-01 -3.097114898264408112e-02
2.686004340648651123e-01 -3.081561625003814697e-02
2.789381444454193115e-01 -3.045789338648319244e-02
2.844082117080688477e-01 -3.025034442543983459e-02
2.984642386436462402e-01 -2.966186590492725372e-02
3.102928698062896729e-01 -2.910837158560752869e-02
3.179546892642974854e-01 -2.872307412326335907e-02
3.229220211505889893e-01 -2.846251241862773895e-02
3.440015316009521484e-01 -2.726807817816734314e-02
3.559854328632354736e-01 -2.652934193611145020e-02
3.671554625034332275e-01 -2.580488659441471100e-02
3.714436888694763184e-01 -2.551803551614284515e-02
3.784117698669433594e-01 -2.504203282296657562e-02
3.919006586074829102e-01 -2.408739551901817322e-02
4.048901498317718506e-01 -2.312941476702690125e-02
4.174500405788421631e-01 -2.216983959078788757e-02
4.229816496372222900e-01 -2.173753641545772552e-02
4.342181980609893799e-01 -2.084235288202762604e-02
4.422422945499420166e-01 -2.018998377025127411e-02
4.502309560775756836e-01 -1.953042857348918915e-02
4.563129246234893799e-01 -1.902200467884540558e-02
4.620746374130249023e-01 -1.853565126657485962e-02
4.767384529113769531e-01 -1.727921329438686371e-02
4.943937957286834717e-01 -1.573682017624378204e-02
5.025085806846618652e-01 -1.501951366662979126e-02
5.100210309028625488e-01 -1.435197424143552780e-02
5.216630697250366211e-01 -1.331305690109729767e-02
5.261343717575073242e-01 -1.291324011981487274e-02
5.353531241416931152e-01 -1.208879984915256500e-02
5.451394319534301758e-01 -1.121522486209869385e-02
5.599169731140136719e-01 -9.904716163873672485e-03
5.670374631881713867e-01 -9.279215708374977112e-03
5.791818499565124512e-01 -8.225121535360813141e-03
5.947515964508056641e-01 -6.904281675815582275e-03
6.094213724136352539e-01 -5.699895322322845459e-03
6.250808835029602051e-01 -4.466530401259660721e-03
6.290107369422912598e-01 -4.166510887444019318e-03
6.436349153518676758e-01 -3.086773445829749107e-03
6.521736979484558105e-01 -2.484713913872838020e-03
6.594117879867553711e-01 -1.991714583709836006e-03
6.720553040504455566e-01 -1.170335453934967518e-03
6.816058158874511719e-01 -5.846865242347121239e-04
6.925025582313537598e-01 4.569074371829628944e-05
7.107223272323608398e-01 1.006816048175096512e-03
7.306951284408569336e-01 1.922563416883349419e-03
7.362005114555358887e-01 2.149008214473724365e-03
7.584570646286010742e-01 2.947081578895449638e-03
7.658450603485107422e-01 3.169549629092216492e-03
7.880269289016723633e-01 3.705925773829221725e-03
7.998237609863281250e-01 3.908004146069288254e-03
8.138278126716613770e-01 4.069221206009387970e-03
8.274292945861816406e-01 4.139854572713375092e-03
8.408899307250976562e-01 4.120875149965286255e-03
8.510181903839111328e-01 4.044079221785068512e-03
8.583556413650512695e-01 3.952527418732643127e-03
8.636537194252014160e-01 3.866540268063545227e-03
8.852695822715759277e-01 3.323771525174379349e-03
8.956044316291809082e-01 2.939444500952959061e-03
9.081825017929077148e-01 2.338988007977604866e-03
9.175733923912048340e-01 1.776831224560737610e-03
9.320487976074218750e-01 6.639916100539267063e-04
9.471012353897094727e-01 -9.473206591792404652e-04
9.565166831016540527e-01 -2.322934102267026901e-03
9.616821408271789551e-01 -3.253507893532514572e-03
9.639120101928710938e-01 -3.701739711686968803e-03
9.653537273406982422e-01 -4.007143434137105942e-03
