9.705852270126342773e-01 -1.931901206262409687e-03
9.699392914772033691e-01 -1.968895317986607552e-03
9.664300680160522461e-01 -2.034222008660435677e-03
9.593711495399475098e-01 -1.752356183715164661e-03
9.453291296958923340e-01 -3.936085267923772335e-04
9.354857206344604492e-01 9.119927417486906052e-04
9.243135452270507812e-01 2.624918473884463310e-03
9.193058013916015625e-01 3.456764854490756989e-03
9.126904010772705078e-01 4.607691895216703415e-03
9.057468175888061523e-01 5.873010959476232529e-03
8.958662152290344238e-01 7.762775756418704987e-03
8.886329531669616699e-01 9.204993024468421936e-03
8.739333152770996094e-01 1.226596068590879440e-02
8.605805635452270508e-01 1.516950782388448715e-02
8.484554886817932129e-01 1.788186840713024139e-02
8.418768048286437988e-01 1.937540248036384583e-02
8.342597484588623047e-01 2.111819945275783539e-02
8.283448219299316406e-01 2.247828617691993713e-02
8.077385425567626953e-01 2.722745016217231750e-02
7.991239428520202637e-01 2.920306287705898285e-02
7.918013930320739746e-01 3.087148256599903107e-02
7.795879244804382324e-01 3.362422436475753784e-02
7.693715095520019531e-01 3.589132800698280334e-02
7.640596628189086914e-01 3.705538064241409302e-02
7.473784685134887695e-01 4.063866659998893738e-02
7.413821220397949219e-01 4.189816489815711975e-02
7.289811968803405762e-01 4.445241391658782959e-02
7.199966311454772949e-01 4.625900834798812866e-02
7.007426619529724121e-01 5.000269412994384766e-02
6.942752003669738770e-01 5.122042447328567505e-02
6.872653961181640625e-01 5.251749232411384583e-02
6.686850190162658691e-01 5.583958700299263000e-02
6.584916114807128906e-01 5.759017542004585266e-02
6.427506804466247559e-01 6.019227579236030579e-02
6.355898380279541016e-01 6.133509054780006409e-02
6.200790405273437500e-01 6.372167915105819702e-02
6.055335998535156250e-01 6.584807485342025757e-02
5.974109768867492676e-01 6.698780506849288940e-02
5.822570919990539551e-01 6.902129203081130981e-02
5.746239423751831055e-01 6.999907642602920532e-02
5.628640651702880859e-01 7.144349813461303711e-02
5.450191497802734375e-01 7.348874211311340332e-02
5.353954434394836426e-01 7.451669126749038696e-02
5.263215303421020508e-01 7.543671876192092896e-02
5.182271003723144531e-01 7.621648907661437988e-02
5.076810717582702637e-01 7.717344909906387329e-02
4.892554879188537598e-01 7.868187129497528076e-02
4.835089445114135742e-01 7.910882681608200073e-02
4.678443968296051025e-01 8.016542345285415649e-02
4.492264389991760254e-01 8.121260255575180054e-02
4.403784871101379395e-01 8.162914216518402100e-02
4.352429807186126709e-01 8.184657990932464600e-02
4.262109696865081787e-01 8.218520879745483398e-02
4.154875874519348145e-01 8.251414448022842407e-02
4.058668613433837891e-01 8.274096250534057617e-02
3.889386951923370361e-01 8.298167586326599121e-02
3.770013451576232910e-01 8.302885293960571289e-02
3.635408580303192139e-01 8.295939117670059204e-02
3.587987720966339111e-01 8.290378004312515259e-02
3.494271934032440186e-01 8.274611830711364746e-02
3.438729643821716309e-01 8.262261003255844116e-02
3.234909772872924805e-01 8.197736740112304688e-02
3.017546832561492920e-01 8.095522969961166382e-02
2.974478006362915039e-01 8.071162551641464233e-02
2.853871285915374756e-01 7.995685189962387085e-02
2.762692868709564209e-01 7.931493967771530151e-02
2.672627270221710205e-01 7.862023264169692993e-02
2.446877360343933105e-01 7.661143690347671509e-02
2.395313978195190430e-01 7.609824091196060181e-02
2.226630002260208130e-01 7.427502423524856567e-02
2.053365856409072876e-01 7.216614484786987305e-02
1.928739696741104126e-01 7.049545645713806152e-02
1.869863420724868774e-01 6.965976953506469727e-02
1.806793212890625000e-01 6.873048841953277588e-02
1.686581075191497803e-01 6.685848534107208252e-02
1.535944789648056030e-01 6.431589275598526001e-02
1.463161408901214600e-01 6.300397962331771851e-02
1.311216801404953003e-01 6.007565185427665710e-02
1.193777769804000854e-01 5.762156844139099121e-02
1.089574769139289856e-01 5.528976395726203918e-02
9.340576827526092529e-02 5.150516703724861145e-02
7.482804358005523682e-02 4.641803726553916931e-02
6.609436124563217163e-02 4.376950487494468689e-02
5.112123861908912659e-02 3.875036537647247314e-02
4.698578640818595886e-02 3.723746165633201599e-02
3.733937442302703857e-02 3.344596549868583679e-02
2.487514726817607880e-02 2.785498090088367462e-02
1.752918027341365814e-02 2.405421249568462372e-02
1.238366402685642242e-02 2.107540331780910492e-02
6.802057847380638123e-03 1.742863655090332031e-02
1.150231575593352318e-03 1.305730920284986496e-02
-2.261413028463721275e-03 9.850816801190376282e-03
-6.423410028219223022e-03 4.606678616255521774e-03
-7.818805053830146790e-03 1.910746213980019093e-03
-8.690039627254009247e-03 -1.001943950541317463e-03
-8.807041682302951813e-03 -4.033078905194997787e-03
-7.465180475264787674e-03 -8.120765909552574158e-03
-4.629565868526697159e-03 -1.166136655956506729e-02
-2.926814137026667595e-03 -1.313030254095792770e-02
-1.418067957274615765e-03 -1.424142625182867050e-02
5.767052643932402134e-04 -1.553030498325824738e-02
4.888407420367002487e-03 -1.787875965237617493e-02
7.663125637918710709e-03 -1.919019781053066254e-02
1.440630666911602020e-02 -2.200516685843467712e-02
2.068657055497169495e-02 -2.434797398746013641e-02
3.335827961564064026e-02 -2.867846190929412842e-02
4.376425221562385559e-02 -3.203237429261207581e-02
5.729525536298751831e-02 -3.623601794242858887e-02
6.501813232898712158e-02 -3.856833279132843018e-02
7.845667749643325806e-02 -4.251079633831977844e-02
1.076456084847450256e-01 -5.052111297845840454e-02
1.252616345882415771e-01 -5.496164783835411072e-02
1.346483528614044189e-01 -5.720370635390281677e-02
1.507323682308197021e-01 -6.084639206528663635e-02
1.663629263639450073e-01 -6.415034085512161255e-02
1.825639009475708008e-01 -6.733730435371398926e-02
2.011674344539642334e-01 -7.071100175380706787e-02
2.221840471029281616e-01 -7.417280226945877075e-02
2.351574003696441650e-01 -7.613361626863479614e-02
2.501043677330017090e-01 -7.823340594768524170e-02
2.631159126758575439e-01 -7.992746680974960327e-02
2.791191339492797852e-01 -8.184646070003509521e-02
2.964224815368652344e-01 -8.372458815574645996e-02
3.040779829025268555e-01 -8.449221402406692505e-02
3.168201446533203125e-01 -8.568596094846725464e-02
3.226775825023651123e-01 -8.620013296604156494e-02
3.353471457958221436e-01 -8.723901212215423584e-02
3.397681415081024170e-01 -8.757824450731277466e-02
3.575552701950073242e-01 -8.882331848144531250e-02
3.637022972106933594e-01 -8.920952677726745605e-02
3.744466006755828857e-01 -8.983084559440612793e-02
3.906958103179931641e-01 -9.064191579818725586e-02
4.080024659633636475e-01 -9.133706241846084595e-02
4.113768041133880615e-01 -9.145243465900421143e-02
4.355928003787994385e-01 -9.208765625953674316e-02
4.466502964496612549e-01 -9.226507693529129028e-02
4.557001292705535889e-01 -9.235746413469314575e-02
4.612698554992675781e-01 -9.239059686660766602e-02
4.760578572750091553e-01 -9.239028394222259521e-02
4.842442870140075684e-01 -9.233450144529342651e-02
5.009849071502685547e-01 -9.209544211626052856e-02
5.123277902603149414e-01 -9.183672070503234863e-02
5.185496211051940918e-01 -9.166114777326583862e-02
5.318808555603027344e-01 -9.120353311300277710e-02
5.400050282478332520e-01 -9.086947888135910034e-02
5.499804615974426270e-01 -9.040119498968124390e-02
5.676903724670410156e-01 -8.940912783145904541e-02
5.749508142471313477e-01 -8.894189447164535522e-02
5.838698148727416992e-01 -8.831885457038879395e-02
5.948515534400939941e-01 -8.747635781764984131e-02
6.051312088966369629e-01 -8.661116659641265869e-02
6.144432425498962402e-01 -8.576249331235885620e-02
6.231397390365600586e-01 -8.491338044404983521e-02
6.355494856834411621e-01 -8.360583335161209106e-02
6.433968544006347656e-01 -8.271998912096023560e-02
6.533110141754150391e-01 -8.153452724218368530e-02
6.623522043228149414e-01 -8.038815855979919434e-02
6.670090556144714355e-01 -7.977309077978134155e-02
6.741885542869567871e-01 -7.879178971052169800e-02
6.886562108993530273e-01 -7.669079303741455078e-02
6.989423036575317383e-01 -7.509490102529525757e-02
7.119338512420654297e-01 -7.295531034469604492e-02
7.210836410522460938e-01 -7.136362046003341675e-02
7.333680987358093262e-01 -6.911376118659973145e-02
7.484431266784667969e-01 -6.617098301649093628e-02
7.583440542221069336e-01 -6.412573903799057007e-02
7.657425403594970703e-01 -6.253757327795028687e-02
7.742943763732910156e-01 -6.063643842935562134e-02
7.833054661750793457e-01 -5.855557322502136230e-02
7.977790832519531250e-01 -5.504130572080612183e-02
8.065319061279296875e-01 -5.280997231602668762e-02
8.115988373756408691e-01 -5.148078128695487976e-02
8.180615305900573730e-01 -4.974481463432312012e-02
8.221403956413269043e-01 -4.862534627318382263e-02
8.319820165634155273e-01 -4.584739729762077332e-02
8.380378484725952148e-01 -4.408308491110801697e-02
8.505743741989135742e-01 -4.029575735330581665e-02
8.562163114547729492e-01 -3.853132575750350952e-02
8.635151982307434082e-01 -3.619358316063880920e-02
8.705015182495117188e-01 -3.389810770750045776e-02
8.783856034278869629e-01 -3.124153800308704376e-02
8.863771557807922363e-01 -2.848104946315288544e-02
9.062306284904479980e-01 -2.138692699372768402e-02
9.109707474708557129e-01 -1.966543868184089661e-02
9.219814538955688477e-01 -1.569736003875732422e-02
9.263217449188232422e-01 -1.417306996881961823e-02
9.388446807861328125e-01 -1.010113395750522614e-02
9.480404257774353027e-01 -7.676235865801572800e-03
9.537985920906066895e-01 -6.515328772366046906e-03
9.610638618469238281e-01 -5.466155242174863815e-03
9.664710164070129395e-01 -4.940117243677377701e-03
9.685739874839782715e-01 -4.780612885951995850e-03
