9.616655707359313965e-01 -9.302622056566178799e-04
9.611458778381347656e-01 -7.548608700744807720e-04
9.587633609771728516e-01 -1.302791224588872865e-05
9.551952481269836426e-01 9.665607940405607224e-04
9.438038468360900879e-01 3.566879313439130783e-03
9.390175342559814453e-01 4.529113881289958954e-03
9.335332512855529785e-01 5.575707182288169861e-03
9.313527941703796387e-01 5.978712812066078186e-03
9.245962500572204590e-01 7.190404459834098816e-03
9.180517196655273438e-01 8.321702480316162109e-03
9.026574492454528809e-01 1.087015587836503983e-02
8.995281457901000977e-01 1.137404982000589371e-02
8.775954246520996094e-01 1.481951959431171417e-02
8.708226680755615234e-01 1.586133427917957306e-02
8.598015904426574707e-01 1.754145510494709015e-02
8.505202531814575195e-01 1.894481480121612549e-02
8.393641710281372070e-01 2.062057889997959137e-02
8.327233791351318359e-01 2.161330915987491608e-02
8.231437802314758301e-01 2.303975075483322144e-02
8.174729347229003906e-01 2.388120442628860474e-02
8.056111335754394531e-01 2.563453093171119690e-02
7.916849851608276367e-01 2.768065221607685089e-02
7.788042426109313965e-01 2.955981902778148651e-02
7.731160521507263184e-01 3.038497269153594971e-02
7.599428296089172363e-01 3.228304162621498108e-02
7.512570619583129883e-01 3.352316841483116150e-02
7.367911338806152344e-01 3.556454926729202271e-02
7.298260927200317383e-01 3.653511032462120056e-02
7.189397811889648438e-01 3.803332895040512085e-02
7.063373327255249023e-01 3.973546996712684631e-02
6.971070170402526855e-01 4.095710813999176025e-02
6.868155598640441895e-01 4.229113832116127014e-02
6.740133762359619141e-01 4.390482977032661438e-02
6.640298962593078613e-01 4.512432217597961426e-02
6.467679142951965332e-01 4.714363068342208862e-02
6.375578641891479492e-01 4.817076772451400757e-02
6.144137978553771973e-01 5.058254674077033997e-02
6.049182415008544922e-01 5.149733647704124451e-02
5.916625261306762695e-01 5.269758030772209167e-02
5.796404480934143066e-01 5.370622873306274414e-02
5.714796781539916992e-01 5.434657633304595947e-02
5.609437823295593262e-01 5.511945113539695740e-02
5.480630397796630859e-01 5.598095431923866272e-02
5.436174869537353516e-01 5.625686794519424438e-02
5.249698758125305176e-01 5.729430541396141052e-02
5.153175592422485352e-01 5.775542557239532471e-02
5.043785572052001953e-01 5.821590498089790344e-02
4.886940717697143555e-01 5.876232311129570007e-02
4.677501618862152100e-01 5.928690731525421143e-02
4.607781469821929932e-01 5.941061675548553467e-02
4.411010146141052246e-01 5.962615087628364563e-02
4.352124631404876709e-01 5.965302884578704834e-02
4.254525303840637207e-01 5.966023355722427368e-02
4.179750680923461914e-01 5.963468179106712341e-02
4.113386571407318115e-01 5.958976969122886658e-02
4.031107127666473389e-01 5.950540676712989807e-02
3.941010832786560059e-01 5.937717482447624207e-02
3.751814663410186768e-01 5.898845568299293518e-02
3.636566698551177979e-01 5.867400765419006348e-02
3.567814528942108154e-01 5.845896154642105103e-02
3.449597954750061035e-01 5.804184079170227051e-02
3.266793489456176758e-01 5.728054046630859375e-02
3.041085898876190186e-01 5.614848807454109192e-02
2.963768541812896729e-01 5.571220815181732178e-02
2.889494895935058594e-01 5.526979640126228333e-02
2.795765995979309082e-01 5.467883124947547913e-02
2.611705958843231201e-01 5.341118574142456055e-02
2.573351263999938965e-01 5.312892794609069824e-02
2.524777054786682129e-01 5.276237800717353821e-02
2.410260438919067383e-01 5.185740441083908081e-02
2.281814366579055786e-01 5.077252164483070374e-02
2.133638262748718262e-01 4.942536354064941406e-02
2.090593576431274414e-01 4.901399090886116028e-02
1.924787908792495728e-01 4.734042286872863770e-02
1.798520386219024658e-01 4.596490040421485901e-02
1.756036430597305298e-01 4.548101499676704407e-02
1.587305665016174316e-01 4.344509914517402649e-02
1.335942149162292480e-01 4.002283886075019836e-02
1.276780664920806885e-01 3.913748264312744141e-02
1.208322048187255859e-01 3.806889429688453674e-02
1.033335104584693909e-01 3.508978709578514099e-02
9.029047191143035889e-02 3.258791565895080566e-02
7.696960121393203735e-02 2.971216849982738495e-02
5.916414409875869751e-02 2.517893165349960327e-02
5.078864470124244690e-02 2.267186529934406281e-02
4.240742325782775879e-02 1.983111165463924408e-02
3.540989756584167480e-02 1.712516881525516510e-02
3.021521680057048798e-02 1.485598739236593246e-02
2.346325479447841644e-02 1.144433207809925079e-02
2.064406126737594604e-02 9.804127737879753113e-03
1.799365319311618805e-02 8.095449768006801605e-03
1.428164634853601456e-02 5.290084052830934525e-03
1.116030383855104446e-02 2.175441477447748184e-03
1.048499532043933868e-02 1.282171229831874371e-03
9.178815409541130066e-03 -1.409767311997711658e-03
9.032447822391986847e-03 -2.403403865173459053e-03
9.357205592095851898e-03 -4.151530563831329346e-03
9.581162594258785248e-03 -4.592014010995626450e-03
9.839621372520923615e-03 -4.987092688679695129e-03
1.048995926976203918e-02 -5.729278083890676498e-03
1.180671341717243195e-02 -6.756111979484558105e-03
1.293424144387245178e-02 -7.402609568089246750e-03
1.522828266024589539e-02 -8.399383164942264557e-03
1.671034842729568481e-02 -8.909810334444046021e-03
2.013037167489528656e-02 -9.859954006969928741e-03
2.724284492433071136e-02 -1.129507180303335190e-02
3.952307999134063721e-02 -1.303152088075876236e-02
6.060654297471046448e-02 -1.518484670668840408e-02
7.897359132766723633e-02 -1.666923426091670990e-02
8.936222642660140991e-02 -1.740037091076374054e-02
9.663152694702148438e-02 -1.787107437849044800e-02
1.064837872982025146e-01 -1.845801807940006256e-02
1.147301495075225830e-01 -1.890555024147033691e-02
1.310222446918487549e-01 -1.967592723667621613e-02
1.401926875114440918e-01 -2.004469931125640869e-02
1.623333841562271118e-01 -2.074951492249965668e-02
1.694755703210830688e-01 -2.092292346060276031e-02
1.828331947326660156e-01 -2.118002437055110931e-02
1.994744241237640381e-01 -2.138423733413219452e-02
2.166668921709060669e-01 -2.147051133215427399e-02
2.235366255044937134e-01 -2.147234976291656494e-02
2.382246702909469604e-01 -2.141916193068027496e-02
2.465437054634094238e-01 -2.135710977017879486e-02
2.580214738845825195e-01 -2.123717777431011200e-02
2.649227678775787354e-01 -2.114748768508434296e-02
2.691727280616760254e-01 -2.108616195619106293e-02
2.927045524120330811e-01 -2.067317441105842590e-02
2.968366742134094238e-01 -2.058945782482624054e-02
3.062370419502258301e-01 -2.038861624896526337e-02
3.178228735923767090e-01 -2.012387290596961975e-02
3.326724171638488770e-01 -1.976266689598560333e-02
3.406277894973754883e-01 -1.956156454980373383e-02
3.516214489936828613e-01 -1.927768066525459290e-02
3.600999116897583008e-01 -1.905568875372409821e-02
3.737417459487915039e-01 -1.869646832346916199e-02
3.804699182510375977e-01 -1.851971261203289032e-02
3.957228064537048340e-01 -1.812375523149967194e-02
3.995922207832336426e-01 -1.802492886781692505e-02
4.059575200080871582e-01 -1.786422915756702423e-02
4.365609884262084961e-01 -1.713524013757705688e-02
4.435497522354125977e-01 -1.698123477399349213e-02
4.569021761417388916e-01 -1.670199073851108551e-02
4.628736972808837891e-01 -1.658375561237335205e-02
4.725101590156555176e-01 -1.640186086297035217e-02
4.810588657855987549e-01 -1.624972186982631683e-02
4.851684570312500000e-01 -1.617961935698986053e-02
4.928756058216094971e-01 -1.605333015322685242e-02
5.010333657264709473e-01 -1.592669822275638580e-02
5.136484503746032715e-01 -1.574376225471496582e-02
5.268718004226684570e-01 -1.556591503322124481e-02
5.358296036720275879e-01 -1.545126270502805710e-02
5.420721769332885742e-01 -1.537308096885681152e-02
5.664483308792114258e-01 -1.506726071238517761e-02
5.758015513420104980e-01 -1.494298968464136124e-02
5.881730914115905762e-01 -1.476565562188625336e-02
6.004129648208618164e-01 -1.456983946263790131e-02
6.105076074600219727e-01 -1.438884995877742767e-02
6.170095205307006836e-01 -1.426141522824764252e-02
6.302120089530944824e-01 -1.397317927330732346e-02
6.404261589050292969e-01 -1.372068002820014954e-02
6.476534008979797363e-01 -1.352548599243164062e-02
6.645444035530090332e-01 -1.301396358758211136e-02
6.747834086418151855e-01 -1.266584731638431549e-02
6.909741163253784180e-01 -1.205824874341487885e-02
7.023921608924865723e-01 -1.158986426889896393e-02
7.209600210189819336e-01 -1.076462399214506149e-02
7.362779378890991211e-01 -1.003260351717472076e-02
7.460069060325622559e-01 -9.547773748636245728e-03
7.539692521095275879e-01 -9.141456335783004761e-03
7.650656700134277344e-01 -8.563647978007793427e-03
7.806218862533569336e-01 -7.737791165709495544e-03
7.903590202331542969e-01 -7.215961813926696777e-03
8.003912568092346191e-01 -6.678107660263776779e-03
8.135997653007507324e-01 -5.975469946861267090e-03
8.348649740219116211e-01 -4.878404550254344940e-03
8.453572988510131836e-01 -4.363693296909332275e-03
8.604656457901000977e-01 -3.669588360935449600e-03
8.665831089019775391e-01 -3.408841788768768311e-03
8.783682584762573242e-01 -2.948731882497668266e-03
8.862975239753723145e-01 -2.677066717296838760e-03
8.953447937965393066e-01 -2.413218142464756966e-03
8.985524177551269531e-01 -2.333424985408782959e-03
9.141858816146850586e-01 -2.073558745905756950e-03
9.188736081123352051e-01 -2.046455163508653641e-03
9.253504276275634766e-01 -2.057590987533330917e-03
9.302429556846618652e-01 -2.109346445649862289e-03
9.347189664840698242e-01 -2.194619271904230118e-03
9.453154802322387695e-01 -2.571058925241231918e-03
9.507197737693786621e-01 -2.874928759410977364e-03
9.576132893562316895e-01 -3.381269052624702454e-03
9.596335887908935547e-01 -3.551567438989877701e-03
9.611826539039611816e-01 -3.686578711494803429e-03
