9.606039524078369141e-01 -4.290745593607425690e-03
9.601037502288818359e-01 -4.205625969916582108e-03
9.577921032905578613e-01 -3.808715147897601128e-03
9.500028491020202637e-01 -2.453616354614496231e-03
9.301762580871582031e-01 9.570878464728593826e-04
9.212375283241271973e-01 2.447353675961494446e-03
9.104604125022888184e-01 4.196138121187686920e-03
9.051375985145568848e-01 5.039534531533718109e-03
8.938408493995666504e-01 6.783206481486558914e-03
8.843933343887329102e-01 8.191929198801517487e-03
8.700123429298400879e-01 1.024784427136182785e-02
8.654724955558776855e-01 1.087443996220827103e-02
8.584674000740051270e-01 1.182006113231182098e-02
8.508324027061462402e-01 1.282141543924808502e-02
8.367171883583068848e-01 1.459272671490907669e-02
8.329172134399414062e-01 1.505202893167734146e-02
8.229603171348571777e-01 1.622120477259159088e-02
8.142822980880737305e-01 1.720050536096096039e-02
8.061122298240661621e-01 1.809002645313739777e-02
8.018499016761779785e-01 1.854198798537254333e-02
7.865624427795410156e-01 2.009892836213111877e-02
7.739951014518737793e-01 2.130930311977863312e-02
7.549532651901245117e-01 2.303879521787166595e-02
7.511509060859680176e-01 2.337065711617469788e-02
7.412089705467224121e-01 2.421934530138969421e-02
7.360754609107971191e-01 2.464740723371505737e-02
7.284261584281921387e-01 2.527335844933986664e-02
7.216392755508422852e-01 2.581741847097873688e-02
7.112754583358764648e-01 2.662903442978858948e-02
7.031561136245727539e-01 2.724964357912540436e-02
6.900490522384643555e-01 2.822468802332878113e-02
6.741774082183837891e-01 2.936314977705478668e-02
6.589789390563964844e-01 3.041094355285167694e-02
6.542426347732543945e-01 3.072898834943771362e-02
6.400943398475646973e-01 3.165470063686370850e-02
6.347087025642395020e-01 3.199731558561325073e-02
6.244482398033142090e-01 3.263476490974426270e-02
6.148396730422973633e-01 3.321308642625808716e-02
6.008734703063964844e-01 3.402033448219299316e-02
5.916808843612670898e-01 3.452927991747856140e-02
5.830078721046447754e-01 3.499257564544677734e-02
5.646579265594482422e-01 3.591644018888473511e-02
5.392353534698486328e-01 3.706248104572296143e-02
5.327978134155273438e-01 3.732672333717346191e-02
5.272257924079895020e-01 3.754665702581405640e-02
5.210207104682922363e-01 3.778183832764625549e-02
4.985934197902679443e-01 3.854384645819664001e-02
4.851838350296020508e-01 3.893148899078369141e-02
4.725033044815063477e-01 3.924982249736785889e-02
4.599262773990631104e-01 3.951825574040412903e-02
4.438830316066741943e-01 3.979109600186347961e-02
4.352584779262542725e-01 3.990512713789939880e-02
4.285193383693695068e-01 3.997824341058731079e-02
4.252389669418334961e-01 4.000874608755111694e-02
4.041987955570220947e-01 4.012493044137954712e-02
3.991451859474182129e-01 4.013237357139587402e-02
3.936944603919982910e-01 4.013152793049812317e-02
3.753026127815246582e-01 4.006124287843704224e-02
3.593421876430511475e-01 3.991697356104850769e-02
3.526833951473236084e-01 3.983429819345474243e-02
3.439880013465881348e-01 3.970672935247421265e-02
3.285671472549438477e-01 3.942688181996345520e-02
3.191396594047546387e-01 3.922280669212341309e-02
3.076701164245605469e-01 3.894165903329849243e-02
2.957300841808319092e-01 3.861159458756446838e-02
2.900090515613555908e-01 3.844023868441581726e-02
2.822880446910858154e-01 3.819566220045089722e-02
2.732665836811065674e-01 3.789080306887626648e-02
2.633260488510131836e-01 3.753141313791275024e-02
2.504191696643829346e-01 3.702853247523307800e-02
2.225036919116973877e-01 3.580103442072868347e-02
2.163760811090469360e-01 3.550540283322334290e-02
2.096629142761230469e-01 3.517022728919982910e-02
1.922043859958648682e-01 3.424024209380149841e-02
1.815712451934814453e-01 3.362904489040374756e-02
1.747211515903472900e-01 3.321545571088790894e-02
1.611191779375076294e-01 3.234271332621574402e-02
1.485195606946945190e-01 3.146440908312797546e-02
1.385903656482696533e-01 3.071653284132480621e-02
1.265289336442947388e-01 2.972957119345664978e-02
1.141406223177909851e-01 2.860779501497745514e-02
1.026520058512687683e-01 2.744699828326702118e-02
8.020381629467010498e-02 2.472828887403011322e-02
7.520550489425659180e-02 2.401740290224552155e-02
6.078437343239784241e-02 2.167242206633090973e-02
4.679729789495468140e-02 1.883871480822563171e-02
4.168266057968139648e-02 1.761300303041934967e-02
3.616012260317802429e-02 1.613925583660602570e-02
2.557682991027832031e-02 1.272074133157730103e-02
1.820575073361396790e-02 9.622015990316867828e-03
1.475847139954566956e-02 7.827577181160449982e-03
9.813151322305202484e-03 4.512815736234188080e-03
8.098716847598552704e-03 2.956818090751767159e-03
6.261335685849189758e-03 6.448748754337430000e-04
5.272031761705875397e-03 -1.810397952795028687e-03
5.170382559299468994e-03 -2.857023850083351135e-03
5.500221159309148788e-03 -4.712720867246389389e-03
6.233904045075178146e-03 -6.138681899756193161e-03
7.165024522691965103e-03 -7.295920513570308685e-03
7.670547347515821457e-03 -7.799584884196519852e-03
8.823482319712638855e-03 -8.768222294747829437e-03
1.095040794461965561e-02 -1.017711497843265533e-02
1.422489061951637268e-02 -1.185160037130117416e-02
1.811414584517478943e-02 -1.343364268541336060e-02
2.562282048165798187e-02 -1.585437357425689697e-02
3.322030231356620789e-02 -1.785060204565525055e-02
4.366820678114891052e-02 -2.019467204809188843e-02
6.172466650605201721e-02 -2.363272570073604584e-02
7.844276726245880127e-02 -2.638480812311172485e-02
9.374572336673736572e-02 -2.863545157015323639e-02
1.056111082434654236e-01 -3.022771887481212616e-02
1.133056133985519409e-01 -3.119423054158687592e-02
1.280516088008880615e-01 -3.290972486138343811e-02
1.459572315216064453e-01 -3.476666659116744995e-02
1.543929576873779297e-01 -3.556133806705474854e-02
1.684767305850982666e-01 -3.678172826766967773e-02
1.813694387674331665e-01 -3.779015690088272095e-02
1.929636001586914062e-01 -3.861519694328308105e-02
2.004290670156478882e-01 -3.910825774073600769e-02
2.082854211330413818e-01 -3.959681466221809387e-02
2.216511964797973633e-01 -4.036116972565650940e-02
2.258606553077697754e-01 -4.058551788330078125e-02
2.403170764446258545e-01 -4.130079224705696106e-02
2.459212988615036011e-01 -4.155638068914413452e-02
2.630284428596496582e-01 -4.226803034543991089e-02
2.689549624919891357e-01 -4.249206930398941040e-02
2.815416455268859863e-01 -4.293248429894447327e-02
2.905298173427581787e-01 -4.321920499205589294e-02
3.040622174739837646e-01 -4.361028224229812622e-02
3.162100017070770264e-01 -4.392237216234207153e-02
3.251301944255828857e-01 -4.412942752242088318e-02
3.361716270446777344e-01 -4.436100274324417114e-02
3.448376655578613281e-01 -4.452428594231605530e-02
3.513881862163543701e-01 -4.463729262351989746e-02
3.655022978782653809e-01 -4.485105350613594055e-02
3.707520961761474609e-01 -4.492045566439628601e-02
3.883157968521118164e-01 -4.511364921927452087e-02
3.961088061332702637e-01 -4.518042877316474915e-02
4.062829017639160156e-01 -4.525035992264747620e-02
4.153520166873931885e-01 -4.529627785086631775e-02
4.246775507926940918e-01 -4.532746225595474243e-02
4.374256730079650879e-01 -4.534387215971946716e-02
4.495672285556793213e-01 -4.533137753605842590e-02
4.552505612373352051e-01 -4.531610384583473206e-02
4.719858169555664062e-01 -4.523637518286705017e-02
4.777023792266845703e-01 -4.519727081060409546e-02
4.904621541500091553e-01 -4.508827254176139832e-02
5.084761381149291992e-01 -4.488390311598777771e-02
5.216263532638549805e-01 -4.469799995422363281e-02
5.394824147224426270e-01 -4.439734295010566711e-02
5.510729551315307617e-01 -4.417338222265243530e-02
5.608462095260620117e-01 -4.396750405430793762e-02
5.680691599845886230e-01 -4.380559176206588745e-02
5.778585672378540039e-01 -4.357331618666648865e-02
5.922915339469909668e-01 -4.320465773344039917e-02
6.075578331947326660e-01 -4.278190433979034424e-02
6.184270977973937988e-01 -4.246085137128829956e-02
6.298406124114990234e-01 -4.210592061281204224e-02
6.356554031372070312e-01 -4.191805422306060791e-02
6.488806605339050293e-01 -4.147266969084739685e-02
6.567046642303466797e-01 -4.119696840643882751e-02
6.662470102310180664e-01 -4.084786027669906616e-02
6.858037710189819336e-01 -4.008455574512481689e-02
7.058522701263427734e-01 -3.922618925571441650e-02
7.195507287979125977e-01 -3.858793526887893677e-02
7.287047505378723145e-01 -3.813459724187850952e-02
7.425844669342041016e-01 -3.740094229578971863e-02
7.536691427230834961e-01 -3.677014634013175964e-02
7.571433186531066895e-01 -3.656345605850219727e-02
7.734078764915466309e-01 -3.553248569369316101e-02
7.842090129852294922e-01 -3.478410467505455017e-02
7.922585010528564453e-01 -3.418929502367973328e-02
8.003551363945007324e-01 -3.355614095926284790e-02
8.047795295715332031e-01 -3.319435939192771912e-02
8.175799250602722168e-01 -3.207928314805030823e-02
8.258273601531982422e-01 -3.130229189991950989e-02
8.352648615837097168e-01 -3.035087883472442627e-02
8.427911400794982910e-01 -2.954024448990821838e-02
8.578056693077087402e-01 -2.776970155537128448e-02
8.649407029151916504e-01 -2.684902027249336243e-02
8.752191662788391113e-01 -2.542258426547050476e-02
8.833078145980834961e-01 -2.420977130532264709e-02
8.949218988418579102e-01 -2.231719531118869781e-02
8.988442420959472656e-01 -2.163582667708396912e-02
9.075782299041748047e-01 -2.004135027527809143e-02
9.118106365203857422e-01 -1.923191919922828674e-02
9.198313355445861816e-01 -1.764230616390705109e-02
9.308019876480102539e-01 -1.540907286107540131e-02
9.432769417762756348e-01 -1.300921384245157242e-02
9.556247591972351074e-01 -1.112199481576681137e-02
9.580424427986145020e-01 -1.082613039761781693e-02
9.607432484626770020e-01 -1.052303984761238098e-02
