9.535998702049255371e-01 -4.575579427182674408e-03
9.524179697036743164e-01 -4.573234822601079941e-03
9.459879994392395020e-01 -4.534611012786626816e-03
9.374286532402038574e-01 -4.442577250301837921e-03
9.230503439903259277e-01 -4.238203633576631546e-03
9.121255874633789062e-01 -4.062406718730926514e-03
8.956655263900756836e-01 -3.781977109611034393e-03
8.881071805953979492e-01 -3.649805672466754913e-03
8.759503364562988281e-01 -3.434787737205624580e-03
8.658485412597656250e-01 -3.254624316468834877e-03
8.477839231491088867e-01 -2.930013230070471764e-03
8.424121141433715820e-01 -2.832853468134999275e-03
8.228472471237182617e-01 -2.475559478625655174e-03
8.114945292472839355e-01 -2.264689188450574875e-03
7.929716110229492188e-01 -1.911876723170280457e-03
7.868797183036804199e-01 -1.792697003111243248e-03
7.794218659400939941e-01 -1.644127420149743557e-03
7.585846185684204102e-01 -1.209616661071777344e-03
7.455876469612121582e-01 -9.202642249874770641e-04
7.403974533081054688e-01 -7.999264635145664215e-04
7.309796214103698730e-01 -5.736398161388933659e-04
7.233493328094482422e-01 -3.820538695435971022e-04
7.082890868186950684e-01 2.071908602374605834e-05
7.011092305183410645e-01 2.255593717563897371e-04
6.892423033714294434e-01 5.844063707627356052e-04
6.839193105697631836e-01 7.541974191553890705e-04
6.589295864105224609e-01 1.632690313272178173e-03
6.491160988807678223e-01 2.017625840380787849e-03
6.414167284965515137e-01 2.336585894227027893e-03
6.341363191604614258e-01 2.652348717674612999e-03
6.236727833747863770e-01 3.130895551294088364e-03
6.072841286659240723e-01 3.940245136618614197e-03
5.970088839530944824e-01 4.485222045332193375e-03
5.887283086776733398e-01 4.945283755660057068e-03
5.781181454658508301e-01 5.561492871493101120e-03
5.687904357910156250e-01 6.127290893346071243e-03
5.563421249389648438e-01 6.915795616805553436e-03
5.372208356857299805e-01 8.195309899747371674e-03
5.156621336936950684e-01 9.723035618662834167e-03
5.024815797805786133e-01 1.069273333996534348e-02
4.951894581317901611e-01 1.123842038214206696e-02
4.803039729595184326e-01 1.236789859831333160e-02
4.663767218589782715e-01 1.343749929219484329e-02
4.597581923007965088e-01 1.394810993224382401e-02
4.498775005340576172e-01 1.471103448420763016e-02
4.445349276065826416e-01 1.512313447892665863e-02
4.289066493511199951e-01 1.632267981767654419e-02
4.246084392070770264e-01 1.665015146136283875e-02
4.086776375770568848e-01 1.785003766417503357e-02
4.003624916076660156e-01 1.846543885767459869e-02
3.827511966228485107e-01 1.973702386021614075e-02
3.776512444019317627e-01 2.009589411318302155e-02
3.646444082260131836e-01 2.098933979868888855e-02
3.545891344547271729e-01 2.165647409856319427e-02
3.448633253574371338e-01 2.228034846484661102e-02
3.361300230026245117e-01 2.282135002315044403e-02
3.244071304798126221e-01 2.351723425090312958e-02
3.160070776939392090e-01 2.399333938956260681e-02
3.053421378135681152e-01 2.456947974860668182e-02
2.951346635818481445e-01 2.509005367755889893e-02
2.839832603931427002e-01 2.562299929559230804e-02
2.776413559913635254e-01 2.590898796916007996e-02
2.630412280559539795e-01 2.651885710656642914e-02
2.579120993614196777e-01 2.671670354902744293e-02
2.503716647624969482e-01 2.699173241853713989e-02
2.457098960876464844e-01 2.715218998491764069e-02
2.294641584157943726e-01 2.765278704464435577e-02
2.268842607736587524e-01 2.772370725870132446e-02
2.129772454500198364e-01 2.806397341191768646e-02
2.051385492086410522e-01 2.822346054017543793e-02
1.958858966827392578e-01 2.838025242090225220e-02
1.849326789379119873e-01 2.851940691471099854e-02
1.814813315868377686e-01 2.855229377746582031e-02
1.695477813482284546e-01 2.862272597849369049e-02
1.597083061933517456e-01 2.862672321498394012e-02
1.506605297327041626e-01 2.858296036720275879e-02
1.295634657144546509e-01 2.827748470008373260e-02
1.225164085626602173e-01 2.810208685696125031e-02
1.125756055116653442e-01 2.778125368058681488e-02
1.055680587887763977e-01 2.749736234545707703e-02
9.521085768938064575e-02 2.697771973907947540e-02
8.907676488161087036e-02 2.660631015896797180e-02
7.554732263088226318e-02 2.558874897658824921e-02
6.806810945272445679e-02 2.488802373409271240e-02
5.783639848232269287e-02 2.373341098427772522e-02
4.856251925230026245e-02 2.244745567440986633e-02
3.479191660881042480e-02 1.997592113912105560e-02
2.423956245183944702e-02 1.742751337587833405e-02
1.838955096900463104e-02 1.564478874206542969e-02
1.134270988404750824e-02 1.294166222214698792e-02
6.578258238732814789e-03 1.053330395370721817e-02
1.813522656448185444e-03 7.048164028674364090e-03
1.751708477968350053e-04 5.126511678099632263e-03
-5.902526900172233582e-04 3.717020619660615921e-03
-1.010180450975894928e-03 2.069259295240044594e-03
-9.963705670088529587e-04 9.640919743105769157e-04
-4.594204074237495661e-04 -7.974382606334984303e-04
-3.424048918532207608e-05 -1.539445598609745502e-03
8.044412243179976940e-04 -2.615892561152577400e-03
1.555849215947091579e-03 -3.370225196704268456e-03
3.339103190228343010e-03 -4.776452202349901199e-03
5.639242473989725113e-03 -6.173531524837017059e-03
7.817113772034645081e-03 -7.258000783622264862e-03
1.101947203278541565e-02 -8.597877807915210724e-03
1.442146208137273788e-02 -9.803733788430690765e-03
2.039156667888164520e-02 -1.157496590167284012e-02
2.867047861218452454e-02 -1.357498392462730408e-02
4.218408092856407166e-02 -1.616686768829822540e-02
5.804700776934623718e-02 -1.856174506247043610e-02
7.226190716028213501e-02 -2.030933089554309845e-02
8.960893005132675171e-02 -2.206011861562728882e-02
1.002357378602027893e-01 -2.296076342463493347e-02
1.105786189436912537e-01 -2.372818440198898315e-02
1.226274296641349792e-01 -2.450013533234596252e-02
1.275479346513748169e-01 -2.478079497814178467e-02
1.470464915037155151e-01 -2.571828290820121765e-02
1.657666563987731934e-01 -2.639462612569332123e-02
1.759286373853683472e-01 -2.668743021786212921e-02
1.803918331861495972e-01 -2.680209465324878693e-02
1.928279697895050049e-01 -2.708314359188079834e-02
2.077197283506393433e-01 -2.735905162990093231e-02
2.189989984035491943e-01 -2.753515914082527161e-02
2.231330871582031250e-01 -2.759429067373275757e-02
2.304103672504425049e-01 -2.769283019006252289e-02
2.379248440265655518e-01 -2.778859436511993408e-02
2.471443414688110352e-01 -2.790013886988162994e-02
2.652079761028289795e-01 -2.810869179666042328e-02
2.708500921726226807e-01 -2.817302942276000977e-02
2.785447537899017334e-01 -2.826127968728542328e-02
2.842490971088409424e-01 -2.832747995853424072e-02
2.925668954849243164e-01 -2.842575125396251678e-02
3.059043288230895996e-01 -2.858896553516387939e-02
3.175112903118133545e-01 -2.873773500323295593e-02
3.320766389369964600e-01 -2.893404662609100342e-02
3.462299406528472900e-01 -2.913493663072586060e-02
3.535826504230499268e-01 -2.924296446144580841e-02
3.643139302730560303e-01 -2.940460853278636932e-02
3.735221028327941895e-01 -2.954649925231933594e-02
3.805778026580810547e-01 -2.965680323541164398e-02
3.901616334915161133e-01 -2.980819903314113617e-02
3.955536186695098877e-01 -2.989388629794120789e-02
4.095300436019897461e-01 -3.011627867817878723e-02
4.175683259963989258e-01 -3.024343587458133698e-02
4.332167208194732666e-01 -3.048651479184627533e-02
4.490289390087127686e-01 -3.072183392941951752e-02
4.539373219013214111e-01 -3.079192899167537689e-02
4.677954316139221191e-01 -3.098013252019882202e-02
4.730332791805267334e-01 -3.104694373905658722e-02
4.814695417881011963e-01 -3.114882670342922211e-02
4.922561347484588623e-01 -3.126748278737068176e-02
5.000444650650024414e-01 -3.134408220648765564e-02
5.112800002098083496e-01 -3.143960982561111450e-02
5.214514732360839844e-01 -3.150922060012817383e-02
5.423849821090698242e-01 -3.159522265195846558e-02
5.513786077499389648e-01 -3.160586953163146973e-02
5.583661198616027832e-01 -3.160222992300987244e-02
5.687327980995178223e-01 -3.157650306820869446e-02
5.795829296112060547e-01 -3.152207285165786743e-02
5.920693278312683105e-01 -3.142233937978744507e-02
6.036560535430908203e-01 -3.129211068153381348e-02
6.202150583267211914e-01 -3.103880397975444794e-02
6.330435872077941895e-01 -3.078490495681762695e-02
6.529896259307861328e-01 -3.028336726129055023e-02
6.634158492088317871e-01 -2.996664308011531830e-02
6.732503175735473633e-01 -2.963193506002426147e-02
6.776281595230102539e-01 -2.947139739990234375e-02
6.974666714668273926e-01 -2.865159697830677032e-02
7.102541327476501465e-01 -2.803989686071872711e-02
7.220307588577270508e-01 -2.741627022624015808e-02
7.328653931617736816e-01 -2.678978815674781799e-02
7.472333908081054688e-01 -2.587841451168060303e-02
7.576780915260314941e-01 -2.515644580125808716e-02
7.680920958518981934e-01 -2.438534796237945557e-02
7.724233865737915039e-01 -2.404928952455520630e-02
7.865648865699768066e-01 -2.288800850510597229e-02
7.958271503448486328e-01 -2.207338623702526093e-02
8.036154508590698242e-01 -2.135484479367733002e-02
8.102710843086242676e-01 -2.071635052561759949e-02
8.291911482810974121e-01 -1.877851225435733795e-02
8.383425474166870117e-01 -1.777745410799980164e-02
8.504132628440856934e-01 -1.639778539538383484e-02
8.548533320426940918e-01 -1.587483100593090057e-02
8.704318404197692871e-01 -1.398866809904575348e-02
8.780633211135864258e-01 -1.304739806801080704e-02
8.825739026069641113e-01 -1.249126158654689789e-02
8.875672221183776855e-01 -1.188018079847097397e-02
8.965637683868408203e-01 -1.080884877592325211e-02
9.163002967834472656e-01 -8.820062503218650818e-03
9.270622730255126953e-01 -8.172860369086265564e-03
9.436165094375610352e-01 -8.154192008078098297e-03
9.468009471893310547e-01 -8.293679915368556976e-03
9.526945352554321289e-01 -8.657494559884071350e-03
