9.630839824676513672e-01 6.026047049090266228e-04
9.625907540321350098e-01 8.142334409058094025e-04
9.597651958465576172e-01 1.948563614860177040e-03
9.497590065002441406e-01 5.374493543058633804e-03
9.304142594337463379e-01 1.090974081307649612e-02
9.218410253524780273e-01 1.313567627221345901e-02
9.104855060577392578e-01 1.594751700758934021e-02
9.058682918548583984e-01 1.705426909029483795e-02
8.907092809677124023e-01 2.056484296917915344e-02
8.817870020866394043e-01 2.255415730178356171e-02
8.570398688316345215e-01 2.782058529555797577e-02
8.464655876159667969e-01 2.996999956667423248e-02
8.366182446479797363e-01 3.192153945565223694e-02
8.205946683883666992e-01 3.499789908528327942e-02
7.972351908683776855e-01 3.927002847194671631e-02
7.927828431129455566e-01 4.005612805485725403e-02
7.786821126937866211e-01 4.248647764325141907e-02
7.698522210121154785e-01 4.396234452724456787e-02
7.627278566360473633e-01 4.512715339660644531e-02
7.540099620819091797e-01 4.652062430977821350e-02
7.336047291755676270e-01 4.964333027601242065e-02
7.199822068214416504e-01 5.161745473742485046e-02
7.024329900741577148e-01 5.402653664350509644e-02
6.958740949630737305e-01 5.488741025328636169e-02
6.789287328720092773e-01 5.700970813632011414e-02
6.712794899940490723e-01 5.791889876127243042e-02
6.565188765525817871e-01 5.958598107099533081e-02
6.523107886314392090e-01 6.003993377089500427e-02
6.440675854682922363e-01 6.090150773525238037e-02
6.355875730514526367e-01 6.174933910369873047e-02
6.180261373519897461e-01 6.338000297546386719e-02
6.102340221405029297e-01 6.404917687177658081e-02
5.974693894386291504e-01 6.507288664579391479e-02
5.912407040596008301e-01 6.553974002599716187e-02
5.807536244392395020e-01 6.627744436264038086e-02
5.737411379814147949e-01 6.673701107501983643e-02
5.608931779861450195e-01 6.750916689634323120e-02
5.511406064033508301e-01 6.803543120622634888e-02
5.337211489677429199e-01 6.884847581386566162e-02
5.214229226112365723e-01 6.932590901851654053e-02
5.072459578514099121e-01 6.977897882461547852e-02
5.001358389854431152e-01 6.996756792068481445e-02
4.842197597026824951e-01 7.029815018177032471e-02
4.790741801261901855e-01 7.037831097841262817e-02
4.597402215003967285e-01 7.056564837694168091e-02
4.506948888301849365e-01 7.059268653392791748e-02
4.337178766727447510e-01 7.054181396961212158e-02
4.245456159114837646e-01 7.046028226613998413e-02
4.066472649574279785e-01 7.019452750682830811e-02
3.963634669780731201e-01 6.997926533222198486e-02
3.846581876277923584e-01 6.967976689338684082e-02
3.745434582233428955e-01 6.937485933303833008e-02
3.658252060413360596e-01 6.907814741134643555e-02
3.594197332859039307e-01 6.884033977985382080e-02
3.468641936779022217e-01 6.832579523324966431e-02
3.406910002231597900e-01 6.804943084716796875e-02
3.302107453346252441e-01 6.754513829946517944e-02
3.176475465297698975e-01 6.688246876001358032e-02
3.080365955829620361e-01 6.633271276950836182e-02
2.957383692264556885e-01 6.557480245828628540e-02
2.894250750541687012e-01 6.516183912754058838e-02
2.671542465686798096e-01 6.357353180646896362e-02
2.529933750629425049e-01 6.245436519384384155e-02
2.462916523218154907e-01 6.189412251114845276e-02
2.385639697313308716e-01 6.122308224439620972e-02
2.304799258708953857e-01 6.049164012074470520e-02
2.232336252927780151e-01 5.980967357754707336e-02
2.154908627271652222e-01 5.905262380838394165e-02
2.016247957944869995e-01 5.762020498514175415e-02
1.933373957872390747e-01 5.671465769410133362e-02
1.817338019609451294e-01 5.538038909435272217e-02
1.671057641506195068e-01 5.357917025685310364e-02
1.627197861671447754e-01 5.301120504736900330e-02
1.438851058483123779e-01 5.040976032614707947e-02
1.342416107654571533e-01 4.896495863795280457e-02
1.254195421934127808e-01 4.756742343306541443e-02
1.135595291852951050e-01 4.556088522076606750e-02
1.072363033890724182e-01 4.442435503005981445e-02
9.111258387565612793e-02 4.128191247582435608e-02
8.378772437572479248e-02 3.972053900361061096e-02
7.549163699150085449e-02 3.783324360847473145e-02
6.179600208997726440e-02 3.438986465334892273e-02
4.978365823626518250e-02 3.095122240483760834e-02
4.339008405804634094e-02 2.892080880701541901e-02
2.987601049244403839e-02 2.403080835938453674e-02
1.875771395862102509e-02 1.917059160768985748e-02
8.371334522962570190e-03 1.354817952960729599e-02
5.960582755506038666e-03 1.201541442424058914e-02
-5.838104989379644394e-04 7.119146641343832016e-03
-2.928913803771138191e-03 4.933848045766353607e-03
-4.849899560213088989e-03 2.804812509566545486e-03
-6.373880896717309952e-03 6.829217309132218361e-04
-7.673995569348335266e-03 -2.059899736195802689e-03
-8.044709451496601105e-03 -4.220052156597375870e-03
-7.904566824436187744e-03 -5.585905630141496658e-03
-7.595789618790149689e-03 -6.542532704770565033e-03
-6.800079718232154846e-03 -7.898101583123207092e-03
-5.930077750235795975e-03 -8.859856985509395599e-03
-4.961348604410886765e-03 -9.669511578977108002e-03
-4.312668461352586746e-03 -1.012154482305049896e-02
-3.274860093370079994e-03 -1.074503548443317413e-02
6.500856252387166023e-04 -1.247373968362808228e-02
3.449402749538421631e-03 -1.337405480444431305e-02
8.109360001981258392e-03 -1.455437112599611282e-02
1.300036348402500153e-02 -1.553796883672475815e-02
2.562585659325122833e-02 -1.746550016105175018e-02
3.902874886989593506e-02 -1.904922537505626678e-02
4.824362695217132568e-02 -2.000288479030132294e-02
6.328132003545761108e-02 -2.142615243792533875e-02
7.974253594875335693e-02 -2.286203764379024506e-02
8.789727836847305298e-02 -2.353747002780437469e-02
9.692598879337310791e-02 -2.426032535731792450e-02
1.121694892644882202e-01 -2.542204037308692932e-02
1.300668120384216309e-01 -2.668746560811996460e-02
1.388274282217025757e-01 -2.726499922573566437e-02
1.515055447816848755e-01 -2.804793976247310638e-02
1.586825400590896606e-01 -2.846184745430946350e-02
1.758121103048324585e-01 -2.935813926160335541e-02
1.839734315872192383e-01 -2.973736263811588287e-02
2.043335884809494019e-01 -3.054060600697994232e-02
2.208598107099533081e-01 -3.103579021990299225e-02
2.331334501504898071e-01 -3.130937740206718445e-02
2.438584119081497192e-01 -3.148150444030761719e-02
2.496377676725387573e-01 -3.154817223548889160e-02
2.641972005367279053e-01 -3.163482248783111572e-02
2.728911936283111572e-01 -3.163107484579086304e-02
2.939755320549011230e-01 -3.145083039999008179e-02
3.070520758628845215e-01 -3.121876902878284454e-02
3.146407306194305420e-01 -3.104255907237529755e-02
3.254822492599487305e-01 -3.073868900537490845e-02
3.357303738594055176e-01 -3.039592690765857697e-02
3.425421118736267090e-01 -3.013871237635612488e-02
3.534347414970397949e-01 -2.967943623661994934e-02
3.645207285881042480e-01 -2.915245108306407928e-02
3.747924268245697021e-01 -2.861161716282367706e-02
3.822515606880187988e-01 -2.818771824240684509e-02
3.996962606906890869e-01 -2.709612809121608734e-02
4.086137712001800537e-01 -2.648490108549594879e-02
4.172664582729339600e-01 -2.585797384381294250e-02
4.236158728599548340e-01 -2.537695690989494324e-02
4.398492574691772461e-01 -2.406743913888931274e-02
4.482256472110748291e-01 -2.334734424948692322e-02
4.556931555271148682e-01 -2.268013171851634979e-02
4.649617373943328857e-01 -2.181903459131717682e-02
4.709789156913757324e-01 -2.124053239822387695e-02
4.803495407104492188e-01 -2.030916884541511536e-02
4.921665787696838379e-01 -1.908187568187713623e-02
5.013120174407958984e-01 -1.809173822402954102e-02
5.203128457069396973e-01 -1.592247001826763153e-02
5.291275382041931152e-01 -1.486516743898391724e-02
5.359136462211608887e-01 -1.402947027236223221e-02
5.470030307769775391e-01 -1.262406446039676666e-02
5.577343702316284180e-01 -1.121861487627029419e-02
5.624536275863647461e-01 -1.058707199990749359e-02
5.732389092445373535e-01 -9.114908054471015930e-03
5.826916098594665527e-01 -7.794689852744340897e-03
5.969840884208679199e-01 -5.755303893238306046e-03
6.057677268981933594e-01 -4.483418539166450500e-03
6.124844551086425781e-01 -3.505440196022391319e-03
6.283249855041503906e-01 -1.198670244775712490e-03
6.355013847351074219e-01 -1.622862182557582855e-04
6.427493095397949219e-01 8.728233515284955502e-04
6.558603048324584961e-01 2.701004967093467712e-03
6.695367693901062012e-01 4.522784147411584854e-03
6.780992150306701660e-01 5.606734659522771835e-03
6.831527948379516602e-01 6.222889292985200882e-03
6.957117915153503418e-01 7.670113816857337952e-03
7.056674957275390625e-01 8.724686689674854279e-03
7.087481617927551270e-01 9.033354930579662323e-03
7.219967246055603027e-01 1.026107929646968842e-02
7.388215065002441406e-01 1.157700829207897186e-02
7.466030716896057129e-01 1.209049858152866364e-02
7.595638036727905273e-01 1.280935294926166534e-02
7.686347365379333496e-01 1.321000605821609497e-02
7.851114869117736816e-01 1.371980644762516022e-02
7.938311100006103516e-01 1.387495175004005432e-02
8.128886222839355469e-01 1.393441110849380493e-02
8.241281509399414062e-01 1.378681138157844543e-02
8.367626070976257324e-01 1.345504727214574814e-02
8.453616499900817871e-01 1.312616094946861267e-02
8.567435741424560547e-01 1.255785766988992691e-02
8.645644187927246094e-01 1.207614410668611526e-02
8.771802186965942383e-01 1.113367453217506409e-02
8.843674659729003906e-01 1.049989461898803711e-02
8.940119147300720215e-01 9.530218318104743958e-03
9.066059589385986328e-01 8.037510327994823456e-03
9.155802726745605469e-01 6.796411704272031784e-03
9.321079850196838379e-01 4.037606529891490936e-03
9.444099068641662598e-01 1.461738836951553822e-03
9.582906961441040039e-01 -2.255094237625598907e-03
9.596747159957885742e-01 -2.690405584871768951e-03
9.633212089538574219e-01 -3.907514736056327820e-03
