9.769409894943237305e-01 -7.051317021250724792e-03
9.767315387725830078e-01 -6.860261783003807068e-03
9.757305979728698730e-01 -6.004829891026020050e-03
9.707577824592590332e-01 -2.255655359476804733e-03
9.640910625457763672e-01 2.369509311392903328e-03
9.547920227050781250e-01 8.544533513486385345e-03
9.459504485130310059e-01 1.424982119351625443e-02
9.398874044418334961e-01 1.809248887002468109e-02
9.315276741981506348e-01 2.331038750708103180e-02
9.276482462882995605e-01 2.570172958076000214e-02
9.182248711585998535e-01 3.143334388732910156e-02
9.154942035675048828e-01 3.307389467954635620e-02
9.088740348815917969e-01 3.701284155249595642e-02
9.039047956466674805e-01 3.993377834558486938e-02
8.930438160896301270e-01 4.620734602212905884e-02
8.908795714378356934e-01 4.743895307183265686e-02
8.832673430442810059e-01 5.172125995159149170e-02
8.770816326141357422e-01 5.514268204569816589e-02
8.656951189041137695e-01 6.129961460828781128e-02
8.503061532974243164e-01 6.932071596384048462e-02
8.390096426010131836e-01 7.498241961002349854e-02
8.317650556564331055e-01 7.851073145866394043e-02
8.126305937767028809e-01 8.743963390588760376e-02
8.087489604949951172e-01 8.918184041976928711e-02
7.975102663040161133e-01 9.409499913454055786e-02
7.896522879600524902e-01 9.741513431072235107e-02
7.725251913070678711e-01 1.043279990553855896e-01
7.671793699264526367e-01 1.063960939645767212e-01
7.502861618995666504e-01 1.126577332615852356e-01
7.431528568267822266e-01 1.151790618896484375e-01
7.344356775283813477e-01 1.181632056832313538e-01
7.276114821434020996e-01 1.204260364174842834e-01
7.187506556510925293e-01 1.232694759964942932e-01
7.051986455917358398e-01 1.274151653051376343e-01
6.918744444847106934e-01 1.312564164400100708e-01
6.842805147171020508e-01 1.333435773849487305e-01
6.709961891174316406e-01 1.368191689252853394e-01
6.588865518569946289e-01 1.397959589958190918e-01
6.516231298446655273e-01 1.414949148893356323e-01
6.371552944183349609e-01 1.446883082389831543e-01
6.278180480003356934e-01 1.466157883405685425e-01
6.169004440307617188e-01 1.487381607294082642e-01
6.046426892280578613e-01 1.509539037942886353e-01
5.945157408714294434e-01 1.526523977518081665e-01
5.831009745597839355e-01 1.544247120618820190e-01
5.772369503974914551e-01 1.552771329879760742e-01
5.614159703254699707e-01 1.573815941810607910e-01
5.531387329101562500e-01 1.583699733018875122e-01
5.457118153572082520e-01 1.591915637254714966e-01
5.313726067543029785e-01 1.606042683124542236e-01
5.216715335845947266e-01 1.614316105842590332e-01
5.160468816757202148e-01 1.618641614913940430e-01
5.070950388908386230e-01 1.624817848205566406e-01
4.909524619579315186e-01 1.633774787187576294e-01
4.833665788173675537e-01 1.637024879455566406e-01
4.799427390098571777e-01 1.638292223215103149e-01
4.656524658203125000e-01 1.642253249883651733e-01
4.600724577903747559e-01 1.643222272396087646e-01
4.501306712627410889e-01 1.644149571657180786e-01
4.371378719806671143e-01 1.643832474946975708e-01
4.205264151096343994e-01 1.640926748514175415e-01
4.062879085540771484e-01 1.636224389076232910e-01
3.989476263523101807e-01 1.633007973432540894e-01
3.872511684894561768e-01 1.626773625612258911e-01
3.796030879020690918e-01 1.621961593627929688e-01
3.600191771984100342e-01 1.606989949941635132e-01
3.476005196571350098e-01 1.595515757799148560e-01
3.191155791282653809e-01 1.563315391540527344e-01
3.040874004364013672e-01 1.542954444885253906e-01
2.824696004390716553e-01 1.509414315223693848e-01
2.763200998306274414e-01 1.498923897743225098e-01
2.649987041950225830e-01 1.478466987609863281e-01
2.476833760738372803e-01 1.444183737039566040e-01
2.428999841213226318e-01 1.434044241905212402e-01
2.265031784772872925e-01 1.396949887275695801e-01
2.141482383012771606e-01 1.366456598043441772e-01
2.115808427333831787e-01 1.359828412532806396e-01
2.006422281265258789e-01 1.330398023128509521e-01
1.891717612743377686e-01 1.297340244054794312e-01
1.787142008543014526e-01 1.265072524547576904e-01
1.666429787874221802e-01 1.225054636597633362e-01
1.489062458276748657e-01 1.160175353288650513e-01
1.372687220573425293e-01 1.113114133477210999e-01
1.264635324478149414e-01 1.065759211778640747e-01
1.135013103485107422e-01 1.003652736544609070e-01
1.079139113426208496e-01 9.748870879411697388e-02
8.985701948404312134e-02 8.723943680524826050e-02
8.205597847700119019e-02 8.229827135801315308e-02
7.564602792263031006e-02 7.797285169363021851e-02
6.808315217494964600e-02 7.253144681453704834e-02
5.712475255131721497e-02 6.392339617013931274e-02
4.115527495741844177e-02 4.959535226225852966e-02
3.348583728075027466e-02 4.183544591069221497e-02
2.756841294467449188e-02 3.539453819394111633e-02
2.193680405616760254e-02 2.884338982403278351e-02
1.370422169566154480e-02 1.832355745136737823e-02
1.078657433390617371e-02 1.421175897121429443e-02
7.299892604351043701e-03 8.843796327710151672e-03
5.247999448329210281e-03 5.278900265693664551e-03
4.278282169252634048e-03 3.398244502022862434e-03
2.869053510949015617e-03 2.014628407778218389e-04
1.937584020197391510e-03 -2.757222391664981842e-03
1.668174983933568001e-03 -4.197814967483282089e-03
2.396193100139498711e-03 -9.186387993395328522e-03
3.797177923843264580e-03 -1.093785744160413742e-02
8.414994925260543823e-03 -1.342317182570695877e-02
1.245183032006025314e-02 -1.444938872009515762e-02
1.527759898453950882e-02 -1.491234637796878815e-02
2.585379034280776978e-02 -1.578179933130741119e-02
3.580052778124809265e-02 -1.602025702595710754e-02
4.828238859772682190e-02 -1.599604450166225433e-02
5.717831104993820190e-02 -1.587311178445816040e-02
6.243625655770301819e-02 -1.577799767255783081e-02
7.703757286071777344e-02 -1.546757481992244720e-02
8.893753588199615479e-02 -1.519234199076890945e-02
9.294654428958892822e-02 -1.509847119450569153e-02
1.077505052089691162e-01 -1.475491374731063843e-02
1.219522878527641296e-01 -1.443704403936862946e-02
1.359109133481979370e-01 -1.414049230515956879e-02
1.460868418216705322e-01 -1.393524557352066040e-02
1.642877459526062012e-01 -1.359149441123008728e-02
1.676570475101470947e-01 -1.353107113391160965e-02
1.752309203147888184e-01 -1.339880563318729401e-02
1.813865453004837036e-01 -1.329481694847345352e-02
2.054387629032135010e-01 -1.291666273027658463e-02
2.112189680337905884e-01 -1.283197663724422455e-02
2.227423489093780518e-01 -1.266962476074695587e-02
2.283438444137573242e-01 -1.259364094585180283e-02
2.532393336296081543e-01 -1.227661501616239548e-02
2.649016082286834717e-01 -1.213832478970289230e-02
2.749258577823638916e-01 -1.202391181141138077e-02
2.802802026271820068e-01 -1.196433417499065399e-02
3.004039227962493896e-01 -1.174870505928993225e-02
3.042613267898559570e-01 -1.170869637280702591e-02
3.280656933784484863e-01 -1.146927196532487869e-02
3.342704176902770996e-01 -1.140861772000789642e-02
3.516911864280700684e-01 -1.124115847051143646e-02
3.655053675174713135e-01 -1.111054513603448868e-02
3.760008215904235840e-01 -1.101210247725248337e-02
3.846167027950286865e-01 -1.093157567083835602e-02
3.962186574935913086e-01 -1.082327868789434433e-02
4.058226644992828369e-01 -1.073353085666894913e-02
4.110648632049560547e-01 -1.068444456905126572e-02
4.166837930679321289e-01 -1.063171215355396271e-02
4.398983716964721680e-01 -1.041203457862138748e-02
4.493270218372344971e-01 -1.032175216823816299e-02
4.640136659145355225e-01 -1.017967332154512405e-02
4.824097752571105957e-01 -9.999102912843227386e-03
5.010451078414916992e-01 -9.813326410949230194e-03
5.078904032707214355e-01 -9.744449518620967865e-03
5.267168283462524414e-01 -9.553665295243263245e-03
5.344208478927612305e-01 -9.475200437009334564e-03
5.397598743438720703e-01 -9.420755319297313690e-03
5.471186637878417969e-01 -9.345690719783306122e-03
5.749588608741760254e-01 -9.063003584742546082e-03
5.823344588279724121e-01 -8.988934569060802460e-03
5.918468832969665527e-01 -8.894236758351325989e-03
6.002246141433715820e-01 -8.811793290078639984e-03
6.117981076240539551e-01 -8.699705824255943298e-03
6.177036762237548828e-01 -8.643442764878273010e-03
6.374676823616027832e-01 -8.460653014481067657e-03
6.527383923530578613e-01 -8.326234295964241028e-03
6.711933612823486328e-01 -8.173227310180664062e-03
6.811739206314086914e-01 -8.095325902104377747e-03
6.997800469398498535e-01 -7.960223592817783356e-03
7.039965987205505371e-01 -7.931566797196865082e-03
7.139688730239868164e-01 -7.866871543228626251e-03
7.230547070503234863e-01 -7.811851799488067627e-03
7.289991974830627441e-01 -7.777974009513854980e-03
7.516289949417114258e-01 -7.665368262678384781e-03
7.688785791397094727e-01 -7.598355412483215332e-03
7.748615145683288574e-01 -7.579223718494176865e-03
7.849870324134826660e-01 -7.551955524832010269e-03
7.934948801994323730e-01 -7.534243632107973099e-03
8.052814006805419922e-01 -7.518005091696977615e-03
8.107821345329284668e-01 -7.513899821788072586e-03
8.293628692626953125e-01 -7.517625112086534500e-03
8.332691788673400879e-01 -7.522082421928644180e-03
8.596917986869812012e-01 -7.589982822537422180e-03
8.687955141067504883e-01 -7.630301639437675476e-03
8.815360665321350098e-01 -7.703478448092937469e-03
8.902875185012817383e-01 -7.766237948089838028e-03
9.034835696220397949e-01 -7.882579229772090912e-03
9.136658906936645508e-01 -7.992420345544815063e-03
9.359141588211059570e-01 -8.303959853947162628e-03
9.410917758941650391e-01 -8.391777053475379944e-03
9.577130079269409180e-01 -8.700317703187465668e-03
9.654262661933898926e-01 -8.821859955787658691e-03
9.703235030174255371e-01 -8.847258053719997406e-03
9.736586809158325195e-01 -8.806169964373111725e-03
9.747879505157470703e-01 -8.774416521191596985e-03
9.751849770545959473e-01 -8.760512806475162506e-03
