9.772601723670959473e-01 -6.774875801056623459e-03
9.768645167350769043e-01 -6.509308703243732452e-03
9.761936664581298828e-01 -6.066027563065290451e-03
9.748812913894653320e-01 -5.214989650994539261e-03
9.720811247825622559e-01 -3.436479251831769943e-03
9.677163362503051758e-01 -7.117102504707872868e-04
9.648199677467346191e-01 1.079735695384442806e-03
9.618082642555236816e-01 2.933311741799116135e-03
9.582099318504333496e-01 5.138100124895572662e-03
9.537439942359924316e-01 7.862390018999576569e-03
9.438519477844238281e-01 1.385418698191642761e-02
9.405135512351989746e-01 1.586323231458663940e-02
9.314206242561340332e-01 2.129945531487464905e-02
9.280548095703125000e-01 2.329769916832447052e-02
9.219396710395812988e-01 2.690690383315086365e-02
9.177801609039306641e-01 2.934549935162067413e-02
9.116300940513610840e-01 3.292480483651161194e-02
9.083842635154724121e-01 3.480047360062599182e-02
8.972785472869873047e-01 4.114428907632827759e-02
8.943010568618774414e-01 4.282427579164505005e-02
8.799098134040832520e-01 5.081155151128768921e-02
8.677435517311096191e-01 5.737989023327827454e-02
8.522596955299377441e-01 6.547680497169494629e-02
8.503404855728149414e-01 6.645908206701278687e-02
8.400511741638183594e-01 7.164279371500015259e-02
8.350761532783508301e-01 7.409875094890594482e-02
8.227871060371398926e-01 8.002148568630218506e-02
8.097451925277709961e-01 8.608093112707138062e-02
8.016652464866638184e-01 8.971710503101348877e-02
7.970397472381591797e-01 9.175813943147659302e-02
7.909636497497558594e-01 9.439416229724884033e-02
7.808179259300231934e-01 9.868240356445312500e-02
7.741937041282653809e-01 1.014058589935302734e-01
7.662507295608520508e-01 1.045924723148345947e-01
7.579865455627441406e-01 1.078171804547309875e-01
7.502152323722839355e-01 1.107656806707382202e-01
7.382259964942932129e-01 1.151564642786979675e-01
7.253925800323486328e-01 1.196464672684669495e-01
7.122604846954345703e-01 1.240198910236358643e-01
7.014084458351135254e-01 1.274674236774444580e-01
6.857132911682128906e-01 1.321913003921508789e-01
6.809299588203430176e-01 1.335700899362564087e-01
6.552890539169311523e-01 1.404835581779479980e-01
6.445701122283935547e-01 1.431385427713394165e-01
6.340970993041992188e-01 1.456007957458496094e-01
6.223866939544677734e-01 1.482008695602416992e-01
6.066070795059204102e-01 1.514516025781631470e-01
5.913191437721252441e-01 1.543270647525787354e-01
5.812389254570007324e-01 1.560768187046051025e-01
5.676295757293701172e-01 1.582560986280441284e-01
5.615903735160827637e-01 1.591562181711196899e-01
5.590686798095703125e-01 1.595198661088943481e-01
5.448661446571350098e-01 1.614351719617843628e-01
5.289199948310852051e-01 1.633173227310180664e-01
5.108147859573364258e-01 1.651124209165573120e-01
4.986082017421722412e-01 1.661184579133987427e-01
4.624314904212951660e-01 1.681392937898635864e-01
4.486636519432067871e-01 1.685323715209960938e-01
4.437407851219177246e-01 1.686226725578308105e-01
4.307022392749786377e-01 1.687341481447219849e-01
4.175517559051513672e-01 1.686586439609527588e-01
4.062954187393188477e-01 1.684441268444061279e-01
3.980854153633117676e-01 1.682002246379852295e-01
3.603762090206146240e-01 1.661293059587478638e-01
3.523681759834289551e-01 1.654871851205825806e-01
3.168916106224060059e-01 1.617769449949264526e-01
2.978290617465972900e-01 1.591897606849670410e-01
2.835214138031005859e-01 1.569682955741882324e-01
2.778647840023040771e-01 1.560226976871490479e-01
2.599135935306549072e-01 1.527637392282485962e-01
2.531485259532928467e-01 1.514317542314529419e-01
2.259773612022399902e-01 1.454870998859405518e-01
2.105101197957992554e-01 1.416583061218261719e-01
2.008281797170639038e-01 1.390882432460784912e-01
1.944551169872283936e-01 1.373208314180374146e-01
1.866363435983657837e-01 1.350677907466888428e-01
1.746475994586944580e-01 1.314247697591781616e-01
1.550130993127822876e-01 1.249333098530769348e-01
1.354098021984100342e-01 1.177353933453559875e-01
1.189195066690444946e-01 1.110531836748123169e-01
1.070320308208465576e-01 1.058333963155746460e-01
9.651524573564529419e-02 1.008993461728096008e-01
8.558066934347152710e-02 9.541643410921096802e-02
7.580170780420303345e-02 9.016940742731094360e-02
6.943661719560623169e-02 8.655852079391479492e-02
6.480203568935394287e-02 8.382233232259750366e-02
4.610719159245491028e-02 7.170818001031875610e-02
3.444149717688560486e-02 6.305542588233947754e-02
2.840015664696693420e-02 5.814293026924133301e-02
2.203044481575489044e-02 5.256630852818489075e-02
1.926053687930107117e-02 4.999166354537010193e-02
1.415057852864265442e-02 4.495811834931373596e-02
-8.906677248887717724e-05 2.807710319757461548e-02
-7.071292027831077576e-03 1.674461923539638519e-02
-9.227406233549118042e-03 1.217266265302896500e-02
-1.101322378963232040e-02 7.343994453549385071e-03
-1.210564281791448593e-02 2.954459283500909805e-03
-1.243619434535503387e-02 5.689074750989675522e-04
-1.246915571391582489e-02 -3.211434232071042061e-03
-1.081503834575414658e-02 -8.960908278822898865e-03
-8.949466049671173096e-03 -1.160365901887416840e-02
-5.577595904469490051e-03 -1.449520885944366455e-02
-4.011962097138166428e-03 -1.546505559235811234e-02
-1.565093989484012127e-03 -1.671669259667396545e-02
2.852924400940537453e-03 -1.845949329435825348e-02
1.255566067993640900e-02 -2.105932310223579407e-02
2.502497844398021698e-02 -2.320708706974983215e-02
3.844917938113212585e-02 -2.475317381322383881e-02
5.098899826407432556e-02 -2.575251460075378418e-02
6.013740226626396179e-02 -2.628315798938274384e-02
6.967163830995559692e-02 -2.669326215982437134e-02
8.633723855018615723e-02 -2.712710946798324585e-02
1.050665378570556641e-01 -2.728146873414516449e-02
1.119992211461067200e-01 -2.726858481764793396e-02
1.166743338108062744e-01 -2.724207937717437744e-02
1.345803290605545044e-01 -2.702957578003406525e-02
1.513276398181915283e-01 -2.670711837708950043e-02
1.592418551445007324e-01 -2.652413956820964813e-02
1.675446480512619019e-01 -2.631602995097637177e-02
1.776954829692840576e-01 -2.604376338422298431e-02
1.841295063495635986e-01 -2.586326934397220612e-02
1.940058171749114990e-01 -2.557737194001674652e-02
2.132121771574020386e-01 -2.500307187438011169e-02
2.348109185695648193e-01 -2.435050345957279205e-02
2.411544024944305420e-01 -2.416078187525272369e-02
2.525522708892822266e-01 -2.382455952465534210e-02
2.643185257911682129e-01 -2.348574250936508179e-02
2.683756053447723389e-01 -2.337122894823551178e-02
2.754481136798858643e-01 -2.317477762699127197e-02
2.846987545490264893e-01 -2.292439714074134827e-02
2.904238104820251465e-01 -2.277341857552528381e-02
3.006118237972259521e-01 -2.251276373863220215e-02
3.145968914031982422e-01 -2.217261679470539093e-02
3.282929360866546631e-01 -2.186032943427562714e-02
3.560782074928283691e-01 -2.129297889769077301e-02
3.623993694782257080e-01 -2.117651887238025665e-02
3.722750842571258545e-01 -2.100396715104579926e-02
3.750313818454742432e-01 -2.095783688127994537e-02
3.876801729202270508e-01 -2.075748704373836517e-02
4.105982184410095215e-01 -2.044093422591686249e-02
4.136255383491516113e-01 -2.040347829461097717e-02
4.202975928783416748e-01 -2.032441087067127228e-02
4.271182715892791748e-01 -2.024844102561473846e-02
4.472854733467102051e-01 -2.005136571824550629e-02
4.626915454864501953e-01 -1.992671564221382141e-02
4.690318703651428223e-01 -1.988140866160392761e-02
4.805723726749420166e-01 -1.980720087885856628e-02
4.855873584747314453e-01 -1.977806910872459412e-02
4.957540631294250488e-01 -1.972429454326629639e-02
4.990116655826568604e-01 -1.970845833420753479e-02
5.152097940444946289e-01 -1.963853649795055389e-02
5.202816724777221680e-01 -1.961928606033325195e-02
5.318061113357543945e-01 -1.957928575575351715e-02
5.444233417510986328e-01 -1.954007707536220551e-02
5.654262304306030273e-01 -1.948022097349166870e-02
5.822632908821105957e-01 -1.943166181445121765e-02
5.942572951316833496e-01 -1.939379610121250153e-02
6.067826151847839355e-01 -1.934917271137237549e-02
6.161559224128723145e-01 -1.931121014058589935e-02
6.335885524749755859e-01 -1.922721043229103088e-02
6.527190208435058594e-01 -1.911002025008201599e-02
6.654289364814758301e-01 -1.901479251682758331e-02
6.781312823295593262e-01 -1.890382915735244751e-02
6.897422075271606445e-01 -1.878728158771991730e-02
7.166343331336975098e-01 -1.845580153167247772e-02
7.395758628845214844e-01 -1.809764653444290161e-02
7.497850656509399414e-01 -1.791394874453544617e-02
7.653554677963256836e-01 -1.760307885706424713e-02
7.778771519660949707e-01 -1.732489839196205139e-02
7.901097536087036133e-01 -1.702769100666046143e-02
7.979876399040222168e-01 -1.682243868708610535e-02
8.127033114433288574e-01 -1.640872657299041748e-02
8.175661563873291016e-01 -1.626302860677242279e-02
8.232898116111755371e-01 -1.608563214540481567e-02
8.351222872734069824e-01 -1.569800451397895813e-02
8.438665270805358887e-01 -1.539275236427783966e-02
8.615814447402954102e-01 -1.472236495465040207e-02
8.678477406501770020e-01 -1.446761284023523331e-02
8.855147957801818848e-01 -1.369574386626482010e-02
8.921549916267395020e-01 -1.338379550725221634e-02
9.019302725791931152e-01 -1.290105842053890228e-02
9.124263525009155273e-01 -1.234927028417587280e-02
9.316499233245849609e-01 -1.123761944472789764e-02
9.368941783905029297e-01 -1.090887933969497681e-02
9.455413222312927246e-01 -1.033987291157245636e-02
9.502161145210266113e-01 -1.001720130443572998e-02
9.602167606353759766e-01 -9.287167340517044067e-03
9.655414819717407227e-01 -8.872640319168567657e-03
9.726008176803588867e-01 -8.279529400169849396e-03
9.740496873855590820e-01 -8.146853186190128326e-03
9.751931428909301758e-01 -8.037663996219635010e-03
9.758561849594116211e-01 -7.972107268869876862e-03
