9.603659510612487793e-01 1.307949307374656200e-03
9.599460363388061523e-01 1.425758469849824905e-03
9.557424187660217285e-01 2.535655163228511810e-03
9.470043182373046875e-01 4.617734812200069427e-03
9.286461472511291504e-01 8.595980703830718994e-03
9.178625345230102539e-01 1.082110870629549026e-02
8.919368386268615723e-01 1.601471565663814545e-02
8.861992955207824707e-01 1.714484393596649170e-02
8.802928924560546875e-01 1.830290444195270538e-02
8.693539500236511230e-01 2.043499425053596497e-02
8.560734987258911133e-01 2.300401218235492706e-02
8.498757481575012207e-01 2.419614978134632111e-02
8.415094614028930664e-01 2.579901181161403656e-02
8.232215046882629395e-01 2.927654609084129333e-02
8.084925413131713867e-01 3.205021843314170837e-02
8.017085790634155273e-01 3.331894800066947937e-02
7.862378954887390137e-01 3.618919849395751953e-02
7.754951715469360352e-01 3.816155716776847839e-02
7.641929984092712402e-01 4.021588712930679321e-02
7.594772577285766602e-01 4.106615483760833740e-02
7.370012402534484863e-01 4.505560919642448425e-02
7.299963235855102539e-01 4.627501592040061951e-02
7.158321738243103027e-01 4.870062321424484253e-02
7.115920782089233398e-01 4.941549524664878845e-02
7.062410116195678711e-01 5.030962452292442322e-02
6.978337764739990234e-01 5.169550329446792603e-02
6.905898451805114746e-01 5.286977067589759827e-02
6.857319474220275879e-01 5.364644154906272888e-02
6.736594438552856445e-01 5.553614348173141479e-02
6.549431085586547852e-01 5.834134668111801147e-02
6.393901705741882324e-01 6.054432690143585205e-02
6.195789575576782227e-01 6.316304206848144531e-02
6.092229485511779785e-01 6.444175541400909424e-02
6.050951480865478516e-01 6.493331491947174072e-02
5.966156721115112305e-01 6.590985506772994995e-02
5.907824635505676270e-01 6.655517965555191040e-02
5.804118514060974121e-01 6.764796376228332520e-02
5.581171512603759766e-01 6.975532323122024536e-02
5.376753807067871094e-01 7.139222323894500732e-02
5.332194566726684570e-01 7.171140611171722412e-02
5.248476862907409668e-01 7.227493077516555786e-02
5.133845210075378418e-01 7.297064363956451416e-02
5.012739300727844238e-01 7.361190766096115112e-02
4.837307929992675781e-01 7.437472045421600342e-02
4.740505218505859375e-01 7.471413910388946533e-02
4.594841599464416504e-01 7.511997222900390625e-02
4.476320445537567139e-01 7.536059617996215820e-02
4.360280036926269531e-01 7.552150636911392212e-02
4.263173043727874756e-01 7.560148835182189941e-02
4.157270491123199463e-01 7.563398033380508423e-02
3.980285823345184326e-01 7.556609809398651123e-02
3.919863104820251465e-01 7.550921291112899780e-02
3.779754936695098877e-01 7.531371712684631348e-02
3.660452067852020264e-01 7.507926970720291138e-02
3.570512533187866211e-01 7.486231625080108643e-02
3.502974808216094971e-01 7.467713952064514160e-02
3.427264988422393799e-01 7.444712519645690918e-02
3.291437923908233643e-01 7.397575676441192627e-02
3.135512769222259521e-01 7.334249466657638550e-02
3.040654063224792480e-01 7.290912419557571411e-02
2.959301173686981201e-01 7.250825315713882446e-02
2.851143181324005127e-01 7.193303853273391724e-02
2.738776504993438721e-01 7.128337770700454712e-02
2.678776979446411133e-01 7.091424614191055298e-02
2.364290058612823486e-01 6.871091574430465698e-02
2.299554497003555298e-01 6.819764524698257446e-02
2.202574759721755981e-01 6.738724559545516968e-02
2.162473648786544800e-01 6.703697890043258667e-02
2.074794918298721313e-01 6.623861938714981079e-02
1.987018138170242310e-01 6.539240479469299316e-02
1.886749714612960815e-01 6.436401605606079102e-02
1.836285442113876343e-01 6.381987035274505615e-02
1.754687428474426270e-01 6.289975345134735107e-02
1.550247967243194580e-01 6.035178527235984802e-02
1.445363014936447144e-01 5.889109149575233459e-02
1.185487583279609680e-01 5.471767857670783997e-02
1.120391115546226501e-01 5.352506414055824280e-02
1.001853123307228088e-01 5.116954445838928223e-02
8.768738061189651489e-02 4.838722944259643555e-02
7.346368581056594849e-02 4.476282745599746704e-02
6.644698232412338257e-02 4.275687783956527710e-02
5.972197279334068298e-02 4.067311435937881470e-02
5.284769088029861450e-02 3.835467621684074402e-02
4.793874919414520264e-02 3.656492009758949280e-02
3.304826095700263977e-02 3.026907704770565033e-02
1.901386864483356476e-02 2.257973700761795044e-02
1.545714307576417923e-02 2.020008303225040436e-02
1.278245635330677032e-02 1.823781430721282959e-02
9.276309981942176819e-03 1.536319591104984283e-02
3.739359788596630096e-03 9.601163677871227264e-03
1.771536306478083134e-03 6.716720294207334518e-03
8.127116598188877106e-04 4.823704250156879425e-03
-1.367070362903177738e-04 1.344964257441461086e-03
-1.065285250660963356e-04 -6.424174061976373196e-04
7.456760795321315527e-05 -1.548055326566100121e-03
1.084060757420957088e-03 -3.823169274255633354e-03
1.582550583407282829e-03 -4.527348093688488007e-03
2.537799300625920296e-03 -5.598171148449182510e-03
3.845825092867016792e-03 -6.735754199326038361e-03
7.217747159302234650e-03 -8.842224255204200745e-03
1.070883404463529587e-02 -1.041711959987878799e-02
1.552840974181890488e-02 -1.209649536758661270e-02
2.000718750059604645e-02 -1.336233690381050110e-02
2.397456765174865723e-02 -1.433314103633165359e-02
3.462786972522735596e-02 -1.650798320770263672e-02
3.970078751444816589e-02 -1.739684864878654480e-02
5.467627570033073425e-02 -1.968006975948810577e-02
5.931761860847473145e-02 -2.031072229146957397e-02
7.165110856294631958e-02 -2.185338921844959259e-02
8.481300622224807739e-02 -2.332146093249320984e-02
9.353764355182647705e-02 -2.420741505920886993e-02
1.021007820963859558e-01 -2.501545846462249756e-02
1.134437248110771179e-01 -2.599783428013324738e-02
1.245364397764205933e-01 -2.686664089560508728e-02
1.505522727966308594e-01 -2.856949716806411743e-02
1.647405773401260376e-01 -2.931061200797557831e-02
1.793729811906814575e-01 -2.994287200272083282e-02
1.915726214647293091e-01 -3.037084639072418213e-02
2.066120803356170654e-01 -3.077832981944084167e-02
2.188023477792739868e-01 -3.101414069533348083e-02
2.393796592950820923e-01 -3.122678026556968689e-02
2.504284083843231201e-01 -3.124779276549816132e-02
2.641241848468780518e-01 -3.118617087602615356e-02
2.742238044738769531e-01 -3.107992745935916901e-02
2.873925566673278809e-01 -3.086558543145656586e-02
2.918772995471954346e-01 -3.077328950166702271e-02
3.037270307540893555e-01 -3.048303909599781036e-02
3.165404498577117920e-01 -3.009444288909435272e-02
3.304026126861572266e-01 -2.958804182708263397e-02
3.418656289577484131e-01 -2.910271659493446350e-02
3.530454337596893311e-01 -2.857197448611259460e-02
3.615107834339141846e-01 -2.813264913856983185e-02
3.685900270938873291e-01 -2.774061821401119232e-02
3.794321715831756592e-01 -2.709677442908287048e-02
3.951002657413482666e-01 -2.607371844351291656e-02
4.041303694248199463e-01 -2.543429099023342133e-02
4.142221808433532715e-01 -2.467641979455947876e-02
4.176692962646484375e-01 -2.440705709159374237e-02
4.276680350303649902e-01 -2.359531074762344360e-02
4.338861703872680664e-01 -2.306754887104034424e-02
4.519663751125335693e-01 -2.143200673162937164e-02
4.608298838138580322e-01 -2.057462558150291443e-02
4.728043079376220703e-01 -1.935738511383533478e-02
4.793402254581451416e-01 -1.866410672664642334e-02
4.887284338474273682e-01 -1.763222925364971161e-02
4.951536357402801514e-01 -1.690140552818775177e-02
5.006548762321472168e-01 -1.625968329608440399e-02
5.095039606094360352e-01 -1.519647985696792603e-02
5.178543329238891602e-01 -1.415823493152856827e-02
5.294280648231506348e-01 -1.266372483223676682e-02
5.333442091941833496e-01 -1.214367803186178207e-02
5.443922877311706543e-01 -1.063865516334772110e-02
5.568152070045471191e-01 -8.882923983037471771e-03
5.608774423599243164e-01 -8.295304141938686371e-03
5.738102793693542480e-01 -6.385312881320714951e-03
5.807469487190246582e-01 -5.339581519365310669e-03
5.846869945526123047e-01 -4.740186501294374466e-03
5.883411169052124023e-01 -4.181315656751394272e-03
5.980851650238037109e-01 -2.680447651073336601e-03
6.084107160568237305e-01 -1.081139780580997467e-03
6.123346686363220215e-01 -4.733683890663087368e-04
6.249223947525024414e-01 1.465987297706305981e-03
6.378542184829711914e-01 3.422996494919061661e-03
6.392168402671813965e-01 3.626104444265365601e-03
6.588051319122314453e-01 6.454614456743001938e-03
6.685138344764709473e-01 7.778445258736610413e-03
6.753706336021423340e-01 8.675908669829368591e-03
6.891292929649353027e-01 1.037210691720247269e-02
7.042911052703857422e-01 1.206291280686855316e-02
7.093424201011657715e-01 1.258167997002601624e-02
7.232093811035156250e-01 1.388525869697332382e-02
7.338933944702148438e-01 1.476490963250398636e-02
7.514793872833251953e-01 1.596740633249282837e-02
7.598633766174316406e-01 1.643035188317298889e-02
7.711746692657470703e-01 1.693937741219997406e-02
7.788366675376892090e-01 1.720752194523811340e-02
7.861161828041076660e-01 1.740399003028869629e-02
7.978381514549255371e-01 1.759882643818855286e-02
8.108229041099548340e-01 1.763538084924221039e-02
8.255795240402221680e-01 1.744006946682929993e-02
8.432329893112182617e-01 1.685854978859424591e-02
8.477849960327148438e-01 1.664407923817634583e-02
8.520388603210449219e-01 1.641874574124813080e-02
8.707471489906311035e-01 1.512726768851280212e-02
8.795531988143920898e-01 1.433810498565435410e-02
8.907546401023864746e-01 1.314974948763847351e-02
9.009042382240295410e-01 1.187774632126092911e-02
9.103521704673767090e-01 1.050802227109670639e-02
9.328390359878540039e-01 6.383149418979883194e-03
9.540106058120727539e-01 1.003589946776628494e-03
9.602926969528198242e-01 -9.732611943036317825e-04
9.620043039321899414e-01 -1.547847525216639042e-03
