9.708374142646789551e-01 -2.440506359562277794e-03
9.703770279884338379e-01 -2.221500268206000328e-03
9.685157537460327148e-01 -1.370244659483432770e-03
9.610762000083923340e-01 1.778439967893064022e-03
9.344536066055297852e-01 1.213829033076763153e-02
9.257405400276184082e-01 1.540201436728239059e-02
9.107071757316589355e-01 2.093585766851902008e-02
9.085236787796020508e-01 2.173014916479587555e-02
9.032258391380310059e-01 2.364732511341571808e-02
8.958516120910644531e-01 2.629289776086807251e-02
8.884124755859375000e-01 2.893422544002532959e-02
8.836844563484191895e-01 3.059840574860572815e-02
8.741599917411804199e-01 3.391577303409576416e-02
8.652670979499816895e-01 3.696941211819648743e-02
8.524256944656372070e-01 4.130055010318756104e-02
8.464184999465942383e-01 4.329333454370498657e-02
8.330943584442138672e-01 4.763339832425117493e-02
8.212362527847290039e-01 5.139815807342529297e-02
8.090844154357910156e-01 5.515446513891220093e-02
8.040671944618225098e-01 5.667389184236526489e-02
7.790913581848144531e-01 6.394876539707183838e-02
7.721702456474304199e-01 6.587535142898559570e-02
7.604706287384033203e-01 6.903965771198272705e-02
7.567470073699951172e-01 7.002192735671997070e-02
7.475033402442932129e-01 7.240720838308334351e-02
7.360368967056274414e-01 7.525939494371414185e-02
7.208869457244873047e-01 7.884286344051361084e-02
7.120846509933471680e-01 8.082678914070129395e-02
6.977959871292114258e-01 8.389239013195037842e-02
6.755769252777099609e-01 8.827710896730422974e-02
6.655822396278381348e-01 9.009826183319091797e-02
6.532721519470214844e-01 9.221353381872177124e-02
6.370013952255249023e-01 9.479556977748870850e-02
6.323118805885314941e-01 9.549508243799209595e-02
6.238809227943420410e-01 9.670323133468627930e-02
6.187442541122436523e-01 9.740832448005676270e-02
6.090314388275146484e-01 9.867833554744720459e-02
5.905606150627136230e-01 1.008689925074577332e-01
5.827935934066772461e-01 1.017040535807609558e-01
5.752409696578979492e-01 1.024680957198143005e-01
5.630350708961486816e-01 1.036044806241989136e-01
5.550979971885681152e-01 1.042792946100234985e-01
5.401487946510314941e-01 1.054157018661499023e-01
5.312007069587707520e-01 1.060133725404739380e-01
5.267361998558044434e-01 1.062888056039810181e-01
5.196612477302551270e-01 1.066946089267730713e-01
5.050700306892395020e-01 1.074144318699836731e-01
4.908555746078491211e-01 1.079667210578918457e-01
4.808337092399597168e-01 1.082694008946418762e-01
4.630872309207916260e-01 1.086327508091926575e-01
4.365228116512298584e-01 1.087729781866073608e-01
4.303735494613647461e-01 1.087376400828361511e-01
4.220326542854309082e-01 1.086494624614715576e-01
4.134109616279602051e-01 1.085098460316658020e-01
4.007395803928375244e-01 1.082157790660858154e-01
3.929934799671173096e-01 1.079841554164886475e-01
3.821722269058227539e-01 1.075948923826217651e-01
3.717552125453948975e-01 1.071479022502899170e-01
3.628995418548583984e-01 1.067121922969818115e-01
3.575571179389953613e-01 1.064245477318763733e-01
3.462319672107696533e-01 1.057527884840965271e-01
3.304761052131652832e-01 1.046773642301559448e-01
3.071401119232177734e-01 1.027788519859313965e-01
2.981181144714355469e-01 1.019450277090072632e-01
2.755416333675384521e-01 9.960658848285675049e-02
2.705901563167572021e-01 9.904427826404571533e-02
2.592340409755706787e-01 9.768511354923248291e-02
2.529364824295043945e-01 9.688869118690490723e-02
2.434619665145874023e-01 9.563131630420684814e-02
2.318006306886672974e-01 9.398274123668670654e-02
2.197301983833312988e-01 9.215326607227325439e-02
2.128142714500427246e-01 9.104590862989425659e-02
1.943987607955932617e-01 8.787235617637634277e-02
1.808126419782638550e-01 8.530420064926147461e-02
1.760625541210174561e-01 8.435694128274917603e-02
1.657039672136306763e-01 8.219593018293380737e-02
1.535297781229019165e-01 7.947590202093124390e-02
1.389614343643188477e-01 7.593422383069992065e-02
1.283050775527954102e-01 7.311904430389404297e-02
1.126434430480003357e-01 6.857923418283462524e-02
1.071332171559333801e-01 6.685179471969604492e-02
9.335663169622421265e-02 6.218397617340087891e-02
8.635446429252624512e-02 5.959263443946838379e-02
7.958486676216125488e-02 5.692416056990623474e-02
7.249132543802261353e-02 5.393248051404953003e-02
6.116497889161109924e-02 4.866497963666915894e-02
5.850203707814216614e-02 4.732471704483032227e-02
5.312106385827064514e-02 4.447909444570541382e-02
4.693062603473663330e-02 4.094848036766052246e-02
4.083944484591484070e-02 3.715864568948745728e-02
2.858355268836021423e-02 2.829312905669212341e-02
1.978651434183120728e-02 2.045396156609058380e-02
1.590586639940738678e-02 1.638665795326232910e-02
1.301196310669183731e-02 1.298411563038825989e-02
9.819492697715759277e-03 8.650208823382854462e-03
8.074009791016578674e-03 5.811301525682210922e-03
6.939596962183713913e-03 3.569283755496144295e-03
6.119654513895511627e-03 1.413290970958769321e-03
5.811557639390230179e-03 1.724976755212992430e-04
5.674082320183515549e-03 -9.574176510795950890e-04
5.819811020046472549e-03 -2.567059127613902092e-03
6.200009025633335114e-03 -3.524448489770293236e-03
7.410473655909299850e-03 -4.857350606471300125e-03
8.303024806082248688e-03 -5.385526455938816071e-03
1.211630366742610931e-02 -6.397017743438482285e-03
1.584191620349884033e-02 -6.641070824116468430e-03
2.010755240917205811e-02 -6.562072318047285080e-03
2.984230592846870422e-02 -5.770678166300058365e-03
4.069086164236068726e-02 -4.493238404393196106e-03
4.965411126613616943e-02 -3.332452615723013878e-03
5.494383350014686584e-02 -2.634516451507806778e-03
6.046096608042716980e-02 -1.907034427858889103e-03
7.692062109708786011e-02 2.118902775691822171e-04
8.816969394683837891e-02 1.587850274518132210e-03
1.062744185328483582e-01 3.651214996352791786e-03
1.201906725764274597e-01 5.105120129883289337e-03
1.297595798969268799e-01 6.039006635546684265e-03
1.407111734151840210e-01 7.044065743684768677e-03
1.524617373943328857e-01 8.049657568335533142e-03
1.578271687030792236e-01 8.484700694680213928e-03
1.839059889316558838e-01 1.039701234549283981e-02
1.878541111946105957e-01 1.065881084650754929e-02
1.941130012273788452e-01 1.105971541255712509e-02
2.002032697200775146e-01 1.143359486013650894e-02
2.203412353992462158e-01 1.256135292351245880e-02
2.301142364740371704e-01 1.305170170962810516e-02
2.447864115238189697e-01 1.372237969189882278e-02
2.528409659862518311e-01 1.405861135572195053e-02
2.605533897876739502e-01 1.436020433902740479e-02
2.667831182479858398e-01 1.458970736712217331e-02
2.829689383506774902e-01 1.512929331511259079e-02
2.925924658775329590e-01 1.541286241263151169e-02
3.003548681735992432e-01 1.562219858169555664e-02
3.074211478233337402e-01 1.579812914133071899e-02
3.190411329269409180e-01 1.605811528861522675e-02
3.286544084548950195e-01 1.624654605984687805e-02
3.454492390155792236e-01 1.652036793529987335e-02
3.555900454521179199e-01 1.665304414927959442e-02
3.635050654411315918e-01 1.674018613994121552e-02
3.714489638805389404e-01 1.681364513933658600e-02
3.864556849002838135e-01 1.691547967493534088e-02
3.896824121475219727e-01 1.693127304315567017e-02
4.040781259536743164e-01 1.697640493512153625e-02
4.104771018028259277e-01 1.698361523449420929e-02
4.301176667213439941e-01 1.695884205400943756e-02
4.343617558479309082e-01 1.694458723068237305e-02
4.429041445255279541e-01 1.690672151744365692e-02
4.616456627845764160e-01 1.678277552127838135e-02
4.725247919559478760e-01 1.668658852577209473e-02
4.807308614253997803e-01 1.660297997295856476e-02
4.913339018821716309e-01 1.648160070180892944e-02
4.986120760440826416e-01 1.638997159898281097e-02
5.272698998451232910e-01 1.596892438828945160e-02
5.337438583374023438e-01 1.586153171956539154e-02
5.547724366188049316e-01 1.548462267965078354e-02
5.619537234306335449e-01 1.534663047641515732e-02
5.747498869895935059e-01 1.508974470198154449e-02
5.799580812454223633e-01 1.498128287494182587e-02
5.897570252418518066e-01 1.477123983204364777e-02
6.001006364822387695e-01 1.454122737050056458e-02
6.088384389877319336e-01 1.434035506099462509e-02
6.249026060104370117e-01 1.395542360842227936e-02
6.369422674179077148e-01 1.365350000560283661e-02
6.410402059555053711e-01 1.354806032031774521e-02
6.537067294120788574e-01 1.321336813271045685e-02
6.715293526649475098e-01 1.271913759410381317e-02
6.798705458641052246e-01 1.247804146260023117e-02
6.937909126281738281e-01 1.206103712320327759e-02
7.029994726181030273e-01 1.177466101944446564e-02
7.162930369377136230e-01 1.134569291025400162e-02
7.435216903686523438e-01 1.040510553866624832e-02
7.681646347045898438e-01 9.474162943661212921e-03
7.848790287971496582e-01 8.794260211288928986e-03
7.922285199165344238e-01 8.481727913022041321e-03
8.116754293441772461e-01 7.610957138240337372e-03
8.199713230133056641e-01 7.218558341264724731e-03
8.281704187393188477e-01 6.817325484007596970e-03
8.410865664482116699e-01 6.155974231660366058e-03
8.656587600708007812e-01 4.783998243510723114e-03
8.779404759407043457e-01 4.031782038509845734e-03
8.852301239967346191e-01 3.560370532795786858e-03
8.903844356536865234e-01 3.214506898075342178e-03
8.995121717453002930e-01 2.573588630184531212e-03
9.069761037826538086e-01 2.019030274823307991e-03
9.165544509887695312e-01 1.260227989405393600e-03
9.230304956436157227e-01 7.119689253158867359e-04
9.318990707397460938e-01 -9.462986054131761193e-05
9.438200592994689941e-01 -1.308002159930765629e-03
9.575061798095703125e-01 -2.958465833216905594e-03
9.678801298141479492e-01 -4.467197693884372711e-03
9.714310765266418457e-01 -5.039821844547986984e-03
9.720300436019897461e-01 -5.138712469488382339e-03
