9.671565294265747070e-01 -8.352634613402187824e-04
9.666792750358581543e-01 -7.060563075356185436e-04
9.651702046394348145e-01 -2.944025618489831686e-04
9.600044488906860352e-01 1.140262815169990063e-03
9.553933739662170410e-01 2.445315709337592125e-03
9.461969733238220215e-01 5.097146611660718918e-03
9.340408444404602051e-01 8.676498197019100189e-03
9.277390837669372559e-01 1.055768784135580063e-02
9.140387177467346191e-01 1.469455845654010773e-02
9.084323048591613770e-01 1.640280894935131073e-02
8.909994959831237793e-01 2.175769582390785217e-02
8.870342373847961426e-01 2.298308908939361572e-02
8.790721893310546875e-01 2.544951625168323517e-02
8.674468398094177246e-01 2.906156145036220551e-02
8.468595743179321289e-01 3.547162935137748718e-02
8.412981629371643066e-01 3.720249608159065247e-02
8.152033090591430664e-01 4.529078304767608643e-02
8.116336464881896973e-01 4.639041051268577576e-02
8.010622859001159668e-01 4.963260143995285034e-02
7.832283973693847656e-01 5.504256486892700195e-02
7.698103189468383789e-01 5.904983356595039368e-02
7.553012371063232422e-01 6.330682337284088135e-02
7.499631643295288086e-01 6.485038995742797852e-02
7.395778298377990723e-01 6.781400740146636963e-02
7.277129888534545898e-01 7.113043963909149170e-02
7.210313081741333008e-01 7.296253740787506104e-02
6.980177760124206543e-01 7.905303686857223511e-02
6.861974596977233887e-01 8.203589171171188354e-02
6.741463541984558105e-01 8.496534079313278198e-02
6.619400978088378906e-01 8.781075477600097656e-02
6.544082164764404297e-01 8.950255811214447021e-02
6.406994462013244629e-01 9.245135635137557983e-02
6.357142925262451172e-01 9.348078072071075439e-02
6.208421587944030762e-01 9.641244262456893921e-02
6.082350015640258789e-01 9.873046725988388062e-02
6.032664179801940918e-01 9.960135817527770996e-02
5.858811736106872559e-01 1.024558991193771362e-01
5.733117461204528809e-01 1.043325960636138916e-01
5.588379502296447754e-01 1.062992215156555176e-01
5.493587255477905273e-01 1.074751764535903931e-01
5.424429178237915039e-01 1.082776188850402832e-01
5.312456488609313965e-01 1.094786897301673889e-01
5.149102807044982910e-01 1.110165268182754517e-01
5.033391714096069336e-01 1.119551658630371094e-01
4.953593015670776367e-01 1.125311627984046936e-01
4.904956817626953125e-01 1.128541901707649231e-01
4.705107212066650391e-01 1.139631271362304688e-01
4.629188477993011475e-01 1.142943948507308960e-01
4.468479752540588379e-01 1.148373484611511230e-01
4.415937066078186035e-01 1.149691715836524963e-01
4.347736835479736328e-01 1.151073724031448364e-01
4.228000938892364502e-01 1.152615100145339966e-01
4.123774170875549316e-01 1.153056770563125610e-01
3.939827382564544678e-01 1.151841953396797180e-01
3.868912160396575928e-01 1.150706708431243896e-01
3.829569816589355469e-01 1.149919182062149048e-01
3.676538169384002686e-01 1.145795881748199463e-01
3.578476011753082275e-01 1.142274662852287292e-01
3.490379750728607178e-01 1.138530373573303223e-01
3.298023343086242676e-01 1.128447726368904114e-01
3.224478662014007568e-01 1.123899742960929871e-01
3.122422695159912109e-01 1.116947382688522339e-01
3.045464158058166504e-01 1.111207529902458191e-01
2.967227399349212646e-01 1.104927957057952881e-01
2.919086813926696777e-01 1.100838333368301392e-01
2.804788947105407715e-01 1.090426668524742126e-01
2.663430869579315186e-01 1.076144874095916748e-01
2.420744895935058594e-01 1.047778204083442688e-01
2.295327782630920410e-01 1.031063348054885864e-01
2.227522879838943481e-01 1.021398082375526428e-01
2.188863754272460938e-01 1.015680432319641113e-01
2.128436118364334106e-01 1.006431058049201965e-01
2.053651809692382812e-01 9.944369643926620483e-02
1.869606524705886841e-01 9.621323645114898682e-02
1.719374358654022217e-01 9.324876964092254639e-02
1.622290015220642090e-01 9.115579724311828613e-02
1.507137566804885864e-01 8.847104758024215698e-02
1.403905451297760010e-01 8.585652709007263184e-02
1.225872188806533813e-01 8.081352710723876953e-02
1.170174479484558105e-01 7.907740771770477295e-02
1.072890087962150574e-01 7.583714276552200317e-02
8.958025276660919189e-02 6.914678961038589478e-02
7.630604505538940430e-02 6.330704689025878906e-02
6.645242124795913696e-02 5.839587002992630005e-02
5.964895710349082947e-02 5.465627089142799377e-02
4.764751344919204712e-02 4.718790575861930847e-02
3.756832331418991089e-02 3.976887837052345276e-02
3.401201590895652771e-02 3.680855035781860352e-02
3.029872849583625793e-02 3.346488252282142639e-02
2.687218971550464630e-02 3.009144403040409088e-02
2.396449260413646698e-02 2.694582380354404449e-02
2.041195519268512726e-02 2.260421589016914368e-02
1.457002665847539902e-02 1.297003123909235001e-02
1.297750510275363922e-02 8.580980822443962097e-03
1.237511541694402695e-02 5.735824350267648697e-03
1.217916700989007950e-02 2.218018285930156708e-03
1.237236894667148590e-02 2.687219821382313967e-04
1.290975511074066162e-02 -1.993794227018952370e-03
1.385554391890764236e-02 -4.301090259104967117e-03
1.494133286178112030e-02 -6.140229292213916779e-03
1.597384363412857056e-02 -7.517766207456588745e-03
2.085846662521362305e-02 -1.197004597634077072e-02
2.277860045433044434e-02 -1.324891392141580582e-02
2.715010754764080048e-02 -1.565984450280666351e-02
3.384559601545333862e-02 -1.854405924677848816e-02
4.104695469141006470e-02 -2.102658897638320923e-02
4.930697008967399597e-02 -2.340904809534549713e-02
5.282213911414146423e-02 -2.431932091712951660e-02
6.437745690345764160e-02 -2.700819820165634155e-02
7.816915214061737061e-02 -2.978900074958801270e-02
8.399076759815216064e-02 -3.086170181632041931e-02
9.958911687135696411e-02 -3.351150080561637878e-02
1.052641794085502625e-01 -3.440708667039871216e-02
1.153165772557258606e-01 -3.591711446642875671e-02
1.386158764362335205e-01 -3.909279778599739075e-02
1.447129845619201660e-01 -3.985743224620819092e-02
1.524949222803115845e-01 -4.079666361212730408e-02
1.710705608129501343e-01 -4.288136214017868042e-02
1.861481964588165283e-01 -4.441911354660987854e-02
2.037457376718521118e-01 -4.604712128639221191e-02
2.158340215682983398e-01 -4.706417024135589600e-02
2.258941829204559326e-01 -4.784863814711570740e-02
2.340018600225448608e-01 -4.844014719128608704e-02
2.533918321132659912e-01 -4.970774427056312561e-02
2.612446844577789307e-01 -5.016203224658966064e-02
2.638153731822967529e-01 -5.030328407883644104e-02
2.794402539730072021e-01 -5.108256638050079346e-02
2.850421667098999023e-01 -5.132849141955375671e-02
2.969035208225250244e-01 -5.179025977849960327e-02
3.018679022789001465e-01 -5.195952206850051880e-02
3.083924353122711182e-01 -5.216020718216896057e-02
3.131200969219207764e-01 -5.229004099965095520e-02
3.403946459293365479e-01 -5.277793854475021362e-02
3.433240652084350586e-01 -5.280330777168273926e-02
3.541064262390136719e-01 -5.285039916634559631e-02
3.619345724582672119e-01 -5.283829197287559509e-02
3.815533816814422607e-01 -5.263237655162811279e-02
3.881514966487884521e-01 -5.250541865825653076e-02
3.937682509422302246e-01 -5.237395688891410828e-02
4.045826196670532227e-01 -5.205938592553138733e-02
4.126569628715515137e-01 -5.177095904946327209e-02
4.175390303134918213e-01 -5.157403275370597839e-02
4.255130290985107422e-01 -5.121544003486633301e-02
4.402216672897338867e-01 -5.043214187026023865e-02
4.571882486343383789e-01 -4.932930693030357361e-02
4.755235910415649414e-01 -4.789495468139648438e-02
4.824200272560119629e-01 -4.729027673602104187e-02
4.969248771667480469e-01 -4.590361192822456360e-02
5.086935758590698242e-01 -4.466643184423446655e-02
5.125779509544372559e-01 -4.423662275075912476e-02
5.165106654167175293e-01 -4.379087314009666443e-02
5.211139321327209473e-01 -4.325582832098007202e-02
5.270457863807678223e-01 -4.254565760493278503e-02
5.300139784812927246e-01 -4.218178614974021912e-02
5.430898070335388184e-01 -4.051400348544120789e-02
5.486392378807067871e-01 -3.977593779563903809e-02
5.533152818679809570e-01 -3.914094343781471252e-02
5.603857636451721191e-01 -3.815931454300880432e-02
5.751585960388183594e-01 -3.603301942348480225e-02
5.805190205574035645e-01 -3.523925691843032837e-02
5.884616374969482422e-01 -3.404450789093971252e-02
6.032938361167907715e-01 -3.176432475447654724e-02
6.289981007575988770e-01 -2.771737612783908844e-02
6.326310634613037109e-01 -2.714075893163681030e-02
6.599873304367065430e-01 -2.281071990728378296e-02
6.733080744743347168e-01 -2.073190920054912567e-02
6.869855523109436035e-01 -1.863424479961395264e-02
6.978502869606018066e-01 -1.700187847018241882e-02
7.092301249504089355e-01 -1.533031184226274490e-02
7.161402702331542969e-01 -1.433660276234149933e-02
7.350300550460815430e-01 -1.171261072158813477e-02
7.418861389160156250e-01 -1.079674903303384781e-02
7.491728663444519043e-01 -9.846462868154048920e-03
7.584816813468933105e-01 -8.668885566294193268e-03
7.802389860153198242e-01 -6.089131813496351242e-03
7.835817933082580566e-01 -5.715717561542987823e-03
8.041007518768310547e-01 -3.569972002878785133e-03
8.088262677192687988e-01 -3.113614395260810852e-03
8.280311226844787598e-01 -1.419009873643517494e-03
8.342541456222534180e-01 -9.289988665841519833e-04
8.485642075538635254e-01 7.664028089493513107e-05
8.542796969413757324e-01 4.275535466149449348e-04
8.643193244934082031e-01 9.671724401414394379e-04
8.733504414558410645e-01 1.361733069643378258e-03
9.046691656112670898e-01 1.910854713059961796e-03
9.136829972267150879e-01 1.768907182849943638e-03
9.344887733459472656e-01 6.868105847388505936e-04
9.515485763549804688e-01 -1.410677912645041943e-03
9.586932659149169922e-01 -2.823089947924017906e-03
9.646614193916320801e-01 -4.347897600382566452e-03
9.668182134628295898e-01 -4.981869831681251526e-03
9.676727652549743652e-01 -5.243710242211818695e-03
