9.671570062637329102e-01 3.651239443570375443e-03
9.669398665428161621e-01 3.749452298507094383e-03
9.659149646759033203e-01 4.196955822408199310e-03
9.606477618217468262e-01 6.259093992412090302e-03
9.557058811187744141e-01 8.008484728634357452e-03
9.455729722976684570e-01 1.132028363645076752e-02
9.306019544601440430e-01 1.583107933402061462e-02
9.231712818145751953e-01 1.795831322669982910e-02
9.127312302589416504e-01 2.085253968834877014e-02
9.069905877113342285e-01 2.240353450179100037e-02
8.944178819656372070e-01 2.571428753435611725e-02
8.894178867340087891e-01 2.700122259557247162e-02
8.784089684486389160e-01 2.978094294667243958e-02
8.731037974357604980e-01 3.109579347074031830e-02
8.591850399971008301e-01 3.447527438402175903e-02
8.545938730239868164e-01 3.556889668107032776e-02
8.353499770164489746e-01 4.004733264446258545e-02
8.264949917793273926e-01 4.205385223031044006e-02
8.151490688323974609e-01 4.457761719822883606e-02
8.014161586761474609e-01 4.756417125463485718e-02
7.920745611190795898e-01 4.955443739891052246e-02
7.803167700767517090e-01 5.201329290866851807e-02
7.695849537849426270e-01 5.421342700719833374e-02
7.591370344161987305e-01 5.631551146507263184e-02
7.470225691795349121e-01 5.870419740676879883e-02
7.387257218360900879e-01 6.031000986695289612e-02
7.223441600799560547e-01 6.340865045785903931e-02
7.147170901298522949e-01 6.481848657131195068e-02
7.046241760253906250e-01 6.665174663066864014e-02
6.986527442932128906e-01 6.771875917911529541e-02
6.845857501029968262e-01 7.017949968576431274e-02
6.682735681533813477e-01 7.293750345706939697e-02
6.592489480972290039e-01 7.441771775484085083e-02
6.539661884307861328e-01 7.526871562004089355e-02
6.470583081245422363e-01 7.636357098817825317e-02
6.428571343421936035e-01 7.701950520277023315e-02
6.224987506866455078e-01 8.008709549903869629e-02
6.149187088012695312e-01 8.118062466382980347e-02
6.031262278556823730e-01 8.282686769962310791e-02
5.808672904968261719e-01 8.574434369802474976e-02
5.767409801483154297e-01 8.625683188438415527e-02
5.603546500205993652e-01 8.820118010044097900e-02
5.485543012619018555e-01 8.950905501842498779e-02
5.399841666221618652e-01 9.040920436382293701e-02
5.252317786216735840e-01 9.185834974050521851e-02
5.190899372100830078e-01 9.242356568574905396e-02
4.961674213409423828e-01 9.433116018772125244e-02
4.911165535449981689e-01 9.470795094966888428e-02
4.788484871387481689e-01 9.555669873952865601e-02
4.747485518455505371e-01 9.581919014453887939e-02
4.622260928153991699e-01 9.655469655990600586e-02
4.433223009109497070e-01 9.747388958930969238e-02
4.301975369453430176e-01 9.797509759664535522e-02
4.167303144931793213e-01 9.837124496698379517e-02
4.026585817337036133e-01 9.865579009056091309e-02
3.983387947082519531e-01 9.871642291545867920e-02
3.902088999748229980e-01 9.879612177610397339e-02
3.849152028560638428e-01 9.882374852895736694e-02
3.767192959785461426e-01 9.882847219705581665e-02
3.569062352180480957e-01 9.864647686481475830e-02
3.508181571960449219e-01 9.853483736515045166e-02
3.382866680622100830e-01 9.822098910808563232e-02
3.274505138397216797e-01 9.785705059766769409e-02
3.216870427131652832e-01 9.762787818908691406e-02
3.199241161346435547e-01 9.755278378725051880e-02
3.118070662021636963e-01 9.717648476362228394e-02
3.002137839794158936e-01 9.655062854290008545e-02
2.835014164447784424e-01 9.545979648828506470e-02
2.628390192985534668e-01 9.378796815872192383e-02
2.474862188100814819e-01 9.229975193738937378e-02
2.419023513793945312e-01 9.170348942279815674e-02
2.230598479509353638e-01 8.946085721254348755e-02
2.185247838497161865e-01 8.886523544788360596e-02
2.096258252859115601e-01 8.762948215007781982e-02
2.029832005500793457e-01 8.664674311876296997e-02
1.941321492195129395e-01 8.525273203849792480e-02
1.829595267772674561e-01 8.334595710039138794e-02
1.762137413024902344e-01 8.210960775613784790e-02
1.626545637845993042e-01 7.941323518753051758e-02
1.536419093608856201e-01 7.745079696178436279e-02
1.444501876831054688e-01 7.529495656490325928e-02
1.344421952962875366e-01 7.275324314832687378e-02
1.156318038702011108e-01 6.735055893659591675e-02
9.982046484947204590e-02 6.206767633557319641e-02
9.600986540317535400e-02 6.067784875631332397e-02
9.041332453489303589e-02 5.854611471295356750e-02
8.241862058639526367e-02 5.530020222067832947e-02
7.330258190631866455e-02 5.128053948283195496e-02
5.455979332327842712e-02 4.172668978571891785e-02
4.132726415991783142e-02 3.356938809156417847e-02
3.678786754608154297e-02 3.037534467875957489e-02
2.821276523172855377e-02 2.344860881567001343e-02
2.332981675863265991e-02 1.858334615826606750e-02
2.192184142768383026e-02 1.693733595311641693e-02
1.980837807059288025e-02 1.407228223979473114e-02
1.845800876617431641e-02 1.176283136010169983e-02
1.768586225807666779e-02 1.003436185419559479e-02
1.689362898468971252e-02 5.205840338021516800e-03
1.703237928450107574e-02 4.263951908797025681e-03
1.729179546236991882e-02 3.319456707686185837e-03
1.795787550508975983e-02 1.868665334768593311e-03
1.886605471372604370e-02 5.820066435262560844e-04
2.164971828460693359e-02 -1.863149111159145832e-03
2.631989493966102600e-02 -4.271856509149074554e-03
3.178310766816139221e-02 -6.073646247386932373e-03
3.880684077739715576e-02 -7.642493583261966705e-03
4.438045248389244080e-02 -8.544376119971275330e-03
5.278513953089714050e-02 -9.547954425215721130e-03
6.305468082427978516e-02 -1.039279159158468246e-02
7.204172760248184204e-02 -1.090152841061353683e-02
8.599371463060379028e-02 -1.140281371772289276e-02
9.855181723833084106e-02 -1.164270192384719849e-02
1.035159379243850708e-01 -1.169579196721315384e-02
1.199486777186393738e-01 -1.174105796962976456e-02
1.367385983467102051e-01 -1.162655092775821686e-02
1.473946869373321533e-01 -1.148944720625877380e-02
1.583742499351501465e-01 -1.130574289709329605e-02
1.720048785209655762e-01 -1.102717779576778412e-02
1.809267699718475342e-01 -1.081878226250410080e-02
1.922681331634521484e-01 -1.052797026932239532e-02
2.116062641143798828e-01 -9.974298067390918732e-03
2.209575921297073364e-01 -9.683700278401374817e-03
2.306993156671524048e-01 -9.366884827613830566e-03
2.412140667438507080e-01 -9.010035544633865356e-03
2.478550821542739868e-01 -8.777206763625144958e-03
2.565053999423980713e-01 -8.465792052447795868e-03
2.704426050186157227e-01 -7.945802062749862671e-03
2.756158411502838135e-01 -7.747369818389415741e-03
2.878888547420501709e-01 -7.265468593686819077e-03
2.933405637741088867e-01 -7.046564482152462006e-03
3.115068972110748291e-01 -6.296667736023664474e-03
3.185739815235137939e-01 -5.996771622449159622e-03
3.418242037296295166e-01 -4.979489371180534363e-03
3.451698422431945801e-01 -4.829358309507369995e-03
3.626284301280975342e-01 -4.031251650303602219e-03
3.696266114711761475e-01 -3.704562550410628319e-03
3.956637084484100342e-01 -2.456485759466886520e-03
4.074512422084808350e-01 -1.875200541689991951e-03
4.132219851016998291e-01 -1.587099512107670307e-03
4.203068912029266357e-01 -1.230301568284630775e-03
4.309933781623840332e-01 -6.859323475509881973e-04
4.388861060142517090e-01 -2.792846062220633030e-04
4.473969638347625732e-01 1.633317588130012155e-04
4.549932181835174561e-01 5.617853021249175072e-04
4.756176173686981201e-01 1.657858374528586864e-03
4.844351410865783691e-01 2.131753135472536087e-03
5.006328821182250977e-01 3.007984254509210587e-03
5.074280500411987305e-01 3.376913722604513168e-03
5.138342976570129395e-01 3.724967129528522491e-03
5.214102268218994141e-01 4.136357922106981277e-03
5.261852145195007324e-01 4.395274445414543152e-03
5.417646765708923340e-01 5.235603544861078262e-03
5.521919727325439453e-01 5.791759118437767029e-03
5.594246983528137207e-01 6.173210684210062027e-03
5.678129792213439941e-01 6.610005628317594528e-03
5.919658541679382324e-01 7.822955958545207977e-03
6.023817658424377441e-01 8.319981396198272705e-03
6.057220101356506348e-01 8.475437760353088379e-03
6.185230612754821777e-01 9.051741100847721100e-03
6.252421140670776367e-01 9.340963326394557953e-03
6.322478652000427246e-01 9.632091969251632690e-03
6.490132808685302734e-01 1.028259098529815674e-02
6.642342209815979004e-01 1.081286091357469559e-02
6.669673919677734375e-01 1.090170908719301224e-02
6.798221468925476074e-01 1.129273511469364166e-02
6.925300955772399902e-01 1.163472700864076614e-02
7.076521515846252441e-01 1.198230125010013580e-02
7.341720461845397949e-01 1.243100035935640335e-02
7.404315471649169922e-01 1.250619068741798401e-02
7.471801042556762695e-01 1.257379166781902313e-02
7.620201706886291504e-01 1.267226971685886383e-02
7.684412598609924316e-01 1.269299443811178207e-02
7.992761731147766113e-01 1.259796041995286942e-02
8.030297160148620605e-01 1.256320904940366745e-02
8.179275989532470703e-01 1.237163320183753967e-02
8.216605782508850098e-01 1.230961643159389496e-02
8.327956795692443848e-01 1.208909228444099426e-02
8.386163711547851562e-01 1.195154897868633270e-02
8.565983176231384277e-01 1.142031140625476837e-02
8.650159239768981934e-01 1.111048180609941483e-02
8.802914619445800781e-01 1.043194625526666641e-02
8.832255005836486816e-01 1.028237305581569672e-02
8.955553174018859863e-01 9.574991650879383087e-03
8.993480205535888672e-01 9.328896179795265198e-03
9.223915934562683105e-01 7.457585074007511139e-03
9.256582856178283691e-01 7.125946693122386932e-03
9.370656013488769531e-01 5.784019827842712402e-03
9.525229334831237793e-01 3.294573165476322174e-03
9.575448036193847656e-01 2.226267009973526001e-03
9.634261131286621094e-01 7.432664278894662857e-04
9.650552868843078613e-01 2.844279806595295668e-04
9.659198522567749023e-01 3.300460957689210773e-05
