9.695394039154052734e-01 6.245064549148082733e-03
9.693779945373535156e-01 6.356283556669950485e-03
9.675605893135070801e-01 7.515653502196073532e-03
9.606960415840148926e-01 1.108221337199211121e-02
9.444774985313415527e-01 1.763487048447132111e-02
9.396131038665771484e-01 1.935596391558647156e-02
9.279457330703735352e-01 2.320772968232631683e-02
9.255705475807189941e-01 2.395276725292205811e-02
9.188041090965270996e-01 2.601447887718677521e-02
9.115896224975585938e-01 2.812459506094455719e-02
9.068493247032165527e-01 2.946708165109157562e-02
8.998180031776428223e-01 3.140029683709144592e-02
8.936139345169067383e-01 3.305318206548690796e-02
8.833498358726501465e-01 3.568881377577781677e-02
8.728995323181152344e-01 3.825713321566581726e-02
8.691611289978027344e-01 3.914977610111236572e-02
8.620625138282775879e-01 4.080894961953163147e-02
8.545885086059570312e-01 4.250763356685638428e-02
8.473525047302246094e-01 4.410723596811294556e-02
8.438549041748046875e-01 4.486523941159248352e-02
8.325982689857482910e-01 4.723996296525001526e-02
8.210626244544982910e-01 4.957587644457817078e-02
8.080521821975708008e-01 5.209860578179359436e-02
8.062022328376770020e-01 5.244804918766021729e-02
7.922910451889038086e-01 5.500486865639686584e-02
7.880879640579223633e-01 5.575336143374443054e-02
7.749658823013305664e-01 5.802161619067192078e-02
7.638634443283081055e-01 5.986219644546508789e-02
7.471978068351745605e-01 6.249631568789482117e-02
7.410472631454467773e-01 6.343092769384384155e-02
7.315122485160827637e-01 6.484140455722808838e-02
7.164949774742126465e-01 6.697103381156921387e-02
7.047114968299865723e-01 6.856649369001388550e-02
6.973978877067565918e-01 6.952451914548873901e-02
6.827186346054077148e-01 7.137548178434371948e-02
6.720590591430664062e-01 7.266119867563247681e-02
6.667915582656860352e-01 7.327891141176223755e-02
6.567774415016174316e-01 7.442177087068557739e-02
6.458420753479003906e-01 7.562348246574401855e-02
6.427085995674133301e-01 7.595906406641006470e-02
6.366821527481079102e-01 7.659360021352767944e-02
6.089414358139038086e-01 7.933338731527328491e-02
5.913634300231933594e-01 8.091745525598526001e-02
5.812129974365234375e-01 8.177873492240905762e-02
5.748944878578186035e-01 8.229500055313110352e-02
5.704649686813354492e-01 8.264780044555664062e-02
5.362749695777893066e-01 8.511357754468917847e-02
5.280629992485046387e-01 8.563649654388427734e-02
5.146048665046691895e-01 8.643342554569244385e-02
5.014957189559936523e-01 8.713626116514205933e-02
4.905361235141754150e-01 8.766678720712661743e-02
4.887970685958862305e-01 8.774611353874206543e-02
4.730445742607116699e-01 8.840239793062210083e-02
4.651089310646057129e-01 8.868973702192306519e-02
4.542514681816101074e-01 8.903465420007705688e-02
4.444691836833953857e-01 8.929651230573654175e-02
4.315137565135955811e-01 8.957004547119140625e-02
4.037510752677917480e-01 8.986304700374603271e-02
3.930378556251525879e-01 8.986454457044601440e-02
3.876741528511047363e-01 8.984111994504928589e-02
3.712655901908874512e-01 8.966629207134246826e-02
3.654850125312805176e-01 8.956681191921234131e-02
3.478586375713348389e-01 8.913733810186386108e-02
3.325620591640472412e-01 8.860520273447036743e-02
3.249681293964385986e-01 8.828388154506683350e-02
3.051470518112182617e-01 8.725922554731369019e-02
2.920901179313659668e-01 8.643110841512680054e-02
2.864409387111663818e-01 8.603355288505554199e-02
2.752955555915832520e-01 8.517728000879287720e-02
2.670703530311584473e-01 8.448228240013122559e-02
2.443417757749557495e-01 8.226812630891799927e-02
2.306503504514694214e-01 8.071301877498626709e-02
2.163077294826507568e-01 7.889133691787719727e-02
2.016945481300354004e-01 7.681751996278762817e-02
1.819168180227279663e-01 7.362716645002365112e-02
1.630039364099502563e-01 7.011376321315765381e-02
1.546204537153244019e-01 6.839462369680404663e-02
1.476739943027496338e-01 6.688778847455978394e-02
1.409872174263000488e-01 6.536213308572769165e-02
1.237239539623260498e-01 6.104783341288566589e-02
1.110867932438850403e-01 5.750049278140068054e-02
1.027059480547904968e-01 5.493862926959991455e-02
8.862387388944625854e-02 5.019813776016235352e-02
7.269167900085449219e-02 4.404252022504806519e-02
6.722098588943481445e-02 4.169520735740661621e-02
6.414321810007095337e-02 4.031418263912200928e-02
5.330025032162666321e-02 3.505525365471839905e-02
4.453703016042709351e-02 3.027680143713951111e-02
3.705414384603500366e-02 2.573062106966972351e-02
2.153924107551574707e-02 1.434495206922292709e-02
1.814064010977745056e-02 1.129321288317441940e-02
1.618195697665214539e-02 9.366128593683242798e-03
1.425549481064081192e-02 7.278656587004661560e-03
1.183784473687410355e-02 4.060722887516021729e-03
1.099530793726444244e-02 2.351690083742141724e-03
1.074117887765169144e-02 6.768240709789097309e-04
1.085604447871446609e-02 1.557431678520515561e-04
1.095398981124162674e-02 -8.336835890077054501e-05
1.135007571429014206e-02 -6.683896062895655632e-04
1.222373824566602707e-02 -1.359871472232043743e-03
1.534137688577175140e-02 -2.444877754896879196e-03
1.693953201174736023e-02 -2.740759402513504028e-03
2.167038619518280029e-02 -3.268687520176172256e-03
2.855036780238151550e-02 -3.647466655820608139e-03
3.486486896872520447e-02 -3.826033556833863258e-03
4.848179966211318970e-02 -3.953476902097463608e-03
5.393813177943229675e-02 -3.938327543437480927e-03
6.458825618028640747e-02 -3.819514531642198563e-03
7.468442618846893311e-02 -3.603569231927394867e-03
8.565200865268707275e-02 -3.256933763623237610e-03
1.041577905416488647e-01 -2.407780848443508148e-03
1.314230561256408691e-01 -5.614882102236151695e-04
1.419035643339157104e-01 3.285810817033052444e-04
1.661583930253982544e-01 2.737269969657063484e-03
1.717518419027328491e-01 3.355785505846142769e-03
1.789280027151107788e-01 4.180407617241144180e-03
2.049376368522644043e-01 7.423215545713901520e-03
2.151676565408706665e-01 8.788050152361392975e-03
2.298636287450790405e-01 1.081344019621610641e-02
2.439506798982620239e-01 1.280673686414957047e-02
2.532000541687011719e-01 1.413306128233671188e-02
2.596068978309631348e-01 1.505640428513288498e-02
2.721547484397888184e-01 1.686825975775718689e-02
2.775177955627441406e-01 1.764154992997646332e-02
2.884098887443542480e-01 1.920493319630622864e-02
2.934480011463165283e-01 1.992316544055938721e-02
3.012790679931640625e-01 2.103127539157867432e-02
3.168945610523223877e-01 2.320197410881519318e-02
3.302608132362365723e-01 2.500795014202594757e-02
3.459931015968322754e-01 2.705815434455871582e-02
3.512923419475555420e-01 2.772807143628597260e-02
3.569550216197967529e-01 2.843151986598968506e-02
3.717296123504638672e-01 3.020269982516765594e-02
3.923210203647613525e-01 3.250348567962646484e-02
4.002660214900970459e-01 3.333533555269241333e-02
4.055818319320678711e-01 3.387375175952911377e-02
4.178732931613922119e-01 3.506136685609817505e-02
4.236254692077636719e-01 3.558905795216560364e-02
4.358905553817749023e-01 3.665292263031005859e-02
4.496431648731231689e-01 3.774440288543701172e-02
4.577034115791320801e-01 3.833333402872085571e-02
4.696999490261077881e-01 3.913943842053413391e-02
4.849551022052764893e-01 4.004156962037086487e-02
4.944307804107666016e-01 4.053224995732307434e-02
5.005070567131042480e-01 4.081876948475837708e-02
5.095271468162536621e-01 4.120362550020217896e-02
5.301543474197387695e-01 4.190349206328392029e-02
5.393769741058349609e-01 4.213644936680793762e-02
5.458625555038452148e-01 4.227126762270927429e-02
5.538116693496704102e-01 4.240437597036361694e-02
5.701352357864379883e-01 4.256981983780860901e-02
5.763786435127258301e-01 4.259596765041351318e-02
5.848482847213745117e-01 4.259984567761421204e-02
5.914248824119567871e-01 4.257854446768760681e-02
6.163644194602966309e-01 4.231709614396095276e-02
6.294481158256530762e-01 4.207499325275421143e-02
6.336445212364196777e-01 4.198336228728294373e-02
6.474977731704711914e-01 4.163593798875808716e-02
6.644387245178222656e-01 4.112430661916732788e-02
6.877462863922119141e-01 4.028011485934257507e-02
6.943966150283813477e-01 4.001143202185630798e-02
7.101730704307556152e-01 3.932614624500274658e-02
7.251983880996704102e-01 3.861029073596000671e-02
7.343633174896240234e-01 3.814226388931274414e-02
7.487217783927917480e-01 3.735814988613128662e-02
7.578136920928955078e-01 3.682731091976165771e-02
7.776136994361877441e-01 3.556886687874794006e-02
7.830603718757629395e-01 3.519570082426071167e-02
7.981415390968322754e-01 3.409436717629432678e-02
8.094027042388916016e-01 3.320015594363212585e-02
8.162494897842407227e-01 3.262320905923843384e-02
8.243609070777893066e-01 3.190428763628005981e-02
8.417907357215881348e-01 3.021434694528579712e-02
8.457654714584350586e-01 2.979820594191551208e-02
8.517960906028747559e-01 2.914267592132091522e-02
8.673227429389953613e-01 2.730660699307918549e-02
8.860638737678527832e-01 2.475055307149887085e-02
8.973366618156433105e-01 2.298973873257637024e-02
9.057489633560180664e-01 2.154053561389446259e-02
9.099156260490417480e-01 2.077309228479862213e-02
9.141629338264465332e-01 1.995278522372245789e-02
9.164605140686035156e-01 1.949174143373966217e-02
9.228652715682983398e-01 1.813556253910064697e-02
9.290880560874938965e-01 1.670419797301292419e-02
9.334495663642883301e-01 1.562307495623826981e-02
9.361352920532226562e-01 1.492092013359069824e-02
9.468837380409240723e-01 1.177216600626707077e-02
9.530020952224731445e-01 9.671846404671669006e-03
9.613800048828125000e-01 6.287200842052698135e-03
9.699352383613586426e-01 1.993921352550387383e-03
9.703578948974609375e-01 1.755160861648619175e-03
9.714673161506652832e-01 1.115658320486545563e-03
