9.644576907157897949e-01 7.460772991180419922e-03
9.638619422912597656e-01 7.924908772110939026e-03
9.614166021347045898e-01 9.627311490476131439e-03
9.553799629211425781e-01 1.304512936621904373e-02
9.419230818748474121e-01 1.893365010619163513e-02
9.342430830001831055e-01 2.176065370440483093e-02
9.224933981895446777e-01 2.564747445285320282e-02
9.168595075607299805e-01 2.737005241215229034e-02
9.070521593093872070e-01 3.019805997610092163e-02
8.999449610710144043e-01 3.213269636034965515e-02
8.874622583389282227e-01 3.533536195755004883e-02
8.823862671852111816e-01 3.657517582178115845e-02
8.606288433074951172e-01 4.154364764690399170e-02
8.523950576782226562e-01 4.329476132988929749e-02
8.346137404441833496e-01 4.686642438173294067e-02
8.273535966873168945e-01 4.824855551123619080e-02
8.103277683258056641e-01 5.133065208792686462e-02
7.993711829185485840e-01 5.320281162858009338e-02
7.920936942100524902e-01 5.440060421824455261e-02
7.837350368499755859e-01 5.573277920484542847e-02
7.726408839225769043e-01 5.743083357810974121e-02
7.635679841041564941e-01 5.876180902123451233e-02
7.479550242424011230e-01 6.093391403555870056e-02
7.379805445671081543e-01 6.224499270319938660e-02
7.235610485076904297e-01 6.403716653585433960e-02
7.092561125755310059e-01 6.569648534059524536e-02
6.980876922607421875e-01 6.691092997789382935e-02
6.895707845687866211e-01 6.778980046510696411e-02
6.791084408760070801e-01 6.881389766931533813e-02
6.699572205543518066e-01 6.965975463390350342e-02
6.566859483718872070e-01 7.080423831939697266e-02
6.483641266822814941e-01 7.147262245416641235e-02
6.392250061035156250e-01 7.216313481330871582e-02
6.342040300369262695e-01 7.252321392297744751e-02
6.210371851921081543e-01 7.340297847986221313e-02
6.144564747810363770e-01 7.380788773298263550e-02
5.962706208229064941e-01 7.480754703283309937e-02
5.864126086235046387e-01 7.527698576450347900e-02
5.735579729080200195e-01 7.581365108489990234e-02
5.579361319541931152e-01 7.635257393121719360e-02
5.479518175125122070e-01 7.663297653198242188e-02
5.391451716423034668e-01 7.683946192264556885e-02
5.288917422294616699e-01 7.703237980604171753e-02
5.239861011505126953e-01 7.710680365562438965e-02
5.064487457275390625e-01 7.727986574172973633e-02
4.950653612613677979e-01 7.731582969427108765e-02
4.839957058429718018e-01 7.729437202215194702e-02
4.755544066429138184e-01 7.724129408597946167e-02
4.554767310619354248e-01 7.699014991521835327e-02
4.445140063762664795e-01 7.678041607141494751e-02
4.317544996738433838e-01 7.647329568862915039e-02
4.262697994709014893e-01 7.632076740264892578e-02
4.171641767024993896e-01 7.604072242975234985e-02
4.071473777294158936e-01 7.569444179534912109e-02
3.972381353378295898e-01 7.531300187110900879e-02
3.893936574459075928e-01 7.498399168252944946e-02
3.781640231609344482e-01 7.447189837694168091e-02
3.634214699268341064e-01 7.372707128524780273e-02
3.484303355216979980e-01 7.288630306720733643e-02
3.390775620937347412e-01 7.231955230236053467e-02
3.284224569797515869e-01 7.163462042808532715e-02
3.177828788757324219e-01 7.090905308723449707e-02
3.008191287517547607e-01 6.966607272624969482e-02
2.921813428401947021e-01 6.899225711822509766e-02
2.870931327342987061e-01 6.858233362436294556e-02
2.770387530326843262e-01 6.774366647005081177e-02
2.551957368850708008e-01 6.578802317380905151e-02
2.487937808036804199e-01 6.517925113439559937e-02
2.374757975339889526e-01 6.406205147504806519e-02
2.254436910152435303e-01 6.281500309705734253e-02
2.166422605514526367e-01 6.186237186193466187e-02
1.996060758829116821e-01 5.991542711853981018e-02
1.903038024902343750e-01 5.879101157188415527e-02
1.795707046985626221e-01 5.743536353111267090e-02
1.738081574440002441e-01 5.668007954955101013e-02
1.690651327371597290e-01 5.604320764541625977e-02
1.462806314229965210e-01 5.277190357446670532e-02
1.319546252489089966e-01 5.050806328654289246e-02
1.224242299795150757e-01 4.889669641852378845e-02
1.133484691381454468e-01 4.727226868271827698e-02
1.032395958900451660e-01 4.534497484564781189e-02
8.999476581811904907e-02 4.259800910949707031e-02
7.904112339019775391e-02 4.009656235575675964e-02
6.333261728286743164e-02 3.604517877101898193e-02
5.463209375739097595e-02 3.350138664245605469e-02
4.909782111644744873e-02 3.174399957060813904e-02
3.308327496051788330e-02 2.585146948695182800e-02
2.779713831841945648e-02 2.355429716408252716e-02
2.027170360088348389e-02 1.983859017491340637e-02
1.721605472266674042e-02 1.812876947224140167e-02
1.273011043667793274e-02 1.531019154936075211e-02
8.621611632406711578e-03 1.221817638725042343e-02
6.852174643427133560e-03 1.061396487057209015e-02
5.071958526968955994e-03 8.654841221868991852e-03
3.468102077022194862e-03 6.009029224514961243e-03
3.164092311635613441e-03 5.029367748647928238e-03
3.122450551018118858e-03 3.311989828944206238e-03
3.401919966563582420e-03 2.427169587463140488e-03
3.826574189588427544e-03 1.691587385721504688e-03
4.315956495702266693e-03 1.099455170333385468e-03
5.916613154113292694e-03 -1.805084466468542814e-04
7.306717801839113235e-03 -9.475498227402567863e-04
1.079391036182641983e-02 -2.311868127435445786e-03
1.428414322435855865e-02 -3.294563619419932365e-03
2.071268670260906219e-02 -4.652228672057390213e-03
3.139434009790420532e-02 -6.317815277725458145e-03
3.755097463726997375e-02 -7.106973323971033096e-03
5.013302713632583618e-02 -8.498013950884342194e-03
5.806024000048637390e-02 -9.263733401894569397e-03
6.651706993579864502e-02 -1.000542845577001572e-02
7.540145516395568848e-02 -1.071027293801307678e-02
8.372560143470764160e-02 -1.130678225308656693e-02
8.946630358695983887e-02 -1.168393716216087341e-02
1.040280684828758240e-01 -1.252114120870828629e-02
1.181854605674743652e-01 -1.317898184061050415e-02
1.350600123405456543e-01 -1.377533096820116043e-02
1.430615335702896118e-01 -1.399116776883602142e-02
1.542944014072418213e-01 -1.422618050128221512e-02
1.618043929338455200e-01 -1.434131432324647903e-02
1.673669368028640747e-01 -1.440599281340837479e-02
1.782967299222946167e-01 -1.448469329625368118e-02
1.945317089557647705e-01 -1.449204422533512115e-02
2.038213312625885010e-01 -1.444252114742994308e-02
2.154491394758224487e-01 -1.433058176189661026e-02
2.229953706264495850e-01 -1.423047389835119247e-02
2.339885532855987549e-01 -1.404914259910583496e-02
2.491160780191421509e-01 -1.373721566051244736e-02
2.559654116630554199e-01 -1.357446797192096710e-02
2.760478556156158447e-01 -1.302930619567632675e-02
2.816643416881561279e-01 -1.286046486347913742e-02
2.933463454246520996e-01 -1.248893607407808304e-02
3.028373122215270996e-01 -1.216850057244300842e-02
3.205269575119018555e-01 -1.153198350220918655e-02
3.297781050205230713e-01 -1.118097733706235886e-02
3.388851583003997803e-01 -1.082458905875682831e-02
3.501339852809906006e-01 -1.037081703543663025e-02
3.702099919319152832e-01 -9.527823887765407562e-03
3.757744133472442627e-01 -9.287390857934951782e-03
3.840290606021881104e-01 -8.925737813115119934e-03
3.953622579574584961e-01 -8.420060388743877411e-03
4.033906459808349609e-01 -8.055773563683032990e-03
4.109171330928802490e-01 -7.709894794970750809e-03
4.228069782257080078e-01 -7.155201397836208344e-03
4.329693615436553955e-01 -6.673257332295179367e-03
4.409869611263275146e-01 -6.288003642112016678e-03
4.454862475395202637e-01 -6.069875322282314301e-03
4.573333859443664551e-01 -5.488840863108634949e-03
4.705495536327362061e-01 -4.829016514122486115e-03
4.890655577182769775e-01 -3.883077064529061317e-03
5.049116611480712891e-01 -3.052299609407782555e-03
5.126283168792724609e-01 -2.640194725245237350e-03
5.214646458625793457e-01 -2.161914249882102013e-03
5.420764088630676270e-01 -1.018559210933744907e-03
5.538921952247619629e-01 -3.448814386501908302e-04
5.640208125114440918e-01 2.434002235531806946e-04
5.735307931900024414e-01 8.047643350437283516e-04
5.846142172813415527e-01 1.469670678488910198e-03
5.934591889381408691e-01 2.008043695241212845e-03
6.073389649391174316e-01 2.865148941054940224e-03
6.185151934623718262e-01 3.564187325537204742e-03
6.260003447532653809e-01 4.035532940179109573e-03
6.328973174095153809e-01 4.471266176551580429e-03
6.435987949371337891e-01 5.148223135620355606e-03
6.528322696685791016e-01 5.731074139475822449e-03
6.621884703636169434e-01 6.318140309303998947e-03
6.716476082801818848e-01 6.905565038323402405e-03
6.932037472724914551e-01 8.207366801798343658e-03
7.079172730445861816e-01 9.053673595190048218e-03
7.149037122726440430e-01 9.440133348107337952e-03
7.230231165885925293e-01 9.874995797872543335e-03
7.383416891098022461e-01 1.064842287451028824e-02
7.566886544227600098e-01 1.148218940943479538e-02
7.680318355560302734e-01 1.194064412266016006e-02
7.776668071746826172e-01 1.229249779134988785e-02
8.004141449928283691e-01 1.297277119010686874e-02
8.124341964721679688e-01 1.323871966451406479e-02
8.280135393142700195e-01 1.347662415355443954e-02
8.346042037010192871e-01 1.353816688060760498e-02
8.488306403160095215e-01 1.358464639633893967e-02
8.553714752197265625e-01 1.356349978595972061e-02
8.753960728645324707e-01 1.331109832972288132e-02
8.795900344848632812e-01 1.321856305003166199e-02
8.921269774436950684e-01 1.284777186810970306e-02
8.974239826202392578e-01 1.264438126236200333e-02
9.070242047309875488e-01 1.219473965466022491e-02
9.134101867675781250e-01 1.183036062866449356e-02
9.233651757240295410e-01 1.113921124488115311e-02
9.379712343215942383e-01 9.777091443538665771e-03
9.490453004837036133e-01 8.353721350431442261e-03
9.608967304229736328e-01 6.253032479435205460e-03
9.619165062904357910e-01 6.036074832081794739e-03
9.633969664573669434e-01 5.709999240934848785e-03
