9.710219502449035645e-01 3.099241526797413826e-03
9.705713987350463867e-01 3.198864636942744255e-03
9.687095284461975098e-01 3.677918110042810440e-03
9.666768312454223633e-01 4.272070247679948807e-03
9.618334770202636719e-01 5.840926431119441986e-03
9.557947516441345215e-01 7.968274876475334167e-03
9.485352635383605957e-01 1.067965663969516754e-02
9.454615116119384766e-01 1.186485681682825089e-02
9.395352005958557129e-01 1.420046761631965637e-02
9.335507154464721680e-01 1.661580242216587067e-02
9.252681732177734375e-01 2.003700844943523407e-02
9.201113581657409668e-01 2.220578864216804504e-02
9.108851552009582520e-01 2.614848874509334564e-02
9.047685265541076660e-01 2.880017086863517761e-02
8.942461013793945312e-01 3.341964632272720337e-02
8.887891769409179688e-01 3.583928942680358887e-02
8.833723664283752441e-01 3.825433552265167236e-02
8.742119073867797852e-01 4.236284270882606506e-02
8.605289459228515625e-01 4.853866994380950928e-02
8.545529842376708984e-01 5.124389380216598511e-02
8.429034948348999023e-01 5.651969090104103088e-02
8.279484510421752930e-01 6.327379494905471802e-02
8.189635872840881348e-01 6.730859726667404175e-02
8.164241909980773926e-01 6.844453513622283936e-02
8.035800457000732422e-01 7.415299117565155029e-02
7.982340455055236816e-01 7.650794088840484619e-02
7.871466279029846191e-01 8.134486526250839233e-02
7.784195542335510254e-01 8.510185033082962036e-02
7.677909731864929199e-01 8.961038291454315186e-02
7.594423890113830566e-01 9.309539943933486938e-02
7.498401403427124023e-01 9.703747183084487915e-02
7.346241474151611328e-01 1.031281128525733948e-01
7.224447131156921387e-01 1.078560724854469299e-01
7.151200771331787109e-01 1.106331944465637207e-01
7.026328444480895996e-01 1.152484640479087830e-01
6.930435299873352051e-01 1.186877563595771790e-01
6.806822419166564941e-01 1.229827329516410828e-01
6.669669151306152344e-01 1.275615245103836060e-01
6.414838433265686035e-01 1.355330199003219604e-01
6.357174515724182129e-01 1.372384727001190186e-01
6.208084821701049805e-01 1.414766907691955566e-01
6.130595803260803223e-01 1.435815244913101196e-01
5.958113670349121094e-01 1.480230540037155151e-01
5.673962235450744629e-01 1.546002030372619629e-01
5.610706210136413574e-01 1.559378206729888916e-01
5.537807345390319824e-01 1.574217826128005981e-01
5.333997607231140137e-01 1.612413525581359863e-01
5.247112512588500977e-01 1.627213209867477417e-01
5.095220208168029785e-01 1.650939136743545532e-01
4.944904446601867676e-01 1.671709865331649780e-01
4.842202067375183105e-01 1.684340238571166992e-01
4.790879786014556885e-01 1.690174192190170288e-01
4.688972532749176025e-01 1.700808852910995483e-01
4.589504599571228027e-01 1.709965020418167114e-01
4.451760947704315186e-01 1.720632016658782959e-01
4.281207919120788574e-01 1.730570197105407715e-01
4.055630862712860107e-01 1.738079339265823364e-01
3.911640942096710205e-01 1.739465594291687012e-01
3.862503767013549805e-01 1.739323586225509644e-01
3.770956397056579590e-01 1.738215684890747070e-01
3.603629767894744873e-01 1.733325719833374023e-01
3.391067087650299072e-01 1.721677780151367188e-01
3.300248086452484131e-01 1.714810431003570557e-01
3.214299678802490234e-01 1.707250475883483887e-01
3.078846633434295654e-01 1.693210750818252563e-01
2.953449785709381104e-01 1.677852869033813477e-01
2.738427519798278809e-01 1.646088510751724243e-01
2.647090852260589600e-01 1.630462706089019775e-01
2.578373849391937256e-01 1.617845743894577026e-01
2.396373003721237183e-01 1.580763310194015503e-01
2.206694781780242920e-01 1.536232233047485352e-01
1.986161321401596069e-01 1.476452797651290894e-01
1.917046755552291870e-01 1.455849111080169678e-01
1.776843667030334473e-01 1.411158144474029541e-01
1.674627661705017090e-01 1.376019567251205444e-01
1.489856243133544922e-01 1.306643187999725342e-01
1.427897661924362183e-01 1.281582564115524292e-01
1.339529156684875488e-01 1.244171559810638428e-01
1.207544505596160889e-01 1.184408441185951233e-01
1.133007481694221497e-01 1.148449480533599854e-01
1.033862233161926270e-01 1.097938939929008484e-01
9.713646769523620605e-02 1.064415648579597473e-01
8.886635303497314453e-02 1.017891168594360352e-01
8.012462407350540161e-02 9.658055752515792847e-02
7.068333029747009277e-02 9.058327227830886841e-02
5.228217691183090210e-02 7.758273184299468994e-02
4.066833853721618652e-02 6.827046722173690796e-02
3.500439971685409546e-02 6.333726644515991211e-02
2.897541038691997528e-02 5.774523317813873291e-02
1.954970136284828186e-02 4.812666028738021851e-02
1.471260190010070801e-02 4.265307262539863586e-02
1.246468536555767059e-02 3.994854539632797241e-02
6.700757890939712524e-03 3.239537775516510010e-02
1.085154479369521141e-03 2.369989082217216492e-02
-1.756196375936269760e-03 1.828216761350631714e-02
-4.341698717325925827e-03 1.151589863002300262e-02
-4.855045117437839508e-03 9.367965161800384521e-03
-5.193639080971479416e-03 6.837098859250545502e-03
-5.185700953006744385e-03 4.657207522541284561e-03
-4.608481656759977341e-03 1.861809752881526947e-03
-3.613934619352221489e-03 -1.751553936628624797e-04
-2.173639135435223579e-03 -1.952675753273069859e-03
-5.831767921335995197e-04 -3.311332780867815018e-03
1.220772857777774334e-03 -4.478407092392444611e-03
4.847599193453788757e-03 -6.211650557816028595e-03
8.214706555008888245e-03 -7.428728509694337845e-03
1.967871375381946564e-02 -1.037333440035581589e-02
2.804955467581748962e-02 -1.197872497141361237e-02
3.970566391944885254e-02 -1.382633298635482788e-02
5.137337744235992432e-02 -1.535524241626262665e-02
6.880805641412734985e-02 -1.715281978249549866e-02
8.286339044570922852e-02 -1.821738854050636292e-02
1.032810807228088379e-01 -1.919595897197723389e-02
1.108968257904052734e-01 -1.939833350479602814e-02
1.171095073223114014e-01 -1.950134895741939545e-02
1.521594971418380737e-01 -1.912787742912769318e-02
1.706356853246688843e-01 -1.836032979190349579e-02
1.860513985157012939e-01 -1.747077703475952148e-02
1.924677640199661255e-01 -1.704194024205207825e-02
2.061543166637420654e-01 -1.602607965469360352e-02
2.186679095029830933e-01 -1.499146409332752228e-02
2.306789308786392212e-01 -1.391813158988952637e-02
2.484933882951736450e-01 -1.220902055501937866e-02
2.546327710151672363e-01 -1.159368548542261124e-02
2.640965878963470459e-01 -1.062400545924901962e-02
2.814512550830841064e-01 -8.794331923127174377e-03
2.924455404281616211e-01 -7.611588574945926666e-03
3.002867996692657471e-01 -6.761386990547180176e-03
3.071496784687042236e-01 -6.014718674123287201e-03
3.179382681846618652e-01 -4.839736502617597580e-03
3.291952908039093018e-01 -3.617017995566129684e-03
3.459655642509460449e-01 -1.813123119063675404e-03
3.566527366638183594e-01 -6.810207269154489040e-04
3.665000796318054199e-01 3.461724554654210806e-04
3.988560438156127930e-01 3.581285476684570312e-03
4.084785878658294678e-01 4.493655171245336533e-03
4.169950485229492188e-01 5.279430188238620758e-03
4.231720566749572754e-01 5.835907533764839172e-03
4.303584992885589600e-01 6.468499079346656799e-03
4.388435482978820801e-01 7.194081321358680725e-03
4.517867267131805420e-01 8.254558779299259186e-03
4.575223326683044434e-01 8.705958724021911621e-03
4.666746854782104492e-01 9.401934221386909485e-03
4.834795892238616943e-01 1.059971470385789871e-02
4.935428202152252197e-01 1.126593910157680511e-02
4.975450634956359863e-01 1.152008119970560074e-02
5.062461495399475098e-01 1.205113157629966736e-02
5.123893618583679199e-01 1.240824256092309952e-02
5.204537510871887207e-01 1.285449322313070297e-02
5.260932445526123047e-01 1.315130479633808136e-02
5.424538850784301758e-01 1.394123490899801254e-02
5.505858659744262695e-01 1.429456099867820740e-02
5.567451715469360352e-01 1.454489957541227341e-02
5.755679607391357422e-01 1.521854195743799210e-02
5.884998440742492676e-01 1.560276094824075699e-02
5.961430668830871582e-01 1.580034196376800537e-02
6.082153320312500000e-01 1.606862246990203857e-02
6.198983192443847656e-01 1.627819985151290894e-02
6.262521147727966309e-01 1.637193001806735992e-02
6.392735838890075684e-01 1.652040146291255951e-02
6.487478613853454590e-01 1.659231446683406830e-02
6.614617705345153809e-01 1.664214953780174255e-02
6.814326643943786621e-01 1.661533862352371216e-02
6.930162906646728516e-01 1.654243655502796173e-02
7.103009223937988281e-01 1.635719463229179382e-02
7.190622091293334961e-01 1.622883044183254242e-02
7.333046793937683105e-01 1.597119309008121490e-02
7.452724575996398926e-01 1.570804789662361145e-02
7.537922263145446777e-01 1.549478434026241302e-02
7.690727710723876953e-01 1.505798753350973129e-02
7.847972512245178223e-01 1.453479286283254623e-02
7.926278710365295410e-01 1.424584258347749710e-02
8.008236289024353027e-01 1.392274256795644760e-02
8.072793483734130859e-01 1.365305110812187195e-02
8.227841258049011230e-01 1.294890791177749634e-02
8.360730409622192383e-01 1.227894425392150879e-02
8.469657301902770996e-01 1.168098021298646927e-02
8.612989783287048340e-01 1.082164607942104340e-02
8.802071809768676758e-01 9.546415880322456360e-03
8.897349834442138672e-01 8.833666332066059113e-03
8.977805376052856445e-01 8.189458400011062622e-03
9.067004919052124023e-01 7.423636969178915024e-03
9.224917888641357422e-01 5.905612371861934662e-03
9.270217418670654297e-01 5.422990769147872925e-03
9.348477721214294434e-01 4.526040982455015182e-03
9.447423219680786133e-01 3.245463594794273376e-03
9.497504234313964844e-01 2.513568382710218430e-03
9.563602209091186523e-01 1.426457311026751995e-03
9.644960165023803711e-01 -1.928083220263943076e-04
9.674871563911437988e-01 -9.032949456013739109e-04
9.689204096794128418e-01 -1.272691180929541588e-03
9.705410003662109375e-01 -1.715891179628670216e-03
