9.727175235748291016e-01 3.745715599507093430e-03
9.724475145339965820e-01 3.929402213543653488e-03
9.715135693550109863e-01 4.536312073469161987e-03
9.686440229415893555e-01 6.214137189090251923e-03
9.662684798240661621e-01 7.468749769032001495e-03
9.607395529747009277e-01 1.011667400598526001e-02
9.556976556777954102e-01 1.231897994875907898e-02
9.531230330467224121e-01 1.338867284357547760e-02
9.456896781921386719e-01 1.631962135434150696e-02
9.433995485305786133e-01 1.718371734023094177e-02
9.366486668586730957e-01 1.964408345520496368e-02
9.340582489967346191e-01 2.055771090090274811e-02
9.309850931167602539e-01 2.162206172943115234e-02
9.254381060600280762e-01 2.349394559860229492e-02
9.140557050704956055e-01 2.716245688498020172e-02
9.117065072059631348e-01 2.789377048611640930e-02
9.044175148010253906e-01 3.011251613497734070e-02
8.988217711448669434e-01 3.176736459136009216e-02
8.895869255065917969e-01 3.441377729177474976e-02
8.824198246002197266e-01 3.640025854110717773e-02
8.713139295578002930e-01 3.937095776200294495e-02
8.674491047859191895e-01 4.037571325898170471e-02
8.512898683547973633e-01 4.442536085844039917e-02
8.480921387672424316e-01 4.519907012581825256e-02
8.400095105171203613e-01 4.711573570966720581e-02
8.288735151290893555e-01 4.966836050152778625e-02
8.160914778709411621e-01 5.247811973094940186e-02
8.115566968917846680e-01 5.344526469707489014e-02
8.019186854362487793e-01 5.545067414641380310e-02
7.877237200736999512e-01 5.828455463051795959e-02
7.776337862014770508e-01 6.021545454859733582e-02
7.672620415687561035e-01 6.213083863258361816e-02
7.566699981689453125e-01 6.401669234037399292e-02
7.442305684089660645e-01 6.614425778388977051e-02
7.318111658096313477e-01 6.817820668220520020e-02
7.272942066192626953e-01 6.889640539884567261e-02
7.156323790550231934e-01 7.069918513298034668e-02
6.952036619186401367e-01 7.368679344654083252e-02
6.861053705215454102e-01 7.495119422674179077e-02
6.723498702049255371e-01 7.678959518671035767e-02
6.613078713417053223e-01 7.820445299148559570e-02
6.514335274696350098e-01 7.942570745944976807e-02
6.293483376502990723e-01 8.201502263545989990e-02
6.189194321632385254e-01 8.317273110151290894e-02
6.022987961769104004e-01 8.493579179048538208e-02
5.960918664932250977e-01 8.556909859180450439e-02
5.738188028335571289e-01 8.773321658372879028e-02
5.657848119735717773e-01 8.847291767597198486e-02
5.580011606216430664e-01 8.916921168565750122e-02
5.417529940605163574e-01 9.055859595537185669e-02
5.309836268424987793e-01 9.143178164958953857e-02
5.263594388961791992e-01 9.179502725601196289e-02
5.169044733047485352e-01 9.251580387353897095e-02
4.996190965175628662e-01 9.375652670860290527e-02
4.798320829868316650e-01 9.505254030227661133e-02
4.693334996700286865e-01 9.568494558334350586e-02
4.496912956237792969e-01 9.676205366849899292e-02
4.430601298809051514e-01 9.709361195564270020e-02
4.368315041065216064e-01 9.738995879888534546e-02
4.145035147666931152e-01 9.832822531461715698e-02
3.883031904697418213e-01 9.916928410530090332e-02
3.794125914573669434e-01 9.938713908195495605e-02
3.608564734458923340e-01 9.972482919692993164e-02
3.493434786796569824e-01 9.985109418630599976e-02
3.410650193691253662e-01 9.990055114030838013e-02
3.157033920288085938e-01 9.982306510210037231e-02
2.972989976406097412e-01 9.953329712152481079e-02
2.844813168048858643e-01 9.920451045036315918e-02
2.574595510959625244e-01 9.813241660594940186e-02
2.408410161733627319e-01 9.718789905309677124e-02
2.343597561120986938e-01 9.675414860248565674e-02
2.251784652471542358e-01 9.607221186161041260e-02
2.103764414787292480e-01 9.479340165853500366e-02
2.048268020153045654e-01 9.425248950719833374e-02
1.902463287115097046e-01 9.265644103288650513e-02
1.799184978008270264e-01 9.135892987251281738e-02
1.748975962400436401e-01 9.067367017269134521e-02
1.653290092945098877e-01 8.926136791706085205e-02
1.523128300905227661e-01 8.709584176540374756e-02
1.412519365549087524e-01 8.500838279724121094e-02
1.345207393169403076e-01 8.361457288265228271e-02
1.104131340980529785e-01 7.772784680128097534e-02
1.029218882322311401e-01 7.556811720132827759e-02
9.617849439382553101e-02 7.346761226654052734e-02
8.035235106945037842e-02 6.787191331386566162e-02
7.695335149765014648e-02 6.653247773647308350e-02
4.759282991290092468e-02 5.231304094195365906e-02
4.237418621778488159e-02 4.914847761392593384e-02
3.654392808675765991e-02 4.530192166566848755e-02
2.791671454906463623e-02 3.885481134057044983e-02
1.956838183104991913e-02 3.137727826833724976e-02
1.154829468578100204e-02 2.187320962548255920e-02
1.005192659795284271e-02 1.948727481067180634e-02
8.771995082497596741e-03 1.702695712447166443e-02
7.453029975295066833e-03 1.333177741616964340e-02
7.398677524179220200e-03 7.907270453870296478e-03
8.859015069901943207e-03 5.085436627268791199e-03
9.675118140876293182e-03 4.198332317173480988e-03
1.115504279732704163e-02 3.020603442564606667e-03
1.277863513678312302e-02 2.086735097691416740e-03
1.511226687580347061e-02 1.119905617088079453e-03
1.727775111794471741e-02 4.738962743431329727e-04
1.824909634888172150e-02 2.406734565738588572e-04
2.431938424706459045e-02 -6.827160832472145557e-04
2.816225774586200714e-02 -9.398813708685338497e-04
3.431123867630958557e-02 -1.014214009046554565e-03
4.691403731703758240e-02 -3.464139881543815136e-04
4.958408325910568237e-02 -1.094705003197304904e-04
6.480036675930023193e-02 1.629312406294047832e-03
8.529376983642578125e-02 4.544359166175127029e-03
9.818480908870697021e-02 6.497961003333330154e-03
1.120945513248443604e-01 8.605715818703174591e-03
1.196001842617988586e-01 9.723100811243057251e-03
1.273529976606369019e-01 1.085409522056579590e-02
1.387505531311035156e-01 1.246419642120599747e-02
1.412626206874847412e-01 1.280970033258199692e-02
1.514880806207656860e-01 1.417818199843168259e-02
1.639523059129714966e-01 1.575976982712745667e-02
1.719085425138473511e-01 1.671762950718402863e-02
1.832273900508880615e-01 1.800948195159435272e-02
1.934843510389328003e-01 1.910783536732196808e-02
1.950236111879348755e-01 1.926674693822860718e-02
2.053262591361999512e-01 2.029072120785713196e-02
2.113722860813140869e-01 2.085973322391510010e-02
2.321305871009826660e-01 2.263701520860195160e-02
2.360570132732391357e-01 2.294301055371761322e-02
2.527934014797210693e-01 2.414250560104846954e-02
2.717656195163726807e-01 2.530280128121376038e-02
2.829525172710418701e-01 2.589119412004947662e-02
2.973151803016662598e-01 2.654616348445415497e-02
3.092448115348815918e-01 2.700697071850299835e-02
3.127253353595733643e-01 2.712754532694816589e-02
3.267542719841003418e-01 2.755171805620193481e-02
3.331120312213897705e-01 2.771201543509960175e-02
3.501142263412475586e-01 2.804627642035484314e-02
3.549253046512603760e-01 2.811660245060920715e-02
3.673616051673889160e-01 2.825060114264488220e-02
3.777062296867370605e-01 2.831115201115608215e-02
3.893035352230072021e-01 2.832628414034843445e-02
3.973933756351470947e-01 2.830509096384048462e-02
4.028104841709136963e-01 2.827683091163635254e-02
4.196439385414123535e-01 2.812027186155319214e-02
4.250943660736083984e-01 2.804831415414810181e-02
4.332890510559082031e-01 2.792162448167800903e-02
4.805107712745666504e-01 2.681543119251728058e-02
4.967001974582672119e-01 2.631739340722560883e-02
5.090453028678894043e-01 2.590823546051979065e-02
5.169945955276489258e-01 2.563398517668247223e-02
5.238666534423828125e-01 2.539136074483394623e-02
5.268010497093200684e-01 2.528642117977142334e-02
5.423541069030761719e-01 2.472016215324401855e-02
5.539389252662658691e-01 2.429153956472873688e-02
5.590602159500122070e-01 2.410135231912136078e-02
5.761730074882507324e-01 2.346764318645000458e-02
6.300072669982910156e-01 2.157645858824253082e-02
6.356094479560852051e-01 2.139330469071865082e-02
6.447178721427917480e-01 2.110163681209087372e-02
6.498602032661437988e-01 2.094025723636150360e-02
6.650028824806213379e-01 2.047817036509513855e-02
6.705189347267150879e-01 2.031435444951057434e-02
6.950027346611022949e-01 1.961064897477626801e-02
7.087374329566955566e-01 1.922741159796714783e-02
7.276356816291809082e-01 1.870387606322765350e-02
7.352696061134338379e-01 1.849099807441234589e-02
7.531730532646179199e-01 1.798121817409992218e-02
7.595210671424865723e-01 1.779496669769287109e-02
7.705351114273071289e-01 1.746208593249320984e-02
7.798270583152770996e-01 1.716928556561470032e-02
7.843507528305053711e-01 1.702199690043926239e-02
8.029060959815979004e-01 1.637778989970684052e-02
8.168099522590637207e-01 1.584248058497905731e-02
8.232958316802978516e-01 1.557376049458980560e-02
8.284746408462524414e-01 1.534926798194646835e-02
8.378865718841552734e-01 1.491609867662191391e-02
8.431428670883178711e-01 1.465851534157991409e-02
8.461625576019287109e-01 1.450497191399335861e-02
8.613008856773376465e-01 1.366588193923234940e-02
8.635073304176330566e-01 1.353280898183584213e-02
8.914539217948913574e-01 1.153913978487253189e-02
9.000558257102966309e-01 1.077913772314786911e-02
9.136299490928649902e-01 9.383814409375190735e-03
9.181726574897766113e-01 8.850989863276481628e-03
9.268385767936706543e-01 7.719493936747312546e-03
9.349263310432434082e-01 6.496153771877288818e-03
9.405335783958435059e-01 5.528281442821025848e-03
9.426036477088928223e-01 5.141397472470998764e-03
9.534830451011657715e-01 2.777193207293748856e-03
9.609387516975402832e-01 7.372836698777973652e-04
9.668005704879760742e-01 -1.183250802569091320e-03
9.696595072746276855e-01 -2.231009537354111671e-03
9.709661602973937988e-01 -2.732856431975960732e-03
9.715489745140075684e-01 -2.960872836410999298e-03
