9.711836576461791992e-01 4.151248838752508163e-03
9.709737300872802734e-01 4.289429169148206711e-03
9.695717692375183105e-01 5.193964112550020218e-03
9.653642773628234863e-01 7.803742773830890656e-03
9.616052508354187012e-01 1.006224751472473145e-02
9.552004337310791016e-01 1.380979176610708237e-02
9.426141381263732910e-01 2.090707607567310333e-02
9.380933642387390137e-01 2.338483743369579315e-02
9.223200082778930664e-01 3.177369758486747742e-02
9.148288369178771973e-01 3.562793880701065063e-02
9.021127820014953613e-01 4.199163988232612610e-02
8.981578350067138672e-01 4.392638057470321655e-02
8.875244855880737305e-01 4.902658239006996155e-02
8.804215788841247559e-01 5.235255882143974304e-02
8.642414212226867676e-01 5.969351157546043396e-02
8.613635897636413574e-01 6.096541881561279297e-02
8.488147258758544922e-01 6.639558076858520508e-02
8.375473618507385254e-01 7.111282646656036377e-02
8.295167684555053711e-01 7.438529282808303833e-02
8.195431828498840332e-01 7.834785431623458862e-02
8.059183359146118164e-01 8.358313143253326416e-02
7.941550016403198242e-01 8.794210106134414673e-02
7.860966920852661133e-01 9.084451198577880859e-02
7.816359996795654297e-01 9.242252260446548462e-02
7.657965421676635742e-01 9.786464273929595947e-02
7.555517554283142090e-01 1.012543439865112305e-01
7.326831221580505371e-01 1.084680184721946716e-01
7.240881919860839844e-01 1.110577881336212158e-01
7.155018448829650879e-01 1.135807335376739502e-01
7.057453989982604980e-01 1.163712963461875916e-01
6.945891380310058594e-01 1.194648444652557373e-01
6.852297186851501465e-01 1.219813525676727295e-01
6.719106435775756836e-01 1.254402995109558105e-01
6.592036485671997070e-01 1.286080926656723022e-01
6.512567400932312012e-01 1.305239200592041016e-01
6.465308666229248047e-01 1.316395103931427002e-01
6.305766701698303223e-01 1.352740824222564697e-01
6.180784106254577637e-01 1.379787176847457886e-01
6.040702462196350098e-01 1.408589035272598267e-01
5.936464667320251465e-01 1.428966373205184937e-01
5.868962407112121582e-01 1.441674083471298218e-01
5.760769248008728027e-01 1.461227387189865112e-01
5.681598782539367676e-01 1.474887281656265259e-01
5.576537251472473145e-01 1.492152959108352661e-01
5.475532412528991699e-01 1.507803797721862793e-01
5.359666943550109863e-01 1.524586081504821777e-01
5.205579400062561035e-01 1.544907689094543457e-01
5.123527050018310547e-01 1.554774940013885498e-01
5.039615035057067871e-01 1.564161181449890137e-01
4.965423941612243652e-01 1.571858376264572144e-01
4.901127815246582031e-01 1.578063517808914185e-01
4.829771816730499268e-01 1.584438085556030273e-01
4.700899422168731689e-01 1.594558805227279663e-01
4.543674290180206299e-01 1.604423969984054565e-01
4.451210498809814453e-01 1.608923524618148804e-01
4.410993754863739014e-01 1.610574573278427124e-01
4.295599162578582764e-01 1.614267081022262573e-01
4.190245270729064941e-01 1.616268604993820190e-01
4.154339432716369629e-01 1.616648435592651367e-01
3.925272822380065918e-01 1.615388840436935425e-01
3.767007589340209961e-01 1.610733121633529663e-01
3.693884015083312988e-01 1.607517302036285400e-01
3.634279072284698486e-01 1.604393124580383301e-01
3.567726910114288330e-01 1.600366085767745972e-01
3.543170392513275146e-01 1.598736047744750977e-01
3.345952033996582031e-01 1.582788228988647461e-01
3.245999217033386230e-01 1.572741270065307617e-01
2.946980595588684082e-01 1.534574180841445923e-01
2.737899720668792725e-01 1.500416249036788940e-01
2.617443203926086426e-01 1.477825045585632324e-01
2.584535777568817139e-01 1.471271961927413940e-01
2.283609956502914429e-01 1.403401792049407959e-01
2.225125581026077271e-01 1.388471275568008423e-01
2.139623165130615234e-01 1.365561336278915405e-01
2.073046714067459106e-01 1.346803009510040283e-01
1.988610029220581055e-01 1.321808546781539917e-01
1.871983259916305542e-01 1.284957528114318848e-01
1.784328371286392212e-01 1.255376935005187988e-01
1.664807498455047607e-01 1.212240606546401978e-01
1.540143787860870361e-01 1.163506731390953064e-01
1.467908024787902832e-01 1.133362948894500732e-01
1.338233053684234619e-01 1.075382754206657410e-01
1.154852882027626038e-01 9.837453812360763550e-02
1.056820303201675415e-01 9.293781965970993042e-02
9.976006299257278442e-02 8.944626152515411377e-02
9.385894238948822021e-02 8.579680323600769043e-02
7.770224660634994507e-02 7.481665909290313721e-02
6.944075971841812134e-02 6.855297833681106567e-02
6.387528777122497559e-02 6.404333561658859253e-02
6.038527935743331909e-02 6.108349561691284180e-02
5.364124476909637451e-02 5.504383891820907593e-02
4.694749787449836731e-02 4.857372865080833435e-02
4.052389785647392273e-02 4.182686284184455872e-02
3.561754152178764343e-02 3.622728586196899414e-02
2.944367006421089172e-02 2.841521613299846649e-02
2.668846957385540009e-02 2.452247403562068939e-02
2.413805760443210602e-02 2.056044898927211761e-02
2.173092588782310486e-02 1.629820093512535095e-02
1.992105878889560699e-02 1.244015619158744812e-02
1.886237598955631256e-02 9.582764469087123871e-03
1.815538853406906128e-02 6.973677314817905426e-03
1.780671812593936920e-02 1.058550085872411728e-03
1.865334622561931610e-02 -2.128539141267538071e-03
2.241683378815650940e-02 -7.127829827368259430e-03
2.446105144917964935e-02 -8.646375499665737152e-03
2.912391722202301025e-02 -1.106191612780094147e-02
3.303994238376617432e-02 -1.247128564864397049e-02
3.548893705010414124e-02 -1.317332778126001358e-02
4.279047995805740356e-02 -1.471898891031742096e-02
5.610558763146400452e-02 -1.623637601733207703e-02
6.795512139797210693e-02 -1.675822585821151733e-02
8.466526865959167480e-02 -1.671635918319225311e-02
9.384114295244216919e-02 -1.643756963312625885e-02
1.024149730801582336e-01 -1.606220938265323639e-02
1.105552986264228821e-01 -1.562620885670185089e-02
1.201986670494079590e-01 -1.503209490329027176e-02
1.311797201633453369e-01 -1.427840348333120346e-02
1.509143114089965820e-01 -1.278711669147014618e-02
1.610422283411026001e-01 -1.197922043502330780e-02
1.740020960569381714e-01 -1.092260796576738358e-02
1.815629452466964722e-01 -1.029963698238134384e-02
1.899586617946624756e-01 -9.605668485164642334e-03
1.963965147733688354e-01 -9.073532186448574066e-03
2.108354568481445312e-01 -7.885248400270938873e-03
2.222399562597274780e-01 -6.956333294510841370e-03
2.312069833278656006e-01 -6.234352942556142807e-03
2.452470660209655762e-01 -5.122006405144929886e-03
2.476022243499755859e-01 -4.937809891998767853e-03
2.642955183982849121e-01 -3.653969848528504372e-03
2.686850130558013916e-01 -3.323049750179052353e-03
2.795241773128509521e-01 -2.518425462767481804e-03
2.839035689830780029e-01 -2.198533620685338974e-03
2.969155013561248779e-01 -1.266316045075654984e-03
3.017163276672363281e-01 -9.293858893215656281e-04
3.256089389324188232e-01 6.895551341585814953e-04
3.435027301311492920e-01 1.837536692619323730e-03
3.587759733200073242e-01 2.772896084934473038e-03
3.666745126247406006e-01 3.240395570173859596e-03
3.718131184577941895e-01 3.538568038493394852e-03
3.782430291175842285e-01 3.905023448169231415e-03
3.973401486873626709e-01 4.949612077325582504e-03
4.049724042415618896e-01 5.348659586161375046e-03
4.122296869754791260e-01 5.718298256397247314e-03
4.206854701042175293e-01 6.136849522590637207e-03
4.301805496215820312e-01 6.591217126697301865e-03
4.403371512889862061e-01 7.058812770992517471e-03
4.550669789314270020e-01 7.702806964516639709e-03
4.687151014804840088e-01 8.262997493147850037e-03
4.842523336410522461e-01 8.857338689267635345e-03
4.893017709255218506e-01 9.040419012308120728e-03
4.984267055988311768e-01 9.358574636280536652e-03
5.087686181068420410e-01 9.699217975139617920e-03
5.161965489387512207e-01 9.930656291544437408e-03
5.259858965873718262e-01 1.021860633045434952e-02
5.395354032516479492e-01 1.058474555611610413e-02
5.480681061744689941e-01 1.079578418284654617e-02
5.658525228500366211e-01 1.118650566786527634e-02
5.738114714622497559e-01 1.133966166526079178e-02
5.873097777366638184e-01 1.156848203390836716e-02
5.988948345184326172e-01 1.173370145261287689e-02
6.136290431022644043e-01 1.190211158245801926e-02
6.233969926834106445e-01 1.198800094425678253e-02
6.422256231307983398e-01 1.209570374339818954e-02
6.466289758682250977e-01 1.210992969572544098e-02
6.671843528747558594e-01 1.212159264832735062e-02
6.729876995086669922e-01 1.210862025618553162e-02
6.845168471336364746e-01 1.206168904900550842e-02
6.990490555763244629e-01 1.196252927184104919e-02
7.047008872032165527e-01 1.191193610429763794e-02
7.142023444175720215e-01 1.181170903146266937e-02
7.255530357360839844e-01 1.166700385510921478e-02
7.379864454269409180e-01 1.147718820720911026e-02
7.506976723670959473e-01 1.124906074255704880e-02
7.576131820678710938e-01 1.111034676432609558e-02
7.774456739425659180e-01 1.065452769398689270e-02
7.821916341781616211e-01 1.053246855735778809e-02
8.011400103569030762e-01 9.993590414524078369e-03
8.043478727340698242e-01 9.893994778394699097e-03
8.275837898254394531e-01 9.096522815525531769e-03
8.382936120033264160e-01 8.681489154696464539e-03
8.610211014747619629e-01 7.690815255045890808e-03
8.693838715553283691e-01 7.284893188625574112e-03
8.834376931190490723e-01 6.545756012201309204e-03
8.893201947212219238e-01 6.213000509887933731e-03
9.109059572219848633e-01 4.850911907851696014e-03
9.188489913940429688e-01 4.282535985112190247e-03
9.371532201766967773e-01 2.782698720693588257e-03
9.541261792182922363e-01 1.028818776831030846e-03
9.648782014846801758e-01 -4.138856602367013693e-04
9.695547819137573242e-01 -1.175594399683177471e-03
9.705352783203125000e-01 -1.348081859759986401e-03
9.712505340576171875e-01 -1.476747100241482258e-03
