9.618408083915710449e-01 6.447289139032363892e-03
9.614588618278503418e-01 6.629576440900564194e-03
9.564509987831115723e-01 8.757851086556911469e-03
9.499945640563964844e-01 1.114564947783946991e-02
9.349100589752197266e-01 1.611885242164134979e-02
9.269245266914367676e-01 1.857339963316917419e-02
9.062272906303405762e-01 2.460713125765323639e-02
9.018635153770446777e-01 2.583314850926399231e-02
8.949540853500366211e-01 2.774722129106521606e-02
8.876863718032836914e-01 2.972716465592384338e-02
8.710727691650390625e-01 3.413743153214454651e-02
8.645978569984436035e-01 3.581582009792327881e-02
8.523592352867126465e-01 3.892969340085983276e-02
8.293138742446899414e-01 4.459501057863235474e-02
8.041108846664428711e-01 5.050297826528549194e-02
7.947657108306884766e-01 5.261752754449844360e-02
7.807542085647583008e-01 5.570996552705764771e-02
7.700402736663818359e-01 5.801052227616310120e-02
7.587341070175170898e-01 6.037690490484237671e-02
7.507447600364685059e-01 6.201041862368583679e-02
7.402632832527160645e-01 6.410401314496994019e-02
7.278764843940734863e-01 6.650428473949432373e-02
7.182844877243041992e-01 6.830663979053497314e-02
7.138871550559997559e-01 6.911619752645492554e-02
6.973800659179687500e-01 7.205936312675476074e-02
6.898555755615234375e-01 7.334975898265838623e-02
6.780117750167846680e-01 7.531429827213287354e-02
6.709185838699340820e-01 7.645113766193389893e-02
6.528338789939880371e-01 7.921233028173446655e-02
6.419252753257751465e-01 8.078054338693618774e-02
6.279092431068420410e-01 8.268555253744125366e-02
6.163438558578491211e-01 8.416299521923065186e-02
6.055160164833068848e-01 8.546774089336395264e-02
5.969280004501342773e-01 8.644813299179077148e-02
5.855417251586914062e-01 8.767302334308624268e-02
5.740600228309631348e-01 8.882123231887817383e-02
5.620979666709899902e-01 8.992420136928558350e-02
5.536086559295654297e-01 9.064906090497970581e-02
5.358682870864868164e-01 9.200844168663024902e-02
5.262806415557861328e-01 9.265573322772979736e-02
5.158217549324035645e-01 9.329214692115783691e-02
4.982624053955078125e-01 9.419792145490646362e-02
4.848696589469909668e-01 9.475253522396087646e-02
4.750974476337432861e-01 9.508352726697921753e-02
4.591289460659027100e-01 9.549159556627273560e-02
4.515096247196197510e-01 9.562873095273971558e-02
4.373066723346710205e-01 9.578602761030197144e-02
4.312310218811035156e-01 9.581451117992401123e-02
4.169876873493194580e-01 9.579093009233474731e-02
4.045711755752563477e-01 9.566777944564819336e-02
3.907682001590728760e-01 9.541977941989898682e-02
3.845479488372802734e-01 9.527003020048141479e-02
3.792400062084197998e-01 9.512362629175186157e-02
3.644057810306549072e-01 9.462407231330871582e-02
3.578002452850341797e-01 9.435886144638061523e-02
3.488034009933471680e-01 9.395539760589599609e-02
3.373357355594635010e-01 9.337042272090911865e-02
3.194347620010375977e-01 9.229860454797744751e-02
3.087123334407806396e-01 9.156347811222076416e-02
2.952841222286224365e-01 9.054338932037353516e-02
2.822630107402801514e-01 8.944722265005111694e-02
2.712426781654357910e-01 8.843567222356796265e-02
2.573435604572296143e-01 8.704768866300582886e-02
2.509046494960784912e-01 8.636129647493362427e-02
2.350989133119583130e-01 8.455599844455718994e-02
2.238269299268722534e-01 8.316025137901306152e-02
2.161853015422821045e-01 8.216051012277603149e-02
2.092758268117904663e-01 8.121801912784576416e-02
1.974453330039978027e-01 7.951574772596359253e-02
1.930356770753860474e-01 7.885151356458663940e-02
1.813987493515014648e-01 7.701707631349563599e-02
1.708685755729675293e-01 7.524955272674560547e-02
1.630227714776992798e-01 7.386166602373123169e-02
1.500041484832763672e-01 7.141450047492980957e-02
1.324528008699417114e-01 6.779904663562774658e-02
1.173596307635307312e-01 6.435630470514297485e-02
1.111048907041549683e-01 6.282658874988555908e-02
1.047800481319427490e-01 6.121173128485679626e-02
9.750418365001678467e-02 5.926249921321868896e-02
9.029147028923034668e-02 5.722446367144584656e-02
7.735750824213027954e-02 5.327046662569046021e-02
6.734767556190490723e-02 4.990261420607566833e-02
5.850641429424285889e-02 4.666072502732276917e-02
4.491677880287170410e-02 4.107160493731498718e-02
3.792261704802513123e-02 3.783615306019783020e-02
2.881070040166378021e-02 3.313916176557540894e-02
1.861437223851680756e-02 2.698753960430622101e-02
1.597625575959682465e-02 2.517969906330108643e-02
1.141812466084957123e-02 2.175519242882728577e-02
7.226184010505676270e-03 1.813003420829772949e-02
4.283318761736154556e-03 1.514517329633235931e-02
-1.166149158962070942e-04 9.066779166460037231e-03
-1.720872707664966583e-03 3.547801868990063667e-03
-1.397754997014999390e-03 1.230162801221013069e-03
-5.351166473701596260e-04 -5.834975745528936386e-04
9.916741400957107544e-04 -2.321914536878466606e-03
2.656671451404690742e-03 -3.557789139449596405e-03
4.135772585868835449e-03 -4.384460859000682831e-03
6.468011531978845596e-03 -5.391664337366819382e-03
8.667784743010997772e-03 -6.130431778728961945e-03
1.189140789210796356e-02 -6.978354882448911667e-03
1.504809409379959106e-02 -7.628633640706539154e-03
1.922720298171043396e-02 -8.309314027428627014e-03
2.598942816257476807e-02 -9.136644192039966583e-03
3.655849024653434753e-02 -1.005425769835710526e-02
4.803634434938430786e-02 -1.079163327813148499e-02
5.888488143682479858e-02 -1.136613637208938599e-02
6.346832960844039917e-02 -1.158747449517250061e-02
7.580450177192687988e-02 -1.214142981916666031e-02
8.949299901723861694e-02 -1.270380616188049316e-02
1.022278070449829102e-01 -1.318710949271917343e-02
1.142526119947433472e-01 -1.360973715782165527e-02
1.266382038593292236e-01 -1.400943100452423096e-02
1.421976089477539062e-01 -1.445648632943630219e-02
1.567384004592895508e-01 -1.481431908905506134e-02
1.691123843193054199e-01 -1.506992895156145096e-02
1.825273633003234863e-01 -1.529340911656618118e-02
1.922308653593063354e-01 -1.541889365762472153e-02
2.028860598802566528e-01 -1.552064623683691025e-02
2.151860594749450684e-01 -1.559007912874221802e-02
2.286095321178436279e-01 -1.560589484870433807e-02
2.423207163810729980e-01 -1.555636432021856308e-02
2.532293200492858887e-01 -1.546897087246179581e-02
2.619978189468383789e-01 -1.536767557263374329e-02
2.766954898834228516e-01 -1.513553224503993988e-02
2.810483276844024658e-01 -1.505174674093723297e-02
2.944248914718627930e-01 -1.475124154239892960e-02
3.049111962318420410e-01 -1.447026710957288742e-02
3.188564479351043701e-01 -1.403487287461757660e-02
3.296548724174499512e-01 -1.364941336214542389e-02
3.376965224742889404e-01 -1.333504822105169296e-02
3.432912230491638184e-01 -1.310261525213718414e-02
3.593975603580474854e-01 -1.237081456929445267e-02
3.714450597763061523e-01 -1.176284719258546829e-02
3.819417059421539307e-01 -1.119106356054544449e-02
3.873867094516754150e-01 -1.087907329201698303e-02
3.971724212169647217e-01 -1.029202528297901154e-02
4.058493375778198242e-01 -9.743263944983482361e-03
4.152438640594482422e-01 -9.119281545281410217e-03
4.255817830562591553e-01 -8.396910503506660461e-03
4.388751983642578125e-01 -7.413218263536691666e-03
4.576044082641601562e-01 -5.923220422118902206e-03
4.711475968360900879e-01 -4.770513623952865601e-03
4.792145788669586182e-01 -4.054163116961717606e-03
4.850222766399383545e-01 -3.524799831211566925e-03
4.981798231601715088e-01 -2.283772686496376991e-03
5.080487728118896484e-01 -1.315502682700753212e-03
5.156555175781250000e-01 -5.478059174492955208e-04
5.274797081947326660e-01 6.813593208789825439e-04
5.402896404266357422e-01 2.059886232018470764e-03
5.443396568298339844e-01 2.505303826183080673e-03
5.506433844566345215e-01 3.207181813195347786e-03
5.586463212966918945e-01 4.112399648874998093e-03
5.615233182907104492e-01 4.441427066922187805e-03
5.730037689208984375e-01 5.771080497652292252e-03
5.833476185798645020e-01 6.988012231886386871e-03
5.881472826004028320e-01 7.557201664894819260e-03
5.976920127868652344e-01 8.694256655871868134e-03
6.079366803169250488e-01 9.916833601891994476e-03
6.229100227355957031e-01 1.169105526059865952e-02
6.284340620040893555e-01 1.233696471899747849e-02
6.402180790901184082e-01 1.368937548249959946e-02
6.482833623886108398e-01 1.458879932761192322e-02
6.549739241600036621e-01 1.531469821929931641e-02
6.670116782188415527e-01 1.656579039990901947e-02
6.794764995574951172e-01 1.777368783950805664e-02
6.931378245353698730e-01 1.897879131138324738e-02
7.011107206344604492e-01 1.961877197027206421e-02
7.169871926307678223e-01 2.074285969138145447e-02
7.299966216087341309e-01 2.150651626288890839e-02
7.442278861999511719e-01 2.217228338122367859e-02
7.505606412887573242e-01 2.241022698581218719e-02
7.626369595527648926e-01 2.276277355849742889e-02
7.690198421478271484e-01 2.289492078125476837e-02
7.789534926414489746e-01 2.302522771060466766e-02
7.865263819694519043e-01 2.306239493191242218e-02
8.110663294792175293e-01 2.280656248331069946e-02
8.244377970695495605e-01 2.241893298923969269e-02
8.448396325111389160e-01 2.147401496767997742e-02
8.601961731910705566e-01 2.046421729028224945e-02
8.706024289131164551e-01 1.962309144437313080e-02
8.751521110534667969e-01 1.921302638947963715e-02
8.884012699127197266e-01 1.786150038242340088e-02
8.958246707916259766e-01 1.699393987655639648e-02
9.077014923095703125e-01 1.542109716683626175e-02
9.142124056816101074e-01 1.445113122463226318e-02
9.272746443748474121e-01 1.223434787243604660e-02
9.387052059173583984e-01 9.931268170475959778e-03
9.501975774765014648e-01 7.158963941037654877e-03
9.584811329841613770e-01 4.780943971127271652e-03
9.597294330596923828e-01 4.389835521578788757e-03
9.612395763397216797e-01 3.904709359630942345e-03
