9.737805128097534180e-01 7.527841720730066299e-03
9.734602570533752441e-01 7.718658540397882462e-03
9.727861285209655762e-01 8.105951361358165741e-03
9.699645638465881348e-01 9.607837535440921783e-03
9.649738073348999023e-01 1.205337606370449066e-02
9.578835368156433105e-01 1.533323526382446289e-02
9.515528082847595215e-01 1.816220209002494812e-02
9.476491808891296387e-01 1.987540163099765778e-02
9.438220262527465820e-01 2.153705246746540070e-02
9.387043714523315430e-01 2.373523078858852386e-02
9.291162490844726562e-01 2.779223211109638214e-02
9.243785738945007324e-01 2.977139689028263092e-02
9.139757156372070312e-01 3.406535089015960693e-02
9.097865223884582520e-01 3.577560558915138245e-02
9.034488797187805176e-01 3.834347054362297058e-02
8.978352546691894531e-01 4.059905558824539185e-02
8.926805257797241211e-01 4.265464097261428833e-02
8.873841762542724609e-01 4.475135728716850281e-02
8.751969933509826660e-01 4.951702803373336792e-02
8.669160008430480957e-01 5.270789563655853271e-02
8.470066189765930176e-01 6.021755188703536987e-02
8.374905586242675781e-01 6.372253596782684326e-02
8.294289112091064453e-01 6.664709746837615967e-02
8.261588811874389648e-01 6.782120466232299805e-02
8.173040747642517090e-01 7.096459716558456421e-02
8.124303221702575684e-01 7.267163693904876709e-02
7.994138598442077637e-01 7.714734226465225220e-02
7.922791242599487305e-01 7.954729348421096802e-02
7.781801223754882812e-01 8.417326956987380981e-02
7.671823501586914062e-01 8.766968548297882080e-02
7.577354311943054199e-01 9.059160202741622925e-02
7.474410533905029297e-01 9.368689358234405518e-02
7.377648353576660156e-01 9.650965780019760132e-02
7.300046086311340332e-01 9.871144592761993408e-02
7.224767804145812988e-01 1.007935032248497009e-01
7.171730399131774902e-01 1.022281721234321594e-01
7.101898193359375000e-01 1.040760874748229980e-01
6.970770955085754395e-01 1.074182465672492981e-01
6.836288571357727051e-01 1.106705367565155029e-01
6.744022369384765625e-01 1.127982512116432190e-01
6.645981669425964355e-01 1.149660572409629822e-01
6.585754752159118652e-01 1.162501350045204163e-01
6.350845098495483398e-01 1.209116801619529724e-01
6.179245710372924805e-01 1.239690557122230530e-01
6.115810275077819824e-01 1.250254064798355103e-01
6.052843332290649414e-01 1.260347366333007812e-01
5.734728574752807617e-01 1.305427253246307373e-01
5.651426911354064941e-01 1.315620988607406616e-01
5.501111745834350586e-01 1.332351416349411011e-01
5.358814597129821777e-01 1.346237808465957642e-01
5.254967808723449707e-01 1.355190426111221313e-01
5.207908153533935547e-01 1.358921229839324951e-01
5.116466879844665527e-01 1.365594863891601562e-01
5.049721598625183105e-01 1.369989067316055298e-01
4.849808812141418457e-01 1.380765736103057861e-01
4.716612398624420166e-01 1.385983228683471680e-01
4.560187160968780518e-01 1.390131413936614990e-01
4.449897706508636475e-01 1.391782760620117188e-01
4.411094486713409424e-01 1.392114907503128052e-01
4.285517036914825439e-01 1.392305046319961548e-01
4.127870202064514160e-01 1.390639096498489380e-01
4.027763605117797852e-01 1.388483941555023193e-01
3.892751932144165039e-01 1.384230703115463257e-01
3.817534744739532471e-01 1.381189227104187012e-01
3.629376888275146484e-01 1.371471583843231201e-01
3.403620719909667969e-01 1.355802863836288452e-01
3.138202130794525146e-01 1.331683844327926636e-01
2.924759685993194580e-01 1.307685226202011108e-01
2.869609892368316650e-01 1.300796419382095337e-01
2.739987969398498535e-01 1.283461004495620728e-01
2.541279494762420654e-01 1.253663450479507446e-01
2.318076491355895996e-01 1.215267404913902283e-01
2.181578129529953003e-01 1.189036294817924500e-01
2.091217041015625000e-01 1.170446276664733887e-01
2.007707357406616211e-01 1.152353137731552124e-01
1.750301420688629150e-01 1.090600416064262390e-01
1.697355061769485474e-01 1.076682955026626587e-01
1.626830399036407471e-01 1.057442426681518555e-01
1.309987455606460571e-01 9.598434716463088989e-02
1.146815493702888489e-01 9.011457860469818115e-02
1.061347946524620056e-01 8.676192909479141235e-02
9.528084099292755127e-02 8.218561112880706787e-02
8.453567326068878174e-02 7.725188881158828735e-02
7.681071758270263672e-02 7.341750711202621460e-02
6.492799520492553711e-02 6.696117669343948364e-02
5.293997749686241150e-02 5.960270017385482788e-02
4.130596667528152466e-02 5.138932168483734131e-02
3.765625134110450745e-02 4.853210225701332092e-02
3.308014571666717529e-02 4.471224546432495117e-02
2.743109874427318573e-02 3.955149278044700623e-02
2.220375463366508484e-02 3.419656679034233093e-02
2.020476944744586945e-02 3.195183351635932922e-02
1.422151923179626465e-02 2.421130985021591187e-02
1.096596848219633102e-02 1.879400014877319336e-02
9.678198955953121185e-03 1.607954502105712891e-02
8.500593714416027069e-03 1.283488329499959946e-02
7.896346971392631531e-03 1.024124305695295334e-02
7.670030463486909866e-03 6.813811138272285461e-03
7.942563854157924652e-03 4.652814008295536041e-03
9.663777425885200500e-03 4.905703244730830193e-04
1.135084778070449829e-02 -1.667141797952353954e-03
1.443600188940763474e-02 -4.356265533715486526e-03
1.656283438205718994e-02 -5.761649459600448608e-03
2.013145573437213898e-02 -7.680212613195180893e-03
2.371021732687950134e-02 -9.256315417587757111e-03
3.299809619784355164e-02 -1.243207138031721115e-02
4.328874498605728149e-02 -1.507735997438430786e-02
5.275392159819602966e-02 -1.702745258808135986e-02
6.032666563987731934e-02 -1.835091970860958099e-02
7.334782928228378296e-02 -2.025067247450351715e-02
8.633074909448623657e-02 -2.176862582564353943e-02
9.624457359313964844e-02 -2.272105775773525238e-02
1.077180877327919006e-01 -2.363377064466476440e-02
1.145099774003028870e-01 -2.408936433494091034e-02
1.181685253977775574e-01 -2.431097440421581268e-02
1.394058465957641602e-01 -2.530768327414989471e-02
1.734076440334320068e-01 -2.608664892613887787e-02
1.812693029642105103e-01 -2.615661732852458954e-02
1.876437962055206299e-01 -2.618869952857494354e-02
2.016509175300598145e-01 -2.619042433798313141e-02
2.144032865762710571e-01 -2.612081915140151978e-02
2.182413041591644287e-01 -2.608830854296684265e-02
2.344635426998138428e-01 -2.589976973831653595e-02
2.400658577680587769e-01 -2.581759914755821228e-02
2.477892339229583740e-01 -2.569181844592094421e-02
2.554899752140045166e-01 -2.555331960320472717e-02
2.636659741401672363e-01 -2.539348602294921875e-02
2.738641798496246338e-01 -2.517780847847461700e-02
2.820793390274047852e-01 -2.499249577522277832e-02
2.903142571449279785e-01 -2.479760907590389252e-02
2.984255254268646240e-01 -2.459773421287536621e-02
3.084976077079772949e-01 -2.433989755809307098e-02
3.201351761817932129e-01 -2.403047680854797363e-02
3.271322548389434814e-01 -2.383921295404434204e-02
3.498975634574890137e-01 -2.319440804421901703e-02
3.632955253124237061e-01 -2.280130609869956970e-02
3.727734982967376709e-01 -2.251795493066310883e-02
3.774455189704895020e-01 -2.237679436802864075e-02
3.868473172187805176e-01 -2.208982966840267181e-02
3.909227252006530762e-01 -2.196426503360271454e-02
4.130453765392303467e-01 -2.127021364867687225e-02
4.206351339817047119e-01 -2.102710865437984467e-02
4.248266518115997314e-01 -2.089169621467590332e-02
4.437783360481262207e-01 -2.026829496026039124e-02
4.723507761955261230e-01 -1.928769238293170929e-02
4.770040810108184814e-01 -1.912243478000164032e-02
4.891004860401153564e-01 -1.868429034948348999e-02
4.996391236782073975e-01 -1.829145848751068115e-02
5.072051882743835449e-01 -1.800233311951160431e-02
5.108653903007507324e-01 -1.786018535494804382e-02
5.299887061119079590e-01 -1.709062233567237854e-02
5.409544706344604492e-01 -1.662678830325603485e-02
5.467413663864135742e-01 -1.637467183172702789e-02
5.657969713211059570e-01 -1.550518069416284561e-02
5.882729887962341309e-01 -1.439348328858613968e-02
5.943606495857238770e-01 -1.407485175877809525e-02
6.063622236251831055e-01 -1.342349685728549957e-02
6.220063567161560059e-01 -1.252668909728527069e-02
6.313166022300720215e-01 -1.196667086333036423e-02
6.482406258583068848e-01 -1.089801173657178879e-02
6.594635248184204102e-01 -1.015371363610029221e-02
6.703332662582397461e-01 -9.406556375324726105e-03
6.979914903640747070e-01 -7.397355046123266220e-03
7.377960085868835449e-01 -4.286277573555707932e-03
7.489546537399291992e-01 -3.382498631253838539e-03
7.557581663131713867e-01 -2.827486023306846619e-03
7.689278125762939453e-01 -1.748400391079485416e-03
7.822692394256591797e-01 -6.547027151100337505e-04
7.907105088233947754e-01 3.412970545468851924e-05
8.174412250518798828e-01 2.171304775401949883e-03
8.371052742004394531e-01 3.664224641397595406e-03
8.428826332092285156e-01 4.083369392901659012e-03
8.477402329444885254e-01 4.427272826433181763e-03
8.510486483573913574e-01 4.656593315303325653e-03
8.587806224822998047e-01 5.175170954316854477e-03
8.667982220649719238e-01 5.683621857315301895e-03
8.814303874969482422e-01 6.516363937407732010e-03
8.895708322525024414e-01 6.913370452821254730e-03
9.034010171890258789e-01 7.444795686751604080e-03
9.103885293006896973e-01 7.626676466315984726e-03
9.185538291931152344e-01 7.744231726974248886e-03
9.271524548530578613e-01 7.727980613708496094e-03
9.393726587295532227e-01 7.361144293099641800e-03
9.456431269645690918e-01 6.950753740966320038e-03
9.509295821189880371e-01 6.438768468797206879e-03
9.570286273956298828e-01 5.591266788542270660e-03
9.626812934875488281e-01 4.462128505110740662e-03
9.665460586547851562e-01 3.425618866458535194e-03
9.703913927078247070e-01 2.111500594764947891e-03
9.718509316444396973e-01 1.525348867289721966e-03
9.729374647140502930e-01 1.055126776918768883e-03
9.740180373191833496e-01 5.581611185334622860e-04
