9.662566781044006348e-01 8.765480743022635579e-05
9.653129577636718750e-01 2.724653750192373991e-04
9.622368216514587402e-01 8.733629947528243065e-04
9.460053443908691406e-01 4.006714560091495514e-03
9.078836441040039062e-01 1.111442036926746368e-02
8.880206346511840820e-01 1.466770656406879425e-02
8.736212253570556641e-01 1.717217080295085907e-02
8.704568743705749512e-01 1.771402359008789062e-02
8.562062978744506836e-01 2.011390589177608490e-02
8.469014167785644531e-01 2.164396643638610840e-02
8.348566889762878418e-01 2.357871085405349731e-02
8.287201523780822754e-01 2.454380318522453308e-02
8.157904744148254395e-01 2.653003670275211334e-02
8.097269535064697266e-01 2.743885479867458344e-02
7.973252534866333008e-01 2.925157360732555389e-02
7.932432293891906738e-01 2.983446232974529266e-02
7.837926745414733887e-01 3.115756623446941376e-02
7.773275971412658691e-01 3.204135596752166748e-02
7.683448791503906250e-01 3.324054181575775146e-02
7.607603073120117188e-01 3.422701358795166016e-02
7.369822263717651367e-01 3.716726228594779968e-02
7.248903512954711914e-01 3.857585787773132324e-02
7.163148522377014160e-01 3.954049199819564819e-02
7.144747972488403320e-01 3.974379226565361023e-02
6.990858316421508789e-01 4.139471799135208130e-02
6.919706463813781738e-01 4.212870821356773376e-02
6.740201711654663086e-01 4.390050843358039856e-02
6.621215939521789551e-01 4.501346498727798462e-02
6.521859169006347656e-01 4.590620473027229309e-02
6.332970261573791504e-01 4.751345515251159668e-02
6.192398071289062500e-01 4.863449186086654663e-02
6.078987717628479004e-01 4.949287697672843933e-02
5.936394333839416504e-01 5.051433667540550232e-02
5.889979600906372070e-01 5.083295702934265137e-02
5.844653844833374023e-01 5.113761126995086670e-02
5.786793231964111328e-01 5.151711404323577881e-02
5.652946829795837402e-01 5.235476419329643250e-02
5.603463053703308105e-01 5.265020206570625305e-02
5.509549379348754883e-01 5.318978056311607361e-02
5.433850884437561035e-01 5.360451340675354004e-02
5.240930318832397461e-01 5.457988008856773376e-02
5.203187465667724609e-01 5.475694686174392700e-02
5.052567720413208008e-01 5.541857331991195679e-02
4.978484213352203369e-01 5.571752041578292847e-02
4.912028610706329346e-01 5.597080290317535400e-02
4.859426021575927734e-01 5.616129934787750244e-02
4.645302295684814453e-01 5.684514716267585754e-02
4.557046890258789062e-01 5.708409100770950317e-02
4.444912374019622803e-01 5.735150724649429321e-02
4.339846670627593994e-01 5.756525322794914246e-02
4.227233827114105225e-01 5.775475874543190002e-02
4.204214215278625488e-01 5.778845772147178650e-02
4.124543070793151855e-01 5.789185315370559692e-02
4.009939134120941162e-01 5.800468474626541138e-02
3.959620594978332520e-01 5.804084241390228271e-02
3.903799653053283691e-01 5.807138606905937195e-02
3.726776540279388428e-01 5.810197815299034119e-02
3.523246347904205322e-01 5.801268294453620911e-02
3.501009941101074219e-01 5.799488723278045654e-02
3.451089262962341309e-01 5.794910341501235962e-02
3.383178710937500000e-01 5.787399038672447205e-02
3.261070847511291504e-01 5.770162492990493774e-02
3.116323351860046387e-01 5.743492394685745239e-02
3.049487173557281494e-01 5.728881806135177612e-02
2.941253483295440674e-01 5.702114850282669067e-02
2.735665440559387207e-01 5.640512704849243164e-02
2.616706788539886475e-01 5.598258599638938904e-02
2.442182898521423340e-01 5.527116358280181885e-02
2.400503158569335938e-01 5.508455261588096619e-02
2.298139333724975586e-01 5.459773167967796326e-02
2.236139476299285889e-01 5.428255721926689148e-02
2.145601511001586914e-01 5.379349365830421448e-02
1.983407139778137207e-01 5.282649025321006775e-02
1.894116997718811035e-01 5.224046111106872559e-02
1.846083551645278931e-01 5.190826207399368286e-02
1.776572614908218384e-01 5.140529572963714600e-02
1.558998823165893555e-01 4.964319616556167603e-02
1.486177444458007812e-01 4.898191243410110474e-02
1.324084401130676270e-01 4.735824838280677795e-02
1.225790753960609436e-01 4.625685140490531921e-02
1.074409931898117065e-01 4.435311257839202881e-02
9.864737093448638916e-02 4.311071708798408508e-02
9.442019462585449219e-02 4.247206449508666992e-02
9.028460085391998291e-02 4.181855544447898865e-02
8.448895812034606934e-02 4.085070639848709106e-02
7.410211116075515747e-02 3.894281759858131409e-02
5.547111108899116516e-02 3.480173274874687195e-02
4.478462412953376770e-02 3.184859082102775574e-02
3.936247527599334717e-02 3.012704104185104370e-02
3.448412567377090454e-02 2.841560915112495422e-02
2.090310677886009216e-02 2.250323630869388580e-02
1.189786475151777267e-02 1.699896156787872314e-02
8.542237803339958191e-03 1.431642379611730576e-02
3.713574726134538651e-03 9.109832346439361572e-03
1.131048309616744518e-03 4.393908660858869553e-03
5.158485728316009045e-04 2.275800565257668495e-03
2.380171354161575437e-04 -2.073401265079155564e-05
2.702455094549804926e-04 -1.396542997099459171e-03
4.931243020109832287e-04 -2.963328035548329353e-03
1.120861037634313107e-03 -5.087477620691061020e-03
2.026675734668970108e-03 -7.017709314823150635e-03
3.783122869208455086e-03 -9.634168818593025208e-03
7.486079819500446320e-03 -1.345220860093832016e-02
8.824778720736503601e-03 -1.456062775105237961e-02
1.283623743802309036e-02 -1.740854978561401367e-02
2.514536865055561066e-02 -2.378687076270580292e-02
2.864233963191509247e-02 -2.521615661680698395e-02
4.226680845022201538e-02 -2.980411052703857422e-02
5.268514901399612427e-02 -3.254862502217292786e-02
6.374607980251312256e-02 -3.495159745216369629e-02
7.139214873313903809e-02 -3.637400642037391663e-02
7.586509734392166138e-02 -3.713130578398704529e-02
8.620882779359817505e-02 -3.870462253689765930e-02
9.410677105188369751e-02 -3.976446017622947693e-02
1.060469597578048706e-01 -4.117920994758605957e-02
1.180660650134086609e-01 -4.241976141929626465e-02
1.277534365653991699e-01 -4.331220686435699463e-02
1.353936493396759033e-01 -4.395985975861549377e-02
1.437626332044601440e-01 -4.462055116891860962e-02
1.526603102684020996e-01 -4.527456685900688171e-02
1.606106013059616089e-01 -4.582223668694496155e-02
1.709146350622177124e-01 -4.648734256625175476e-02
1.763648390769958496e-01 -4.682103917002677917e-02
1.917528808116912842e-01 -4.770479351282119751e-02
2.046974599361419678e-01 -4.839053004980087280e-02
2.226493954658508301e-01 -4.926876723766326904e-02
2.389681190252304077e-01 -5.000448971986770630e-02
2.478223294019699097e-01 -5.038163438439369202e-02
2.594134807586669922e-01 -5.085379630327224731e-02
2.707819342613220215e-01 -5.129451677203178406e-02
2.810426056385040283e-01 -5.167416110634803772e-02
2.870107889175415039e-01 -5.188731849193572998e-02
3.014201819896697998e-01 -5.237922444939613342e-02
3.143478035926818848e-01 -5.279362201690673828e-02
3.218511641025543213e-01 -5.302249267697334290e-02
3.294976651668548584e-01 -5.324694141745567322e-02
3.432436287403106689e-01 -5.362779274582862854e-02
3.477858006954193115e-01 -5.374718457460403442e-02
3.571029007434844971e-01 -5.398186296224594116e-02
3.702332079410552979e-01 -5.428877472877502441e-02
3.843249678611755371e-01 -5.458617210388183594e-02
3.874632716178894043e-01 -5.464775487780570984e-02
3.980098962783813477e-01 -5.484198406338691711e-02
4.140100479125976562e-01 -5.509787425398826599e-02
4.233571887016296387e-01 -5.522489920258522034e-02
4.292553365230560303e-01 -5.529619753360748291e-02
4.430862367153167725e-01 -5.543571338057518005e-02
4.681953787803649902e-01 -5.558463931083679199e-02
4.818578064441680908e-01 -5.560594424605369568e-02
4.884184300899505615e-01 -5.560051277279853821e-02
5.009033083915710449e-01 -5.556125566363334656e-02
5.043383240699768066e-01 -5.554366484284400940e-02
5.305680036544799805e-01 -5.530949681997299194e-02
5.340009927749633789e-01 -5.526546388864517212e-02
5.476300120353698730e-01 -5.505910515785217285e-02
5.527522563934326172e-01 -5.496837943792343140e-02
5.711306333541870117e-01 -5.458240211009979248e-02
5.886710286140441895e-01 -5.412409827113151550e-02
5.972622632980346680e-01 -5.386694520711898804e-02
6.113052964210510254e-01 -5.339956656098365784e-02
6.306242942810058594e-01 -5.265953019261360168e-02
6.346033215522766113e-01 -5.249291658401489258e-02
6.479007601737976074e-01 -5.190023407340049744e-02
6.556781530380249023e-01 -5.152761936187744141e-02
6.705345511436462402e-01 -5.076128244400024414e-02
6.835739016532897949e-01 -5.002790316939353943e-02
6.970637440681457520e-01 -4.920700192451477051e-02
7.036781907081604004e-01 -4.878051206469535828e-02
7.230792641639709473e-01 -4.743378609418869019e-02
7.392618060111999512e-01 -4.619396105408668518e-02
7.496156692504882812e-01 -4.534063115715980530e-02
7.696758508682250977e-01 -4.354107752442359924e-02
7.786857485771179199e-01 -4.266446083784103394e-02
7.834500074386596680e-01 -4.218240454792976379e-02
8.043648004531860352e-01 -3.990017250180244446e-02
8.110991716384887695e-01 -3.910242766141891479e-02
8.201012611389160156e-01 -3.798284009099006653e-02
8.236189484596252441e-01 -3.752773255109786987e-02
8.374313116073608398e-01 -3.563667461276054382e-02
8.454722762107849121e-01 -3.445218503475189209e-02
8.500920534133911133e-01 -3.374104574322700500e-02
8.582377433776855469e-01 -3.242817148566246033e-02
8.736095428466796875e-01 -2.972028031945228577e-02
8.796052336692810059e-01 -2.857143059372901917e-02
8.922184705734252930e-01 -2.595681324601173401e-02
9.003576636314392090e-01 -2.410848625004291534e-02
9.187148213386535645e-01 -1.939071714878082275e-02
9.317494034767150879e-01 -1.553829666227102280e-02
9.441268444061279297e-01 -1.159990299493074417e-02
9.603540301322937012e-01 -6.678472273051738739e-03
9.630859494209289551e-01 -5.943202413618564606e-03
9.658376574516296387e-01 -5.236061755567789078e-03
