9.696697592735290527e-01 4.117034375667572021e-03
9.693041443824768066e-01 4.310544114559888840e-03
9.682802557945251465e-01 4.833376500755548477e-03
9.644954204559326172e-01 6.632371805608272552e-03
9.557687640190124512e-01 1.047217939049005508e-02
9.512745141983032227e-01 1.237702462822198868e-02
9.435957670211791992e-01 1.557040866464376450e-02
9.401351213455200195e-01 1.699077710509300232e-02
9.355651736259460449e-01 1.885218732059001923e-02
9.298858046531677246e-01 2.114542201161384583e-02
9.222755432128906250e-01 2.418792806565761566e-02
9.187536239624023438e-01 2.558531798422336578e-02
9.116141200065612793e-01 2.839807793498039246e-02
9.038354158401489258e-01 3.143392130732536316e-02
8.934609293937683105e-01 3.543725609779357910e-02
8.883152604103088379e-01 3.740375861525535583e-02
8.775151968002319336e-01 4.148931056261062622e-02
8.706367015838623047e-01 4.406133666634559631e-02
8.577903509140014648e-01 4.880047589540481567e-02
8.520399928092956543e-01 5.089363828301429749e-02
8.392530679702758789e-01 5.548295378684997559e-02
8.284200429916381836e-01 5.929731205105781555e-02
8.171128034591674805e-01 6.320261210203170776e-02
8.140202164649963379e-01 6.425669044256210327e-02
8.030847907066345215e-01 6.793333590030670166e-02
7.910012006759643555e-01 7.190093398094177246e-02
7.831439375877380371e-01 7.442469894886016846e-02
7.692963480949401855e-01 7.875972986221313477e-02
7.555192112922668457e-01 8.292271196842193604e-02
7.490307688713073730e-01 8.482934534549713135e-02
7.356815934181213379e-01 8.863894641399383545e-02
7.220705747604370117e-01 9.236127883195877075e-02
7.072885036468505859e-01 9.621150791645050049e-02
6.975665688514709473e-01 9.863126277923583984e-02
6.832388043403625488e-01 1.020308434963226318e-01
6.757042407989501953e-01 1.037376299500465393e-01
6.573446989059448242e-01 1.076590493321418762e-01
6.391444802284240723e-01 1.112102419137954712e-01
6.264247298240661621e-01 1.134919226169586182e-01
6.166014671325683594e-01 1.151412352919578552e-01
6.053704023361206055e-01 1.169066950678825378e-01
5.892249345779418945e-01 1.192209720611572266e-01
5.779439806938171387e-01 1.206826046109199524e-01
5.669547915458679199e-01 1.219848096370697021e-01
5.577784776687622070e-01 1.229810938239097595e-01
5.512863397598266602e-01 1.236362308263778687e-01
5.270596146583557129e-01 1.257235109806060791e-01
5.111247301101684570e-01 1.267945468425750732e-01
5.038264989852905273e-01 1.272066235542297363e-01
4.939120411872863770e-01 1.276887953281402588e-01
4.720870852470397949e-01 1.284399181604385376e-01
4.628916978836059570e-01 1.286309063434600830e-01
4.581916332244873047e-01 1.287002712488174438e-01
4.462080597877502441e-01 1.287914514541625977e-01
4.316904246807098389e-01 1.287390887737274170e-01
4.229041337966918945e-01 1.286219954490661621e-01
4.019812047481536865e-01 1.280874609947204590e-01
3.915795385837554932e-01 1.276893317699432373e-01
3.843218088150024414e-01 1.273600310087203979e-01
3.687532246112823486e-01 1.265117079019546509e-01
3.553544878959655762e-01 1.256273984909057617e-01
3.258083164691925049e-01 1.231750994920730591e-01
3.072773218154907227e-01 1.212829127907752991e-01
2.935165762901306152e-01 1.196990236639976501e-01
2.850394845008850098e-01 1.186463162302970886e-01
2.708818912506103516e-01 1.167550832033157349e-01
2.596051692962646484e-01 1.151270493865013123e-01
2.444957792758941650e-01 1.127714365720748901e-01
2.360102534294128418e-01 1.113581880927085876e-01
2.192690223455429077e-01 1.083709225058555603e-01
2.073275744915008545e-01 1.060708165168762207e-01
1.972977221012115479e-01 1.040235459804534912e-01
1.879051178693771362e-01 1.020057201385498047e-01
1.750082522630691528e-01 9.906618297100067139e-02
1.669607758522033691e-01 9.712640941143035889e-02
1.607088148593902588e-01 9.555976092815399170e-02
1.515175104141235352e-01 9.315594285726547241e-02
1.241612210869789124e-01 8.519718050956726074e-02
1.158694624900817871e-01 8.250911533832550049e-02
1.026204600930213928e-01 7.789406180381774902e-02
9.229655563831329346e-02 7.398390024900436401e-02
8.389101177453994751e-02 7.056318968534469604e-02
6.958995014429092407e-02 6.415502727031707764e-02
5.885834991931915283e-02 5.874479189515113831e-02
4.814043268561363220e-02 5.267314240336418152e-02
3.864245489239692688e-02 4.656053334474563599e-02
3.494528681039810181e-02 4.394395276904106140e-02
3.127080574631690979e-02 4.118240624666213989e-02
2.662201784551143646e-02 3.741591423749923706e-02
2.216953784227371216e-02 3.345593065023422241e-02
1.588987559080123901e-02 2.706299163401126862e-02
8.850688114762306213e-03 1.791924983263015747e-02
7.206656970083713531e-03 1.516231801360845566e-02
6.149751599878072739e-03 1.311984471976757050e-02
4.352523945271968842e-03 8.518337272107601166e-03
3.699212335050106049e-03 5.307450424879789352e-03
3.712678560987114906e-03 2.328292001038789749e-03
4.279676824808120728e-03 1.004463047138415277e-04
4.697169177234172821e-03 -8.066722657531499863e-04
5.587584804743528366e-03 -2.164290053769946098e-03
6.473893299698829651e-03 -3.139440435916185379e-03
7.645543664693832397e-03 -4.128774162381887436e-03
9.399862028658390045e-03 -5.245787557214498520e-03
1.141861919313669205e-02 -6.214066874235868454e-03
1.690735109150409698e-02 -7.973327301442623138e-03
2.297586016356945038e-02 -9.191997349262237549e-03
2.978494577109813690e-02 -1.012971438467502594e-02
4.330278187990188599e-02 -1.136085297912359238e-02
5.966088175773620605e-02 -1.234231796115636826e-02
7.378083467483520508e-02 -1.297504175454378128e-02
8.478558808565139771e-02 -1.338435430079698563e-02
9.329345822334289551e-02 -1.366302277892827988e-02
1.093739196658134460e-01 -1.411738060414791107e-02
1.246356368064880371e-01 -1.447578426450490952e-02
1.348226219415664673e-01 -1.468110177665948868e-02
1.482862830162048340e-01 -1.491532940417528152e-02
1.597784161567687988e-01 -1.508464664220809937e-02
1.730168163776397705e-01 -1.524761598557233810e-02
1.856384724378585815e-01 -1.537335757166147232e-02
1.938459873199462891e-01 -1.544056460261344910e-02
2.044089585542678833e-01 -1.551106665283441544e-02
2.119830250740051270e-01 -1.555101014673709869e-02
2.306841313838958740e-01 -1.561375800520181656e-02
2.386960834264755249e-01 -1.562574878334999084e-02
2.480043619871139526e-01 -1.562897674739360809e-02
2.543879449367523193e-01 -1.562472712248563766e-02
2.630858421325683594e-01 -1.561069674789905548e-02
2.733995914459228516e-01 -1.558205857872962952e-02
2.881024777889251709e-01 -1.551941689103841782e-02
3.047006726264953613e-01 -1.541888155043125153e-02
3.143437504768371582e-01 -1.534634362906217575e-02
3.278818130493164062e-01 -1.522733643651008606e-02
3.388375341892242432e-01 -1.511655282229185104e-02
3.420413732528686523e-01 -1.508172415196895599e-02
3.522611558437347412e-01 -1.496334187686443329e-02
3.613984584808349609e-01 -1.484811678528785706e-02
3.773215711116790771e-01 -1.462618354707956314e-02
3.858332633972167969e-01 -1.449653692543506622e-02
3.996211886405944824e-01 -1.427015289664268494e-02
4.161298274993896484e-01 -1.397227589040994644e-02
4.255903661251068115e-01 -1.378825586289167404e-02
4.336570203304290771e-01 -1.362361572682857513e-02
4.482536315917968750e-01 -1.330737955868244171e-02
4.565056562423706055e-01 -1.311805192381143570e-02
4.735090732574462891e-01 -1.270363945513963699e-02
4.799425899982452393e-01 -1.253822445869445801e-02
4.918175041675567627e-01 -1.222039014101028442e-02
5.075359344482421875e-01 -1.177465077489614487e-02
5.218647718429565430e-01 -1.134351920336484909e-02
5.297247171401977539e-01 -1.109708100557327271e-02
5.409429669380187988e-01 -1.073335297405719757e-02
5.485119819641113281e-01 -1.048013754189014435e-02
5.636156797409057617e-01 -9.956730529665946960e-03
5.676009058952331543e-01 -9.814757853746414185e-03
5.823306441307067871e-01 -9.276818484067916870e-03
5.997156500816345215e-01 -8.617549203336238861e-03
6.134101152420043945e-01 -8.082319051027297974e-03
6.211532950401306152e-01 -7.774479221552610397e-03
6.276329159736633301e-01 -7.514427416026592255e-03
6.403861045837402344e-01 -6.997288670390844345e-03
6.450010538101196289e-01 -6.808772683143615723e-03
6.625756025314331055e-01 -6.086813285946846008e-03
6.718099117279052734e-01 -5.706396419554948807e-03
6.797453761100769043e-01 -5.379813257604837418e-03
6.998503208160400391e-01 -4.557787906378507614e-03
7.197779417037963867e-01 -3.757704515010118484e-03
7.328121066093444824e-01 -3.246351843699812889e-03
7.463903427124023438e-01 -2.726613311097025871e-03
7.551847100257873535e-01 -2.398220356553792953e-03
7.729722261428833008e-01 -1.757021876983344555e-03
7.884584665298461914e-01 -1.227667788043618202e-03
7.943810224533081055e-01 -1.033250475302338600e-03
8.054977655410766602e-01 -6.815736996941268444e-04
8.098867535591125488e-01 -5.478016682900488377e-04
8.291569352149963379e-01 1.676595616117992904e-06
8.367233872413635254e-01 1.988017029361799359e-04
8.534488081932067871e-01 5.914279026910662651e-04
8.598195314407348633e-01 7.235236116684973240e-04
8.773263096809387207e-01 1.028200495056807995e-03
8.868571519851684570e-01 1.152315409854054451e-03
8.986864089965820312e-01 1.256662071682512760e-03
9.050542712211608887e-01 1.286161481402814388e-03
9.210838079452514648e-01 1.256753224879503250e-03
9.245387911796569824e-01 1.226854394190013409e-03
9.399167895317077637e-01 9.560392936691641808e-04
9.445241689682006836e-01 8.191731758415699005e-04
9.509485960006713867e-01 5.706567899323999882e-04
9.599011540412902832e-01 8.081670239334926009e-05
9.647182822227478027e-01 -2.669515961315482855e-04
9.675862789154052734e-01 -5.010774475522339344e-04
9.689017534255981445e-01 -6.130810361355543137e-04
9.697157144546508789e-01 -6.830117781646549702e-04
