9.740515947341918945e-01 5.911442916840314865e-03
9.736797809600830078e-01 6.310048978775739670e-03
9.722255468368530273e-01 7.733742240816354752e-03
9.675385355949401855e-01 1.159694790840148926e-02
9.569957852363586426e-01 1.878849789500236511e-02
9.491561055183410645e-01 2.354167960584163666e-02
9.367506504058837891e-01 3.048813529312610626e-02
9.332230687141418457e-01 3.236678242683410645e-02
9.295209050178527832e-01 3.429978713393211365e-02
9.240668416023254395e-01 3.708126395940780640e-02
9.092007279396057129e-01 4.431177675724029541e-02
9.066681861877441406e-01 4.549737647175788879e-02
8.956028223037719727e-01 5.053432658314704895e-02
8.909021019935607910e-01 5.260716751217842102e-02
8.792405128479003906e-01 5.758699402213096619e-02
8.717622756958007812e-01 6.066371500492095947e-02
8.614814877510070801e-01 6.475052982568740845e-02
8.550720214843750000e-01 6.721691787242889404e-02
8.412758708000183105e-01 7.231920212507247925e-02
8.373150229454040527e-01 7.373269647359848022e-02
8.194353580474853516e-01 7.983440160751342773e-02
8.122003078460693359e-01 8.217515796422958374e-02
7.992812991142272949e-01 8.617353439331054688e-02
7.948657274246215820e-01 8.748716115951538086e-02
7.880162596702575684e-01 8.947195112705230713e-02
7.801721096038818359e-01 9.166608750820159912e-02
7.726749181747436523e-01 9.368505328893661499e-02
7.672995924949645996e-01 9.508572518825531006e-02
7.492325305938720703e-01 9.950998425483703613e-02
7.368048429489135742e-01 1.023021489381790161e-01
7.232549190521240234e-01 1.051167771220207214e-01
7.110586166381835938e-01 1.074486821889877319e-01
7.038168907165527344e-01 1.087443381547927856e-01
6.977434158325195312e-01 1.097805649042129517e-01
6.847218871116638184e-01 1.118497475981712341e-01
6.783478260040283203e-01 1.127880290150642395e-01
6.658691167831420898e-01 1.144859492778778076e-01
6.543598175048828125e-01 1.158927008509635925e-01
6.331081390380859375e-01 1.181033998727798462e-01
6.271190643310546875e-01 1.186388209462165833e-01
6.195315122604370117e-01 1.192636862397193909e-01
6.094464659690856934e-01 1.200039088726043701e-01
5.925893783569335938e-01 1.210190132260322571e-01
5.812540650367736816e-01 1.215515807271003723e-01
5.767596960067749023e-01 1.217305436730384827e-01
5.676705837249755859e-01 1.220381855964660645e-01
5.485382676124572754e-01 1.224569454789161682e-01
5.351085662841796875e-01 1.225743517279624939e-01
5.299499034881591797e-01 1.225823909044265747e-01
5.196529626846313477e-01 1.225390061736106873e-01
5.095322132110595703e-01 1.224214583635330200e-01
5.020207762718200684e-01 1.222877055406570435e-01
4.874401986598968506e-01 1.219189837574958801e-01
4.749830961227416992e-01 1.214940696954727173e-01
4.617146253585815430e-01 1.209347918629646301e-01
4.431716203689575195e-01 1.199767515063285828e-01
4.286621809005737305e-01 1.190896630287170410e-01
4.136590063571929932e-01 1.180504411458969116e-01
3.997393250465393066e-01 1.169788539409637451e-01
3.947943449020385742e-01 1.165737435221672058e-01
3.811184763908386230e-01 1.153881326317787170e-01
3.573306500911712646e-01 1.131008043885231018e-01
3.454852104187011719e-01 1.118564903736114502e-01
3.312326669692993164e-01 1.102668493986129761e-01
3.045494556427001953e-01 1.070167496800422668e-01
2.898390591144561768e-01 1.050686761736869812e-01
2.788024544715881348e-01 1.035316437482833862e-01
2.655730843544006348e-01 1.016009002923965454e-01
2.618611752986907959e-01 1.010413244366645813e-01
2.468584030866622925e-01 9.869679808616638184e-02
2.365709692239761353e-01 9.700904786586761475e-02
2.281693667173385620e-01 9.557963162660598755e-02
2.032339125871658325e-01 9.104419499635696411e-02
1.891620606184005737e-01 8.827055990695953369e-02
1.769310534000396729e-01 8.571796119213104248e-02
1.651828587055206299e-01 8.312851935625076294e-02
1.598395109176635742e-01 8.190223574638366699e-02
1.470059901475906372e-01 7.882077246904373169e-02
1.338033080101013184e-01 7.542756944894790649e-02
1.209674850106239319e-01 7.187910377979278564e-02
1.117656528949737549e-01 6.916172057390213013e-02
1.018918156623840332e-01 6.606172025203704834e-02
8.930379152297973633e-02 6.179047748446464539e-02
7.748750597238540649e-02 5.739595741033554077e-02
6.455592811107635498e-02 5.206370353698730469e-02
5.887534841895103455e-02 4.951440542936325073e-02
5.169350653886795044e-02 4.607713222503662109e-02
4.634932428598403931e-02 4.334169626235961914e-02
3.454290330410003662e-02 3.663649782538414001e-02
2.732814289629459381e-02 3.196289017796516418e-02
1.725566573441028595e-02 2.435139566659927368e-02
1.133629959076642990e-02 1.892398856580257416e-02
7.793212775141000748e-03 1.504831667989492416e-02
5.048546008765697479e-03 1.141211856156587601e-02
3.546313848346471786e-03 8.935792371630668640e-03
2.118635457009077072e-03 5.714230239391326904e-03
1.464211498387157917e-03 2.910932758823037148e-03
1.419040840119123459e-03 8.122827275656163692e-04
1.864834572188556194e-03 -1.342149102129042149e-03
3.670563921332359314e-03 -4.480548202991485596e-03
5.933044478297233582e-03 -6.612545344978570938e-03
1.139940880239009857e-02 -9.752286598086357117e-03
1.434296369552612305e-02 -1.094812620431184769e-02
1.858204603195190430e-02 -1.236333139240741730e-02
2.493849024176597595e-02 -1.407015323638916016e-02
3.815205767750740051e-02 -1.677372492849826813e-02
5.284453183412551880e-02 -1.911144517362117767e-02
6.044084206223487854e-02 -2.016599290072917938e-02
7.234873622655868530e-02 -2.167870290577411652e-02
8.269544690847396851e-02 -2.288555540144443512e-02
9.101333469152450562e-02 -2.379630878567695618e-02
9.592270851135253906e-02 -2.431160956621170044e-02
1.005360782146453857e-01 -2.478170394897460938e-02
1.114168837666511536e-01 -2.583912760019302368e-02
1.261021792888641357e-01 -2.715847268700599670e-02
1.364799290895462036e-01 -2.801970392465591431e-02
1.453748047351837158e-01 -2.871254272758960724e-02
1.507982015609741211e-01 -2.911487407982349396e-02
1.611872911453247070e-01 -2.984379418194293976e-02
1.661744713783264160e-01 -3.017451241612434387e-02
1.746544539928436279e-01 -3.070876747369766235e-02
1.805593222379684448e-01 -3.106020763516426086e-02
2.039258480072021484e-01 -3.229044005274772644e-02
2.097074687480926514e-01 -3.255645930767059326e-02
2.195617109537124634e-01 -3.297605365514755249e-02
2.244316190481185913e-01 -3.316797316074371338e-02
2.346589714288711548e-01 -3.353855758905410767e-02
2.418245375156402588e-01 -3.377256169915199280e-02
2.498559951782226562e-01 -3.401036560535430908e-02
2.620814144611358643e-01 -3.432397171854972839e-02
2.705508470535278320e-01 -3.450796380639076233e-02
2.833404242992401123e-01 -3.473578765988349915e-02
2.944383025169372559e-01 -3.488617017865180969e-02
3.020589947700500488e-01 -3.496469184756278992e-02
3.210809230804443359e-01 -3.507550433278083801e-02
3.323731124401092529e-01 -3.508543968200683594e-02
3.495355248451232910e-01 -3.502337262034416199e-02
3.517281711101531982e-01 -3.500886261463165283e-02
3.745358884334564209e-01 -3.477144241333007812e-02
3.855879604816436768e-01 -3.460038080811500549e-02
3.953282535076141357e-01 -3.441968932747840881e-02
4.002539217472076416e-01 -3.431768715381622314e-02
4.082655310630798340e-01 -3.413654863834381104e-02
4.163252413272857666e-01 -3.393529355525970459e-02
4.332757890224456787e-01 -3.344957903027534485e-02
4.396368563175201416e-01 -3.324533253908157349e-02
4.503841996192932129e-01 -3.287272900342941284e-02
4.599836468696594238e-01 -3.251035511493682861e-02
4.688918590545654297e-01 -3.214877471327781677e-02
4.821905493736267090e-01 -3.156288713216781616e-02
5.067568421363830566e-01 -3.033092804253101349e-02
5.134158134460449219e-01 -2.996250987052917480e-02
5.280429720878601074e-01 -2.909997850656509399e-02
5.422608256340026855e-01 -2.818982675671577454e-02
5.611744523048400879e-01 -2.686656638979911804e-02
5.799828171730041504e-01 -2.542112581431865692e-02
5.863638520240783691e-01 -2.490128204226493835e-02
5.938483476638793945e-01 -2.427260763943195343e-02
6.089344620704650879e-01 -2.294415049254894257e-02
6.296190619468688965e-01 -2.099413052201271057e-02
6.402138471603393555e-01 -1.994095370173454285e-02
6.565772294998168945e-01 -1.824796013534069061e-02
6.668784022331237793e-01 -1.714441925287246704e-02
6.776103973388671875e-01 -1.596710458397865295e-02
7.061892151832580566e-01 -1.271944679319858551e-02
7.241510748863220215e-01 -1.061839796602725983e-02
7.337464094161987305e-01 -9.484914131462574005e-03
7.505117654800415039e-01 -7.496919948607683182e-03
7.603280544281005859e-01 -6.333979312330484390e-03
7.850722670555114746e-01 -3.432945115491747856e-03
7.962142229080200195e-01 -2.152853179723024368e-03
8.094776272773742676e-01 -6.615560851059854031e-04
8.187000155448913574e-01 3.490069066174328327e-04
8.316832184791564941e-01 1.726025133393704891e-03
8.427843451499938965e-01 2.852148842066526413e-03
8.553850054740905762e-01 4.060349427163600922e-03
8.623231053352355957e-01 4.688078071922063828e-03
8.726536631584167480e-01 5.564597900956869125e-03
8.918372392654418945e-01 6.963823921978473663e-03
9.007755517959594727e-01 7.487440481781959534e-03
9.135686159133911133e-01 8.049876429140567780e-03
9.187345504760742188e-01 8.200517855584621429e-03
9.269736409187316895e-01 8.327274583280086517e-03
9.392957687377929688e-01 8.180324919521808624e-03
9.453096985816955566e-01 7.911493070423603058e-03
9.483208060264587402e-01 7.713389582931995392e-03
9.586099982261657715e-01 6.604447960853576660e-03
9.619543552398681641e-01 6.051361095160245895e-03
9.689392447471618652e-01 4.439226817339658737e-03
9.715815186500549316e-01 3.616852452978491783e-03
9.733983874320983887e-01 2.966426312923431396e-03
9.743408560752868652e-01 2.599224913865327835e-03
