9.744632840156555176e-01 4.360971041023731232e-03
9.741727709770202637e-01 4.614709410816431046e-03
9.727890491485595703e-01 5.790191236883401871e-03
9.690485596656799316e-01 8.822329342365264893e-03
9.589748382568359375e-01 1.648658327758312225e-02
9.504609704017639160e-01 2.260719798505306244e-02
9.399524331092834473e-01 2.982130274176597595e-02
9.356262683868408203e-01 3.269491717219352722e-02
9.263601303100585938e-01 3.867827728390693665e-02
9.214864969253540039e-01 4.173622280359268188e-02
9.093576669692993164e-01 4.909837990999221802e-02
9.039203524589538574e-01 5.228908732533454895e-02
8.912991881370544434e-01 5.944732204079627991e-02
8.810262680053710938e-01 6.502951681613922119e-02
8.646716475486755371e-01 7.348892092704772949e-02
8.607125878334045410e-01 7.546085864305496216e-02
8.504601716995239258e-01 8.043534308671951294e-02
8.429780602455139160e-01 8.394806832075119019e-02
8.291906118392944336e-01 9.017129242420196533e-02
8.224397897720336914e-01 9.310366213321685791e-02
7.963812351226806641e-01 1.037514284253120422e-01
7.803913950920104980e-01 1.097839027643203735e-01
7.568883299827575684e-01 1.180044338107109070e-01
7.533991932868957520e-01 1.191620975732803345e-01
7.313428521156311035e-01 1.261222362518310547e-01
7.224619388580322266e-01 1.287557780742645264e-01
7.064300179481506348e-01 1.332739889621734619e-01
6.981380581855773926e-01 1.354950368404388428e-01
6.877107024192810059e-01 1.381789594888687134e-01
6.760207414627075195e-01 1.410462409257888794e-01
6.656481027603149414e-01 1.434676051139831543e-01
6.545146107673645020e-01 1.459407061338424683e-01
6.496182680130004883e-01 1.469876021146774292e-01
6.375464797019958496e-01 1.494636237621307373e-01
6.247594356536865234e-01 1.519250869750976562e-01
6.156595945358276367e-01 1.535767912864685059e-01
6.005793213844299316e-01 1.561327129602432251e-01
5.901512503623962402e-01 1.577685624361038208e-01
5.798662304878234863e-01 1.592769622802734375e-01
5.668519735336303711e-01 1.610363870859146118e-01
5.504395961761474609e-01 1.630173325538635254e-01
5.472012758255004883e-01 1.633768081665039062e-01
5.326583385467529297e-01 1.648629307746887207e-01
5.233061313629150391e-01 1.657075285911560059e-01
5.154426693916320801e-01 1.663499474525451660e-01
5.022838711738586426e-01 1.672859936952590942e-01
4.918644726276397705e-01 1.679029911756515503e-01
4.717079102993011475e-01 1.687818020582199097e-01
4.638435840606689453e-01 1.690112203359603882e-01
4.540199637413024902e-01 1.692074388265609741e-01
4.480041265487670898e-01 1.692778021097183228e-01
4.416634440422058105e-01 1.693108230829238892e-01
4.289999902248382568e-01 1.692495942115783691e-01
4.132539927959442139e-01 1.689351946115493774e-01
4.068310856819152832e-01 1.687304228544235229e-01
3.987414240837097168e-01 1.684090793132781982e-01
3.805319070816040039e-01 1.674247235059738159e-01
3.619222939014434814e-01 1.660414934158325195e-01
3.579794764518737793e-01 1.656990200281143188e-01
3.412855863571166992e-01 1.640557050704956055e-01
3.296923637390136719e-01 1.627290844917297363e-01
3.246943652629852295e-01 1.621098667383193970e-01
3.198816478252410889e-01 1.614865511655807495e-01
3.018536269664764404e-01 1.589136719703674316e-01
2.983402609825134277e-01 1.583682298660278320e-01
2.757358551025390625e-01 1.545099467039108276e-01
2.644917964935302734e-01 1.523627638816833496e-01
2.532786726951599121e-01 1.500679254531860352e-01
2.477333694696426392e-01 1.488756090402603149e-01
2.297071218490600586e-01 1.447323858737945557e-01
2.267162352800369263e-01 1.440048217773437500e-01
2.182062119245529175e-01 1.418708562850952148e-01
2.039339989423751831e-01 1.380765438079833984e-01
1.931421160697937012e-01 1.350235044956207275e-01
1.889841556549072266e-01 1.338038444519042969e-01
1.856301724910736084e-01 1.328021287918090820e-01
1.679399460554122925e-01 1.272477209568023682e-01
1.415228992700576782e-01 1.180562153458595276e-01
1.290685385465621948e-01 1.133202984929084778e-01
1.211187019944190979e-01 1.101520135998725891e-01
1.073226779699325562e-01 1.043675765395164490e-01
9.861075878143310547e-02 1.005156412720680237e-01
8.287444710731506348e-02 9.313087910413742065e-02
7.497294992208480835e-02 8.919731527566909790e-02
7.015505433082580566e-02 8.671854436397552490e-02
6.233361363410949707e-02 8.255618810653686523e-02
4.316778481006622314e-02 7.154278457164764404e-02
2.783739008009433746e-02 6.173088401556015015e-02
1.834449544548988342e-02 5.508802458643913269e-02
1.420936081558465958e-02 5.202872678637504578e-02
1.002678927034139633e-02 4.881510883569717407e-02
1.834446331486105919e-03 4.210540279746055603e-02
-4.335425794124603271e-03 3.658575564622879028e-02
-1.194531843066215515e-02 2.895067259669303894e-02
-1.830743439495563507e-02 2.131263911724090576e-02
-2.058615721762180328e-02 1.801641844213008881e-02
-2.251813560724258423e-02 1.473433431237936020e-02
-2.404432930052280426e-02 1.148408371955156326e-02
-2.504041604697704315e-02 8.514912799000740051e-03
-2.561054565012454987e-02 5.215206183493137360e-03
-2.552915737032890320e-02 2.194382483139634132e-03
-2.248410880565643311e-02 -4.577944986522197723e-03
-1.962423138320446014e-02 -7.379795424640178680e-03
-1.662768982350826263e-02 -9.479569271206855774e-03
-8.407649584114551544e-03 -1.336388196796178818e-02
4.019779618829488754e-03 -1.685519143939018250e-02
7.982585579156875610e-03 -1.762061007320880890e-02
1.374876312911510468e-02 -1.851497218012809753e-02
2.746708504855632782e-02 -1.980425044894218445e-02
3.595669940114021301e-02 -2.012689225375652313e-02
4.072079434990882874e-02 -2.017639018595218658e-02
5.479092523455619812e-02 -1.986134052276611328e-02
7.031133025884628296e-02 -1.888027600944042206e-02
7.877419143915176392e-02 -1.813455484807491302e-02
9.137710183858871460e-02 -1.681989058852195740e-02
1.021059155464172363e-01 -1.555639505386352539e-02
1.156304478645324707e-01 -1.383378636091947556e-02
1.231063976883888245e-01 -1.283900719135999680e-02
1.380230337381362915e-01 -1.080062147229909897e-02
1.457765698432922363e-01 -9.725754149258136749e-03
1.510882675647735596e-01 -8.987217210233211517e-03
1.683117449283599854e-01 -6.598222069442272186e-03
1.754511594772338867e-01 -5.616949871182441711e-03
1.952323764562606812e-01 -2.947462722659111023e-03
2.026758044958114624e-01 -1.966497395187616348e-03
2.148691415786743164e-01 -3.922065079677850008e-04
2.279999554157257080e-01 1.253777882084250450e-03
2.316281497478485107e-01 1.699033775366842747e-03
2.414023280143737793e-01 2.877189777791500092e-03
2.459067553281784058e-01 3.409436438232660294e-03
2.524989247322082520e-01 4.175999667495489120e-03
2.621485292911529541e-01 5.271082744002342224e-03
2.806118428707122803e-01 7.275284267961978912e-03
2.867332994937896729e-01 7.913003675639629364e-03
2.977707087993621826e-01 9.028799831867218018e-03
3.053003847599029541e-01 9.764745831489562988e-03
3.246122300624847412e-01 1.155823376029729843e-02
3.279484510421752930e-01 1.185432169586420059e-02
3.348277807235717773e-01 1.245207060128450394e-02
3.544672727584838867e-01 1.406354084610939026e-02
3.608023226261138916e-01 1.455332245677709579e-02
3.625222742557525635e-01 1.468377001583576202e-02
3.706307709217071533e-01 1.528417505323886871e-02
3.863221406936645508e-01 1.637784205377101898e-02
3.973411619663238525e-01 1.709206774830818176e-02
4.043367803096771240e-01 1.752246171236038208e-02
4.180530905723571777e-01 1.831436529755592346e-02
4.310405850410461426e-01 1.900070160627365112e-02
4.463613331317901611e-01 1.973093673586845398e-02
4.512952268123626709e-01 1.994780637323856354e-02
4.675166606903076172e-01 2.059801854193210602e-02
4.720611870288848877e-01 2.076291665434837341e-02
5.006159543991088867e-01 2.162685990333557129e-02
5.042620301246643066e-01 2.171586453914642334e-02
5.225589871406555176e-01 2.209027670323848724e-02
5.296014547348022461e-01 2.220247685909271240e-02
5.444737076759338379e-01 2.238180302083492279e-02
5.599266290664672852e-01 2.248634397983551025e-02
5.658743977546691895e-01 2.250469103455543518e-02
5.802921652793884277e-01 2.249952405691146851e-02
5.991626381874084473e-01 2.238874882459640503e-02
6.119322776794433594e-01 2.224868722259998322e-02
6.186977624893188477e-01 2.215370349586009979e-02
6.208799481391906738e-01 2.212003618478775024e-02
6.386473774909973145e-01 2.179205045104026794e-02
6.585407257080078125e-01 2.131407149136066437e-02
6.689266562461853027e-01 2.101962268352508545e-02
6.793379783630371094e-01 2.069442719221115112e-02
6.925426125526428223e-01 2.023974061012268066e-02
7.025247216224670410e-01 1.986536383628845215e-02
7.124419808387756348e-01 1.946780458092689514e-02
7.382919788360595703e-01 1.831457763910293579e-02
7.490710020065307617e-01 1.778480596840381622e-02
7.573955059051513672e-01 1.735629141330718994e-02
7.796995639801025391e-01 1.612561382353305817e-02
7.916464805603027344e-01 1.541707850992679596e-02
8.107282519340515137e-01 1.421344000846147537e-02
8.143881559371948242e-01 1.397232431918382645e-02
8.322629928588867188e-01 1.274619903415441513e-02
8.467043042182922363e-01 1.169477496296167374e-02
8.612448573112487793e-01 1.057798694819211960e-02
8.672137260437011719e-01 1.010168250650167465e-02
8.820146322250366211e-01 8.872358128428459167e-03
8.886979222297668457e-01 8.293121121823787689e-03
9.073289036750793457e-01 6.588496733456850052e-03
9.174304604530334473e-01 5.600545555353164673e-03
9.351782798767089844e-01 3.726609284058213234e-03
9.536564946174621582e-01 1.511001260951161385e-03
9.680313467979431152e-01 -5.198600119911134243e-04
9.713367819786071777e-01 -1.038778806105256081e-03
9.725919961929321289e-01 -1.240220037288963795e-03
9.735028147697448730e-01 -1.387455849908292294e-03
