9.665539264678955078e-01 5.218331236392259598e-03
9.662111401557922363e-01 5.408360157161951065e-03
9.609465003013610840e-01 8.047658018767833710e-03
9.534090757369995117e-01 1.137381326407194138e-02
9.382696747779846191e-01 1.733897253870964050e-02
9.240072369575500488e-01 2.246617339551448822e-02
9.095771312713623047e-01 2.733365073800086975e-02
9.041853547096252441e-01 2.908657491207122803e-02
8.885631561279296875e-01 3.399581089615821838e-02
8.746943473815917969e-01 3.817018494009971619e-02
8.595737814903259277e-01 4.255134612321853638e-02
8.492689132690429688e-01 4.544588178396224976e-02
8.327971696853637695e-01 4.993278533220291138e-02
8.199965953826904297e-01 5.330960452556610107e-02
8.046854734420776367e-01 5.723148211836814880e-02
7.966971993446350098e-01 5.922945216298103333e-02
7.855209708213806152e-01 6.197158992290496826e-02
7.709238529205322266e-01 6.546310335397720337e-02
7.558642625808715820e-01 6.896228343248367310e-02
7.502488493919372559e-01 7.024106383323669434e-02
7.376167774200439453e-01 7.306695729494094849e-02
7.124643325805664062e-01 7.848879694938659668e-02
6.946879029273986816e-01 8.215794712305068970e-02
6.858152747154235840e-01 8.393890410661697388e-02
6.651409268379211426e-01 8.795686811208724976e-02
6.585116386413574219e-01 8.920534700155258179e-02
6.485391855239868164e-01 9.104631841182708740e-02
6.435757279396057129e-01 9.194563329219818115e-02
6.303836107254028320e-01 9.427941590547561646e-02
6.096596121788024902e-01 9.777346998453140259e-02
5.970206856727600098e-01 9.979519248008728027e-02
5.894361138343811035e-01 1.009664833545684814e-01
5.779257416725158691e-01 1.026814728975296021e-01
5.662099123001098633e-01 1.043459996581077576e-01
5.507742762565612793e-01 1.064073219895362854e-01
5.433335304260253906e-01 1.073449254035949707e-01
5.348460674285888672e-01 1.083678752183914185e-01
5.271396040916442871e-01 1.092523559927940369e-01
5.131617188453674316e-01 1.107449382543563843e-01
5.076684951782226562e-01 1.112907230854034424e-01
4.961526989936828613e-01 1.123575270175933838e-01
4.888368546962738037e-01 1.129793152213096619e-01
4.820761084556579590e-01 1.135143190622329712e-01
4.731716513633728027e-01 1.141594871878623962e-01
4.472450613975524902e-01 1.156386509537696838e-01
4.377571642398834229e-01 1.160260364413261414e-01
4.334899485111236572e-01 1.161725521087646484e-01
4.250908493995666504e-01 1.164101436734199524e-01
4.159821569919586182e-01 1.165906190872192383e-01
4.065631330013275146e-01 1.166913732886314392e-01
3.950260579586029053e-01 1.166942343115806580e-01
3.885923326015472412e-01 1.166373789310455322e-01
3.743306398391723633e-01 1.163602620363235474e-01
3.627960681915283203e-01 1.159818917512893677e-01
3.593467473983764648e-01 1.158416792750358582e-01
3.514095842838287354e-01 1.154713854193687439e-01
3.430351912975311279e-01 1.150082349777221680e-01
3.343444764614105225e-01 1.144482940435409546e-01
3.196727335453033447e-01 1.133182868361473083e-01
3.123567104339599609e-01 1.126673743128776550e-01
3.027506172657012939e-01 1.117236167192459106e-01
2.940911054611206055e-01 1.107855662703514099e-01
2.831107974052429199e-01 1.094761192798614502e-01
2.696516811847686768e-01 1.076863259077072144e-01
2.576941549777984619e-01 1.059234514832496643e-01
2.476059645414352417e-01 1.043081805109977722e-01
2.352222651243209839e-01 1.021628752350807190e-01
2.335994243621826172e-01 1.018683761358261108e-01
2.284396141767501831e-01 1.009110733866691589e-01
2.224510014057159424e-01 9.975995868444442749e-02
2.144640833139419556e-01 9.815707057714462280e-02
2.044538855552673340e-01 9.603736549615859985e-02
1.940187960863113403e-01 9.369389712810516357e-02
1.728042811155319214e-01 8.849387615919113159e-02
1.591320037841796875e-01 8.481892943382263184e-02
1.463536173105239868e-01 8.114154636859893799e-02
1.379769742488861084e-01 7.859710603952407837e-02
1.255317777395248413e-01 7.460991293191909790e-02
1.179680749773979187e-01 7.205893099308013916e-02
1.106014847755432129e-01 6.947594135999679565e-02
9.700839221477508545e-02 6.443549692630767822e-02
9.150924533605575562e-02 6.228742748498916626e-02
7.847726345062255859e-02 5.691860616207122803e-02
6.744258850812911987e-02 5.202944204211235046e-02
6.052637845277786255e-02 4.878115281462669373e-02
4.734859988093376160e-02 4.212851822376251221e-02
3.707221895456314087e-02 3.642621263861656189e-02
2.916324697434902191e-02 3.164437413215637207e-02
1.726388558745384216e-02 2.356131561100482941e-02
1.256471779197454453e-02 1.995381154119968414e-02
9.692917577922344208e-03 1.758367754518985748e-02
5.336219910532236099e-03 1.365865115076303482e-02
2.341219224035739899e-03 1.062723621726036072e-02
-1.533948088763281703e-04 7.764155045151710510e-03
-3.213608404621481895e-03 3.380484646186232567e-03
-3.932917024940252304e-03 2.020030980929732323e-03
-4.511696752160787582e-03 6.721200770698487759e-04
-4.896690137684345245e-03 -5.278632161207497120e-04
-5.164848640561103821e-03 -1.959102461114525795e-03
-5.202069878578186035e-03 -3.036191221326589584e-03
-4.738867282867431641e-03 -5.151338409632444382e-03
-3.887566272169351578e-03 -6.572662852704524994e-03
-2.405218547210097313e-03 -8.000287227332592010e-03
1.907462574308738112e-04 -9.533654898405075073e-03
2.883155364543199539e-03 -1.060800533741712570e-02
1.010528672486543655e-02 -1.248922850936651230e-02
1.801266334950923920e-02 -1.385916024446487427e-02
2.327785640954971313e-02 -1.458744984120130539e-02
4.177517071366310120e-02 -1.657381094992160797e-02
4.923085123300552368e-02 -1.721216924488544464e-02
5.760950222611427307e-02 -1.784374751150608063e-02
6.786958873271942139e-02 -1.850201562047004700e-02
8.063724637031555176e-02 -1.914923638105392456e-02
9.389088302850723267e-02 -1.961930841207504272e-02
1.135178878903388977e-01 -1.993209309875965118e-02
1.292304098606109619e-01 -1.984845288097858429e-02
1.385904103517532349e-01 -1.965728960931301117e-02
1.492106914520263672e-01 -1.931362412869930267e-02
1.613117307424545288e-01 -1.876046136021614075e-02
1.678217798471450806e-01 -1.839314214885234833e-02
1.821922659873962402e-01 -1.741500943899154663e-02
2.075326740741729736e-01 -1.516190730035305023e-02
2.128362804651260376e-01 -1.461105048656463623e-02
2.277120053768157959e-01 -1.293259486556053162e-02
2.483477294445037842e-01 -1.030994299799203873e-02
2.629298865795135498e-01 -8.279176428914070129e-03
2.826859951019287109e-01 -5.337143316864967346e-03
2.865856587886810303e-01 -4.734736401587724686e-03
2.946301102638244629e-01 -3.473120275884866714e-03
3.001988530158996582e-01 -2.586492570117115974e-03
3.068065047264099121e-01 -1.522333361208438873e-03
3.154754340648651123e-01 -1.096338892239145935e-04
3.301661908626556396e-01 2.314865123480558395e-03
3.409467339515686035e-01 4.107090178877115250e-03
3.512049615383148193e-01 5.813446361571550369e-03
3.558833003044128418e-01 6.589825730770826340e-03
3.668885827064514160e-01 8.406364358961582184e-03
3.719671666622161865e-01 9.238013066351413727e-03
3.754003047943115234e-01 9.797190316021442413e-03
3.909261524677276611e-01 1.228727493435144424e-02
3.957647681236267090e-01 1.304773334413766861e-02
4.016189575195312500e-01 1.395606901496648788e-02
4.124711453914642334e-01 1.560168527066707611e-02
4.225604236125946045e-01 1.708115451037883759e-02
4.260256290435791016e-01 1.757690683007240295e-02
4.319374561309814453e-01 1.840698346495628357e-02
4.366272985935211182e-01 1.905080117285251617e-02
4.440346658229827881e-01 2.003970183432102203e-02
4.645604193210601807e-01 2.258594334125518799e-02
4.812406897544860840e-01 2.442633360624313354e-02
4.848202168941497803e-01 2.479296922683715820e-02
4.895835816860198975e-01 2.526498213410377502e-02
4.990653693675994873e-01 2.614999935030937195e-02
5.034985542297363281e-01 2.653868868947029114e-02
5.139284729957580566e-01 2.738995291292667389e-02
5.214186906814575195e-01 2.794679068028926849e-02
5.303410887718200684e-01 2.855139784514904022e-02
5.373817086219787598e-01 2.898421697318553925e-02
5.475744009017944336e-01 2.954346314072608948e-02
5.551725029945373535e-01 2.991010434925556183e-02
5.605807304382324219e-01 3.014579415321350098e-02
5.759223103523254395e-01 3.070510737597942352e-02
5.861381292343139648e-01 3.099276311695575714e-02
5.903860330581665039e-01 3.109351359307765961e-02
6.084676980972290039e-01 3.140608966350555420e-02
6.170488595962524414e-01 3.149240836501121521e-02
6.295533776283264160e-01 3.155191987752914429e-02
6.420936584472656250e-01 3.153737634420394897e-02
6.532056927680969238e-01 3.146606311202049255e-02
6.636788845062255859e-01 3.135116770863533020e-02
6.720133423805236816e-01 3.122800774872303009e-02
6.783947348594665527e-01 3.111526556313037872e-02
6.930605173110961914e-01 3.079737722873687744e-02
7.148000001907348633e-01 3.018045239150524139e-02
7.332643866539001465e-01 2.952350862324237823e-02
7.421028614044189453e-01 2.916622720658779144e-02
7.572153210639953613e-01 2.849075943231582642e-02
7.694846391677856445e-01 2.788155339658260345e-02
7.923697829246520996e-01 2.659421414136886597e-02
8.080176115036010742e-01 2.559439279139041901e-02
8.279829621315002441e-01 2.416456490755081177e-02
8.341089487075805664e-01 2.368827722966670990e-02
8.487458825111389160e-01 2.247156389057636261e-02
8.592257499694824219e-01 2.152589149773120880e-02
8.811710476875305176e-01 1.930871419608592987e-02
8.966893553733825684e-01 1.750309579074382782e-02
9.076734781265258789e-01 1.607167348265647888e-02
9.193727970123291016e-01 1.436665561050176620e-02
9.454115629196166992e-01 9.505776688456535339e-03
9.616054296493530273e-01 4.895709455013275146e-03
9.635096192359924316e-01 4.181471187621355057e-03
9.655461907386779785e-01 3.355704247951507568e-03
