9.736216664314270020e-01 1.009555067867040634e-02
9.734405875205993652e-01 1.022428739815950394e-02
9.719605445861816406e-01 1.121744420379400253e-02
9.686269760131835938e-01 1.323776785284280777e-02
9.553008675575256348e-01 2.017502859234809875e-02
9.450943470001220703e-01 2.490203268826007843e-02
9.414499402046203613e-01 2.651125006377696991e-02
9.398058056831359863e-01 2.722586877644062042e-02
9.293807148933410645e-01 3.161082044243812561e-02
9.263228178024291992e-01 3.285406157374382019e-02
9.140830039978027344e-01 3.766417875885963440e-02
9.094694852828979492e-01 3.941480070352554321e-02
9.037231206893920898e-01 4.155185446143150330e-02
8.971792459487915039e-01 4.393097758293151855e-02
8.814504146575927734e-01 4.943281412124633789e-02
8.782356381416320801e-01 5.052266642451286316e-02
8.696550726890563965e-01 5.337785184383392334e-02
8.566199541091918945e-01 5.757512897253036499e-02
8.466070294380187988e-01 6.069258973002433777e-02
8.439618349075317383e-01 6.150145083665847778e-02
8.311682343482971191e-01 6.533128023147583008e-02
8.184394240379333496e-01 6.901278346776962280e-02
8.025985360145568848e-01 7.342686504125595093e-02
7.947227358818054199e-01 7.555609941482543945e-02
7.810579538345336914e-01 7.915250957012176514e-02
7.784271836280822754e-01 7.983113825321197510e-02
7.676302790641784668e-01 8.257095515727996826e-02
7.600052952766418457e-01 8.446314930915832520e-02
7.479208707809448242e-01 8.739157021045684814e-02
7.402835488319396973e-01 8.919903635978698730e-02
7.301156520843505859e-01 9.155447036027908325e-02
7.236951589584350586e-01 9.301234781742095947e-02
7.136386632919311523e-01 9.525074064731597900e-02
7.044546604156494141e-01 9.724725782871246338e-02
6.886601448059082031e-01 1.005756035447120667e-01
6.793971061706542969e-01 1.024660691618919373e-01
6.745206713676452637e-01 1.034430041909217834e-01
6.637057662010192871e-01 1.055645421147346497e-01
6.431624889373779297e-01 1.094219163060188293e-01
6.373880505561828613e-01 1.104648336768150330e-01
6.289267539978027344e-01 1.119599938392639160e-01
6.209143996238708496e-01 1.133390963077545166e-01
6.041927933692932129e-01 1.160997077822685242e-01
5.772661566734313965e-01 1.202001422643661499e-01
5.735729932785034180e-01 1.207282617688179016e-01
5.684467554092407227e-01 1.214472427964210510e-01
5.542499423027038574e-01 1.233517080545425415e-01
5.503131151199340820e-01 1.238568276166915894e-01
5.313580036163330078e-01 1.261456161737442017e-01
5.175780057907104492e-01 1.276563405990600586e-01
4.903386831283569336e-01 1.302462965250015259e-01
4.780042469501495361e-01 1.312392652034759521e-01
4.576993882656097412e-01 1.326194107532501221e-01
4.367801845073699951e-01 1.336976289749145508e-01
4.289706349372863770e-01 1.340077966451644897e-01
3.951084315776824951e-01 1.347457915544509888e-01
3.850856721401214600e-01 1.347683519124984741e-01
3.803257346153259277e-01 1.347466707229614258e-01
3.352862298488616943e-01 1.334622651338577271e-01
3.321066200733184814e-01 1.332948356866836548e-01
3.146152794361114502e-01 1.321830749511718750e-01
2.960796356201171875e-01 1.306405812501907349e-01
2.906486988067626953e-01 1.301149278879165649e-01
2.746861875057220459e-01 1.283688545227050781e-01
2.606351375579833984e-01 1.265743225812911987e-01
2.556224465370178223e-01 1.258734315633773804e-01
2.399435490369796753e-01 1.234665364027023315e-01
2.384209781885147095e-01 1.232150048017501831e-01
2.290208786725997925e-01 1.215895339846611023e-01
2.171775251626968384e-01 1.193583905696868896e-01
2.016447633504867554e-01 1.161045283079147339e-01
1.891352236270904541e-01 1.131950244307518005e-01
1.807761192321777344e-01 1.110971495509147644e-01
1.727398335933685303e-01 1.089572906494140625e-01
1.629575341939926147e-01 1.061800420284271240e-01
1.501425057649612427e-01 1.022334694862365723e-01
1.394429206848144531e-01 9.864575415849685669e-02
1.301210969686508179e-01 9.528113156557083130e-02
1.137907207012176514e-01 8.878140896558761597e-02
1.092227175831794739e-01 8.680906146764755249e-02
1.008476614952087402e-01 8.299552649259567261e-02
9.556287527084350586e-02 8.044634014368057251e-02
8.498881757259368896e-02 7.497144490480422974e-02
7.930260151624679565e-02 7.179513573646545410e-02
6.412779539823532104e-02 6.235039234161376953e-02
5.743246525526046753e-02 5.763756856322288513e-02
5.269135907292366028e-02 5.405043810606002808e-02
4.259189218282699585e-02 4.555818811058998108e-02
3.847242891788482666e-02 4.168499261140823364e-02
3.356176242232322693e-02 3.667468950152397156e-02
2.726736664772033691e-02 2.946180850267410278e-02
2.441851049661636353e-02 2.582220733165740967e-02
2.215692214667797089e-02 2.272095158696174622e-02
1.742760464549064636e-02 1.543171796947717667e-02
1.569244451820850372e-02 1.238030381500720978e-02
1.304151955991983414e-02 7.077946793287992477e-03
1.259026769548654556e-02 6.060541607439517975e-03
1.195138040930032730e-02 4.533063620328903198e-03
9.894368238747119904e-03 -1.873598666861653328e-03
9.550072252750396729e-03 -3.763109212741255760e-03
9.442696347832679749e-03 -7.305114064365625381e-03
1.039906498044729233e-02 -1.056431420147418976e-02
1.220717467367649078e-02 -1.286468748003244400e-02
1.556807477027177811e-02 -1.513125281780958176e-02
1.729990728199481964e-02 -1.594867371022701263e-02
2.373566292226314545e-02 -1.821014657616615295e-02
3.038013167679309845e-02 -1.998808793723583221e-02
4.273818805813789368e-02 -2.273954078555107117e-02
5.302417650818824768e-02 -2.475116215646266937e-02
6.544785201549530029e-02 -2.694624848663806915e-02
7.730869203805923462e-02 -2.882119826972484589e-02
8.515855669975280762e-02 -2.994255162775516510e-02
9.458169341087341309e-02 -3.115931525826454163e-02
1.006883382797241211e-01 -3.187070041894912720e-02
1.094342917203903198e-01 -3.278176486492156982e-02
1.258382946252822876e-01 -3.414259105920791626e-02
1.503575891256332397e-01 -3.532837703824043274e-02
1.606928855180740356e-01 -3.553068637847900391e-02
1.668026000261306763e-01 -3.557038307189941406e-02
1.734177321195602417e-01 -3.554836660623550415e-02
1.999603360891342163e-01 -3.482226282358169556e-02
2.095855772495269775e-01 -3.432685881853103638e-02
2.144319713115692139e-01 -3.403481096029281616e-02
2.199377715587615967e-01 -3.367013856768608093e-02
2.443411201238632202e-01 -3.167082741856575012e-02
2.579206228256225586e-01 -3.032102063298225403e-02
2.876732945442199707e-01 -2.689335867762565613e-02
2.937124967575073242e-01 -2.613262087106704712e-02
2.982670664787292480e-01 -2.554671280086040497e-02
3.065278232097625732e-01 -2.445960976183414459e-02
3.136363029479980469e-01 -2.350118570029735565e-02
3.253285288810729980e-01 -2.188472263514995575e-02
3.393625915050506592e-01 -1.988988928496837616e-02
3.596248626708984375e-01 -1.693223975598812103e-02
3.747958838939666748e-01 -1.467828266322612762e-02
3.827187120914459229e-01 -1.349331811070442200e-02
3.953221142292022705e-01 -1.160292886197566986e-02
4.037568569183349609e-01 -1.033711712807416916e-02
4.128488302230834961e-01 -8.974692784249782562e-03
4.268602728843688965e-01 -6.884276401251554489e-03
4.296829998493194580e-01 -6.465068552643060684e-03
4.427836835384368896e-01 -4.530832171440124512e-03
4.507710039615631104e-01 -3.362347837537527084e-03
4.663423001766204834e-01 -1.113083912059664726e-03
4.911886155605316162e-01 2.380413236096501350e-03
4.936579167842864990e-01 2.720308955758810043e-03
5.047404170036315918e-01 4.227690864354372025e-03
5.142903923988342285e-01 5.501926410943269730e-03
5.276502370834350586e-01 7.243745960295200348e-03
5.462298989295959473e-01 9.582069702446460724e-03
5.586208701133728027e-01 1.108432374894618988e-02
5.623500347137451172e-01 1.152718253433704376e-02
5.681934952735900879e-01 1.221237611025571823e-02
5.865613818168640137e-01 1.429520826786756516e-02
5.967900753021240234e-01 1.540760323405265808e-02
6.008493900299072266e-01 1.583950035274028778e-02
6.061154603958129883e-01 1.639164611697196960e-02
6.264827847480773926e-01 1.843952946364879608e-02
6.425321698188781738e-01 1.995358243584632874e-02
6.532571911811828613e-01 2.091535925865173340e-02
6.725445985794067383e-01 2.254135906696319580e-02
6.886122822761535645e-01 2.379043959081172943e-02
7.387622594833374023e-01 2.700912952423095703e-02
7.511853575706481934e-01 2.762829512357711792e-02
7.637919187545776367e-01 2.817478962242603302e-02
7.665232419967651367e-01 2.828176692128181458e-02
7.756155729293823242e-01 2.860715799033641815e-02
7.817727923393249512e-01 2.879969775676727295e-02
7.933452725410461426e-01 2.909738011658191681e-02
8.118422031402587891e-01 2.938478998839855194e-02
8.306323289871215820e-01 2.941039204597473145e-02
8.410816192626953125e-01 2.929327450692653656e-02
8.477844595909118652e-01 2.916343882679939270e-02
8.559800982475280762e-01 2.894178964197635651e-02
8.700394630432128906e-01 2.838356234133243561e-02
8.868126273155212402e-01 2.737548574805259705e-02
8.901094198226928711e-01 2.712676674127578735e-02
9.013109803199768066e-01 2.613706141710281372e-02
9.135046005249023438e-01 2.476373128592967987e-02
9.181480407714843750e-01 2.414404600858688354e-02
9.273512959480285645e-01 2.272517792880535126e-02
9.316219687461853027e-01 2.196662873029708862e-02
9.404085278511047363e-01 2.015919610857963562e-02
9.479717612266540527e-01 1.826762966811656952e-02
9.507247805595397949e-01 1.748101599514484406e-02
9.531331062316894531e-01 1.674122735857963562e-02
9.600467085838317871e-01 1.428797375410795212e-02
9.637619853019714355e-01 1.270943600684404373e-02
9.692854881286621094e-01 9.878033772110939026e-03
9.751463532447814941e-01 5.901270080357789993e-03
9.756669998168945312e-01 5.478321574628353119e-03
9.766316413879394531e-01 4.656125325709581375e-03
