9.621178507804870605e-01 3.814440569840371609e-04
9.608997106552124023e-01 2.932071802206337452e-04
9.564893841743469238e-01 6.343855056911706924e-05
9.415706992149353027e-01 -1.902330550365149975e-04
9.170637130737304688e-01 1.218736288137733936e-04
9.044110774993896484e-01 4.635636869352310896e-04
8.769770860671997070e-01 1.471302704885601997e-03
8.663535714149475098e-01 1.940943766385316849e-03
8.453047871589660645e-01 2.985224127769470215e-03
8.339712023735046387e-01 3.607456805184483528e-03
8.180335164070129395e-01 4.552789963781833649e-03
8.115407824516296387e-01 4.961736500263214111e-03
8.015149831771850586e-01 5.620915442705154419e-03
7.883183956146240234e-01 6.541286129504442215e-03
7.776334285736083984e-01 7.331979461014270782e-03
7.710400223731994629e-01 7.840883918106555939e-03
7.562593221664428711e-01 9.041952900588512421e-03
7.379283308982849121e-01 1.065206434577703476e-02
7.300642728805541992e-01 1.138517074286937714e-02
7.201583385467529297e-01 1.234567631036043167e-02
6.791421771049499512e-01 1.676895469427108765e-02
6.704260706901550293e-01 1.780052296817302704e-02
6.611780524253845215e-01 1.892883889377117157e-02
6.518107652664184570e-01 2.010606601834297180e-02
6.348878145217895508e-01 2.231594920158386230e-02
6.273938417434692383e-01 2.332665398716926575e-02
5.969677567481994629e-01 2.760757133364677429e-02
5.888515114784240723e-01 2.879123389720916748e-02
5.811261534690856934e-01 2.993161045014858246e-02
5.709271430969238281e-01 3.145520761609077454e-02
5.582846403121948242e-01 3.336807712912559509e-02
5.510825514793395996e-01 3.446766734123229980e-02
5.406907200813293457e-01 3.606406971812248230e-02
5.263549089431762695e-01 3.827975690364837646e-02
5.136903524398803711e-01 4.024363309144973755e-02
5.096437931060791016e-01 4.087139293551445007e-02
4.974882900714874268e-01 4.275498539209365845e-02
4.917677640914916992e-01 4.363923519849777222e-02
4.788632094860076904e-01 4.562505334615707397e-02
4.696428477764129639e-01 4.703358188271522522e-02
4.526357352733612061e-01 4.960041493177413940e-02
4.424076676368713379e-01 5.111952871084213257e-02
4.289649128913879395e-01 5.308144167065620422e-02
4.150746166706085205e-01 5.506005510687828064e-02
4.043309688568115234e-01 5.655126646161079407e-02
3.992087244987487793e-01 5.724890530109405518e-02
3.890656828880310059e-01 5.860285088419914246e-02
3.838439583778381348e-01 5.928467586636543274e-02
3.754912316799163818e-01 6.035238504409790039e-02
3.654923737049102783e-01 6.159089878201484680e-02
3.555009067058563232e-01 6.278210133314132690e-02
3.486451208591461182e-01 6.357077509164810181e-02
3.420234620571136475e-01 6.430912762880325317e-02
3.358871936798095703e-01 6.497183442115783691e-02
3.299641013145446777e-01 6.559112668037414551e-02
3.254262804985046387e-01 6.605150550603866577e-02
3.148948550224304199e-01 6.707073748111724854e-02
3.049715459346771240e-01 6.796488910913467407e-02
2.980689406394958496e-01 6.854682415723800659e-02
2.876934409141540527e-01 6.935644894838333130e-02
2.763721644878387451e-01 7.014567404985427856e-02
2.689523994922637939e-01 7.060664147138595581e-02
2.616913020610809326e-01 7.101258635520935059e-02
2.554836571216583252e-01 7.132282853126525879e-02
2.435650229454040527e-01 7.181885093450546265e-02
2.385207265615463257e-01 7.198767364025115967e-02
2.296263277530670166e-01 7.222296297550201416e-02
2.197239100933074951e-01 7.238711416721343994e-02
2.077431231737136841e-01 7.243974506855010986e-02
2.006659656763076782e-01 7.239153236150741577e-02
1.970063447952270508e-01 7.234243303537368774e-02
1.812301278114318848e-01 7.193179428577423096e-02
1.725050210952758789e-01 7.155739516019821167e-02
1.618779301643371582e-01 7.094818353652954102e-02
1.555260121822357178e-01 7.049874216318130493e-02
1.418760269880294800e-01 6.929982453584671021e-02
1.357862502336502075e-01 6.865511089563369751e-02
1.264665424823760986e-01 6.752634048461914062e-02
1.128098219633102417e-01 6.553425639867782593e-02
1.045747026801109314e-01 6.411924213171005249e-02
9.662097692489624023e-02 6.258440762758255005e-02
8.700609207153320312e-02 6.048790365457534790e-02
8.027069270610809326e-02 5.884766206145286560e-02
7.187592238187789917e-02 5.658586323261260986e-02
6.430416554212570190e-02 5.431910604238510132e-02
5.478369817137718201e-02 5.112877115607261658e-02
4.583236947655677795e-02 4.773970693349838257e-02
3.961948305368423462e-02 4.513693600893020630e-02
3.420794382691383362e-02 4.268318042159080505e-02
2.886404097080230713e-02 4.007171466946601868e-02
1.844715140759944916e-02 3.436169400811195374e-02
9.528687223792076111e-03 2.868210338056087494e-02
2.880075247958302498e-03 2.383271604776382446e-02
-1.359758083708584309e-03 2.038061805069446564e-02
-6.008103489875793457e-03 1.615872979164123535e-02
-8.270983584225177765e-03 1.387870498001575470e-02
-1.100624911487102509e-02 1.083885040134191513e-02
-1.373772509396076202e-02 7.322173565626144409e-03
-1.676299981772899628e-02 2.185364486649632454e-03
-1.788159087300300598e-02 -7.597669609822332859e-04
-1.846650056540966034e-02 -3.735949750989675522e-03
-1.847716607153415680e-02 -6.207119673490524292e-03
-1.793777756392955780e-02 -8.905362337827682495e-03
-1.584529317915439606e-02 -1.307754125446081161e-02
-1.200199965387582779e-02 -1.731619425117969513e-02
-9.065134450793266296e-03 -1.967299357056617737e-02
-6.465362850576639175e-03 -2.144433185458183289e-02
-3.032826585695147514e-03 -2.348891086876392365e-02
1.325865648686885834e-02 -3.078835271298885345e-02
1.997159980237483978e-02 -3.313766419887542725e-02
2.927542291581630707e-02 -3.600767254829406738e-02
5.109174922108650208e-02 -4.151796922087669373e-02
6.116218119859695435e-02 -4.364326596260070801e-02
7.864318042993545532e-02 -4.687075689435005188e-02
9.784210473299026489e-02 -4.987867549061775208e-02
1.167310178279876709e-01 -5.240473896265029907e-02
1.359594315290451050e-01 -5.461789667606353760e-02
1.489637941122055054e-01 -5.594083666801452637e-02
1.699235737323760986e-01 -5.781910568475723267e-02
1.788224130868911743e-01 -5.853161588311195374e-02
1.993473172187805176e-01 -6.000306084752082825e-02
2.044319957494735718e-01 -6.033309549093246460e-02
2.076928019523620605e-01 -6.053795292973518372e-02
2.268339395523071289e-01 -6.163837388157844543e-02
2.560438215732574463e-01 -6.300827115774154663e-02
2.680100202560424805e-01 -6.347059458494186401e-02
2.804212570190429688e-01 -6.389331817626953125e-02
2.942215502262115479e-01 -6.429830193519592285e-02
3.048398196697235107e-01 -6.456486880779266357e-02
3.153645694255828857e-01 -6.479166448116302490e-02
3.256813585758209229e-01 -6.497867405414581299e-02
3.316834568977355957e-01 -6.507174670696258545e-02
3.396211564540863037e-01 -6.517731398344039917e-02
3.479720056056976318e-01 -6.526716798543930054e-02
3.583199083805084229e-01 -6.534884124994277954e-02
3.685943484306335449e-01 -6.539798527956008911e-02
3.871231377124786377e-01 -6.540781259536743164e-02
3.994407355785369873e-01 -6.535945832729339600e-02
4.124968647956848145e-01 -6.526141613721847534e-02
4.224005043506622314e-01 -6.515553593635559082e-02
4.500879645347595215e-01 -6.471931189298629761e-02
4.548917412757873535e-01 -6.462317705154418945e-02
4.652207493782043457e-01 -6.439656764268875122e-02
4.706946313381195068e-01 -6.426565349102020264e-02
4.880611002445220947e-01 -6.380210071802139282e-02
4.943833351135253906e-01 -6.361564993858337402e-02
5.029222369194030762e-01 -6.334935128688812256e-02
5.251373648643493652e-01 -6.258187443017959595e-02
5.350558161735534668e-01 -6.220623850822448730e-02
5.459758043289184570e-01 -6.177055090665817261e-02
5.549842119216918945e-01 -6.139441207051277161e-02
5.635591149330139160e-01 -6.102293729782104492e-02
5.720313191413879395e-01 -6.064352020621299744e-02
5.741509199142456055e-01 -6.054672226309776306e-02
5.971680283546447754e-01 -5.944918841123580933e-02
6.029092669486999512e-01 -5.916253477334976196e-02
6.111798882484436035e-01 -5.874074250459671021e-02
6.270934343338012695e-01 -5.789971351623535156e-02
6.395291090011596680e-01 -5.721477419137954712e-02
6.446818709373474121e-01 -5.692351981997489929e-02
6.525111794471740723e-01 -5.647221580147743225e-02
6.654558181762695312e-01 -5.570141598582267761e-02
6.765345335006713867e-01 -5.501509457826614380e-02
6.775029301643371582e-01 -5.495383590459823608e-02
6.982473134994506836e-01 -5.358736217021942139e-02
7.088259458541870117e-01 -5.284572020173072815e-02
7.169273495674133301e-01 -5.225421488285064697e-02
7.302463650703430176e-01 -5.123198404908180237e-02
7.370886802673339844e-01 -5.068019032478332520e-02
7.417353987693786621e-01 -5.029418319463729858e-02
7.578924894332885742e-01 -4.887380078434944153e-02
7.651860117912292480e-01 -4.818872362375259399e-02
7.772703170776367188e-01 -4.698584228754043579e-02
7.799490094184875488e-01 -4.670685157179832458e-02
7.985410094261169434e-01 -4.463231563568115234e-02
8.038475513458251953e-01 -4.399174079298973083e-02
8.134515881538391113e-01 -4.277119413018226624e-02
8.227081894874572754e-01 -4.151377454400062561e-02
8.404298424720764160e-01 -3.885449469089508057e-02
8.475533127784729004e-01 -3.768026828765869141e-02
8.599287867546081543e-01 -3.547592833638191223e-02
8.644974231719970703e-01 -3.460439294576644897e-02
8.728015422821044922e-01 -3.293214365839958191e-02
8.778067827224731445e-01 -3.186522796750068665e-02
8.949424624443054199e-01 -2.783159166574478149e-02
9.032323956489562988e-01 -2.564024180173873901e-02
9.156488776206970215e-01 -2.202175185084342957e-02
9.285610318183898926e-01 -1.780562102794647217e-02
9.466034173965454102e-01 -1.138239353895187378e-02
9.567222595214843750e-01 -7.935003377497196198e-03
9.610725641250610352e-01 -6.575561594218015671e-03
9.638745784759521484e-01 -5.742937326431274414e-03
