9.640185832977294922e-01 7.656129077076911926e-03
9.635226130485534668e-01 8.045117370784282684e-03
9.603541493415832520e-01 1.025053579360246658e-02
9.533505439758300781e-01 1.422053389251232147e-02
9.369220733642578125e-01 2.157072350382804871e-02
9.274302124977111816e-01 2.519610710442066193e-02
9.072414636611938477e-01 3.204430267214775085e-02
9.008657336235046387e-01 3.402394801378250122e-02
8.922952413558959961e-01 3.657342121005058289e-02
8.836045265197753906e-01 3.904148191213607788e-02
8.645635843276977539e-01 4.409020021557807922e-02
8.563312888145446777e-01 4.613705724477767944e-02
8.435807228088378906e-01 4.916171729564666748e-02
8.338021039962768555e-01 5.136929079890251160e-02
8.176652789115905762e-01 5.481436848640441895e-02
8.092919588088989258e-01 5.651013925671577454e-02
7.978597283363342285e-01 5.872902274131774902e-02
7.863867282867431641e-01 6.084838509559631348e-02
7.781197428703308105e-01 6.231091544032096863e-02
7.712400555610656738e-01 6.348799169063568115e-02
7.538685798645019531e-01 6.630279123783111572e-02
7.436752915382385254e-01 6.785266101360321045e-02
7.193672657012939453e-01 7.125659286975860596e-02
7.114567756652832031e-01 7.227822393178939819e-02
6.939570903778076172e-01 7.439296692609786987e-02
6.884878277778625488e-01 7.501357793807983398e-02
6.774405837059020996e-01 7.620994746685028076e-02
6.694015264511108398e-01 7.703303545713424683e-02
6.553350687026977539e-01 7.837881147861480713e-02
6.460247635841369629e-01 7.920464873313903809e-02
6.292880177497863770e-01 8.056191354990005493e-02
6.134921908378601074e-01 8.169613033533096313e-02
6.047992110252380371e-01 8.226085454225540161e-02
5.973615050315856934e-01 8.271098136901855469e-02
5.847738981246948242e-01 8.340452611446380615e-02
5.772516727447509766e-01 8.377852290868759155e-02
5.580914020538330078e-01 8.459719270467758179e-02
5.497202873229980469e-01 8.489556610584259033e-02
5.357599854469299316e-01 8.531452715396881104e-02
5.268436670303344727e-01 8.553157001733779907e-02
5.164150595664978027e-01 8.573625981807708740e-02
5.104544758796691895e-01 8.582978695631027222e-02
4.914260506629943848e-01 8.601611852645874023e-02
4.850612580776214600e-01 8.604095131158828735e-02
4.741062223911285400e-01 8.604051172733306885e-02
4.680346846580505371e-01 8.601703494787216187e-02
4.483593404293060303e-01 8.582903444766998291e-02
4.424663484096527100e-01 8.573997765779495239e-02
4.308707714080810547e-01 8.552141487598419189e-02
4.186263680458068848e-01 8.522900938987731934e-02
4.106901586055755615e-01 8.500610291957855225e-02
4.053118526935577393e-01 8.484020084142684937e-02
3.976750075817108154e-01 8.458430320024490356e-02
3.861606717109680176e-01 8.415343612432479858e-02
3.725072145462036133e-01 8.357289433479309082e-02
3.638694584369659424e-01 8.316675573587417603e-02
3.500938415527343750e-01 8.245687186717987061e-02
3.288605809211730957e-01 8.121243119239807129e-02
3.221016824245452881e-01 8.077772706747055054e-02
3.092321157455444336e-01 7.989783585071563721e-02
2.998303174972534180e-01 7.921110838651657104e-02
2.855974435806274414e-01 7.809951156377792358e-02
2.727937698364257812e-01 7.702322304248809814e-02
2.657524347305297852e-01 7.639954239130020142e-02
2.460956126451492310e-01 7.453387230634689331e-02
2.333840727806091309e-01 7.322451472282409668e-02
2.263740003108978271e-01 7.246580719947814941e-02
2.211974412202835083e-01 7.188814878463745117e-02
2.098382562398910522e-01 7.056636363267898560e-02
2.011058181524276733e-01 6.949715316295623779e-02
1.883513182401657104e-01 6.784652173519134521e-02
1.773691028356552124e-01 6.633406877517700195e-02
1.676948964595794678e-01 6.492576748132705688e-02
1.518933326005935669e-01 6.245634704828262329e-02
1.323015689849853516e-01 5.906051397323608398e-02
1.189716309309005737e-01 5.650167167186737061e-02
1.132004037499427795e-01 5.532224103808403015e-02
1.083416864275932312e-01 5.429251864552497864e-02
9.993083775043487549e-02 5.242422595620155334e-02
9.142809361219406128e-02 5.041434615850448608e-02
8.152702450752258301e-02 4.790091887116432190e-02
6.643869727849960327e-02 4.365048184990882874e-02
5.525195226073265076e-02 4.010420292615890503e-02
4.942268133163452148e-02 3.809705004096031189e-02
3.700063750147819519e-02 3.338170051574707031e-02
2.917508594691753387e-02 3.004234470427036285e-02
1.502341963350772858e-02 2.302581071853637695e-02
1.110258512198925018e-02 2.078412845730781555e-02
3.315924666821956635e-03 1.575424149632453918e-02
-1.265670754946768284e-03 1.224520895630121231e-02
-4.710439592599868774e-03 9.102039970457553864e-03
-7.076022680848836899e-03 6.411476060748100281e-03
-8.903576992452144623e-03 3.427133662626147270e-03
-9.581304155290126801e-03 7.060408825054764748e-04
-9.406040422618389130e-03 -7.858633762225508690e-04
-8.942374028265476227e-03 -1.908579957671463490e-03
-7.517883554100990295e-03 -3.642466152086853981e-03
-6.585191935300827026e-03 -4.386410117149353027e-03
-4.839296452701091766e-03 -5.452852696180343628e-03
-3.856419818475842476e-03 -5.941907875239849091e-03
-2.058221027255058289e-03 -6.707676220685243607e-03
3.170222509652376175e-03 -8.390390314161777496e-03
5.322689190506935120e-03 -8.943555876612663269e-03
9.853300638496875763e-03 -9.949848055839538574e-03
1.910792104899883270e-02 -1.159207709133625031e-02
3.662170097231864929e-02 -1.390720903873443604e-02
4.523842409253120422e-02 -1.481939572840929031e-02
5.130920559167861938e-02 -1.539578381925821304e-02
6.869158893823623657e-02 -1.679051481187343597e-02
8.011149615049362183e-02 -1.752399839460849762e-02
9.514476358890533447e-02 -1.828892156481742859e-02
1.024537980556488037e-01 -1.858243905007839203e-02
1.128279417753219604e-01 -1.891436427831649780e-02
1.238490492105484009e-01 -1.916140690445899963e-02
1.339878737926483154e-01 -1.929571107029914856e-02
1.466926485300064087e-01 -1.934280619025230408e-02
1.557307839393615723e-01 -1.929725892841815948e-02
1.666176319122314453e-01 -1.915870979428291321e-02
1.750153005123138428e-01 -1.899180561304092407e-02
1.879899501800537109e-01 -1.863616891205310822e-02
2.016269862651824951e-01 -1.814184337854385376e-02
2.111645638942718506e-01 -1.772754080593585968e-02
2.290152758359909058e-01 -1.681293547153472900e-02
2.329168617725372314e-01 -1.659052446484565735e-02
2.507997453212738037e-01 -1.547752600163221359e-02
2.565202116966247559e-01 -1.509135030210018158e-02
2.729173302650451660e-01 -1.391230989247560501e-02
2.853147089481353760e-01 -1.295716129243373871e-02
2.962384521961212158e-01 -1.207584328949451447e-02
3.024216294288635254e-01 -1.156221050769090652e-02
3.108964860439300537e-01 -1.084254309535026550e-02
3.242980837821960449e-01 -9.671688079833984375e-03
3.343390226364135742e-01 -8.771742694079875946e-03
3.444066643714904785e-01 -7.853018119931221008e-03
3.568297326564788818e-01 -6.700712256133556366e-03
3.628928363323211670e-01 -6.132197566330432892e-03
3.732787370681762695e-01 -5.150891374796628952e-03
3.792473673820495605e-01 -4.583540838211774826e-03
3.887773156166076660e-01 -3.673918312415480614e-03
3.990068435668945312e-01 -2.694121329113841057e-03
4.099646508693695068e-01 -1.643030205741524696e-03
4.188035428524017334e-01 -7.956516928970813751e-04
4.295555949211120605e-01 2.326736139366403222e-04
4.380424916744232178e-01 1.041207229718565941e-03
4.472526311874389648e-01 1.914260210469365120e-03
4.617259800434112549e-01 3.274351358413696289e-03
4.722816348075866699e-01 4.255071282386779785e-03
4.834535419940948486e-01 5.280871409922838211e-03
4.979905188083648682e-01 6.594350095838308334e-03
5.059613585472106934e-01 7.303240243345499039e-03
5.138559341430664062e-01 7.996853440999984741e-03
5.223523974418640137e-01 8.733375929296016693e-03
5.311383605003356934e-01 9.483623318374156952e-03
5.416333079338073730e-01 1.036387495696544647e-02
5.553277730941772461e-01 1.148508302867412567e-02
5.689551830291748047e-01 1.256831642240285873e-02
5.842469930648803711e-01 1.374291721731424332e-02
5.910531878471374512e-01 1.425107195973396301e-02
6.019574403762817383e-01 1.504542399197816849e-02
6.193048954010009766e-01 1.625582389533519745e-02
6.273170113563537598e-01 1.679124310612678528e-02
6.372740864753723145e-01 1.743433251976966858e-02
6.458255052566528320e-01 1.796579733490943909e-02
6.585091948509216309e-01 1.871618814766407013e-02
6.672018766403198242e-01 1.920261047780513763e-02
6.777418255805969238e-01 1.975994184613227844e-02
6.895940899848937988e-01 2.034143917262554169e-02
7.003860473632812500e-01 2.082651853561401367e-02
7.062807679176330566e-01 2.107264846563339233e-02
7.258177995681762695e-01 2.178705297410488129e-02
7.370635867118835449e-01 2.212318591773509979e-02
7.466756701469421387e-01 2.236407995223999023e-02
7.608014345169067383e-01 2.263600938022136688e-02
7.708907723426818848e-01 2.276706881821155548e-02
7.853743433952331543e-01 2.285708114504814148e-02
7.931818962097167969e-01 2.285482361912727356e-02
8.102498054504394531e-01 2.271649241447448730e-02
8.252807855606079102e-01 2.242992259562015533e-02
8.431110382080078125e-01 2.186494134366512299e-02
8.547437191009521484e-01 2.134773693978786469e-02
8.637750744819641113e-01 2.085493505001068115e-02
8.717617392539978027e-01 2.034550532698631287e-02
8.854923844337463379e-01 1.928647235035896301e-02
8.982585072517395020e-01 1.805691979825496674e-02
9.068931937217712402e-01 1.706310361623764038e-02
9.146180748939514160e-01 1.604027114808559418e-02
9.295343160629272461e-01 1.360701862722635269e-02
9.391251802444458008e-01 1.160818804055452347e-02
9.490554332733154297e-01 9.001825936138629913e-03
9.598615169525146484e-01 5.182559601962566376e-03
9.616401195526123047e-01 4.411908332258462906e-03
9.643295407295227051e-01 3.149418625980615616e-03
