9.713723659515380859e-01 3.927351441234350204e-03
9.711350798606872559e-01 4.088011104613542557e-03
9.700589179992675781e-01 4.774333443492650986e-03
9.644581079483032227e-01 7.879650220274925232e-03
9.573349952697753906e-01 1.141496095806360245e-02
9.524378776550292969e-01 1.371866557747125626e-02
9.415752887725830078e-01 1.860122941434383392e-02
9.371240735054016113e-01 2.053265273571014404e-02
9.330295920372009277e-01 2.227973379194736481e-02
9.290686249732971191e-01 2.394504472613334656e-02
9.216390252113342285e-01 2.700828388333320618e-02
9.143761992454528809e-01 2.993273362517356873e-02
9.074233770370483398e-01 3.267265483736991882e-02
8.978119492530822754e-01 3.636932745575904846e-02
8.839237689971923828e-01 4.153591766953468323e-02
8.784523606300354004e-01 4.351713508367538452e-02
8.718162775039672852e-01 4.588025063276290894e-02
8.607684373855590820e-01 4.971941187977790833e-02
8.511472344398498535e-01 5.296834930777549744e-02
8.429586291313171387e-01 5.566571652889251709e-02
8.352277874946594238e-01 5.815586075186729431e-02
8.251366019248962402e-01 6.132494285702705383e-02
8.051382303237915039e-01 6.733842194080352783e-02
7.994739413261413574e-01 6.897830963134765625e-02
7.838420867919921875e-01 7.336187362670898438e-02
7.769386172294616699e-01 7.523224502801895142e-02
7.602337598800659180e-01 7.959570735692977905e-02
7.543302178382873535e-01 8.108384907245635986e-02
7.458266019821166992e-01 8.317876607179641724e-02
7.311273813247680664e-01 8.666715770959854126e-02
7.196581959724426270e-01 8.927515894174575806e-02
7.098274827003479004e-01 9.143325686454772949e-02
7.000311613082885742e-01 9.351438283920288086e-02
6.788715124130249023e-01 9.778077155351638794e-02
6.688765883445739746e-01 9.969078749418258667e-02
6.559677720069885254e-01 1.020610705018043518e-01
6.429443359375000000e-01 1.043450906872749329e-01
6.328568458557128906e-01 1.060419604182243347e-01
6.266369223594665527e-01 1.070574074983596802e-01
6.175095438957214355e-01 1.085056290030479431e-01
6.089751124382019043e-01 1.098152324557304382e-01
5.867468118667602539e-01 1.130279749631881714e-01
5.755137205123901367e-01 1.145441681146621704e-01
5.645968914031982422e-01 1.159494444727897644e-01
5.494873523712158203e-01 1.177839860320091248e-01
5.380378961563110352e-01 1.190887689590454102e-01
5.167030692100524902e-01 1.213227808475494385e-01
5.112709999084472656e-01 1.218502148985862732e-01
4.984626770019531250e-01 1.230267360806465149e-01
4.723297357559204102e-01 1.251286417245864868e-01
4.562032520771026611e-01 1.262200623750686646e-01
4.491961002349853516e-01 1.266439259052276611e-01
4.346488118171691895e-01 1.274237632751464844e-01
4.254379570484161377e-01 1.278460770845413208e-01
4.130614697933197021e-01 1.283237338066101074e-01
4.074116647243499756e-01 1.285067200660705566e-01
3.932097852230072021e-01 1.288670152425765991e-01
3.809309303760528564e-01 1.290599703788757324e-01
3.604753911495208740e-01 1.291258335113525391e-01
3.504734635353088379e-01 1.290365457534790039e-01
3.419335186481475830e-01 1.288943141698837280e-01
3.352168798446655273e-01 1.287385821342468262e-01
3.188023269176483154e-01 1.281893402338027954e-01
3.124205768108367920e-01 1.279087513685226440e-01
2.994281351566314697e-01 1.272161751985549927e-01
2.870046794414520264e-01 1.263951361179351807e-01
2.804630696773529053e-01 1.258976310491561890e-01
2.634529769420623779e-01 1.243819966912269592e-01
2.522667646408081055e-01 1.232011020183563232e-01
2.447825521230697632e-01 1.223246380686759949e-01
2.312921881675720215e-01 1.205600798130035400e-01
2.215901464223861694e-01 1.191359311342239380e-01
2.071070522069931030e-01 1.167507618665695190e-01
1.995677947998046875e-01 1.153782829642295837e-01
1.878984719514846802e-01 1.130643486976623535e-01
1.652029454708099365e-01 1.078376546502113342e-01
1.603860706090927124e-01 1.065926775336265564e-01
1.534958034753799438e-01 1.047215983271598816e-01
1.485086828470230103e-01 1.032979711890220642e-01
1.337706446647644043e-01 9.872302412986755371e-02
1.220657378435134888e-01 9.465805441141128540e-02
1.070205271244049072e-01 8.878798037767410278e-02
9.768585115671157837e-02 8.472935855388641357e-02
7.977264374494552612e-02 7.587401568889617920e-02
7.581342756748199463e-02 7.369770854711532593e-02
7.235363125801086426e-02 7.172192633152008057e-02
5.557708442211151123e-02 6.100102141499519348e-02
4.752046242356300354e-02 5.502423644065856934e-02
4.406796023249626160e-02 5.225297063589096069e-02
3.654890879988670349e-02 4.567361623048782349e-02
3.066240996122360229e-02 3.985124081373214722e-02
2.405383065342903137e-02 3.225290030241012573e-02
1.828807592391967773e-02 2.393296547234058380e-02
1.607632823288440704e-02 1.982033625245094299e-02
1.385865546762943268e-02 1.413919683545827866e-02
1.293854694813489914e-02 9.310739114880561829e-03
1.290861424058675766e-02 7.004365324974060059e-03
1.313493866473436356e-02 5.119735375046730042e-03
1.360935717821121216e-02 3.316607791930437088e-03
1.407490577548742294e-02 2.156969625502824783e-03
1.609935984015464783e-02 -8.989754715003073215e-04
1.857233420014381409e-02 -3.082570852711796761e-03
2.037308923900127411e-02 -4.212037194520235062e-03
2.629865892231464386e-02 -6.608906667679548264e-03
3.037995658814907074e-02 -7.603578269481658936e-03
3.697011247277259827e-02 -8.592031896114349365e-03
4.296500235795974731e-02 -9.064658544957637787e-03
4.733566939830780029e-02 -9.232458658516407013e-03
5.584004148840904236e-02 -9.251467883586883545e-03
7.005324214696884155e-02 -8.661665022373199463e-03
8.144880086183547974e-02 -7.814878597855567932e-03
9.954363852739334106e-02 -6.028644740581512451e-03
1.111967265605926514e-01 -4.680058918893337250e-03
1.358443349599838257e-01 -1.506656757555902004e-03
1.466737836599349976e-01 -2.283183130202814937e-05
1.531862020492553711e-01 8.861568057909607887e-04
1.779091805219650269e-01 4.401768092066049576e-03
1.971522420644760132e-01 7.158337626606225967e-03
2.102928608655929565e-01 9.027957916259765625e-03
2.177388668060302734e-01 1.007818058133125305e-02
2.317028641700744629e-01 1.202326267957687378e-02
2.385433316230773926e-01 1.296221464872360229e-02
2.480223178863525391e-01 1.424591429531574249e-02
2.652747929096221924e-01 1.652355864644050598e-02
2.773139476776123047e-01 1.806259527802467346e-02
2.838338017463684082e-01 1.887724734842777252e-02
2.910869717597961426e-01 1.976715400815010071e-02
2.984577119350433350e-01 2.065311744809150696e-02
3.172853589057922363e-01 2.282740548253059387e-02
3.323405385017395020e-01 2.446853742003440857e-02
3.391579985618591309e-01 2.518164180219173431e-02
3.441409468650817871e-01 2.569064311683177948e-02
3.562129735946655273e-01 2.687976881861686707e-02
3.656738102436065674e-01 2.776690945029258728e-02
3.754343986511230469e-01 2.863959968090057373e-02
3.809195458889007568e-01 2.911059930920600891e-02
3.882185220718383789e-01 2.971519529819488525e-02
3.944503068923950195e-01 3.021102584898471832e-02
4.034314751625061035e-01 3.089199960231781006e-02
4.176512360572814941e-01 3.188689425587654114e-02
4.411572813987731934e-01 3.329946845769882202e-02
4.537351727485656738e-01 3.393232077360153198e-02
4.662585258483886719e-01 3.447473421692848206e-02
4.801548421382904053e-01 3.497233614325523376e-02
4.880250394344329834e-01 3.520490974187850952e-02
4.981634616851806641e-01 3.545171767473220825e-02
5.052825808525085449e-01 3.558942675590515137e-02
5.116751194000244141e-01 3.568810224533081055e-02
5.188284516334533691e-01 3.577062487602233887e-02
5.422598123550415039e-01 3.583805635571479797e-02
5.512033104896545410e-01 3.578415885567665100e-02
5.567057132720947266e-01 3.572998195886611938e-02
5.633208751678466797e-01 3.564424440264701843e-02
5.699358582496643066e-01 3.553667664527893066e-02
5.842177271842956543e-01 3.523367270827293396e-02
6.033395528793334961e-01 3.468939289450645447e-02
6.113628745079040527e-01 3.441866487264633179e-02
6.240421533584594727e-01 3.394565731287002563e-02
6.373374462127685547e-01 3.339678049087524414e-02
6.431915163993835449e-01 3.313982859253883362e-02
6.526809930801391602e-01 3.270549699664115906e-02
6.708700656890869141e-01 3.181887790560722351e-02
6.813289523124694824e-01 3.128112852573394775e-02
6.861642003059387207e-01 3.102640807628631592e-02
7.085394263267517090e-01 2.980264090001583099e-02
7.168074250221252441e-01 2.933321334421634674e-02
7.283368110656738281e-01 2.866407856345176697e-02
7.375877499580383301e-01 2.811515331268310547e-02
7.538087368011474609e-01 2.712664939463138580e-02
7.640945911407470703e-01 2.648206055164337158e-02
7.786604166030883789e-01 2.554394677281379700e-02
7.869027853012084961e-01 2.499891631305217743e-02
7.959809899330139160e-01 2.438566088676452637e-02
8.006334304809570312e-01 2.406577207148075104e-02
8.072013258934020996e-01 2.360726334154605865e-02
8.178467750549316406e-01 2.284554392099380493e-02
8.347439169883728027e-01 2.158297784626483917e-02
8.440461158752441406e-01 2.085543796420097351e-02
8.737149238586425781e-01 1.833633333444595337e-02
8.887813091278076172e-01 1.690387725830078125e-02
9.001606702804565430e-01 1.572731509804725647e-02
9.060336947441101074e-01 1.508037000894546509e-02
9.166582226753234863e-01 1.382447499781847000e-02
9.272089004516601562e-01 1.243768539279699326e-02
9.338120818138122559e-01 1.147562358528375626e-02
9.378302097320556641e-01 1.084466464817523956e-02
9.541138410568237305e-01 7.754759863018989563e-03
9.606280922889709473e-01 6.124834064394235611e-03
9.661842584609985352e-01 4.409549757838249207e-03
9.693782925605773926e-01 3.229035297408699989e-03
9.707158803939819336e-01 2.684308448806405067e-03
9.714858531951904297e-01 2.356923418119549751e-03
