9.732274413108825684e-01 5.390853621065616608e-03
9.729411602020263672e-01 5.570793990045785904e-03
9.713985919952392578e-01 6.507740356028079987e-03
9.674692749977111816e-01 8.817253634333610535e-03
9.610112905502319336e-01 1.255885884165763855e-02
9.563482403755187988e-01 1.524761412292718887e-02
9.475631117820739746e-01 2.029444091022014618e-02
9.426120519638061523e-01 2.312711626291275024e-02
9.383679032325744629e-01 2.554735913872718811e-02
9.332628846168518066e-01 2.844775840640068054e-02
9.210822582244873047e-01 3.531165048480033875e-02
9.171823859214782715e-01 3.749008104205131531e-02
9.106093049049377441e-01 4.113842919468879700e-02
9.008526802062988281e-01 4.649476334452629089e-02
8.920584917068481445e-01 5.125696957111358643e-02
8.879260420799255371e-01 5.347155407071113586e-02
8.798968195915222168e-01 5.773004889488220215e-02
8.704264163970947266e-01 6.267365813255310059e-02
8.607046604156494141e-01 6.765438616275787354e-02
8.536319136619567871e-01 7.121535390615463257e-02
8.371990919113159180e-01 7.927583903074264526e-02
8.242847919464111328e-01 8.539295196533203125e-02
8.139972686767578125e-01 9.012396633625030518e-02
8.080239892005920410e-01 9.281221032142639160e-02
7.960295677185058594e-01 9.807773679494857788e-02
7.866803407669067383e-01 1.020582020282745361e-01
7.697227597236633301e-01 1.089987233281135559e-01
7.619482278823852539e-01 1.120600551366806030e-01
7.495959997177124023e-01 1.167676448822021484e-01
7.419934272766113281e-01 1.195699796080589294e-01
7.309321165084838867e-01 1.235185042023658752e-01
7.200511097908020020e-01 1.272546350955963135e-01
7.050409913063049316e-01 1.321697235107421875e-01
6.934353709220886230e-01 1.357818245887756348e-01
6.835153102874755859e-01 1.387405246496200562e-01
6.774744987487792969e-01 1.404845714569091797e-01
6.673030257225036621e-01 1.433231234550476074e-01
6.586285233497619629e-01 1.456474214792251587e-01
6.492033004760742188e-01 1.480727940797805786e-01
6.413756012916564941e-01 1.500082612037658691e-01
6.250832080841064453e-01 1.538089215755462646e-01
6.124005317687988281e-01 1.565558612346649170e-01
5.964761376380920410e-01 1.597438752651214600e-01
5.799460411071777344e-01 1.627469062805175781e-01
5.681822299957275391e-01 1.646944582462310791e-01
5.623010993003845215e-01 1.656089276075363159e-01
5.429638028144836426e-01 1.683380156755447388e-01
5.356322526931762695e-01 1.692610830068588257e-01
5.247834920883178711e-01 1.705141365528106689e-01
5.103880763053894043e-01 1.719681769609451294e-01
4.956086874008178711e-01 1.732125878334045410e-01
4.857450127601623535e-01 1.739023029804229736e-01
4.758420884609222412e-01 1.744808852672576904e-01
4.631663858890533447e-01 1.750540882349014282e-01
4.529588818550109863e-01 1.753784269094467163e-01
4.450607597827911377e-01 1.755447983741760254e-01
4.309853315353393555e-01 1.756575852632522583e-01
4.216428101062774658e-01 1.756015866994857788e-01
4.032870531082153320e-01 1.751849800348281860e-01
3.937900960445404053e-01 1.748085618019104004e-01
3.845736086368560791e-01 1.743374317884445190e-01
3.622505664825439453e-01 1.727599501609802246e-01
3.536384105682373047e-01 1.719842702150344849e-01
3.416671156883239746e-01 1.707494407892227173e-01
3.266539275646209717e-01 1.689400672912597656e-01
3.198448121547698975e-01 1.680225729942321777e-01
3.121379911899566650e-01 1.669101864099502563e-01
2.850100398063659668e-01 1.623578369617462158e-01
2.748770117759704590e-01 1.603965312242507935e-01
2.621446847915649414e-01 1.577244997024536133e-01
2.557878494262695312e-01 1.563020199537277222e-01
2.386314570903778076e-01 1.521600931882858276e-01
2.276460826396942139e-01 1.492683738470077515e-01
2.076435089111328125e-01 1.434972584247589111e-01
1.971190720796585083e-01 1.401849836111068726e-01
1.811413317918777466e-01 1.347680985927581787e-01
1.783938556909561157e-01 1.337871849536895752e-01
1.648186594247817993e-01 1.287154108285903931e-01
1.549011021852493286e-01 1.247608214616775513e-01
1.424899101257324219e-01 1.194917559623718262e-01
1.324077248573303223e-01 1.149284988641738892e-01
1.196578741073608398e-01 1.087594032287597656e-01
1.080669537186622620e-01 1.027236655354499817e-01
9.653501212596893311e-02 9.626453369855880737e-02
8.562128245830535889e-02 8.967907726764678955e-02
7.735521346330642700e-02 8.434476703405380249e-02
7.107391953468322754e-02 8.006753772497177124e-02
6.631709635257720947e-02 7.668710500001907349e-02
5.906406417489051819e-02 7.127429544925689697e-02
5.110409483313560486e-02 6.492991745471954346e-02
4.074192419648170471e-02 5.591924116015434265e-02
2.912962436676025391e-02 4.453052580356597900e-02
2.014054544270038605e-02 3.440390899777412415e-02
1.742294989526271820e-02 3.102545998990535736e-02
1.231417525559663773e-02 2.409707196056842804e-02
8.161536417901515961e-03 1.762226782739162445e-02
5.481196567416191101e-03 1.270079333335161209e-02
2.383026527240872383e-03 4.996734205633401871e-03
1.690154895186424255e-03 2.089903224259614944e-03
1.401505782268941402e-03 -1.299736177315935493e-04
1.415512873791158199e-03 -2.945256419479846954e-03
1.822243444621562958e-03 -5.216705612838268280e-03
2.442815341055393219e-03 -6.963485386222600937e-03
5.650117993354797363e-03 -1.131828315556049347e-02
1.108397077769041061e-02 -1.487048435956239700e-02
1.467340905219316483e-02 -1.637886650860309601e-02
1.860261894762516022e-02 -1.764816977083683014e-02
2.352977730333805084e-02 -1.887719519436359406e-02
3.313017636537551880e-02 -2.055155299603939056e-02
4.305379465222358704e-02 -2.166034281253814697e-02
5.309457331895828247e-02 -2.236879058182239532e-02
7.090619206428527832e-02 -2.294819429516792297e-02
8.011570572853088379e-02 -2.300377190113067627e-02
1.011955961585044861e-01 -2.269104868173599243e-02
1.091949790716171265e-01 -2.244714088737964630e-02
1.237623468041419983e-01 -2.186671458184719086e-02
1.461195498704910278e-01 -2.070774883031845093e-02
1.617501825094223022e-01 -1.975190080702304840e-02
1.766040772199630737e-01 -1.875989139080047607e-02
1.850590258836746216e-01 -1.816572062671184540e-02
2.040153145790100098e-01 -1.677187718451023102e-02
2.116311192512512207e-01 -1.619228720664978027e-02
2.210342884063720703e-01 -1.546426583081483841e-02
2.289758771657943726e-01 -1.484036725014448166e-02
2.472159713506698608e-01 -1.338324323296546936e-02
2.582237720489501953e-01 -1.249204576015472412e-02
2.670069932937622070e-01 -1.177676580846309662e-02
2.739669084548950195e-01 -1.120822783559560776e-02
2.889224588871002197e-01 -9.984056465327739716e-03
3.000655472278594971e-01 -9.072222746908664703e-03
3.120528459548950195e-01 -8.094090037047863007e-03
3.219163715839385986e-01 -7.292971946299076080e-03
3.339994549751281738e-01 -6.318090949207544327e-03
3.383397161960601807e-01 -5.970043595880270004e-03
3.488377332687377930e-01 -5.133678670972585678e-03
3.559621274471282959e-01 -4.571039229631423950e-03
3.762599825859069824e-01 -2.994084265083074570e-03
3.862427473068237305e-01 -2.234825864434242249e-03
3.996630012989044189e-01 -1.233692048117518425e-03
4.093608260154724121e-01 -5.256663425825536251e-04
4.281560778617858887e-01 8.052566554397344589e-04
4.375732243061065674e-01 1.449573901481926441e-03
4.451499879360198975e-01 1.956091728061437607e-03
4.511998891830444336e-01 2.352535957470536232e-03
4.664923548698425293e-01 3.320913761854171753e-03
4.722101390361785889e-01 3.669874276965856552e-03
4.821944236755371094e-01 4.261055029928684235e-03
4.975010454654693604e-01 5.119952838867902756e-03
5.141205787658691406e-01 5.982859991490840912e-03
5.326664447784423828e-01 6.853745318949222565e-03
5.472385883331298828e-01 7.465837057679891586e-03
5.547198653221130371e-01 7.754475809633731842e-03
5.622275471687316895e-01 8.026291616261005402e-03
5.665899515151977539e-01 8.175951428711414337e-03
5.872240662574768066e-01 8.800518698990345001e-03
6.006034016609191895e-01 9.131869301199913025e-03
6.131412982940673828e-01 9.390435181558132172e-03
6.284707188606262207e-01 9.639950469136238098e-03
6.410419344902038574e-01 9.791823104023933411e-03
6.504037976264953613e-01 9.875342249870300293e-03
6.574919819831848145e-01 9.922436438500881195e-03
6.701326370239257812e-01 9.973405860364437103e-03
6.761486530303955078e-01 9.983432479202747345e-03
6.799276471138000488e-01 9.985213167965412140e-03
7.042373418807983398e-01 9.918655268847942352e-03
7.131896018981933594e-01 9.862510487437248230e-03
7.225452661514282227e-01 9.787159971892833710e-03
7.347738742828369141e-01 9.664541110396385193e-03
7.473981976509094238e-01 9.511190466582775116e-03
7.585744857788085938e-01 9.354296140372753143e-03
7.787655591964721680e-01 9.024372324347496033e-03
7.846301198005676270e-01 8.917989209294319153e-03
8.015245795249938965e-01 8.586461655795574188e-03
8.079956769943237305e-01 8.449904620647430420e-03
8.238445520401000977e-01 8.093602024018764496e-03
8.335133194923400879e-01 7.861065678298473358e-03
8.514433503150939941e-01 7.398827932775020599e-03
8.626688122749328613e-01 7.087923120707273483e-03
8.830417394638061523e-01 6.476450245827436447e-03
8.896138668060302734e-01 6.264471448957920074e-03
9.021590948104858398e-01 5.836095195263624191e-03
9.083356857299804688e-01 5.611985456198453903e-03
9.187938570976257324e-01 5.208331625908613205e-03
9.246718883514404297e-01 4.965462721884250641e-03
9.390354752540588379e-01 4.306388087570667267e-03
9.454151391983032227e-01 3.972625825554132462e-03
9.555002450942993164e-01 3.364071948453783989e-03
9.622361063957214355e-01 2.872219774872064590e-03
9.685413837432861328e-01 2.309530740603804588e-03
9.705292582511901855e-01 2.104051178321242332e-03
9.723013043403625488e-01 1.908360514789819717e-03
9.729729294776916504e-01 1.831357949413359165e-03
