9.697173833847045898e-01 5.848717875778675079e-03
9.693320393562316895e-01 6.287030875682830811e-03
9.656640291213989258e-01 9.709066711366176605e-03
9.621953964233398438e-01 1.238401513546705246e-02
9.506568312644958496e-01 1.985542103648185730e-02
9.409852027893066406e-01 2.528418600559234619e-02
9.339309930801391602e-01 2.895577251911163330e-02
9.313767552375793457e-01 3.023791313171386719e-02
9.229524135589599609e-01 3.431364893913269043e-02
9.155917167663574219e-01 3.770733252167701721e-02
9.014436006546020508e-01 4.386283829808235168e-02
8.962509632110595703e-01 4.601518809795379639e-02
8.860160112380981445e-01 5.010813474655151367e-02
8.786211013793945312e-01 5.295095592737197876e-02
8.678827285766601562e-01 5.692140385508537292e-02
8.635637760162353516e-01 5.846846103668212891e-02
8.521069884300231934e-01 6.244207918643951416e-02
8.439002037048339844e-01 6.517747789621353149e-02
8.387823104858398438e-01 6.683856248855590820e-02
8.350136280059814453e-01 6.804034113883972168e-02
8.207085728645324707e-01 7.244313508272171021e-02
8.078774213790893555e-01 7.618758082389831543e-02
8.006474375724792480e-01 7.821612060070037842e-02
7.947477698326110840e-01 7.982918620109558105e-02
7.839654684066772461e-01 8.268213272094726562e-02
7.802124619483947754e-01 8.364689350128173828e-02
7.683699131011962891e-01 8.659802377223968506e-02
7.602799534797668457e-01 8.853432536125183105e-02
7.530135512351989746e-01 9.021960198879241943e-02
7.422435879707336426e-01 9.262526780366897583e-02
7.339814305305480957e-01 9.439731389284133911e-02
7.224693298339843750e-01 9.676171094179153442e-02
7.103490233421325684e-01 9.912087023258209229e-02
7.072153091430664062e-01 9.970935434103012085e-02
7.014443874359130859e-01 1.007699370384216309e-01
6.927008628845214844e-01 1.023199707269668579e-01
6.814028024673461914e-01 1.042219549417495728e-01
6.743905544281005859e-01 1.053453385829925537e-01
6.593095660209655762e-01 1.076134368777275085e-01
6.544283032417297363e-01 1.083043292164802551e-01
6.325714588165283203e-01 1.111396923661231995e-01
6.283109188079833984e-01 1.116434186697006226e-01
6.173503398895263672e-01 1.128660067915916443e-01
6.081635355949401855e-01 1.138101816177368164e-01
5.995128154754638672e-01 1.146324798464775085e-01
5.937022566795349121e-01 1.151487007737159729e-01
5.832577943801879883e-01 1.160044670104980469e-01
5.747290849685668945e-01 1.166350543498992920e-01
5.587387084960937500e-01 1.176549121737480164e-01
5.478175878524780273e-01 1.182317510247230530e-01
5.338958501815795898e-01 1.188294366002082825e-01
5.312199592590332031e-01 1.189268827438354492e-01
5.213650465011596680e-01 1.192383319139480591e-01
5.018655657768249512e-01 1.196380630135536194e-01
4.886073768138885498e-01 1.197499185800552368e-01
4.756897985935211182e-01 1.197378486394882202e-01
4.555800855159759521e-01 1.194873303174972534e-01
4.365902841091156006e-01 1.189988702535629272e-01
4.278238117694854736e-01 1.186926290392875671e-01
4.209297001361846924e-01 1.184164658188819885e-01
4.042239189147949219e-01 1.176195666193962097e-01
3.820261359214782715e-01 1.162839159369468689e-01
3.721787929534912109e-01 1.155909001827239990e-01
3.516418039798736572e-01 1.139466166496276855e-01
3.373338282108306885e-01 1.126408576965332031e-01
3.244273960590362549e-01 1.113484129309654236e-01
2.988013625144958496e-01 1.084510460495948792e-01
2.877430021762847900e-01 1.070598438382148743e-01
2.826712727546691895e-01 1.063923090696334839e-01
2.763723134994506836e-01 1.055368781089782715e-01
2.686795592308044434e-01 1.044516339898109436e-01
2.389808446168899536e-01 9.981925785541534424e-02
2.277014106512069702e-01 9.786190092563629150e-02
2.140989601612091064e-01 9.534233063459396362e-02
2.023793607950210571e-01 9.302166849374771118e-02
1.845753192901611328e-01 8.920457959175109863e-02
1.704283952713012695e-01 8.589275926351547241e-02
1.591669172048568726e-01 8.305833488702774048e-02
1.469106078147888184e-01 7.975053787231445312e-02
1.386287510395050049e-01 7.736963778734207153e-02
1.278848648071289062e-01 7.408560812473297119e-02
1.164285987615585327e-01 7.031083106994628906e-02
1.104153841733932495e-01 6.820289045572280884e-02
1.035216078162193298e-01 6.566676497459411621e-02
8.698819577693939209e-02 5.898091942071914673e-02
7.818843424320220947e-02 5.500635504722595215e-02
6.163248792290687561e-02 4.649119451642036438e-02
5.709834769368171692e-02 4.385800659656524658e-02
4.945011436939239502e-02 3.902647271752357483e-02
4.420728608965873718e-02 3.536116704344749451e-02
3.475896641612052917e-02 2.769827097654342651e-02
3.058956377208232880e-02 2.364638820290565491e-02
2.628443390130996704e-02 1.867315173149108887e-02
2.254829742014408112e-02 1.297686994075775146e-02
2.104841358959674835e-02 9.690889157354831696e-03
1.991717144846916199e-02 5.244678352028131485e-03
1.979956962168216705e-02 3.630757099017500877e-03
1.983213052153587341e-02 2.336833393201231956e-03
2.013534307479858398e-02 2.865962451323866844e-04
2.611492387950420380e-02 -8.821940049529075623e-03
3.223393112421035767e-02 -1.314033381640911102e-02
3.809095174074172974e-02 -1.622992567718029022e-02
4.891846328973770142e-02 -2.076196670532226562e-02
5.302196741104125977e-02 -2.224530838429927826e-02
6.095216423273086548e-02 -2.487500570714473724e-02
6.715449690818786621e-02 -2.676234580576419830e-02
7.430000603199005127e-02 -2.879053726792335510e-02
8.385010808706283569e-02 -3.129771351814270020e-02
9.356652945280075073e-02 -3.364316746592521667e-02
1.004109308123588562e-01 -3.518342226743698120e-02
1.041510775685310364e-01 -3.598822280764579773e-02
1.130604073405265808e-01 -3.780444711446762085e-02
1.235112696886062622e-01 -3.975998237729072571e-02
1.318476647138595581e-01 -4.118853807449340820e-02
1.390773355960845947e-01 -4.233514517545700073e-02
1.536248326301574707e-01 -4.438799992203712463e-02
1.681416034698486328e-01 -4.610616713762283325e-02
1.738486438989639282e-01 -4.669357091188430786e-02
1.787934750318527222e-01 -4.716319218277931213e-02
1.884183436632156372e-01 -4.797450080513954163e-02
2.002128362655639648e-01 -4.878838732838630676e-02
2.073321342468261719e-01 -4.918661341071128845e-02
2.153377383947372437e-01 -4.955345019698143005e-02
2.291321605443954468e-01 -4.999207332730293274e-02
2.388014793395996094e-01 -5.015989765524864197e-02
2.471388727426528931e-01 -5.021651089191436768e-02
2.633757889270782471e-01 -5.010486766695976257e-02
2.750086188316345215e-01 -4.985485598444938660e-02
2.836950421333312988e-01 -4.958107694983482361e-02
2.909780144691467285e-01 -4.929674044251441956e-02
2.984842061996459961e-01 -4.895341023802757263e-02
3.057580292224884033e-01 -4.857381060719490051e-02
3.192572593688964844e-01 -4.775260388851165771e-02
3.365023434162139893e-01 -4.649614542722702026e-02
3.486057519912719727e-01 -4.548470303416252136e-02
3.567541241645812988e-01 -4.474698752164840698e-02
3.733683824539184570e-01 -4.310895875096321106e-02
3.758497834205627441e-01 -4.284950345754623413e-02
3.907291293144226074e-01 -4.121676832437515259e-02
4.014465808868408203e-01 -3.996208682656288147e-02
4.212663471698760986e-01 -3.747831657528877258e-02
4.320490658283233643e-01 -3.604242205619812012e-02
4.421050846576690674e-01 -3.465212136507034302e-02
4.577247500419616699e-01 -3.239881992340087891e-02
4.689379036426544189e-01 -3.071377053856849670e-02
4.729088544845581055e-01 -3.010401688516139984e-02
4.842632710933685303e-01 -2.832405641674995422e-02
5.016050934791564941e-01 -2.550543658435344696e-02
5.174154639244079590e-01 -2.283659391105175018e-02
5.263061523437500000e-01 -2.129689045250415802e-02
5.416770577430725098e-01 -1.857353188097476959e-02
5.466185808181762695e-01 -1.768249273300170898e-02
5.648738145828247070e-01 -1.433186326175928116e-02
5.750831961631774902e-01 -1.242186035960912704e-02
5.853292942047119141e-01 -1.048315782099962234e-02
5.918528437614440918e-01 -9.239045903086662292e-03
5.998660326004028320e-01 -7.702386006712913513e-03
6.233670115470886230e-01 -3.161856671795248985e-03
6.372569203376770020e-01 -4.738908901344984770e-04
6.595930457115173340e-01 3.809984773397445679e-03
6.705715060234069824e-01 5.879938136786222458e-03
6.813543438911437988e-01 7.878520525991916656e-03
6.971411108970642090e-01 1.072431635111570358e-02
7.070798277854919434e-01 1.245583314448595047e-02
7.252768874168395996e-01 1.547854393720626831e-02
7.415816187858581543e-01 1.799488253891468048e-02
7.572605013847351074e-01 2.021367847919464111e-02
7.695725560188293457e-01 2.180014736950397491e-02
7.831656932830810547e-01 2.337521314620971680e-02
7.950567603111267090e-01 2.458753064274787903e-02
8.134233951568603516e-01 2.612557075917720795e-02
8.271464109420776367e-01 2.698270604014396667e-02
8.338920474052429199e-01 2.730403654277324677e-02
8.399896025657653809e-01 2.753405831754207611e-02
8.498769998550415039e-01 2.777772955596446991e-02
8.634947538375854492e-01 2.782898955047130585e-02
8.702559471130371094e-01 2.772033587098121643e-02
8.778108954429626465e-01 2.748340182006359100e-02
8.912991285324096680e-01 2.672314643859863281e-02
8.993108868598937988e-01 2.603965066373348236e-02
9.080079197883605957e-01 2.507071383297443390e-02
9.151105284690856934e-01 2.407843433320522308e-02
9.208595752716064453e-01 2.312310412526130676e-02
9.255609512329101562e-01 2.222672104835510254e-02
9.323807358741760254e-01 2.071371488273143768e-02
9.387801289558410645e-01 1.902217604219913483e-02
9.472618103027343750e-01 1.626305282115936279e-02
9.510205388069152832e-01 1.480029150843620300e-02
9.623684287071228027e-01 9.068530984222888947e-03
9.665196537971496582e-01 6.254479754716157913e-03
9.683948159217834473e-01 4.803164396435022354e-03
9.698147773742675781e-01 3.615878755226731300e-03
