9.759818911552429199e-01 4.768584389239549637e-03
9.757900238037109375e-01 4.989294335246086121e-03
9.747687578201293945e-01 6.075513549149036407e-03
9.710791707038879395e-01 9.469338692724704742e-03
9.635176062583923340e-01 1.554452534765005112e-02
9.532299637794494629e-01 2.302640676498413086e-02
9.488290548324584961e-01 2.605439536273479462e-02
9.457269906997680664e-01 2.813886478543281555e-02
9.348595738410949707e-01 3.516003489494323730e-02
9.251940250396728516e-01 4.108422249555587769e-02
9.149956107139587402e-01 4.704827815294265747e-02
9.097716808319091797e-01 4.999797791242599487e-02
9.032377004623413086e-01 5.359308421611785889e-02
8.938481807708740234e-01 5.858283862471580505e-02
8.778148889541625977e-01 6.665038317441940308e-02
8.723588585853576660e-01 6.927158683538436890e-02
8.643097281455993652e-01 7.302810251712799072e-02
8.557325005531311035e-01 7.688998430967330933e-02
8.428242802619934082e-01 8.243697136640548706e-02
8.350512981414794922e-01 8.562859892845153809e-02
8.237630724906921387e-01 9.007145464420318604e-02
8.099495172500610352e-01 9.520900994539260864e-02
7.955834865570068359e-01 1.002165526151657104e-01
7.918937206268310547e-01 1.014493927359580994e-01
7.764005064964294434e-01 1.063959449529647827e-01
7.699358463287353516e-01 1.083530336618423462e-01
7.559698820114135742e-01 1.123744174838066101e-01
7.448319792747497559e-01 1.153855025768280029e-01
7.260726094245910645e-01 1.200817748904228210e-01
7.220883369445800781e-01 1.210206821560859680e-01
7.055831551551818848e-01 1.247006207704544067e-01
6.996766328811645508e-01 1.259375214576721191e-01
6.822136640548706055e-01 1.293573677539825439e-01
6.712543964385986328e-01 1.313281655311584473e-01
6.540805697441101074e-01 1.341548413038253784e-01
6.434781551361083984e-01 1.357452124357223511e-01
6.365203261375427246e-01 1.367262899875640869e-01
6.300558447837829590e-01 1.375940889120101929e-01
6.174877882003784180e-01 1.391626745462417603e-01
6.095752120018005371e-01 1.400709897279739380e-01
5.943902134895324707e-01 1.416460126638412476e-01
5.838261842727661133e-01 1.426130831241607666e-01
5.761442780494689941e-01 1.432510465383529663e-01
5.587742924690246582e-01 1.444926559925079346e-01
5.545229315757751465e-01 1.447544395923614502e-01
5.514600276947021484e-01 1.449328809976577759e-01
5.282295942306518555e-01 1.460098177194595337e-01
5.155618190765380859e-01 1.463923752307891846e-01
5.066711306571960449e-01 1.465749591588973999e-01
4.892020821571350098e-01 1.467273533344268799e-01
4.785332381725311279e-01 1.466860473155975342e-01
4.747574925422668457e-01 1.466469913721084595e-01
4.550203084945678711e-01 1.462341398000717163e-01
4.321804940700531006e-01 1.453174203634262085e-01
4.247828722000122070e-01 1.449187844991683960e-01
4.192014038562774658e-01 1.445849239826202393e-01
4.105317592620849609e-01 1.440096497535705566e-01
4.022420048713684082e-01 1.433947384357452393e-01
3.729762136936187744e-01 1.407116204500198364e-01
3.693057000637054443e-01 1.403181999921798706e-01
3.624978661537170410e-01 1.395544558763504028e-01
3.471064269542694092e-01 1.376635730266571045e-01
3.383678495883941650e-01 1.364876925945281982e-01
3.291778862476348877e-01 1.351700872182846069e-01
3.184183537960052490e-01 1.335207670927047729e-01
3.093548119068145752e-01 1.320409625768661499e-01
3.040632605552673340e-01 1.311383396387100220e-01
2.927446663379669189e-01 1.291106045246124268e-01
2.821802496910095215e-01 1.270970404148101807e-01
2.623966932296752930e-01 1.230041086673736572e-01
2.515580952167510986e-01 1.205787882208824158e-01
2.348089665174484253e-01 1.165667995810508728e-01
2.155823409557342529e-01 1.115494966506958008e-01
2.113745212554931641e-01 1.103903800249099731e-01
1.995273977518081665e-01 1.070042103528976440e-01
1.917008757591247559e-01 1.046649962663650513e-01
1.863140612840652466e-01 1.030060946941375732e-01
1.723639965057373047e-01 9.851729869842529297e-02
1.618173569440841675e-01 9.492962807416915894e-02
1.536290794610977173e-01 9.202197194099426270e-02
1.426162272691726685e-01 8.793226629495620728e-02
1.295904666185379028e-01 8.280923217535018921e-02
1.166727393865585327e-01 7.739124447107315063e-02
1.071104332804679871e-01 7.313940674066543579e-02
9.854013472795486450e-02 6.913439184427261353e-02
9.164071083068847656e-02 6.576285511255264282e-02
8.490452915430068970e-02 6.233123689889907837e-02
7.101670652627944946e-02 5.475476011633872986e-02
5.941858887672424316e-02 4.780068248510360718e-02
5.035706982016563416e-02 4.186236113309860229e-02
4.151738062500953674e-02 3.551874309778213501e-02
3.374075144529342651e-02 2.934585511684417725e-02
2.719688788056373596e-02 2.356486581265926361e-02
1.699605956673622131e-02 1.283080223947763443e-02
1.086299773305654526e-02 4.282108973711729050e-03
8.654575794935226440e-03 1.222789433086290956e-04
7.988494820892810822e-03 -1.439134590327739716e-03
7.224540691822767258e-03 -3.662456991150975227e-03
6.617625243961811066e-03 -6.686681415885686874e-03
6.567118689417839050e-03 -7.364874705672264099e-03
6.833893712610006332e-03 -1.024273689836263657e-02
7.884192280471324921e-03 -1.257386337965726852e-02
9.839905425906181335e-03 -1.458060182631015778e-02
1.527365110814571381e-02 -1.714720577001571655e-02
2.004101872444152832e-02 -1.835301145911216736e-02
2.827649377286434174e-02 -1.974468678236007690e-02
3.638953343033790588e-02 -2.080994471907615662e-02
4.778534919023513794e-02 -2.215120382606983185e-02
5.175007879734039307e-02 -2.260085009038448334e-02
6.480061262845993042e-02 -2.404364757239818573e-02
7.801999151706695557e-02 -2.543611079454421997e-02
8.816929161548614502e-02 -2.643864229321479797e-02
9.362422674894332886e-02 -2.694788016378879547e-02
1.137379407882690430e-01 -2.861411683261394501e-02
1.200078204274177551e-01 -2.905927039682865143e-02
1.272312998771667480e-01 -2.952620945870876312e-02
1.361386626958847046e-01 -3.003389760851860046e-02
1.463879495859146118e-01 -3.052585572004318237e-02
1.583419442176818848e-01 -3.097885288298130035e-02
1.629150658845901489e-01 -3.111913613975048065e-02
1.728772073984146118e-01 -3.136465698480606079e-02
1.840569376945495605e-01 -3.154785186052322388e-02
1.906557083129882812e-01 -3.161335363984107971e-02
1.959859728813171387e-01 -3.164466470479965210e-02
2.114870399236679077e-01 -3.163493424654006958e-02
2.208975553512573242e-01 -3.156289458274841309e-02
2.307849526405334473e-01 -3.143972903490066528e-02
2.344811111688613892e-01 -3.138222545385360718e-02
2.545419633388519287e-01 -3.097504377365112305e-02
2.633051276206970215e-01 -3.075322881340980530e-02
2.699981629848480225e-01 -3.056850098073482513e-02
2.818127572536468506e-01 -3.021398000419139862e-02
2.950570583343505859e-01 -2.977983467280864716e-02
2.995189726352691650e-01 -2.962613478302955627e-02
3.130666911602020264e-01 -2.914044447243213654e-02
3.202043175697326660e-01 -2.887477353215217590e-02
3.439820706844329834e-01 -2.795474976301193237e-02
3.500258624553680420e-01 -2.771477960050106049e-02
3.592566847801208496e-01 -2.734533697366714478e-02
3.686856329441070557e-01 -2.696554735302925110e-02
3.756150007247924805e-01 -2.668564952909946442e-02
3.897718489170074463e-01 -2.611386030912399292e-02
3.968575000762939453e-01 -2.582857199013233185e-02
4.065188169479370117e-01 -2.544144727289676666e-02
4.170192778110504150e-01 -2.502397261559963226e-02
4.239437282085418701e-01 -2.475091442465782166e-02
4.345956444740295410e-01 -2.433482557535171509e-02
4.432920217514038086e-01 -2.399891242384910583e-02
4.592770040035247803e-01 -2.339064702391624451e-02
4.854706227779388428e-01 -2.241739630699157715e-02
4.994978010654449463e-01 -2.190489880740642548e-02
5.037491917610168457e-01 -2.175019681453704834e-02
5.114722847938537598e-01 -2.146938070654869080e-02
5.273073315620422363e-01 -2.089178748428821564e-02
5.442166924476623535e-01 -2.026560343801975250e-02
5.509232878684997559e-01 -2.001246251165866852e-02
5.578712224960327148e-01 -1.974629424512386322e-02
5.867107510566711426e-01 -1.858233474195003510e-02
5.976992249488830566e-01 -1.810614950954914093e-02
6.166594028472900391e-01 -1.723062247037887573e-02
6.275590062141418457e-01 -1.669262349605560303e-02
6.331804394721984863e-01 -1.640449836850166321e-02
6.464384794235229492e-01 -1.569491811096668243e-02
6.607075929641723633e-01 -1.488263625651597977e-02
6.800924539566040039e-01 -1.369720883667469025e-02
6.863624453544616699e-01 -1.329377759248018265e-02
7.037494182586669922e-01 -1.212562527507543564e-02
7.190171480178833008e-01 -1.104307733476161957e-02
7.266605496406555176e-01 -1.048263721168041229e-02
7.443702816963195801e-01 -9.141284041106700897e-03
7.605060338973999023e-01 -7.873686961829662323e-03
7.720503807067871094e-01 -6.944956257939338684e-03
7.942587137222290039e-01 -5.121033173054456711e-03
8.035635352134704590e-01 -4.347546491771936417e-03
8.234109282493591309e-01 -2.693424234166741371e-03
8.354799747467041016e-01 -1.693575410172343254e-03
8.539859652519226074e-01 -1.881988719105720520e-04
8.626561760902404785e-01 4.979603691026568413e-04
8.823094964027404785e-01 1.980643020942807198e-03
8.881914019584655762e-01 2.397694392129778862e-03
8.970839381217956543e-01 2.996862400323152542e-03
9.041813015937805176e-01 3.442205721512436867e-03
9.173687696456909180e-01 4.168316256254911423e-03
9.223801493644714355e-01 4.400224890559911728e-03
9.323740601539611816e-01 4.765811376273632050e-03
9.367311000823974609e-01 4.874823614954948425e-03
9.569522142410278320e-01 4.732445348054170609e-03
9.604076147079467773e-01 4.541601520031690598e-03
9.704586267471313477e-01 3.475009230896830559e-03
9.743377566337585449e-01 2.783965552225708961e-03
9.750204086303710938e-01 2.644650870934128761e-03
9.757205843925476074e-01 2.497040666639804840e-03
