9.690707921981811523e-01 2.769885584712028503e-03
9.688076376914978027e-01 2.996713621541857719e-03
9.667499065399169922e-01 4.594970494508743286e-03
9.621280431747436523e-01 7.620749529451131821e-03
9.564384818077087402e-01 1.085526403039693832e-02
9.443024992942810059e-01 1.688905619084835052e-02
9.328433275222778320e-01 2.195839583873748779e-02
9.296455979347229004e-01 2.329551801085472107e-02
9.203060269355773926e-01 2.704358845949172974e-02
9.156799912452697754e-01 2.882288396358489990e-02
9.042511582374572754e-01 3.302911296486854553e-02
8.995532393455505371e-01 3.468715026974678040e-02
8.881266117095947266e-01 3.856560587882995605e-02
8.825818896293640137e-01 4.037430882453918457e-02
8.729407787322998047e-01 4.341398552060127258e-02
8.700683116912841797e-01 4.429489746689796448e-02
8.629055023193359375e-01 4.644457623362541199e-02
8.520866036415100098e-01 4.956959933042526245e-02
8.399718403816223145e-01 5.290416255593299866e-02
8.346905112266540527e-01 5.430591106414794922e-02
8.243322968482971191e-01 5.696722865104675293e-02
8.164292573928833008e-01 5.892188474535942078e-02
7.976232767105102539e-01 6.332042813301086426e-02
7.873578667640686035e-01 6.557711213827133179e-02
7.679173350334167480e-01 6.958415359258651733e-02
7.583999633789062500e-01 7.142294943332672119e-02
7.508829236030578613e-01 7.281984388828277588e-02
7.471246123313903809e-01 7.350020110607147217e-02
7.332130074501037598e-01 7.591582089662551880e-02
7.209195494651794434e-01 7.791878283023834229e-02
7.081770896911621094e-01 7.986818999052047729e-02
6.795778274536132812e-01 8.379125595092773438e-02
6.732156276702880859e-01 8.458163589239120483e-02
6.664609313011169434e-01 8.538893610239028931e-02
6.588289141654968262e-01 8.626209944486618042e-02
6.523451805114746094e-01 8.697193115949630737e-02
6.375119686126708984e-01 8.848720043897628784e-02
6.242972016334533691e-01 8.971256017684936523e-02
6.059844493865966797e-01 9.122215211391448975e-02
5.872231721878051758e-01 9.254795312881469727e-02
5.830940604209899902e-01 9.281042963266372681e-02
5.754925608634948730e-01 9.326644986867904663e-02
5.561712980270385742e-01 9.426916390657424927e-02
5.494340062141418457e-01 9.456691890954971313e-02
5.379071235656738281e-01 9.501519799232482910e-02
5.238997340202331543e-01 9.545757621526718140e-02
5.103239417076110840e-01 9.578078240156173706e-02
5.020233988761901855e-01 9.592802822589874268e-02
4.953505992889404297e-01 9.601891785860061646e-02
4.868916571140289307e-01 9.609928727149963379e-02
4.668307006359100342e-01 9.613601118326187134e-02
4.522251188755035400e-01 9.602839499711990356e-02
4.422817528247833252e-01 9.589117765426635742e-02
4.279671907424926758e-01 9.560356289148330688e-02
4.160765409469604492e-01 9.528443217277526855e-02
4.081356227397918701e-01 9.503099322319030762e-02
3.995583057403564453e-01 9.472112357616424561e-02
3.885044753551483154e-01 9.426655620336532593e-02
3.802649080753326416e-01 9.388728439807891846e-02
3.722196519374847412e-01 9.348370134830474854e-02
3.618634939193725586e-01 9.291567653417587280e-02
3.546174466609954834e-01 9.248562902212142944e-02
3.442639112472534180e-01 9.182442724704742432e-02
3.283856511116027832e-01 9.070249646902084351e-02
3.208358883857727051e-01 9.012269973754882812e-02
3.137951791286468506e-01 8.955466747283935547e-02
3.005532920360565186e-01 8.841378241777420044e-02
2.859573066234588623e-01 8.704382926225662231e-02
2.635366022586822510e-01 8.469954878091812134e-02
2.462607026100158691e-01 8.268261700868606567e-02
2.350100725889205933e-01 8.126349002122879028e-02
2.226974070072174072e-01 7.960829883813858032e-02
2.095490396022796631e-01 7.771446555852890015e-02
2.033988684415817261e-01 7.678078860044479370e-02
1.908421516418457031e-01 7.477249950170516968e-02
1.860504895448684692e-01 7.396782934665679932e-02
1.753329187631607056e-01 7.208532094955444336e-02
1.636215597391128540e-01 6.988654285669326782e-02
1.488639265298843384e-01 6.687816232442855835e-02
1.364865899085998535e-01 6.412039697170257568e-02
1.308527886867523193e-01 6.278483569622039795e-02
1.244640126824378967e-01 6.120306253433227539e-02
1.104856878519058228e-01 5.746230855584144592e-02
9.838911145925521851e-02 5.386258661746978760e-02
9.206590056419372559e-02 5.182298272848129272e-02
8.317766338586807251e-02 4.874249547719955444e-02
6.866700202226638794e-02 4.306769743561744690e-02
5.854650959372520447e-02 3.851241618394851685e-02
4.464701563119888306e-02 3.116445988416671753e-02
3.412456065416336060e-02 2.441066876053810120e-02
2.898576669394969940e-02 2.056939899921417236e-02
2.197205089032649994e-02 1.445043645799160004e-02
1.980894804000854492e-02 1.226265728473663330e-02
1.572073809802532196e-02 7.441789377480745316e-03
1.449927594512701035e-02 5.701349582523107529e-03
1.336762122809886932e-02 3.837181488052010536e-03
1.216721069067716599e-02 1.260035205632448196e-03
1.159497071057558060e-02 -8.564842864871025085e-04
1.151832286268472672e-02 -2.632831688970327377e-03
1.167832966893911362e-02 -3.567966632544994354e-03
1.244918629527091980e-02 -5.250608548521995544e-03
1.350544951856136322e-02 -6.435214541852474213e-03
1.562872901558876038e-02 -7.868302054703235626e-03
1.811375282704830170e-02 -8.945455774664878845e-03
2.218666300177574158e-02 -1.013312768191099167e-02
2.863068878650665283e-02 -1.135510113090276718e-02
4.239652305841445923e-02 -1.286431774497032166e-02
5.095725879073143005e-02 -1.343406550586223602e-02
6.642332673072814941e-02 -1.406831946223974228e-02
7.419499754905700684e-02 -1.425078138709068298e-02
9.163387864828109741e-02 -1.442319527268409729e-02
1.001276373863220215e-01 -1.441326178610324860e-02
1.062387004494667053e-01 -1.437528617680072784e-02
1.186429485678672791e-01 -1.423101779073476791e-02
1.305431723594665527e-01 -1.402231771498918533e-02
1.357975006103515625e-01 -1.391199696809053421e-02
1.532244384288787842e-01 -1.348237786442041397e-02
1.592630743980407715e-01 -1.331477891653776169e-02
1.662593930959701538e-01 -1.311101578176021576e-02
1.700937002897262573e-01 -1.299554854631423950e-02
1.867715567350387573e-01 -1.246872637420892715e-02
1.916278898715972900e-01 -1.230953447520732880e-02
2.036731094121932983e-01 -1.190739031881093979e-02
2.170059680938720703e-01 -1.145526487380266190e-02
2.318344414234161377e-01 -1.095122657716274261e-02
2.402957230806350708e-01 -1.066583488136529922e-02
2.515327632427215576e-01 -1.029188837856054306e-02
2.546166181564331055e-01 -1.019058749079704285e-02
2.614905238151550293e-01 -9.967227466404438019e-03
2.702741324901580811e-01 -9.687418118119239807e-03
2.874669134616851807e-01 -9.161373600363731384e-03
3.059450387954711914e-01 -8.634000085294246674e-03
3.182646334171295166e-01 -8.307478390634059906e-03
3.290993869304656982e-01 -8.038445375859737396e-03
3.472957313060760498e-01 -7.627435959875583649e-03
3.545378446578979492e-01 -7.478748448193073273e-03
3.685495257377624512e-01 -7.215993013232946396e-03
3.744752407073974609e-01 -7.114928215742111206e-03
3.812953531742095947e-01 -7.006074767559766769e-03
3.936366140842437744e-01 -6.829477380961179733e-03
3.977305889129638672e-01 -6.776667665690183640e-03
4.092087745666503906e-01 -6.643805652856826782e-03
4.160099625587463379e-01 -6.575468927621841431e-03
4.266663491725921631e-01 -6.483458448201417923e-03
4.437975585460662842e-01 -6.371960043907165527e-03
4.474687874317169189e-01 -6.353499833494424820e-03
4.582444727420806885e-01 -6.309362594038248062e-03
4.690717756748199463e-01 -6.278562825173139572e-03
4.789370298385620117e-01 -6.260401103645563126e-03
4.880773723125457764e-01 -6.250208243727684021e-03
5.080125331878662109e-01 -6.241080816835165024e-03
5.238030552864074707e-01 -6.235191132873296738e-03
5.357648134231567383e-01 -6.223748438060283661e-03
5.507308244705200195e-01 -6.192110013216733932e-03
5.660614967346191406e-01 -6.129818037152290344e-03
5.754847526550292969e-01 -6.072092801332473755e-03
5.873478651046752930e-01 -5.974425934255123138e-03
5.932846665382385254e-01 -5.914010107517242432e-03
6.023089885711669922e-01 -5.806264001876115799e-03
6.087211370468139648e-01 -5.717464722692966461e-03
6.340218186378479004e-01 -5.261696409434080124e-03
6.495354175567626953e-01 -4.896110855042934418e-03
6.653264760971069336e-01 -4.456768743693828583e-03
6.724984049797058105e-01 -4.235392902046442032e-03
6.928082108497619629e-01 -3.538342891260981560e-03
7.051061391830444336e-01 -3.069263650104403496e-03
7.140189409255981445e-01 -2.709127729758620262e-03
7.325807213783264160e-01 -1.910668681375682354e-03
7.403593659400939941e-01 -1.558965072035789490e-03
7.607206106185913086e-01 -6.001192377880215645e-04
7.742254734039306641e-01 5.875141141586937010e-05
7.837380766868591309e-01 5.296725430525839329e-04
7.926820516586303711e-01 9.750275639817118645e-04
7.985785007476806641e-01 1.268886146135628223e-03
8.111533522605895996e-01 1.892553060315549374e-03
8.186861276626586914e-01 2.261673333123326302e-03
8.262848854064941406e-01 2.628379501402378082e-03
8.327752947807312012e-01 2.935540862381458282e-03
8.622292876243591309e-01 4.213916137814521790e-03
8.750457167625427246e-01 4.677105229347944260e-03
9.005131721496582031e-01 5.298658739775419235e-03
9.066732525825500488e-01 5.361126735806465149e-03
9.157092571258544922e-01 5.362763069570064545e-03
9.227434396743774414e-01 5.270285997539758682e-03
9.363128542900085449e-01 4.760762210935354233e-03
9.376239776611328125e-01 4.680817015469074249e-03
9.457691907882690430e-01 4.013678524643182755e-03
9.547139406204223633e-01 2.807219047099351883e-03
9.626557826995849609e-01 1.041235169395804405e-03
9.667246341705322266e-01 -2.680243924260139465e-04
9.681925773620605469e-01 -8.299017790704965591e-04
9.691221117973327637e-01 -1.212933333590626717e-03
