9.700042009353637695e-01 4.736436065286397934e-03
9.697428345680236816e-01 4.871493671089410782e-03
9.690269231796264648e-01 5.227930843830108643e-03
9.660071730613708496e-01 6.612425670027732849e-03
9.627137184143066406e-01 8.016684092581272125e-03
9.603215456008911133e-01 9.000233374536037445e-03
9.546225070953369141e-01 1.126914937049150467e-02
9.508630633354187012e-01 1.272656116634607315e-02
9.451732039451599121e-01 1.489065494388341904e-02
9.417923092842102051e-01 1.615734398365020752e-02
9.320396780967712402e-01 1.974855363368988037e-02
9.285665154457092285e-01 2.100822702050209045e-02
9.232912063598632812e-01 2.290461584925651550e-02
9.163469672203063965e-01 2.537259273231029510e-02
9.048243761062622070e-01 2.940350770950317383e-02
8.982879519462585449e-01 3.165744617581367493e-02
8.908569812774658203e-01 3.419239073991775513e-02
8.789443969726562500e-01 3.819806128740310669e-02
8.712833523750305176e-01 4.073714837431907654e-02
8.617039918899536133e-01 4.387234896421432495e-02
8.439187407493591309e-01 4.957638308405876160e-02
8.385941982269287109e-01 5.125450715422630310e-02
8.220342993736267090e-01 5.638569593429565430e-02
8.160043358802795410e-01 5.822063237428665161e-02
8.037894368171691895e-01 6.188169121742248535e-02
7.977582812309265137e-01 6.366133689880371094e-02
7.803549170494079590e-01 6.869008392095565796e-02
7.662138938903808594e-01 7.265625894069671631e-02
7.603314518928527832e-01 7.427355647087097168e-02
7.563329339027404785e-01 7.536183297634124756e-02
7.400714159011840820e-01 7.969285547733306885e-02
7.314435839653015137e-01 8.192782849073410034e-02
7.167347073554992676e-01 8.563385158777236938e-02
7.079094648361206055e-01 8.779323846101760864e-02
6.960777640342712402e-01 9.061069786548614502e-02
6.908451914787292480e-01 9.182789921760559082e-02
6.741275787353515625e-01 9.559585154056549072e-02
6.654614210128784180e-01 9.747529774904251099e-02
6.493282914161682129e-01 1.008367985486984253e-01
6.377838253974914551e-01 1.031305193901062012e-01
6.253949999809265137e-01 1.054863333702087402e-01
6.125738620758056641e-01 1.078074350953102112e-01
6.018360853195190430e-01 1.096584200859069824e-01
5.902596116065979004e-01 1.115579977631568909e-01
5.786156058311462402e-01 1.133669167757034302e-01
5.639725923538208008e-01 1.154951229691505432e-01
5.484138131141662598e-01 1.175753623247146606e-01
5.417261719703674316e-01 1.184116378426551819e-01
5.254086852073669434e-01 1.203042417764663696e-01
5.169731378555297852e-01 1.211998686194419861e-01
5.007215738296508789e-01 1.227647587656974792e-01
4.861375391483306885e-01 1.239872872829437256e-01
4.718068242073059082e-01 1.250192970037460327e-01
4.617044627666473389e-01 1.256450414657592773e-01
4.427236914634704590e-01 1.265904903411865234e-01
4.363314509391784668e-01 1.268406659364700317e-01
4.195083081722259521e-01 1.273327469825744629e-01
4.111906588077545166e-01 1.274862289428710938e-01
3.953745365142822266e-01 1.276119351387023926e-01
3.747215569019317627e-01 1.274431198835372925e-01
3.684969842433929443e-01 1.273171007633209229e-01
3.563881218433380127e-01 1.269706487655639648e-01
3.440624177455902100e-01 1.264786571264266968e-01
3.320468962192535400e-01 1.258612573146820068e-01
3.178317844867706299e-01 1.249514371156692505e-01
3.064482510089874268e-01 1.240796074271202087e-01
2.969660162925720215e-01 1.232539117336273193e-01
2.810775935649871826e-01 1.216622367501258850e-01
2.508170604705810547e-01 1.178765147924423218e-01
2.346767783164978027e-01 1.154287233948707581e-01
2.272975891828536987e-01 1.142045110464096069e-01
2.098178416490554810e-01 1.110278815031051636e-01
1.998247802257537842e-01 1.090286299586296082e-01
1.894085109233856201e-01 1.067946702241897583e-01
1.825427263975143433e-01 1.052346602082252502e-01
1.686374992132186890e-01 1.018503159284591675e-01
1.575712859630584717e-01 9.892817586660385132e-02
1.423738151788711548e-01 9.455539286136627197e-02
1.305421143770217896e-01 9.083556383848190308e-02
1.181702911853790283e-01 8.661812543869018555e-02
1.083910465240478516e-01 8.302219212055206299e-02
9.770658612251281738e-02 7.879835367202758789e-02
8.863089233636856079e-02 7.494067400693893433e-02
7.361497730016708374e-02 6.792797893285751343e-02
6.257033348083496094e-02 6.217554956674575806e-02
5.787723511457443237e-02 5.955068767070770264e-02
4.436898604035377502e-02 5.126382410526275635e-02
3.304310888051986694e-02 4.324093461036682129e-02
2.836014144122600555e-02 3.953539952635765076e-02
2.285292744636535645e-02 3.478645160794258118e-02
1.723054796457290649e-02 2.934705093502998352e-02
1.242356654256582260e-02 2.397542633116245270e-02
6.687812041491270065e-03 1.579215191304683685e-02
5.350127350538969040e-03 1.322830840945243835e-02
3.994041588157415390e-03 9.853722527623176575e-03
3.303625155240297318e-03 7.193465251475572586e-03
3.012422937899827957e-03 4.058124031871557236e-03
3.261035075411200523e-03 1.654742518439888954e-03
4.111292771995067596e-03 -9.339625248685479164e-04
4.779674578458070755e-03 -2.170335734263062477e-03
6.103135645389556885e-03 -3.944150172173976898e-03
8.044130168855190277e-03 -5.794458091259002686e-03
1.161015592515468597e-02 -8.152463473379611969e-03
1.528955996036529541e-02 -9.886533021926879883e-03
2.043138816952705383e-02 -1.168657094240188599e-02
2.624830603599548340e-02 -1.321291178464889526e-02
3.173336014151573181e-02 -1.434276159852743149e-02
4.434040188789367676e-02 -1.625102944672107697e-02
5.243106186389923096e-02 -1.714900694787502289e-02
6.476937234401702881e-02 -1.819797977805137634e-02
7.909082621335983276e-02 -1.906574331223964691e-02
9.152401238679885864e-02 -1.959040947258472443e-02
9.674031287431716919e-02 -1.975824870169162750e-02
1.218493357300758362e-01 -2.021331153810024261e-02
1.299409121274948120e-01 -2.025436423718929291e-02
1.488826721906661987e-01 -2.018735744059085846e-02
1.661066263914108276e-01 -1.995905116200447083e-02
1.796935647726058960e-01 -1.968643255531787872e-02
1.953302025794982910e-01 -1.928892545402050018e-02
1.994616836309432983e-01 -1.917088590562343597e-02
2.132207602262496948e-01 -1.874382421374320984e-02
2.214185595512390137e-01 -1.846731267869472504e-02
2.288009971380233765e-01 -1.820604503154754639e-02
2.434002906084060669e-01 -1.765986718237400055e-02
2.596631944179534912e-01 -1.701389998197555542e-02
2.705498337745666504e-01 -1.656429469585418701e-02
2.753761112689971924e-01 -1.636144332587718964e-02
2.838790118694305420e-01 -1.599973067641258240e-02
2.951948046684265137e-01 -1.551145501434803009e-02
3.017529249191284180e-01 -1.522578578442335129e-02
3.140724301338195801e-01 -1.468572951853275299e-02
3.222517967224121094e-01 -1.432586088776588440e-02
3.333334028720855713e-01 -1.383824832737445831e-02
3.384162783622741699e-01 -1.361502613872289658e-02
3.539310991764068604e-01 -1.293743122369050980e-02
3.621834516525268555e-01 -1.258045341819524765e-02
3.797481656074523926e-01 -1.183199882507324219e-02
3.880398571491241455e-01 -1.148527208715677261e-02
3.965909481048583984e-01 -1.113288197666406631e-02
4.146186709403991699e-01 -1.040958706289529800e-02
4.265652000904083252e-01 -9.946659207344055176e-03
4.372214078903198242e-01 -9.545797482132911682e-03
4.557787179946899414e-01 -8.876757696270942688e-03
4.616222083568572998e-01 -8.674036711454391479e-03
4.775097072124481201e-01 -8.142537437379360199e-03
4.839028418064117432e-01 -7.936791516840457916e-03
4.977265298366546631e-01 -7.507533766329288483e-03
5.069969892501831055e-01 -7.231181487441062927e-03
5.110976696014404297e-01 -7.111734244972467422e-03
5.307586789131164551e-01 -6.560405250638723373e-03
5.408648848533630371e-01 -6.288699340075254440e-03
5.496820807456970215e-01 -6.056491285562515259e-03
5.650610923767089844e-01 -5.658300593495368958e-03
5.704234838485717773e-01 -5.520351696759462357e-03
5.798245668411254883e-01 -5.278044845908880234e-03
5.926368236541748047e-01 -4.943737760186195374e-03
6.011271476745605469e-01 -4.717400297522544861e-03
6.156919002532958984e-01 -4.315553233027458191e-03
6.331642270088195801e-01 -3.802950493991374969e-03
6.381342411041259766e-01 -3.649821504950523376e-03
6.460373401641845703e-01 -3.398942761123180389e-03
6.582792401313781738e-01 -2.991358516737818718e-03
6.679866313934326172e-01 -2.651046961545944214e-03
6.695985198020935059e-01 -2.593044890090823174e-03
6.845200657844543457e-01 -2.035962883383035660e-03
6.991840004920959473e-01 -1.453761826269328594e-03
7.155914306640625000e-01 -7.642693817615509033e-04
7.417042851448059082e-01 4.037967592012137175e-04
7.522574067115783691e-01 8.954044897109270096e-04
7.589915394783020020e-01 1.213507493957877159e-03
7.773488163948059082e-01 2.092724665999412537e-03
7.876588702201843262e-01 2.590496093034744263e-03
8.025011420249938965e-01 3.305675694718956947e-03
8.048209547996520996e-01 3.416827414184808731e-03
8.229246735572814941e-01 4.272094927728176117e-03
8.361041545867919922e-01 4.873428959399461746e-03
8.460268378257751465e-01 5.308239720761775970e-03
8.607949614524841309e-01 5.915856454521417618e-03
8.831056356430053711e-01 6.702829618006944656e-03
8.885989785194396973e-01 6.863194052129983902e-03
9.059197902679443359e-01 7.244955282658338547e-03
9.131531119346618652e-01 7.331992033869028091e-03
9.244139194488525391e-01 7.348284125328063965e-03
9.281008839607238770e-01 7.313656620681285858e-03
9.342014789581298828e-01 7.200893480330705643e-03
9.375060200691223145e-01 7.105511147528886795e-03
9.473641514778137207e-01 6.629508920013904572e-03
9.570054411888122559e-01 5.744610447436571121e-03
9.638666510581970215e-01 4.675197415053844452e-03
9.686809778213500977e-01 3.561809193342924118e-03
9.695180058479309082e-01 3.328298218548297882e-03
9.702304005622863770e-01 3.119540167972445488e-03
