9.659290313720703125e-01 7.056857924908399582e-03
9.654206037521362305e-01 7.352740503847599030e-03
9.634208679199218750e-01 8.447287604212760925e-03
9.578598141670227051e-01 1.120092347264289856e-02
9.430532455444335938e-01 1.775241270661354065e-02
9.341253638267517090e-01 2.143834717571735382e-02
9.245797395706176758e-01 2.523967809975147247e-02
9.207158684730529785e-01 2.674424648284912109e-02
9.092341661453247070e-01 3.111529722809791565e-02
8.992492556571960449e-01 3.480761498212814331e-02
8.867701888084411621e-01 3.929508104920387268e-02
8.795275092124938965e-01 4.183932021260261536e-02
8.690085411071777344e-01 4.545931145548820496e-02
8.544020056724548340e-01 5.034480988979339600e-02
8.215072154998779297e-01 6.076792627573013306e-02
8.091310262680053711e-01 6.448470801115036011e-02
7.940453886985778809e-01 6.886274367570877075e-02
7.803247570991516113e-01 7.269737869501113892e-02
7.648264169692993164e-01 7.685655355453491211e-02
7.493535280227661133e-01 8.082205057144165039e-02
7.364353537559509277e-01 8.398606628179550171e-02
7.250946760177612305e-01 8.665068447589874268e-02
7.103155851364135742e-01 8.996084332466125488e-02
7.051903605461120605e-01 9.106504172086715698e-02
6.841404438018798828e-01 9.535767138004302979e-02
6.775109767913818359e-01 9.662738442420959473e-02
6.631470322608947754e-01 9.924039244651794434e-02
6.503168344497680664e-01 1.014123409986495972e-01
6.337720751762390137e-01 1.039832755923271179e-01
6.254189610481262207e-01 1.051818728446960449e-01
6.116886138916015625e-01 1.070057228207588196e-01
6.075617074966430664e-01 1.075181812047958374e-01
5.956498384475708008e-01 1.089045181870460510e-01
5.868573188781738281e-01 1.098391860723495483e-01
5.735819339752197266e-01 1.111076250672340393e-01
5.657210350036621094e-01 1.117779240012168884e-01
5.556411743164062500e-01 1.125498637557029724e-01
5.496912002563476562e-01 1.129595190286636353e-01
5.310785174369812012e-01 1.140217781066894531e-01
5.234579443931579590e-01 1.143616214394569397e-01
5.143030881881713867e-01 1.146975830197334290e-01
5.027307271957397461e-01 1.150104254484176636e-01
4.927498698234558105e-01 1.151809692382812500e-01
4.794917106628417969e-01 1.152672097086906433e-01
4.747221767902374268e-01 1.152594983577728271e-01
4.659932553768157959e-01 1.151929721236228943e-01
4.538587033748626709e-01 1.149890199303627014e-01
4.442442953586578369e-01 1.147365719079971313e-01
4.323322474956512451e-01 1.143139898777008057e-01
4.156521558761596680e-01 1.135215386748313904e-01
4.058655798435211182e-01 1.129494011402130127e-01
3.985895216464996338e-01 1.124733388423919678e-01
3.899731636047363281e-01 1.118544116616249084e-01
3.815513253211975098e-01 1.111920997500419617e-01
3.757544755935668945e-01 1.107035875320434570e-01
3.708201348781585693e-01 1.102669090032577515e-01
3.634612262248992920e-01 1.095803454518318176e-01
3.522606492042541504e-01 1.084548160433769226e-01
3.365098237991333008e-01 1.067091450095176697e-01
3.319131135940551758e-01 1.061640977859497070e-01
3.271427750587463379e-01 1.055816039443016052e-01
3.115745782852172852e-01 1.035612896084785461e-01
3.050205409526824951e-01 1.026563420891761780e-01
2.981302142143249512e-01 1.016703471541404724e-01
2.875400781631469727e-01 1.000855863094329834e-01
2.774522900581359863e-01 9.849797189235687256e-02
2.687913179397583008e-01 9.707392752170562744e-02
2.639067173004150391e-01 9.624585509300231934e-02
2.495657652616500854e-01 9.370980411767959595e-02
2.343594580888748169e-01 9.084770083427429199e-02
2.186645567417144775e-01 8.770219236612319946e-02
2.073463499546051025e-01 8.530938625335693359e-02
1.891841590404510498e-01 8.124192804098129272e-02
1.844730824232101440e-01 8.013913780450820923e-02
1.757844835519790649e-01 7.805129885673522949e-02
1.686720699071884155e-01 7.628838717937469482e-02
1.588229238986968994e-01 7.376331835985183716e-02
1.452431380748748779e-01 7.011168450117111206e-02
1.357173472642898560e-01 6.742288917303085327e-02
1.268388479948043823e-01 6.481382250785827637e-02
1.169591918587684631e-01 6.178318336606025696e-02
9.715513139963150024e-02 5.524386838078498840e-02
8.804416656494140625e-02 5.199130252003669739e-02
7.756092399358749390e-02 4.801955446600914001e-02
6.643460690975189209e-02 4.348510503768920898e-02
5.777882784605026245e-02 3.968188166618347168e-02
4.740771651268005371e-02 3.472699597477912903e-02
4.101611301302909851e-02 3.140374273061752319e-02
3.277721256017684937e-02 2.672691084444522858e-02
2.623051218688488007e-02 2.259720489382743835e-02
1.873731985688209534e-02 1.722611859440803528e-02
1.141403988003730774e-02 1.088914740830659866e-02
8.520646952092647552e-03 7.856475189328193665e-03
5.719369743019342422e-03 4.361158702522516251e-03
2.892127959057688713e-03 -5.244921776466071606e-04
1.881218748167157173e-03 -3.701546695083379745e-03
1.670381054282188416e-03 -5.684192758053541183e-03
1.984786242246627808e-03 -8.130806498229503632e-03
2.897118916735053062e-03 -1.017536129802465439e-02
3.373309504240751266e-03 -1.085496228188276291e-02
4.846487194299697876e-03 -1.236782316118478775e-02
6.821038201451301575e-03 -1.372242160141468048e-02
1.067622378468513489e-02 -1.540231611579656601e-02
1.780786737799644470e-02 -1.708810962736606598e-02
2.837409637868404388e-02 -1.826901361346244812e-02
4.147896543145179749e-02 -1.899439468979835510e-02
4.877124726772308350e-02 -1.930196769535541534e-02
5.465288460254669189e-02 -1.955168321728706360e-02
6.162079051136970520e-02 -1.987276412546634674e-02
7.623809576034545898e-02 -2.068925090134143829e-02
8.993273228406906128e-02 -2.165281027555465698e-02
9.852506965398788452e-02 -2.234808728098869324e-02
1.046577319502830505e-01 -2.288080006837844849e-02
1.219370812177658081e-01 -2.450590580701828003e-02
1.448007524013519287e-01 -2.680776268243789673e-02
1.535566002130508423e-01 -2.769736200571060181e-02
1.579935401678085327e-01 -2.814486064016819000e-02
1.734276562929153442e-01 -2.966739237308502197e-02
1.974599808454513550e-01 -3.187030181288719177e-02
2.006735354661941528e-01 -3.214507550001144409e-02
2.118165642023086548e-01 -3.305671736598014832e-02
2.201913893222808838e-01 -3.369772806763648987e-02
2.289095669984817505e-01 -3.432292491197586060e-02
2.343148738145828247e-01 -3.468845784664154053e-02
2.473873794078826904e-01 -3.550127521157264709e-02
2.573962211608886719e-01 -3.605480119585990906e-02
2.675297856330871582e-01 -3.655424341559410095e-02
2.734958231449127197e-01 -3.681970015168190002e-02
2.885930240154266357e-01 -3.739759698510169983e-02
2.970312535762786865e-01 -3.766275197267532349e-02
3.057994246482849121e-01 -3.789502382278442383e-02
3.129608631134033203e-01 -3.805251047015190125e-02
3.255732059478759766e-01 -3.826069086790084839e-02
3.315386474132537842e-01 -3.832893446087837219e-02
3.448551893234252930e-01 -3.841276466846466064e-02
3.532270491123199463e-01 -3.841792792081832886e-02
3.641032874584197998e-01 -3.837101534008979797e-02
3.685239255428314209e-01 -3.833490610122680664e-02
3.765541613101959229e-01 -3.824448212981224060e-02
3.847788274288177490e-01 -3.811906650662422180e-02
3.912780284881591797e-01 -3.799681738018989563e-02
4.002348184585571289e-01 -3.779524564743041992e-02
4.117332100868225098e-01 -3.748105093836784363e-02
4.164951145648956299e-01 -3.733287751674652100e-02
4.220573902130126953e-01 -3.714653104543685913e-02
4.284251332283020020e-01 -3.691575303673744202e-02
4.331341683864593506e-01 -3.673316910862922668e-02
4.460419416427612305e-01 -3.618108481168746948e-02
4.543986618518829346e-01 -3.578354418277740479e-02
4.754544496536254883e-01 -3.464308381080627441e-02
4.843008220195770264e-01 -3.410487994551658630e-02
4.888974726200103760e-01 -3.381148353219032288e-02
5.017040371894836426e-01 -3.294458985328674316e-02
5.150409936904907227e-01 -3.196478635072708130e-02
5.246462225914001465e-01 -3.121093474328517914e-02
5.323775410652160645e-01 -3.057516366243362427e-02
5.395208597183227539e-01 -2.996512502431869507e-02
5.529150366783142090e-01 -2.876395918428897858e-02
5.594027042388916016e-01 -2.815606072545051575e-02
5.717484951019287109e-01 -2.695429697632789612e-02
5.783042907714843750e-01 -2.629322558641433716e-02
5.867439508438110352e-01 -2.542016468942165375e-02
5.967517495155334473e-01 -2.435480803251266479e-02
6.023268699645996094e-01 -2.374818734824657440e-02
6.134892106056213379e-01 -2.250801026821136475e-02
6.221462488174438477e-01 -2.152507379651069641e-02
6.364565491676330566e-01 -1.986640505492687225e-02
6.532821059226989746e-01 -1.787475124001502991e-02
6.583578586578369141e-01 -1.726754009723663330e-02
6.710256338119506836e-01 -1.574387960135936737e-02
6.868552565574645996e-01 -1.383202709257602692e-02
7.005615830421447754e-01 -1.217898726463317871e-02
7.158294916152954102e-01 -1.035066694021224976e-02
7.280870676040649414e-01 -8.899767883121967316e-03
7.629203796386718750e-01 -4.908368457108736038e-03
7.745869755744934082e-01 -3.630406688898801804e-03
7.897999286651611328e-01 -2.020947169512510300e-03
8.005347251892089844e-01 -9.297584765590727329e-04
8.280844092369079590e-01 1.666987198404967785e-03
8.360707163810729980e-01 2.355245174840092659e-03
8.487702012062072754e-01 3.378591267392039299e-03
8.568766117095947266e-01 3.980702254921197891e-03
8.721692562103271484e-01 4.990224726498126984e-03
8.780127167701721191e-01 5.326113197952508926e-03
8.903135657310485840e-01 5.926555022597312927e-03
8.984057307243347168e-01 6.230110768228769302e-03
9.227368831634521484e-01 6.550085730850696564e-03
9.321057200431823730e-01 6.339373067021369934e-03
9.535104632377624512e-01 4.580571781843900681e-03
9.636174440383911133e-01 2.607329050078988075e-03
9.644434452056884766e-01 2.393831033259630203e-03
9.653825759887695312e-01 2.140497323125600815e-03
