9.774845242500305176e-01 6.021483335644006729e-03
9.774104356765747070e-01 6.132458802312612534e-03
9.767989516258239746e-01 6.983501370996236801e-03
9.746448993682861328e-01 9.545683860778808594e-03
9.700418114662170410e-01 1.421098504215478897e-02
9.630787968635559082e-01 2.045561745762825012e-02
9.587132930755615234e-01 2.409322746098041534e-02
9.565628170967102051e-01 2.582651935517787933e-02
9.470346570014953613e-01 3.313527256250381470e-02
9.434583187103271484e-01 3.574511036276817322e-02
9.322967529296875000e-01 4.350168630480766296e-02
9.290027022361755371e-01 4.569000750780105591e-02
9.217454791069030762e-01 5.036474764347076416e-02
9.139537215232849121e-01 5.517636612057685852e-02
9.030885696411132812e-01 6.155787780880928040e-02
8.939434885978698730e-01 6.665661931037902832e-02
8.897930979728698730e-01 6.889379024505615234e-02
8.849151134490966797e-01 7.146423310041427612e-02
8.718367218971252441e-01 7.805849611759185791e-02
8.671495914459228516e-01 8.032115548849105835e-02
8.610553145408630371e-01 8.318781852722167969e-02
8.417664766311645508e-01 9.173031896352767944e-02
8.214888572692871094e-01 9.991057962179183960e-02
8.188591003417968750e-01 1.009157076478004456e-01
8.056997656822204590e-01 1.057646349072456360e-01
7.962321639060974121e-01 1.090742722153663635e-01
7.877252697944641113e-01 1.119264960289001465e-01
7.838028073310852051e-01 1.132042184472084045e-01
7.587431669235229492e-01 1.208393573760986328e-01
7.559633255004882812e-01 1.216325536370277405e-01
7.308146953582763672e-01 1.283560842275619507e-01
7.238718867301940918e-01 1.300748586654663086e-01
7.087403535842895508e-01 1.336264014244079590e-01
6.967166066169738770e-01 1.362654417753219604e-01
6.770499944686889648e-01 1.402488648891448975e-01
6.655381917953491211e-01 1.423961818218231201e-01
6.539931297302246094e-01 1.444177180528640747e-01
6.497929096221923828e-01 1.451210230588912964e-01
6.374815106391906738e-01 1.470856070518493652e-01
6.263625621795654297e-01 1.487374752759933472e-01
6.105741858482360840e-01 1.508877277374267578e-01
6.013217568397521973e-01 1.520429998636245728e-01
5.947642326354980469e-01 1.528153568506240845e-01
5.779504776000976562e-01 1.546217650175094604e-01
5.676395893096923828e-01 1.556066125631332397e-01
5.625110268592834473e-01 1.560618579387664795e-01
5.411759614944458008e-01 1.577104032039642334e-01
5.313104987144470215e-01 1.583392471075057983e-01
5.246858596801757812e-01 1.587142348289489746e-01
5.017068982124328613e-01 1.597199440002441406e-01
4.871519505977630615e-01 1.601193398237228394e-01
4.822136759757995605e-01 1.602128297090530396e-01
4.684442579746246338e-01 1.603602468967437744e-01
4.398398995399475098e-01 1.601292043924331665e-01
4.342547953128814697e-01 1.599985659122467041e-01
4.191094934940338135e-01 1.595019847154617310e-01
4.084517955780029297e-01 1.590266525745391846e-01
4.029875695705413818e-01 1.587422788143157959e-01
3.858878910541534424e-01 1.576721072196960449e-01
3.810069262981414795e-01 1.573159843683242798e-01
3.734302520751953125e-01 1.567183285951614380e-01
3.583667278289794922e-01 1.553656905889511108e-01
3.406254351139068604e-01 1.534874886274337769e-01
3.223741948604583740e-01 1.512260138988494873e-01
3.112930059432983398e-01 1.496862173080444336e-01
2.968262434005737305e-01 1.474818885326385498e-01
2.922130525112152100e-01 1.467318981885910034e-01
2.731123864650726318e-01 1.433788090944290161e-01
2.694553434848785400e-01 1.426904201507568359e-01
2.516855597496032715e-01 1.391269862651824951e-01
2.408848851919174194e-01 1.367794424295425415e-01
2.287641912698745728e-01 1.339755803346633911e-01
2.116473168134689331e-01 1.296988427639007568e-01
2.056210488080978394e-01 1.281014680862426758e-01
1.992642730474472046e-01 1.263629496097564697e-01
1.940726041793823242e-01 1.249013990163803101e-01
1.846846044063568115e-01 1.221607476472854614e-01
1.695975959300994873e-01 1.174812391400337219e-01
1.566828191280364990e-01 1.131896525621414185e-01
1.460367590188980103e-01 1.094397008419036865e-01
1.297539621591567993e-01 1.033016592264175415e-01
1.202410757541656494e-01 9.947035461664199829e-02
1.072262302041053772e-01 9.390357136726379395e-02
7.745669782161712646e-02 7.948403805494308472e-02
7.239410281181335449e-02 7.674910128116607666e-02
6.940487027168273926e-02 7.508820295333862305e-02
6.007409840822219849e-02 6.966070085763931274e-02
4.588660597801208496e-02 6.056423112750053406e-02
3.897150978446006775e-02 5.566273629665374756e-02
2.773095481097698212e-02 4.679632931947708130e-02
2.192571200430393219e-02 4.162720218300819397e-02
1.527082733809947968e-02 3.497790545225143433e-02
1.317500229924917221e-02 3.266792744398117065e-02
5.751116666942834854e-03 2.316018193960189819e-02
1.608370221219956875e-04 1.320023275911808014e-02
-1.271231565624475479e-03 9.564774110913276672e-03
-2.663085237145423889e-03 4.469757899641990662e-03
-3.170615062117576599e-03 7.170064491219818592e-04
-3.077126108109951019e-03 -3.832466434687376022e-03
-2.757429378107190132e-03 -5.735189653933048248e-03
-2.091716742143034935e-03 -8.040680550038814545e-03
-6.643891101703047752e-04 -1.098963525146245956e-02
1.510384492576122284e-03 -1.372481323778629303e-02
6.570780184119939804e-03 -1.719435304403305054e-02
1.100075710564851761e-02 -1.881475374102592468e-02
2.637596987187862396e-02 -2.104127593338489532e-02
3.369916602969169617e-02 -2.142727188766002655e-02
4.699667915701866150e-02 -2.178230881690979004e-02
5.346433445811271667e-02 -2.186767570674419403e-02
6.605227291584014893e-02 -2.192751877009868622e-02
8.202943950891494751e-02 -2.183349616825580597e-02
9.459305554628372192e-02 -2.163555286824703217e-02
1.083881780505180359e-01 -2.129848487675189972e-02
1.295711398124694824e-01 -2.055724523961544037e-02
1.365037560462951660e-01 -2.026198059320449829e-02
1.463455855846405029e-01 -1.980367861688137054e-02
1.627573221921920776e-01 -1.895047910511493683e-02
1.681361794471740723e-01 -1.865010336041450500e-02
1.857598721981048584e-01 -1.760870590806007385e-02
1.915930062532424927e-01 -1.724810898303985596e-02
2.021541893482208252e-01 -1.657997444272041321e-02
2.191193550825119019e-01 -1.547733042389154434e-02
2.269643396139144897e-01 -1.496007014065980911e-02
2.342535853385925293e-01 -1.447757426649332047e-02
2.411875426769256592e-01 -1.401821058243513107e-02
2.536051869392395020e-01 -1.319831144064664841e-02
2.722165584564208984e-01 -1.198732946068048477e-02
2.763061523437500000e-01 -1.172566041350364685e-02
2.942064404487609863e-01 -1.060596667230129242e-02
3.009569942951202393e-01 -1.019642781466245651e-02
3.097811043262481689e-01 -9.673288092017173767e-03
3.214967846870422363e-01 -9.002286009490489960e-03
3.338503539562225342e-01 -8.326971903443336487e-03
3.379103839397430420e-01 -8.112795650959014893e-03
3.545637130737304688e-01 -7.277623750269412994e-03
3.618854582309722900e-01 -6.933708209544420242e-03
3.760284781455993652e-01 -6.312306504696607590e-03
3.829329311847686768e-01 -6.030315533280372620e-03
3.901160657405853271e-01 -5.752380006015300751e-03
4.254840910434722900e-01 -4.624033346772193909e-03
4.293172955513000488e-01 -4.526461474597454071e-03
4.434409439563751221e-01 -4.209500737488269806e-03
4.474575519561767578e-01 -4.131569992750883102e-03
4.576955735683441162e-01 -3.957289271056652069e-03
4.668725728988647461e-01 -3.830463858321309090e-03
4.717681407928466797e-01 -3.773981006816029549e-03
4.833997786045074463e-01 -3.670190228149294853e-03
4.895843863487243652e-01 -3.631931263953447342e-03
5.025432705879211426e-01 -3.587845712900161743e-03
5.296853184700012207e-01 -3.636718261986970901e-03
5.373010635375976562e-01 -3.679462242871522903e-03
5.418747663497924805e-01 -3.710162825882434845e-03
5.650138258934020996e-01 -3.910755738615989685e-03
5.709050297737121582e-01 -3.970478661358356476e-03
5.811687707901000977e-01 -4.078920930624008179e-03
5.922498703002929688e-01 -4.198207519948482513e-03
6.022341251373291016e-01 -4.303534515202045441e-03
6.145534515380859375e-01 -4.425193183124065399e-03
6.218769550323486328e-01 -4.490706138312816620e-03
6.446680426597595215e-01 -4.646888002753257751e-03
6.625954508781433105e-01 -4.703185986727476120e-03
6.676102280616760254e-01 -4.706431180238723755e-03
6.739644408226013184e-01 -4.702037200331687927e-03
6.874578595161437988e-01 -4.659491591155529022e-03
6.982963681221008301e-01 -4.590908531099557877e-03
7.107563018798828125e-01 -4.472564440220594406e-03
7.257838249206542969e-01 -4.272075369954109192e-03
7.408986091613769531e-01 -4.005899652838706970e-03
7.642704844474792480e-01 -3.467729780822992325e-03
7.863860726356506348e-01 -2.821441041305661201e-03
8.017826080322265625e-01 -2.297353465110063553e-03
8.096346259117126465e-01 -2.008104696869850159e-03
8.216669559478759766e-01 -1.537962933070957661e-03
8.283915519714355469e-01 -1.261911587789654732e-03
8.413249254226684570e-01 -7.066451944410800934e-04
8.511640429496765137e-01 -2.652370021678507328e-04
8.708967566490173340e-01 6.578589673154056072e-04
8.757156133651733398e-01 8.885027491487562656e-04
8.929957151412963867e-01 1.719266641885042191e-03
9.007021188735961914e-01 2.084986306726932526e-03
9.064872860908508301e-01 2.353949239477515221e-03
9.105820059776306152e-01 2.539986977353692055e-03
9.207091331481933594e-01 2.977035008370876312e-03
9.272722601890563965e-01 3.234788309782743454e-03
9.457286596298217773e-01 3.759101498872041702e-03
9.481647610664367676e-01 3.792904550209641457e-03
9.603158235549926758e-01 3.731623059138655663e-03
9.655427932739257812e-01 3.522334620356559753e-03
9.709340929985046387e-01 3.113786922767758369e-03
9.737746715545654297e-01 2.794689266011118889e-03
9.757687449455261230e-01 2.524200826883316040e-03
9.765288829803466797e-01 2.412165515124797821e-03
