9.738337993621826172e-01 6.732691079378128052e-03
9.734575748443603516e-01 7.156240753829479218e-03
9.700039029121398926e-01 1.038913056254386902e-02
9.645917415618896484e-01 1.454944256693124771e-02
9.380999803543090820e-01 3.105554915964603424e-02
9.270426034927368164e-01 3.716570138931274414e-02
9.160451292991638184e-01 4.297510161995887756e-02
9.125490784645080566e-01 4.477380961179733276e-02
9.052369594573974609e-01 4.846810549497604370e-02
8.959050178527832031e-01 5.305914953351020813e-02
8.821556568145751953e-01 5.959160625934600830e-02
8.761454820632934570e-01 6.236619129776954651e-02
8.692885637283325195e-01 6.547420471906661987e-02
8.582485318183898926e-01 7.035503536462783813e-02
8.425214886665344238e-01 7.705543935298919678e-02
8.379319906234741211e-01 7.895667850971221924e-02
8.293143510818481445e-01 8.246216922998428345e-02
8.157886862754821777e-01 8.779776096343994141e-02
8.050866127014160156e-01 9.187858551740646362e-02
8.013799190521240234e-01 9.326346218585968018e-02
7.873208522796630859e-01 9.838397055864334106e-02
7.667633891105651855e-01 1.055020019412040710e-01
7.543286681175231934e-01 1.095983013510704041e-01
7.532493472099304199e-01 1.099465042352676392e-01
7.303550243377685547e-01 1.170587241649627686e-01
7.226118445396423340e-01 1.193468645215034485e-01
7.126305103302001953e-01 1.222100257873535156e-01
6.998043060302734375e-01 1.257468909025192261e-01
6.881982684135437012e-01 1.288104802370071411e-01
6.787320971488952637e-01 1.312133520841598511e-01
6.668041944503784180e-01 1.341191232204437256e-01
6.575809121131896973e-01 1.362729072570800781e-01
6.312016844749450684e-01 1.419868469238281250e-01
6.272670626640319824e-01 1.427825093269348145e-01
6.191897392272949219e-01 1.443697214126586914e-01
6.093384623527526855e-01 1.462216675281524658e-01
6.033824682235717773e-01 1.472965329885482788e-01
5.983868837356567383e-01 1.481720060110092163e-01
5.845428109169006348e-01 1.504735350608825684e-01
5.810230374336242676e-01 1.510294675827026367e-01
5.603867769241333008e-01 1.540488302707672119e-01
5.568836927413940430e-01 1.545205116271972656e-01
5.485336184501647949e-01 1.555968821048736572e-01
5.250282287597656250e-01 1.582607775926589966e-01
5.193609595298767090e-01 1.588216871023178101e-01
5.158059597015380859e-01 1.591572761535644531e-01
5.007665157318115234e-01 1.604377031326293945e-01
4.802241921424865723e-01 1.618193089962005615e-01
4.741097688674926758e-01 1.621478050947189331e-01
4.556911289691925049e-01 1.629054993391036987e-01
4.424804151058197021e-01 1.632324755191802979e-01
4.375168383121490479e-01 1.633081734180450439e-01
4.304116964340209961e-01 1.633713245391845703e-01
4.107992351055145264e-01 1.632673293352127075e-01
4.011240601539611816e-01 1.630640476942062378e-01
3.874784409999847412e-01 1.626043766736984253e-01
3.761599063873291016e-01 1.620679199695587158e-01
3.557588756084442139e-01 1.607404351234436035e-01
3.460005819797515869e-01 1.599390506744384766e-01
3.391674160957336426e-01 1.593128740787506104e-01
3.259404897689819336e-01 1.579469740390777588e-01
2.924460768699645996e-01 1.535582393407821655e-01
2.841932773590087891e-01 1.522664576768875122e-01
2.586591541767120361e-01 1.477212160825729370e-01
2.496168315410614014e-01 1.459068506956100464e-01
2.422376722097396851e-01 1.443441361188888550e-01
2.322481423616409302e-01 1.421083956956863403e-01
2.278327196836471558e-01 1.410751938819885254e-01
2.261486649513244629e-01 1.406737416982650757e-01
2.171522229909896851e-01 1.384589076042175293e-01
2.044501602649688721e-01 1.351248919963836670e-01
1.867713481187820435e-01 1.300605684518814087e-01
1.770665645599365234e-01 1.270583271980285645e-01
1.633958965539932251e-01 1.225433871150016785e-01
1.558959037065505981e-01 1.199160516262054443e-01
1.499258875846862793e-01 1.177442967891693115e-01
1.379898786544799805e-01 1.131759285926818848e-01
1.304320544004440308e-01 1.101173311471939087e-01
1.243710145354270935e-01 1.075650900602340698e-01
1.166960895061492920e-01 1.041984036564826965e-01
1.071283891797065735e-01 9.977459907531738281e-02
1.023797914385795593e-01 9.747842699289321899e-02
9.708122909069061279e-02 9.483196586370468140e-02
9.139601141214370728e-02 9.188731759786605835e-02
8.110776543617248535e-02 8.625667542219161987e-02
6.915068626403808594e-02 7.915879040956497192e-02
6.453019380569458008e-02 7.623416930437088013e-02
5.449423566460609436e-02 6.947779655456542969e-02
4.270476475358009338e-02 6.070648878812789917e-02
3.071222640573978424e-02 5.060320720076560974e-02
1.947391033172607422e-02 3.966176509857177734e-02
8.957594633102416992e-03 2.749388292431831360e-02
6.974610965698957443e-03 2.489326708018779755e-02
3.730938537046313286e-03 2.033628150820732117e-02
3.087214645347557962e-05 1.449324563145637512e-02
-4.066294990479946136e-03 6.410456262528896332e-03
-4.915741737931966782e-03 4.214958753436803818e-03
-5.712047684937715530e-03 1.682357862591743469e-03
-6.348243448883295059e-03 -1.359721296466886997e-03
-6.293507292866706848e-03 -6.689718924462795258e-03
-5.961094517260789871e-03 -8.049674332141876221e-03
-3.058111993595957756e-03 -1.322555448859930038e-02
2.783323288895189762e-04 -1.638915762305259705e-02
2.028269693255424500e-03 -1.768001914024353027e-02
8.522897958755493164e-03 -2.145937643945217133e-02
1.227136794477701187e-02 -2.322045154869556427e-02
1.847062818706035614e-02 -2.573666907846927643e-02
2.423610910773277283e-02 -2.775856666266918182e-02
3.030994907021522522e-02 -2.963534742593765259e-02
4.160854220390319824e-02 -3.257294371724128723e-02
5.044161900877952576e-02 -3.444523364305496216e-02
5.577984452247619629e-02 -3.541604429483413696e-02
7.648022472858428955e-02 -3.815802186727523804e-02
8.963848650455474854e-02 -3.914427384734153748e-02
1.012912616133689880e-01 -3.958537057042121887e-02
1.167809441685676575e-01 -3.961341455578804016e-02
1.308621317148208618e-01 -3.915411233901977539e-02
1.390586942434310913e-01 -3.870007023215293884e-02
1.514070034027099609e-01 -3.778755292296409607e-02
1.617140620946884155e-01 -3.683902695775032043e-02
1.755941361188888550e-01 -3.532988950610160828e-02
1.813957691192626953e-01 -3.462959825992584229e-02
1.939374059438705444e-01 -3.299433737993240356e-02
2.018622905015945435e-01 -3.188509121537208557e-02
2.112262696027755737e-01 -3.050863184034824371e-02
2.291501015424728394e-01 -2.770714834332466125e-02
2.382091432809829712e-01 -2.622254006564617157e-02
2.496335804462432861e-01 -2.429784089326858521e-02
2.549067735671997070e-01 -2.339265495538711548e-02
2.627974152565002441e-01 -2.202146127820014954e-02
2.746624350547790527e-01 -1.992840692400932312e-02
2.914242744445800781e-01 -1.692518405616283417e-02
3.074710965156555176e-01 -1.402012631297111511e-02
3.147263526916503906e-01 -1.270239986479282379e-02
3.290351033210754395e-01 -1.010408252477645874e-02
3.412942886352539062e-01 -7.885547354817390442e-03
3.543834686279296875e-01 -5.532369483262300491e-03
3.604050278663635254e-01 -4.457215312868356705e-03
3.707590997219085693e-01 -2.622004365548491478e-03
3.867654502391815186e-01 1.746899215504527092e-04
4.010749459266662598e-01 2.625021617859601974e-03
4.043750166893005371e-01 3.182567423209547997e-03
4.150397777557373047e-01 4.963094834238290787e-03
4.281295239925384521e-01 7.100502494722604752e-03
4.368347823619842529e-01 8.490069769322872162e-03
4.408618509769439697e-01 9.123670868575572968e-03
4.560116827487945557e-01 1.145194470882415771e-02
4.680647552013397217e-01 1.323744934052228928e-02
4.804118573665618896e-01 1.500014588236808777e-02
4.893892705440521240e-01 1.623696088790893555e-02
5.072820186614990234e-01 1.858172565698623657e-02
5.129640698432922363e-01 1.929105073213577271e-02
5.409240722656250000e-01 2.251486107707023621e-02
5.467294454574584961e-01 2.312581986188888550e-02
5.607079863548278809e-01 2.451001852750778198e-02
5.709500312805175781e-01 2.544404007494449615e-02
5.788119435310363770e-01 2.611378207802772522e-02
5.925329327583312988e-01 2.718225121498107910e-02
5.988218784332275391e-01 2.762867324054241180e-02
6.263362765312194824e-01 2.925609052181243896e-02
6.317848563194274902e-01 2.951497025787830353e-02
6.419956088066101074e-01 2.994353137910366058e-02
6.490689516067504883e-01 3.019721806049346924e-02
6.563273668289184570e-01 3.042092174291610718e-02
6.739430427551269531e-01 3.081062249839305878e-02
6.886875629425048828e-01 3.097194060683250427e-02
7.026670575141906738e-01 3.098838217556476593e-02
7.161459922790527344e-01 3.088047355413436890e-02
7.248657941818237305e-01 3.074684739112854004e-02
7.372835874557495117e-01 3.047112375497817993e-02
7.596997618675231934e-01 2.972277440130710602e-02
7.701071500778198242e-01 2.926689386367797852e-02
7.857664823532104492e-01 2.845215424895286560e-02
7.929171919822692871e-01 2.802861481904983521e-02
8.067688345909118652e-01 2.711584605276584625e-02
8.224976658821105957e-01 2.592979930341243744e-02
8.295655846595764160e-01 2.534402906894683838e-02
8.360853791236877441e-01 2.477402053773403168e-02
8.511183261871337891e-01 2.334819547832012177e-02
8.650394082069396973e-01 2.188268490135669708e-02
8.707824349403381348e-01 2.123516798019409180e-02
8.772372603416442871e-01 2.047593519091606140e-02
8.916777968406677246e-01 1.864902488887310028e-02
8.957041501998901367e-01 1.810575276613235474e-02
9.156864285469055176e-01 1.516034826636314392e-02
9.243813753128051758e-01 1.372927799820899963e-02
9.398082494735717773e-01 1.090477034449577332e-02
9.476262927055358887e-01 9.296100586652755737e-03
9.638459682464599609e-01 5.387025885283946991e-03
9.685700535774230957e-01 4.036586731672286987e-03
9.708999991416931152e-01 3.321591299027204514e-03
9.737608432769775391e-01 2.393173519521951675e-03
