9.693636298179626465e-01 1.922642462886869907e-03
9.691935181617736816e-01 2.134895185008645058e-03
9.674851298332214355e-01 3.967534285038709641e-03
9.642131328582763672e-01 6.866044364869594574e-03
9.538062810897827148e-01 1.450272928923368454e-02
9.419169425964355469e-01 2.205978147685527802e-02
9.320058822631835938e-01 2.783699892461299896e-02
9.275622367858886719e-01 3.031084686517715454e-02
9.161903858184814453e-01 3.636840730905532837e-02
9.101715683937072754e-01 3.943345323204994202e-02
8.928473591804504395e-01 4.778486117720603943e-02
8.886700272560119629e-01 4.970349371433258057e-02
8.786796331405639648e-01 5.415421724319458008e-02
8.705421686172485352e-01 5.764328315854072571e-02
8.604758381843566895e-01 6.179982796311378479e-02
8.567419052124023438e-01 6.329849362373352051e-02
8.432960510253906250e-01 6.851011514663696289e-02
8.313054442405700684e-01 7.292306423187255859e-02
8.240398764610290527e-01 7.549418509006500244e-02
8.178791999816894531e-01 7.761507481336593628e-02
8.025242686271667480e-01 8.267316222190856934e-02
7.938840985298156738e-01 8.538068085908889771e-02
7.799696326255798340e-01 8.953910320997238159e-02
7.705467939376831055e-01 9.221819788217544556e-02
7.534996271133422852e-01 9.679533541202545166e-02
7.430536150932312012e-01 9.943448752164840698e-02
7.289234399795532227e-01 1.028124988079071045e-01
7.245730161666870117e-01 1.038093790411949158e-01
7.105899453163146973e-01 1.068801358342170715e-01
7.014184594154357910e-01 1.087868660688400269e-01
6.916554570198059082e-01 1.107260808348655701e-01
6.741367578506469727e-01 1.139796897768974304e-01
6.621824502944946289e-01 1.160391345620155334e-01
6.575370430946350098e-01 1.168053150177001953e-01
6.462988853454589844e-01 1.185812279582023621e-01
6.383872628211975098e-01 1.197668612003326416e-01
6.225962638854980469e-01 1.219770684838294983e-01
6.132993102073669434e-01 1.231826916337013245e-01
6.056357622146606445e-01 1.241238415241241455e-01
6.006222367286682129e-01 1.247140318155288696e-01
5.920274853706359863e-01 1.256791204214096069e-01
5.856561064720153809e-01 1.263566017150878906e-01
5.670743584632873535e-01 1.281484365463256836e-01
5.599437952041625977e-01 1.287634670734405518e-01
5.496078729629516602e-01 1.295833289623260498e-01
5.419138073921203613e-01 1.301384270191192627e-01
5.321524143218994141e-01 1.307747215032577515e-01
5.203387737274169922e-01 1.314424723386764526e-01
5.110157132148742676e-01 1.318899095058441162e-01
4.965425431728363037e-01 1.324445903301239014e-01
4.868184924125671387e-01 1.327208429574966431e-01
4.764811098575592041e-01 1.329290866851806641e-01
4.642706513404846191e-01 1.330607086420059204e-01
4.531547725200653076e-01 1.330722719430923462e-01
4.389287531375885010e-01 1.329354345798492432e-01
4.343175590038299561e-01 1.328543424606323242e-01
4.235546588897705078e-01 1.325949579477310181e-01
4.157618880271911621e-01 1.323455572128295898e-01
4.057570099830627441e-01 1.319491714239120483e-01
3.980664908885955811e-01 1.315861195325851440e-01
3.888361155986785889e-01 1.310830712318420410e-01
3.730668425559997559e-01 1.300529986619949341e-01
3.675896525382995605e-01 1.296445429325103760e-01
3.525048792362213135e-01 1.283838450908660889e-01
3.442688584327697754e-01 1.276108026504516602e-01
3.304336667060852051e-01 1.261761933565139771e-01
3.263259530067443848e-01 1.257171332836151123e-01
2.884761691093444824e-01 1.207574233412742615e-01
2.813448011875152588e-01 1.196715757250785828e-01
2.699208855628967285e-01 1.178280860185623169e-01
2.580812573432922363e-01 1.157788112759590149e-01
2.455005347728729248e-01 1.134407073259353638e-01
2.372941523790359497e-01 1.118229404091835022e-01
2.118980139493942261e-01 1.063212677836418152e-01
1.969662308692932129e-01 1.027064844965934753e-01
1.757524609565734863e-01 9.702017903327941895e-02
1.730466932058334351e-01 9.624374657869338989e-02
1.647247076034545898e-01 9.377626329660415649e-02
1.543827950954437256e-01 9.053138643503189087e-02
1.474788486957550049e-01 8.824528753757476807e-02
1.380389630794525146e-01 8.494820445775985718e-02
1.271223872900009155e-01 8.086030930280685425e-02
1.166913807392120361e-01 7.663887739181518555e-02
1.049861609935760498e-01 7.147069275379180908e-02
9.345724433660507202e-02 6.584421545267105103e-02
8.966458588838577271e-02 6.385644525289535522e-02
8.400086313486099243e-02 6.074303388595581055e-02
7.880979776382446289e-02 5.771946161985397339e-02
6.446985155344009399e-02 4.832239449024200439e-02
5.929738283157348633e-02 4.445614293217658997e-02
4.902813583612442017e-02 3.571896255016326904e-02
4.487019777297973633e-02 3.163957595825195312e-02
4.043522477149963379e-02 2.679068408906459808e-02
3.774125128984451294e-02 2.350438758730888367e-02
3.369864821434020996e-02 1.782968454062938690e-02
3.234232217073440552e-02 1.561599411070346832e-02
3.039898350834846497e-02 1.195830665528774261e-02
2.772821858525276184e-02 4.069630056619644165e-03
2.747209370136260986e-02 2.109342953190207481e-03
2.741487696766853333e-02 5.136210238561034203e-04
2.768788486719131470e-02 -2.244992880150675774e-03
2.902338467538356781e-02 -6.070116534829139709e-03
3.123342618346214294e-02 -9.264946915209293365e-03
3.829971700906753540e-02 -1.474731322377920151e-02
4.459881782531738281e-02 -1.770932786166667938e-02
4.868097603321075439e-02 -1.918404735624790192e-02
5.611269548535346985e-02 -2.130603790283203125e-02
5.920717865228652954e-02 -2.202975563704967499e-02
7.163506746292114258e-02 -2.426957525312900543e-02
7.984524220228195190e-02 -2.531085908412933350e-02
8.840142190456390381e-02 -2.612295746803283691e-02
9.705555438995361328e-02 -2.671789936721324921e-02
1.028668135404586792e-01 -2.701120823621749878e-02
1.126421242952346802e-01 -2.734359912574291229e-02
1.243950575590133667e-01 -2.752131409943103790e-02
1.333996355533599854e-01 -2.752309851348400116e-02
1.496194303035736084e-01 -2.729169651865959167e-02
1.559329479932785034e-01 -2.713397517800331116e-02
1.609172224998474121e-01 -2.698664553463459015e-02
1.658896505832672119e-01 -2.682138234376907349e-02
1.763160824775695801e-01 -2.642188966274261475e-02
1.802863329648971558e-01 -2.625281363725662231e-02
1.906587630510330200e-01 -2.577261999249458313e-02
1.943658441305160522e-01 -2.558875828981399536e-02
2.103945463895797729e-01 -2.473076060414314270e-02
2.200285196304321289e-01 -2.417305670678615570e-02
2.337218523025512695e-01 -2.333674393594264984e-02
2.383497208356857300e-01 -2.304420247673988342e-02
2.465921640396118164e-01 -2.251254580914974213e-02
2.546610534191131592e-01 -2.198042720556259155e-02
2.668300271034240723e-01 -2.115949988365173340e-02
2.735479474067687988e-01 -2.069828100502490997e-02
2.835445404052734375e-01 -2.000322565436363220e-02
2.883315384387969971e-01 -1.966719701886177063e-02
3.110287785530090332e-01 -1.805239170789718628e-02
3.190448880195617676e-01 -1.747567579150199890e-02
3.365555107593536377e-01 -1.620857790112495422e-02
3.413310647010803223e-01 -1.586176641285419464e-02
3.519963324069976807e-01 -1.508606411516666412e-02
3.633776903152465820e-01 -1.425722241401672363e-02
3.775121271610260010e-01 -1.322754472494125366e-02
3.893851637840270996e-01 -1.236310508102178574e-02
3.974523544311523438e-01 -1.177631411701440811e-02
4.016375839710235596e-01 -1.147210039198398590e-02
4.169481396675109863e-01 -1.036075595766305923e-02
4.220038652420043945e-01 -9.994347579777240753e-03
4.321669936180114746e-01 -9.258720092475414276e-03
4.554354250431060791e-01 -7.579353637993335724e-03
4.697610437870025635e-01 -6.548883859068155289e-03
4.894867539405822754e-01 -5.134575534611940384e-03
5.010381340980529785e-01 -4.309141542762517929e-03
5.090508460998535156e-01 -3.738004481419920921e-03
5.137862563133239746e-01 -3.401090390980243683e-03
5.237412452697753906e-01 -2.694556023925542831e-03
5.376702547073364258e-01 -1.710686832666397095e-03
5.544635653495788574e-01 -5.340555217117071152e-04
5.706615447998046875e-01 5.876048235222697258e-04
5.790915489196777344e-01 1.164812478236854076e-03
6.024307012557983398e-01 2.732803346589207649e-03
6.159919500350952148e-01 3.618861315771937370e-03
6.300116777420043945e-01 4.511175211519002914e-03
6.450399160385131836e-01 5.436637904495000839e-03
6.590397357940673828e-01 6.265791598707437515e-03
6.629021167755126953e-01 6.488424260169267654e-03
6.960694193840026855e-01 8.276549167931079865e-03
7.056148648262023926e-01 8.745724335312843323e-03
7.115875482559204102e-01 9.027903899550437927e-03
7.355314493179321289e-01 1.006438862532377243e-02
7.411199212074279785e-01 1.028301659971475601e-02
7.527295351028442383e-01 1.070689596235752106e-02
7.745639681816101074e-01 1.138515956699848175e-02
7.805146574974060059e-01 1.154106575995683670e-02
7.896605730056762695e-01 1.175475772470235825e-02
8.031461238861083984e-01 1.200914382934570312e-02
8.171045780181884766e-01 1.219004485756158829e-02
8.255143761634826660e-01 1.225512567907571793e-02
8.361325263977050781e-01 1.228611171245574951e-02
8.426802754402160645e-01 1.227472070604562759e-02
8.617964982986450195e-01 1.209313701838254929e-02
8.731498718261718750e-01 1.186694484204053879e-02
8.843017220497131348e-01 1.154441665858030319e-02
8.895621895790100098e-01 1.135341543704271317e-02
8.969208598136901855e-01 1.103941909968852997e-02
9.086986780166625977e-01 1.040711347013711929e-02
9.302040338516235352e-01 8.713133633136749268e-03
9.334558844566345215e-01 8.376706391572952271e-03
9.438868165016174316e-01 7.098989095538854599e-03
9.509413242340087891e-01 6.013428792357444763e-03
9.603797793388366699e-01 4.146931692957878113e-03
9.647820591926574707e-01 3.044835524633526802e-03
9.684652090072631836e-01 1.970191253349184990e-03
9.701648950576782227e-01 1.421754364855587482e-03
