9.674671292304992676e-01 4.874053411185741425e-03
9.670747518539428711e-01 5.345794372260570526e-03
9.659528136253356934e-01 6.537296343594789505e-03
9.622745513916015625e-01 9.719038382172584534e-03
9.540041685104370117e-01 1.546920277178287506e-02
9.491875767707824707e-01 1.842645183205604553e-02
9.436413049697875977e-01 2.162400074303150177e-02
9.405034780502319336e-01 2.335682325065135956e-02
9.356380105018615723e-01 2.595432847738265991e-02
9.298462271690368652e-01 2.892569825053215027e-02
9.154104590415954590e-01 3.587211668491363525e-02
9.114478826522827148e-01 3.768191859126091003e-02
8.969326019287109375e-01 4.400857165455818176e-02
8.920021057128906250e-01 4.605899751186370850e-02
8.809649348258972168e-01 5.048419162631034851e-02
8.771359920501708984e-01 5.196873843669891357e-02
8.673886060714721680e-01 5.563732981681823730e-02
8.607927560806274414e-01 5.803269147872924805e-02
8.551085591316223145e-01 6.004260107874870300e-02
8.490326404571533203e-01 6.213711947202682495e-02
8.281537890434265137e-01 6.892699003219604492e-02
8.195587992668151855e-01 7.154601812362670898e-02
8.057481646537780762e-01 7.554820924997329712e-02
7.990844845771789551e-01 7.739076018333435059e-02
7.823391556739807129e-01 8.177389204502105713e-02
7.745134830474853516e-01 8.370396494865417480e-02
7.550942301750183105e-01 8.817773312330245972e-02
7.483999729156494141e-01 8.961805701255798340e-02
7.385686635971069336e-01 9.164088219404220581e-02
7.270521521568298340e-01 9.387328475713729858e-02
7.065197825431823730e-01 9.749609977006912231e-02
7.002018094062805176e-01 9.852126240730285645e-02
6.877379417419433594e-01 1.004230529069900513e-01
6.793571710586547852e-01 1.016137078404426575e-01
6.718909144401550293e-01 1.026159375905990601e-01
6.663801074028015137e-01 1.033208593726158142e-01
6.531679630279541016e-01 1.048927307128906250e-01
6.421922445297241211e-01 1.060745567083358765e-01
6.284137964248657227e-01 1.074032858014106750e-01
6.158350110054016113e-01 1.084700226783752441e-01
5.955137014389038086e-01 1.099087968468666077e-01
5.895206332206726074e-01 1.102679669857025146e-01
5.669493675231933594e-01 1.113644763827323914e-01
5.609768629074096680e-01 1.115886121988296509e-01
5.463115572929382324e-01 1.120258867740631104e-01
5.365329384803771973e-01 1.122301071882247925e-01
5.236747860908508301e-01 1.123952791094779968e-01
5.123939514160156250e-01 1.124460399150848389e-01
4.937694370746612549e-01 1.123433262109756470e-01
4.819973707199096680e-01 1.121621802449226379e-01
4.710029065608978271e-01 1.119141578674316406e-01
4.675179719924926758e-01 1.118199005722999573e-01
4.545968472957611084e-01 1.114062145352363586e-01
4.463982880115509033e-01 1.110919937491416931e-01
4.366248548030853271e-01 1.106660217046737671e-01
4.285455346107482910e-01 1.102724000811576843e-01
4.097957015037536621e-01 1.092171445488929749e-01
3.975332677364349365e-01 1.084222346544265747e-01
3.891817033290863037e-01 1.078343465924263000e-01
3.779835700988769531e-01 1.069877967238426208e-01
3.678866326808929443e-01 1.061679571866989136e-01
3.517442345619201660e-01 1.047472804784774780e-01
3.406352698802947998e-01 1.036917418241500854e-01
3.283757865428924561e-01 1.024537459015846252e-01
3.204416036605834961e-01 1.016117706894874573e-01
3.076386749744415283e-01 1.001855060458183289e-01
2.909691035747528076e-01 9.820269793272018433e-02
2.762975096702575684e-01 9.633836895227432251e-02
2.683962583541870117e-01 9.528730809688568115e-02
2.587079703807830811e-01 9.395265579223632812e-02
2.532865405082702637e-01 9.318339824676513672e-02
2.293765842914581299e-01 8.959144353866577148e-02
2.210490405559539795e-01 8.826073259115219116e-02
2.071490287780761719e-01 8.594168722629547119e-02
1.984261274337768555e-01 8.442059904336929321e-02
1.885888427495956421e-01 8.264035731554031372e-02
1.734872609376907349e-01 7.976354658603668213e-02
1.643964648246765137e-01 7.794048637151718140e-02
1.471813917160034180e-01 7.427702099084854126e-02
1.262973397970199585e-01 6.940013170242309570e-02
1.174099668860435486e-01 6.715393811464309692e-02
1.047369092702865601e-01 6.374048441648483276e-02
9.579747915267944336e-02 6.116076558828353882e-02
8.435154706239700317e-02 5.761096253991127014e-02
7.158926874399185181e-02 5.325477570295333862e-02
6.215080246329307556e-02 4.969464614987373352e-02
4.276856034994125366e-02 4.110712185502052307e-02
3.801207616925239563e-02 3.863265365362167358e-02
3.184342384338378906e-02 3.511197492480278015e-02
2.708443999290466309e-02 3.208606690168380737e-02
2.172996848821640015e-02 2.823578193783760071e-02
1.700894720852375031e-02 2.426474541425704956e-02
1.163520570844411850e-02 1.856330223381519318e-02
8.926233276724815369e-03 1.466041523963212967e-02
6.569790188223123550e-03 9.274158626794815063e-03
6.023658439517021179e-03 6.196040660142898560e-03
6.114207673817873001e-03 3.390199737623333931e-03
6.399831268936395645e-03 1.984699163585901260e-03
6.986966356635093689e-03 2.896525838878005743e-04
8.804428391158580780e-03 -2.726321108639240265e-03
1.112625282257795334e-02 -5.117908120155334473e-03
1.303522475063800812e-02 -6.577844731509685516e-03
1.918433420360088348e-02 -9.854199364781379700e-03
2.415459975600242615e-02 -1.167264860123395920e-02
2.843188680708408356e-02 -1.290876418352127075e-02
3.932277485728263855e-02 -1.525355502963066101e-02
5.259367823600769043e-02 -1.725201494991779327e-02
6.244157627224922180e-02 -1.840569078922271729e-02
7.570227980613708496e-02 -1.969742029905319214e-02
8.837503939867019653e-02 -2.074281685054302216e-02
9.443543851375579834e-02 -2.119291387498378754e-02
1.035379990935325623e-01 -2.181740291416645050e-02
1.102176979184150696e-01 -2.223962172865867615e-02
1.195086538791656494e-01 -2.277969568967819214e-02
1.235882863402366638e-01 -2.300023287534713745e-02
1.463231593370437622e-01 -2.405375242233276367e-02
1.544921845197677612e-01 -2.436301857233047485e-02
1.668965518474578857e-01 -2.476673945784568787e-02
1.724520027637481689e-01 -2.492281608283519745e-02
1.813414841890335083e-01 -2.514217980206012726e-02
1.882176101207733154e-01 -2.528721280395984650e-02
1.946302801370620728e-01 -2.540396153926849365e-02
2.018856108188629150e-01 -2.551540732383728027e-02
2.095254659652709961e-01 -2.561019174754619598e-02
2.181142866611480713e-01 -2.569053322076797485e-02
2.303700447082519531e-01 -2.576034702360630035e-02
2.426122426986694336e-01 -2.578156813979148865e-02
2.484191358089447021e-01 -2.577591314911842346e-02
2.583920657634735107e-01 -2.574423328042030334e-02
2.636654973030090332e-01 -2.571684494614601135e-02
2.783579528331756592e-01 -2.560443244874477386e-02
2.813427448272705078e-01 -2.557546459138393402e-02
2.964377999305725098e-01 -2.539961040019989014e-02
3.083213269710540771e-01 -2.522893436253070831e-02
3.201378881931304932e-01 -2.503331005573272705e-02
3.313588201999664307e-01 -2.482521533966064453e-02
3.604360818862915039e-01 -2.419306151568889618e-02
3.653738498687744141e-01 -2.407319284975528717e-02
3.763342499732971191e-01 -2.379475161433219910e-02
3.868828713893890381e-01 -2.351093664765357971e-02
4.043542742729187012e-01 -2.300726436078548431e-02
4.148233234882354736e-01 -2.268546633422374725e-02
4.210602343082427979e-01 -2.248658426105976105e-02
4.344216883182525635e-01 -2.204227261245250702e-02
4.445013999938964844e-01 -2.169027179479598999e-02
4.488603770732879639e-01 -2.153345942497253418e-02
4.602788090705871582e-01 -2.110923081636428833e-02
4.743116497993469238e-01 -2.056021615862846375e-02
4.928476214408874512e-01 -1.978557370603084564e-02
5.006483793258666992e-01 -1.944179646670818329e-02
5.160871148109436035e-01 -1.872850023210048676e-02
5.240966677665710449e-01 -1.834047213196754456e-02
5.373452901840209961e-01 -1.767046190798282623e-02
5.416336059570312500e-01 -1.744583249092102051e-02
5.564383268356323242e-01 -1.664034090936183929e-02
5.634401440620422363e-01 -1.624285988509654999e-02
5.763017535209655762e-01 -1.548456028103828430e-02
5.964621305465698242e-01 -1.422245055437088013e-02
6.115093231201171875e-01 -1.322322431951761246e-02
6.272478103637695312e-01 -1.212889235466718674e-02
6.442216038703918457e-01 -1.089782267808914185e-02
6.508410573005676270e-01 -1.040511205792427063e-02
6.640421152114868164e-01 -9.404527023434638977e-03
6.786239743232727051e-01 -8.276727050542831421e-03
6.894903779029846191e-01 -7.425243966281414032e-03
6.983566284179687500e-01 -6.726088933646678925e-03
7.153839468955993652e-01 -5.379667039960622787e-03
7.259010672569274902e-01 -4.550476092845201492e-03
7.315628528594970703e-01 -4.106284119188785553e-03
7.404997944831848145e-01 -3.409841330721974373e-03
7.647631168365478516e-01 -1.563094439916312695e-03
7.821940183639526367e-01 -2.943089057225733995e-04
7.925646901130676270e-01 4.298404091969132423e-04
7.991251945495605469e-01 8.740093908272683620e-04
8.193150758743286133e-01 2.161137759685516357e-03
8.318353295326232910e-01 2.888011513277888298e-03
8.517765998840332031e-01 3.905824851244688034e-03
8.577427268028259277e-01 4.171115346252918243e-03
8.750284910202026367e-01 4.816020373255014420e-03
8.816208839416503906e-01 5.005953367799520493e-03
9.000765085220336914e-01 5.330678075551986694e-03
9.082575440406799316e-01 5.354663357138633728e-03
9.233803153038024902e-01 5.136245395988225937e-03
9.297693967819213867e-01 4.911145661026239395e-03
9.353429675102233887e-01 4.630193579941987991e-03
9.410661458969116211e-01 4.240084439516067505e-03
9.485002756118774414e-01 3.532717702910304070e-03
9.553669691085815430e-01 2.597085898742079735e-03
9.633328318595886230e-01 9.751578909344971180e-04
9.662485122680664062e-01 1.648208562983199954e-04
9.670493602752685547e-01 -8.432909817202016711e-05
9.681218862533569336e-01 -4.378533631097525358e-04
