9.726796150207519531e-01 4.901644773781299591e-03
9.725497961044311523e-01 5.019793286919593811e-03
9.710589051246643066e-01 6.213693413883447647e-03
9.653273820877075195e-01 9.966773912310600281e-03
9.551668167114257812e-01 1.577453128993511200e-02
9.426731467247009277e-01 2.237516641616821289e-02
9.299497008323669434e-01 2.876022271811962128e-02
9.256827235221862793e-01 3.084472008049488068e-02
9.053547382354736328e-01 4.046244919300079346e-02
8.983602523803710938e-01 4.366661235690116882e-02
8.767784237861633301e-01 5.325728282332420349e-02
8.702681064605712891e-01 5.606834217905998230e-02
8.582212328910827637e-01 6.117488816380500793e-02
8.507680296897888184e-01 6.427407264709472656e-02
8.358218073844909668e-01 7.035366445779800415e-02
8.295007944107055664e-01 7.287120074033737183e-02
8.222278356552124023e-01 7.572918385267257690e-02
8.090422749519348145e-01 8.080545067787170410e-02
7.914855480194091797e-01 8.735538274049758911e-02
7.826965451240539551e-01 9.054490923881530762e-02
7.679803967475891113e-01 9.575200080871582031e-02
7.536620497703552246e-01 1.006578728556632996e-01
7.380527853965759277e-01 1.058247536420822144e-01
7.279779314994812012e-01 1.090588793158531189e-01
7.021506428718566895e-01 1.169861927628517151e-01
6.969181299209594727e-01 1.185281872749328613e-01
6.792642474174499512e-01 1.235695257782936096e-01
6.725789904594421387e-01 1.254134029150009155e-01
6.597051024436950684e-01 1.288629174232482910e-01
6.401396989822387695e-01 1.338473707437515259e-01
6.294657588005065918e-01 1.364341229200363159e-01
6.191906929016113281e-01 1.388351619243621826e-01
5.968163013458251953e-01 1.437571644783020020e-01
5.892513394355773926e-01 1.453253477811813354e-01
5.786926746368408203e-01 1.474318355321884155e-01
5.706437230110168457e-01 1.489728093147277832e-01
5.617626905441284180e-01 1.506074070930480957e-01
5.551990270614624023e-01 1.517708301544189453e-01
5.389231443405151367e-01 1.544897705316543579e-01
5.350938439369201660e-01 1.550947576761245728e-01
5.266427397727966309e-01 1.563826054334640503e-01
5.172836184501647949e-01 1.577318608760833740e-01
5.081919431686401367e-01 1.589644253253936768e-01
4.891837835311889648e-01 1.612876057624816895e-01
4.747904539108276367e-01 1.628135740756988525e-01
4.640760719776153564e-01 1.638158261775970459e-01
4.529221951961517334e-01 1.647354662418365479e-01
4.472208321094512939e-01 1.651560515165328979e-01
4.397754967212677002e-01 1.656540930271148682e-01
4.313273727893829346e-01 1.661481559276580811e-01
4.183272421360015869e-01 1.667578667402267456e-01
4.059311151504516602e-01 1.671656519174575806e-01
3.880029320716857910e-01 1.674465835094451904e-01
3.768341839313507080e-01 1.674314737319946289e-01
3.731110394001007080e-01 1.673931777477264404e-01
3.663796782493591309e-01 1.672811508178710938e-01
3.590868711471557617e-01 1.670966148376464844e-01
3.491105437278747559e-01 1.667358428239822388e-01
3.319383859634399414e-01 1.658132076263427734e-01
3.244327902793884277e-01 1.652866750955581665e-01
3.182292282581329346e-01 1.647933274507522583e-01
3.062799572944641113e-01 1.636913120746612549e-01
2.963753044605255127e-01 1.626225560903549194e-01
2.879723310470581055e-01 1.616023033857345581e-01
2.720231711864471436e-01 1.593692302703857422e-01
2.651388645172119141e-01 1.582814902067184448e-01
2.590267658233642578e-01 1.572512090206146240e-01
2.498479783535003662e-01 1.555872559547424316e-01
2.459791451692581177e-01 1.548429727554321289e-01
2.327968925237655640e-01 1.521100401878356934e-01
2.267867326736450195e-01 1.507601439952850342e-01
2.119673043489456177e-01 1.471416801214218140e-01
2.028022259473800659e-01 1.446890830993652344e-01
1.876944750547409058e-01 1.402684301137924194e-01
1.810506880283355713e-01 1.381686478853225708e-01
1.654625684022903442e-01 1.328468769788742065e-01
1.594486981630325317e-01 1.306387335062026978e-01
1.411326527595520020e-01 1.233442127704620361e-01
1.352478414773941040e-01 1.208084598183631897e-01
1.277074813842773438e-01 1.174143776297569275e-01
1.192085146903991699e-01 1.133848875761032104e-01
1.105256453156471252e-01 1.090333089232444763e-01
9.993885457515716553e-02 1.033864393830299377e-01
8.594489842653274536e-02 9.530156105756759644e-02
7.777430117130279541e-02 9.022749960422515869e-02
6.979323923587799072e-02 8.499972522258758545e-02
6.086820736527442932e-02 7.881389558315277100e-02
4.704083874821662903e-02 6.845803558826446533e-02
4.047844931483268738e-02 6.318457424640655518e-02
3.355852887034416199e-02 5.735071003437042236e-02
2.637611143290996552e-02 5.097568780183792114e-02
1.972949877381324768e-02 4.475927725434303284e-02
1.159198209643363953e-02 3.668181970715522766e-02
8.343552239239215851e-03 3.329458832740783691e-02
-2.121188677847385406e-03 2.157745324075222015e-02
-6.548874545842409134e-03 1.610358618199825287e-02
-8.406827226281166077e-03 1.366391405463218689e-02
-1.219838857650756836e-02 8.269636891782283783e-03
-1.482092402875423431e-02 3.949054982513189316e-03
-1.581479609012603760e-02 2.050149487331509590e-03
-1.671643741428852081e-02 7.329490472329780459e-05
-1.823490485548973083e-02 -6.921827327460050583e-03
-1.765580289065837860e-02 -9.659476578235626221e-03
-1.628751866519451141e-02 -1.195868756622076035e-02
-1.472842879593372345e-02 -1.350458897650241852e-02
-8.313372731208801270e-03 -1.697872765362262726e-02
-3.463324392214417458e-03 -1.851629465818405151e-02
1.091203652322292328e-03 -1.958382688462734222e-02
1.049636304378509521e-02 -2.111744135618209839e-02
1.530566345900297165e-02 -2.166451700031757355e-02
2.212526649236679077e-02 -2.223950251936912537e-02
3.415074199438095093e-02 -2.280235476791858673e-02
4.112783446907997131e-02 -2.291406318545341492e-02
5.646740272641181946e-02 -2.271001599729061127e-02
7.118056714534759521e-02 -2.203348465263843536e-02
9.265848994255065918e-02 -2.038582600653171539e-02
1.105444803833961487e-01 -1.855682209134101868e-02
1.174960061907768250e-01 -1.775918900966644287e-02
1.262170672416687012e-01 -1.670239679515361786e-02
1.319017708301544189e-01 -1.598430052399635315e-02
1.472581028938293457e-01 -1.395052578300237656e-02
1.614449769258499146e-01 -1.197908073663711548e-02
1.653368622064590454e-01 -1.142685674130916595e-02
1.766753643751144409e-01 -9.797845967113971710e-03
1.977967321872711182e-01 -6.715905852615833282e-03
2.096565365791320801e-01 -4.977735690772533417e-03
2.213259190320968628e-01 -3.273548325523734093e-03
2.230595648288726807e-01 -3.021368756890296936e-03
2.287850379943847656e-01 -2.190857660025358200e-03
2.366501986980438232e-01 -1.057086163200438023e-03
2.513503730297088623e-01 1.034319633617997169e-03
2.712818682193756104e-01 3.797367913648486137e-03
2.932687997817993164e-01 6.726091727614402771e-03
3.010163605213165283e-01 7.724251132458448410e-03
3.155545592308044434e-01 9.545409120619297028e-03
3.256863057613372803e-01 1.077248994261026382e-02
3.401457667350769043e-01 1.246060337871313095e-02
3.436422049999237061e-01 1.285728067159652710e-02
3.481928706169128418e-01 1.336670760065317154e-02
3.704561591148376465e-01 1.574341952800750732e-02
3.837199509143829346e-01 1.706504635512828827e-02
3.925702571868896484e-01 1.790635660290718079e-02
4.052464962005615234e-01 1.905343495309352875e-02
4.178481698036193848e-01 2.012469060719013214e-02
4.276278614997863770e-01 2.090764231979846954e-02
4.314942061901092529e-01 2.120534516870975494e-02
4.383994638919830322e-01 2.172018773853778839e-02
4.466333389282226562e-01 2.230562269687652588e-02
4.569758176803588867e-01 2.299661748111248016e-02
4.828256368637084961e-01 2.450449392199516296e-02
4.925774633884429932e-01 2.499106898903846741e-02
5.039817094802856445e-01 2.550251968204975128e-02
5.162569880485534668e-01 2.598361298441886902e-02
5.230836272239685059e-01 2.622007764875888824e-02
5.314704179763793945e-01 2.648030221462249756e-02
5.379456877708435059e-01 2.665847726166248322e-02
5.543227195739746094e-01 2.702158503234386444e-02
5.615125298500061035e-01 2.714186720550060272e-02
5.821468234062194824e-01 2.735750935971736908e-02
5.884602069854736328e-01 2.738593704998493195e-02
5.975806713104248047e-01 2.739676088094711304e-02
6.315757632255554199e-01 2.713491767644882202e-02
6.425936222076416016e-01 2.695281431078910828e-02
6.483013629913330078e-01 2.684067003428936005e-02
6.689304113388061523e-01 2.633775211870670319e-02
6.743399500846862793e-01 2.618135698139667511e-02
6.887328624725341797e-01 2.571755647659301758e-02
6.986451745033264160e-01 2.535894326865673065e-02
7.186087369918823242e-01 2.454332262277603149e-02
7.327185869216918945e-01 2.389413118362426758e-02
7.461593747138977051e-01 2.322144620120525360e-02
7.570219039916992188e-01 2.263986319303512573e-02
7.746771574020385742e-01 2.162334695458412170e-02
7.869364619255065918e-01 2.086599916219711304e-02
8.079129457473754883e-01 1.947191357612609863e-02
8.201192617416381836e-01 1.860276423394680023e-02
8.290441632270812988e-01 1.793960295617580414e-02
8.352589011192321777e-01 1.746366731822490692e-02
8.518539071083068848e-01 1.613372750580310822e-02
8.640307188034057617e-01 1.510017178952693939e-02
8.766573667526245117e-01 1.397250313311815262e-02
8.822116851806640625e-01 1.345703564584255219e-02
8.981828093528747559e-01 1.190137211233377457e-02
9.095950126647949219e-01 1.071396935731172562e-02
9.262256026268005371e-01 8.842939510941505432e-03
9.310807585716247559e-01 8.257991634309291840e-03
9.457450509071350098e-01 6.347017362713813782e-03
9.542669057846069336e-01 5.098379682749509811e-03
9.616816043853759766e-01 3.880391130223870277e-03
9.694159030914306641e-01 2.384678926318883896e-03
9.722669124603271484e-01 1.731862314045429230e-03
9.732123613357543945e-01 1.496541313827037811e-03
