9.658939838409423828e-01 5.927345249801874161e-03
9.656012654304504395e-01 6.114225834608078003e-03
9.648883938789367676e-01 6.546240299940109253e-03
9.629402756690979004e-01 7.613659836351871490e-03
9.599592685699462891e-01 9.057031013071537018e-03
9.571416974067687988e-01 1.029396988451480865e-02
9.521769285202026367e-01 1.228480041027069092e-02
9.499778747558593750e-01 1.311076898127794266e-02
9.448598623275756836e-01 1.493499055504798889e-02
9.395899772644042969e-01 1.669969782233238220e-02
9.289999604225158691e-01 1.998857595026493073e-02
9.241246581077575684e-01 2.141176909208297729e-02
9.120098352432250977e-01 2.475545555353164673e-02
9.026342630386352539e-01 2.718666754662990570e-02
8.923969864845275879e-01 2.971250750124454498e-02
8.862027525901794434e-01 3.118344955146312714e-02
8.798739314079284668e-01 3.264601156115531921e-02
8.733468651771545410e-01 3.411467745900154114e-02
8.620467185974121094e-01 3.657009825110435486e-02
8.580719232559204102e-01 3.740931302309036255e-02
8.508444428443908691e-01 3.890474513173103333e-02
8.413148522377014160e-01 4.081961885094642639e-02
8.271513581275939941e-01 4.355537891387939453e-02
8.235609531402587891e-01 4.422919452190399170e-02
8.107937574386596680e-01 4.656515643000602722e-02
8.036786317825317383e-01 4.782803729176521301e-02
7.920734882354736328e-01 4.983163997530937195e-02
7.849688529968261719e-01 5.102536082267761230e-02
7.735152244567871094e-01 5.289993062615394592e-02
7.666260600090026855e-01 5.399904027581214905e-02
7.516972422599792480e-01 5.631096661090850830e-02
7.329717278480529785e-01 5.908352136611938477e-02
7.244766950607299805e-01 6.029718369245529175e-02
7.019721269607543945e-01 6.338661164045333862e-02
6.929523944854736328e-01 6.457566469907760620e-02
6.796456575393676758e-01 6.628057360649108887e-02
6.588883996009826660e-01 6.882557272911071777e-02
6.453551054000854492e-01 7.041122764348983765e-02
6.228058338165283203e-01 7.292483001947402954e-02
6.100072860717773438e-01 7.427941262722015381e-02
5.939161777496337891e-01 7.590665668249130249e-02
5.811425447463989258e-01 7.713652402162551880e-02
5.716397166252136230e-01 7.801485806703567505e-02
5.644481182098388672e-01 7.865815609693527222e-02
5.480018854141235352e-01 8.005791902542114258e-02
5.303847789764404297e-01 8.144236356019973755e-02
5.164681077003479004e-01 8.244760334491729736e-02
5.106558799743652344e-01 8.284342288970947266e-02
4.984500110149383545e-01 8.362706750631332397e-02
4.897018074989318848e-01 8.414798974990844727e-02
4.747336208820343018e-01 8.495755493640899658e-02
4.695376753807067871e-01 8.521377295255661011e-02
4.513149857521057129e-01 8.600770682096481323e-02
4.334555864334106445e-01 8.662191778421401978e-02
4.258194267749786377e-01 8.683316409587860107e-02
4.045219719409942627e-01 8.725325763225555420e-02
3.876167535781860352e-01 8.740302175283432007e-02
3.734823465347290039e-01 8.739829063415527344e-02
3.565792143344879150e-01 8.723135292530059814e-02
3.434132933616638184e-01 8.697538822889328003e-02
3.340516686439514160e-01 8.672419190406799316e-02
3.240658044815063477e-01 8.639115095138549805e-02
2.957618832588195801e-01 8.506686985492706299e-02
2.864164412021636963e-01 8.450076729059219360e-02
2.799982726573944092e-01 8.407332748174667358e-02
2.650367617607116699e-01 8.295085281133651733e-02
2.497683614492416382e-01 8.161585032939910889e-02
2.450691610574722290e-01 8.116481453180313110e-02
2.294063419103622437e-01 7.951863110065460205e-02
2.150681167840957642e-01 7.780922204256057739e-02
2.033784985542297363e-01 7.626283913850784302e-02
1.894181072711944580e-01 7.422329485416412354e-02
1.844078600406646729e-01 7.343705743551254272e-02
1.749758869409561157e-01 7.187444716691970825e-02
1.638357192277908325e-01 6.988157331943511963e-02
1.561647355556488037e-01 6.840984523296356201e-02
1.393561512231826782e-01 6.487165391445159912e-02
1.248219534754753113e-01 6.141933053731918335e-02
1.191452816128730774e-01 5.995814502239227295e-02
1.155094578862190247e-01 5.898572504520416260e-02
1.037299633026123047e-01 5.561973899602890015e-02
9.261889755725860596e-02 5.210067704319953918e-02
8.592784404754638672e-02 4.979222640395164490e-02
7.193370908498764038e-02 4.439913108944892883e-02
6.759717315435409546e-02 4.254103824496269226e-02
6.155961006879806519e-02 3.977293148636817932e-02
4.568191245198249817e-02 3.113647922873497009e-02
3.764002397656440735e-02 2.559676021337509155e-02
3.510475903749465942e-02 2.358238026499748230e-02
3.018470108509063721e-02 1.909150928258895874e-02
2.799281664192676544e-02 1.671619713306427002e-02
2.425396442413330078e-02 1.156543754041194916e-02
2.282347530126571655e-02 8.707727305591106415e-03
2.224340848624706268e-02 7.101596798747777939e-03
2.172743342816829681e-02 4.817294422537088394e-03
2.161080017685890198e-02 2.877452410757541656e-03
2.279825694859027863e-02 -1.616609632037580013e-03
2.323909103870391846e-02 -2.343950560316443443e-03
2.407332696020603180e-02 -3.435707185417413712e-03
2.667237259447574615e-02 -5.714931525290012360e-03
2.917841263115406036e-02 -7.163303438574075699e-03
3.148224577307701111e-02 -8.160261437296867371e-03
3.361226245760917664e-02 -8.897929452359676361e-03
3.633945435285568237e-02 -9.661464020609855652e-03
4.186055064201354980e-02 -1.079443003982305527e-02
4.733638837933540344e-02 -1.157228089869022369e-02
5.506986752152442932e-02 -1.232203654944896698e-02
6.718786805868148804e-02 -1.302133314311504364e-02
7.670794427394866943e-02 -1.332222297787666321e-02
9.427222609519958496e-02 -1.349935680627822876e-02
1.047894582152366638e-01 -1.341742277145385742e-02
1.265860795974731445e-01 -1.286016032099723816e-02
1.353003084659576416e-01 -1.250123605132102966e-02
1.540198177099227905e-01 -1.148615125566720963e-02
1.609621942043304443e-01 -1.102960947901010513e-02
1.720586568117141724e-01 -1.021579559892416000e-02
1.836165487766265869e-01 -9.264666587114334106e-03
1.923352032899856567e-01 -8.482263423502445221e-03
2.085808515548706055e-01 -6.889111362397670746e-03
2.248936593532562256e-01 -5.133068189024925232e-03
2.304832637310028076e-01 -4.499822389334440231e-03
2.477065473794937134e-01 -2.462205477058887482e-03
2.534468770027160645e-01 -1.757697435095906258e-03
2.723880112171173096e-01 6.385367014445364475e-04
2.811197042465209961e-01 1.772806863300502300e-03
2.882766127586364746e-01 2.712899120524525642e-03
3.110480904579162598e-01 5.743720103055238724e-03
3.196233510971069336e-01 6.892178673297166824e-03
3.295158445835113525e-01 8.215897716581821442e-03
3.366271853446960449e-01 9.164415299892425537e-03
3.475303649902343750e-01 1.060968078672885895e-02
3.581160604953765869e-01 1.199792698025703430e-02
3.731138110160827637e-01 1.393031142652034760e-02
3.849002420902252197e-01 1.541324518620967865e-02
3.976439535617828369e-01 1.697406545281410217e-02
4.039088487625122070e-01 1.772318407893180847e-02
4.157222807407379150e-01 1.909981295466423035e-02
4.223936498165130615e-01 1.985507830977439880e-02
4.314348101615905762e-01 2.085135877132415771e-02
4.527645111083984375e-01 2.306828461587429047e-02
4.572508633136749268e-01 2.350935526192188263e-02
4.681923687458038330e-01 2.454652823507785797e-02
4.734034538269042969e-01 2.502089552581310272e-02
5.003305673599243164e-01 2.726416289806365967e-02
5.116870403289794922e-01 2.810408547520637512e-02
5.167258381843566895e-01 2.845647931098937988e-02
5.242531895637512207e-01 2.895980700850486755e-02
5.289875864982604980e-01 2.926228567957878113e-02
5.371887087821960449e-01 2.976073697209358215e-02
5.491179823875427246e-01 3.042891249060630798e-02
5.594637989997863770e-01 3.095512464642524719e-02
5.646044611930847168e-01 3.119864128530025482e-02
5.793121457099914551e-01 3.183161839842796326e-02
5.950460433959960938e-01 3.240829706192016602e-02
6.086261272430419922e-01 3.282659500837326050e-02
6.185643076896667480e-01 3.308795392513275146e-02
6.298105716705322266e-01 3.333945199847221375e-02
6.357892751693725586e-01 3.345435485243797302e-02
6.459805965423583984e-01 3.362049907445907593e-02
6.546381115913391113e-01 3.373235836625099182e-02
6.664963960647583008e-01 3.384186699986457825e-02
6.788124442100524902e-01 3.390153497457504272e-02
6.890350580215454102e-01 3.390840068459510803e-02
6.988992094993591309e-01 3.387738019227981567e-02
7.171573638916015625e-01 3.371856361627578735e-02
7.286942601203918457e-01 3.354707360267639160e-02
7.413360476493835449e-01 3.329227864742279053e-02
7.512125968933105469e-01 3.304210305213928223e-02
7.670108079910278320e-01 3.254299983382225037e-02
7.779940366744995117e-01 3.211973607540130615e-02
7.869946956634521484e-01 3.172317147254943848e-02
8.007233142852783203e-01 3.102625720202922821e-02
8.089056015014648438e-01 3.055452927947044373e-02
8.184093832969665527e-01 2.994992956519126892e-02
8.288305401802062988e-01 2.921194396913051605e-02
8.384102582931518555e-01 2.845872752368450165e-02
8.578730821609497070e-01 2.668003924190998077e-02
8.644575476646423340e-01 2.599338628351688385e-02
8.738461136817932129e-01 2.492960169911384583e-02
8.907942175865173340e-01 2.271695993840694427e-02
9.044160246849060059e-01 2.060279436409473419e-02
9.075108766555786133e-01 2.007158100605010986e-02
9.207133054733276367e-01 1.754241436719894409e-02
9.254932999610900879e-01 1.650109700858592987e-02
9.310824871063232422e-01 1.517771370708942413e-02
9.351750016212463379e-01 1.412380393594503403e-02
9.420235753059387207e-01 1.216243300586938858e-02
9.516834616661071777e-01 8.820489048957824707e-03
9.576337337493896484e-01 6.262703798711299896e-03
9.638012647628784180e-01 2.980366116389632225e-03
9.657386541366577148e-01 1.769952476024627686e-03
9.664742350578308105e-01 1.283917808905243874e-03
