9.665590524673461914e-01 5.755899474024772644e-03
9.663189649581909180e-01 6.020276341587305069e-03
9.646043777465820312e-01 7.663923315703868866e-03
9.615626931190490723e-01 1.000123471021652222e-02
9.503208994865417480e-01 1.630214788019657135e-02
9.440355300903320312e-01 1.910593733191490173e-02
9.385514259338378906e-01 2.131735719740390778e-02
9.375834465026855469e-01 2.168939635157585144e-02
9.314330220222473145e-01 2.394681423902511597e-02
9.245462417602539062e-01 2.628838457167148590e-02
9.130536913871765137e-01 2.985197491943836212e-02
9.090924859046936035e-01 3.099753893911838531e-02
8.966023921966552734e-01 3.438006713986396790e-02
8.873080611228942871e-01 3.670169040560722351e-02
8.767310976982116699e-01 3.917038068175315857e-02
8.700293302536010742e-01 4.064916819334030151e-02
8.584876656532287598e-01 4.305614158511161804e-02
8.502011895179748535e-01 4.468410462141036987e-02
8.428975939750671387e-01 4.605489969253540039e-02
8.399999737739562988e-01 4.658293351531028748e-02
8.181515932083129883e-01 5.029571801424026489e-02
8.026281595230102539e-01 5.266927182674407959e-02
7.966527342796325684e-01 5.352906882762908936e-02
7.929363846778869629e-01 5.404934659600257874e-02
7.765130400657653809e-01 5.622123926877975464e-02
7.687614560127258301e-01 5.717704072594642639e-02
7.588011026382446289e-01 5.834297463297843933e-02
7.538363337516784668e-01 5.889877676963806152e-02
7.416210174560546875e-01 6.019669026136398315e-02
7.165838479995727539e-01 6.256199628114700317e-02
7.090423107147216797e-01 6.320033222436904907e-02
6.915895342826843262e-01 6.455212086439132690e-02
6.613247394561767578e-01 6.650045514106750488e-02
6.559147238731384277e-01 6.679808348417282104e-02
6.498791575431823730e-01 6.711263209581375122e-02
6.456587910652160645e-01 6.732169538736343384e-02
6.260918378829956055e-01 6.817679107189178467e-02
6.130602955818176270e-01 6.864468008279800415e-02
6.018296480178833008e-01 6.898467987775802612e-02
5.982993841171264648e-01 6.907968968152999878e-02
5.775394439697265625e-01 6.952629238367080688e-02
5.728360414505004883e-01 6.960131973028182983e-02
5.546538233757019043e-01 6.980320811271667480e-02
5.509141683578491211e-01 6.982761621475219727e-02
5.317670106887817383e-01 6.986379623413085938e-02
5.282809734344482422e-01 6.985466927289962769e-02
5.149906873703002930e-01 6.977645307779312134e-02
5.039802789688110352e-01 6.966056674718856812e-02
4.809795320034027100e-01 6.927403807640075684e-02
4.746117293834686279e-01 6.913348287343978882e-02
4.536821842193603516e-01 6.857272982597351074e-02
4.505137205123901367e-01 6.847494095563888550e-02
4.426740407943725586e-01 6.821873039007186890e-02
4.341993331909179688e-01 6.791929900646209717e-02
4.278446435928344727e-01 6.767968833446502686e-02
4.241082370281219482e-01 6.753285229206085205e-02
4.132835268974304199e-01 6.708294898271560669e-02
3.942567706108093262e-01 6.620576232671737671e-02
3.877995610237121582e-01 6.588359922170639038e-02
3.827663362026214600e-01 6.562400609254837036e-02
3.759817779064178467e-01 6.526247411966323853e-02
3.552970886230468750e-01 6.407895684242248535e-02
3.385110497474670410e-01 6.302954256534576416e-02
3.288559913635253906e-01 6.238992884755134583e-02
3.193273842334747314e-01 6.173276901245117188e-02
3.025368154048919678e-01 6.051131337881088257e-02
2.881417572498321533e-01 5.939799174666404724e-02
2.849740684032440186e-01 5.914455652236938477e-02
2.827451229095458984e-01 5.896436795592308044e-02
2.795031070709228516e-01 5.869952961802482605e-02
2.749091088771820068e-01 5.831851065158843994e-02
2.608561217784881592e-01 5.711023136973381042e-02
2.534137368202209473e-01 5.644319206476211548e-02
2.378013134002685547e-01 5.497866868972778320e-02
2.247117310762405396e-01 5.367757752537727356e-02
2.150583714246749878e-01 5.267141014337539673e-02
1.818087697029113770e-01 4.885561019182205200e-02
1.692989319562911987e-01 4.725544899702072144e-02
1.636329442262649536e-01 4.649618268013000488e-02
1.449363529682159424e-01 4.381848499178886414e-02
1.358641684055328369e-01 4.241241887211799622e-02
1.213312521576881409e-01 3.999142348766326904e-02
1.061982586979866028e-01 3.721587732434272766e-02
9.652081131935119629e-02 3.528279811143875122e-02
8.934911340475082397e-02 3.375987708568572998e-02
7.144542783498764038e-02 2.956739813089370728e-02
5.870401114225387573e-02 2.617564611136913300e-02
5.296193808317184448e-02 2.451148629188537598e-02
4.405737295746803284e-02 2.172867022454738617e-02
4.050272330641746521e-02 2.053717710077762604e-02
3.265941515564918518e-02 1.770273409783840179e-02
1.924754120409488678e-02 1.178504340350627899e-02
1.113726478070020676e-02 5.581447854638099670e-03
1.074071042239665985e-02 4.598640371114015579e-03
1.089582871645689011e-02 2.973491791635751724e-03
1.192912552505731583e-02 1.681449241004884243e-03
1.287165377289056778e-02 1.007250626571476460e-03
1.343915425240993500e-02 6.839600973762571812e-04
1.373735070228576660e-02 5.304325022734701633e-04
1.531640626490116119e-02 -1.543547405162826180e-04
1.866390556097030640e-02 -1.196900848299264908e-03
2.324616722762584686e-02 -2.173288259655237198e-03
3.050457127392292023e-02 -3.175869118422269821e-03
3.181609138846397400e-02 -3.309554187580943108e-03
3.772282227873802185e-02 -3.778524696826934814e-03
4.995560273528099060e-02 -4.219154827296733856e-03
5.535417422652244568e-02 -4.238266497850418091e-03
6.520409137010574341e-02 -4.055892582982778549e-03
8.176778256893157959e-02 -3.251516958698630333e-03
9.193378686904907227e-02 -2.525216201320290565e-03
9.474345296621322632e-02 -2.300266642123460770e-03
1.007534563541412354e-01 -1.789573929272592068e-03
1.132489368319511414e-01 -6.240514339879155159e-04
1.258878707885742188e-01 6.535827415063977242e-04
1.334298402070999146e-01 1.444590510800480843e-03
1.483452469110488892e-01 3.036473644897341728e-03
1.614897847175598145e-01 4.438853356987237930e-03
1.655624955892562866e-01 4.869036376476287842e-03
1.752215921878814697e-01 5.875928793102502823e-03
1.920989006757736206e-01 7.575016468763351440e-03
2.018828988075256348e-01 8.517045527696609497e-03
2.109402865171432495e-01 9.357406757771968842e-03
2.157945483922958374e-01 9.794596582651138306e-03
2.441793680191040039e-01 1.215661223977804184e-02
2.632834017276763916e-01 1.355417910963296890e-02
2.665174305438995361e-01 1.377541199326515198e-02
2.839501798152923584e-01 1.489218510687351227e-02
2.915751934051513672e-01 1.534103043377399445e-02
3.008968830108642578e-01 1.585770025849342346e-02
3.150873780250549316e-01 1.657798327505588531e-02
3.231640756130218506e-01 1.695317029953002930e-02
3.303714990615844727e-01 1.726723648607730865e-02
3.358283638954162598e-01 1.749227941036224365e-02
3.460803925991058350e-01 1.788608543574810028e-02
3.502560853958129883e-01 1.803588308393955231e-02
3.567917346954345703e-01 1.825831830501556396e-02
3.807492852210998535e-01 1.895372755825519562e-02
3.829300999641418457e-01 1.900807954370975494e-02
3.903913795948028564e-01 1.918333955109119415e-02
3.995085358619689941e-01 1.937569119036197662e-02
4.147053062915802002e-01 1.964597776532173157e-02
4.301256537437438965e-01 1.986105553805828094e-02
4.385640323162078857e-01 1.995578408241271973e-02
4.541249573230743408e-01 2.009238675236701965e-02
4.683348536491394043e-01 2.017932385206222534e-02
4.762086570262908936e-01 2.021422050893306732e-02
4.816651940345764160e-01 2.023356594145298004e-02
4.979167580604553223e-01 2.027163840830326080e-02
5.092417597770690918e-01 2.028478309512138367e-02
5.191947221755981445e-01 2.029030770063400269e-02
5.281887650489807129e-01 2.029239758849143982e-02
5.325733423233032227e-01 2.029292285442352295e-02
5.624378919601440430e-01 2.030276320874691010e-02
5.677409768104553223e-01 2.030782587826251984e-02
5.780885219573974609e-01 2.032231166958808899e-02
5.886039733886718750e-01 2.034415863454341888e-02
6.057524085044860840e-01 2.039660513401031494e-02
6.164459586143493652e-01 2.043977193534374237e-02
6.285271644592285156e-01 2.049710042774677277e-02
6.418515443801879883e-01 2.056853845715522766e-02
6.494368910789489746e-01 2.061172202229499817e-02
6.730620265007019043e-01 2.074735611677169800e-02
6.801343560218811035e-01 2.078523486852645874e-02
6.992497444152832031e-01 2.087129466235637665e-02
7.129985094070434570e-01 2.091078460216522217e-02
7.362515330314636230e-01 2.091370895504951477e-02
7.462933659553527832e-01 2.088306471705436707e-02
7.515264749526977539e-01 2.085804194211959839e-02
7.685726284980773926e-01 2.072760090231895447e-02
7.816783189773559570e-01 2.056929469108581543e-02
7.966526746749877930e-01 2.031623572111129761e-02
8.133109807968139648e-01 1.992949470877647400e-02
8.230800032615661621e-01 1.964341104030609131e-02
8.354941606521606445e-01 1.920741796493530273e-02
8.492696285247802734e-01 1.861501857638359070e-02
8.537726402282714844e-01 1.839344017207622528e-02
8.586996197700500488e-01 1.813360489904880524e-02
8.619834184646606445e-01 1.794976741075515747e-02
8.752664923667907715e-01 1.710975542664527893e-02
8.805463314056396484e-01 1.672799140214920044e-02
8.851926326751708984e-01 1.636654511094093323e-02
8.915055394172668457e-01 1.583346351981163025e-02
8.990138173103332520e-01 1.512878295034170151e-02
9.061169624328613281e-01 1.438070740550756454e-02
9.145694375038146973e-01 1.336792111396789551e-02
9.251438379287719727e-01 1.186623703688383102e-02
9.341364502906799316e-01 1.031840685755014420e-02
9.473156332969665527e-01 7.379112765192985535e-03
9.571526050567626953e-01 4.334134049713611603e-03
9.657748937606811523e-01 5.680760368704795837e-04
9.676520824432373047e-01 -4.639776016119867563e-04
9.686880111694335938e-01 -1.075761741958558559e-03
