9.758880138397216797e-01 5.055497400462627411e-03
9.757372140884399414e-01 5.177371669560670853e-03
9.744434356689453125e-01 6.126152351498603821e-03
9.702124595642089844e-01 8.799277245998382568e-03
9.617261290550231934e-01 1.362227555364370346e-02
9.558183550834655762e-01 1.682121865451335907e-02
9.498133063316345215e-01 2.000017091631889343e-02
9.447240829467773438e-01 2.265179157257080078e-02
9.383876919746398926e-01 2.590959332883358002e-02
9.307940602302551270e-01 2.976006455719470978e-02
9.192042946815490723e-01 3.553956747055053711e-02
9.123894572257995605e-01 3.888849169015884399e-02
9.083846211433410645e-01 4.084046557545661926e-02
8.918777704238891602e-01 4.876546561717987061e-02
8.664134740829467773e-01 6.062300130724906921e-02
8.611773848533630371e-01 6.300643086433410645e-02
8.546205163002014160e-01 6.596466898918151855e-02
8.364518880844116211e-01 7.400644570589065552e-02
8.244323134422302246e-01 7.919972389936447144e-02
8.208268284797668457e-01 8.073754608631134033e-02
8.073214888572692871e-01 8.641512691974639893e-02
7.945469617843627930e-01 9.166354686021804810e-02
7.748166322708129883e-01 9.953303635120391846e-02
7.728426456451416016e-01 1.003044396638870239e-01
7.561643123626708984e-01 1.067039072513580322e-01
7.479320168495178223e-01 1.097845807671546936e-01
7.433992624282836914e-01 1.114587187767028809e-01
7.311791777610778809e-01 1.158927083015441895e-01
7.185838818550109863e-01 1.203416809439659119e-01
7.129073143005371094e-01 1.223062947392463684e-01
6.867037415504455566e-01 1.310460120439529419e-01
6.751635074615478516e-01 1.347221881151199341e-01
6.378101706504821777e-01 1.458875387907028198e-01
6.315266489982604980e-01 1.476542651653289795e-01
6.220660805702209473e-01 1.502531319856643677e-01
6.149470210075378418e-01 1.521599739789962769e-01
6.028578281402587891e-01 1.553011536598205566e-01
5.853204727172851562e-01 1.596388518810272217e-01
5.698781013488769531e-01 1.632398813962936401e-01
5.649073719978332520e-01 1.643549799919128418e-01
5.508922338485717773e-01 1.673810929059982300e-01
5.398311614990234375e-01 1.696451157331466675e-01
5.287981033325195312e-01 1.717921644449234009e-01
5.059188604354858398e-01 1.758811771869659424e-01
4.968417584896087646e-01 1.773641109466552734e-01
4.911221563816070557e-01 1.782568991184234619e-01
4.676502645015716553e-01 1.815745830535888672e-01
4.581413567066192627e-01 1.827559024095535278e-01
4.547515809535980225e-01 1.831537485122680664e-01
4.323636889457702637e-01 1.854650080204010010e-01
4.113097786903381348e-01 1.871183514595031738e-01
4.012587070465087891e-01 1.877219378948211670e-01
3.965823054313659668e-01 1.879605799913406372e-01
3.781048357486724854e-01 1.886338144540786743e-01
3.709892928600311279e-01 1.887751370668411255e-01
3.481340706348419189e-01 1.887657791376113892e-01
3.348321318626403809e-01 1.884216815233230591e-01
3.278955221176147461e-01 1.881393939256668091e-01
3.118040561676025391e-01 1.872032582759857178e-01
2.934460043907165527e-01 1.856354624032974243e-01
2.796494960784912109e-01 1.840892732143402100e-01
2.543647289276123047e-01 1.803857684135437012e-01
2.399455159902572632e-01 1.777400225400924683e-01
2.220474183559417725e-01 1.738807857036590576e-01
2.047262489795684814e-01 1.695021986961364746e-01
1.955947875976562500e-01 1.669243723154067993e-01
1.902919560670852661e-01 1.653383225202560425e-01
1.866355389356613159e-01 1.642056554555892944e-01
1.824576109647750854e-01 1.628716588020324707e-01
1.671931296586990356e-01 1.576242893934249878e-01
1.505068391561508179e-01 1.511783748865127563e-01
1.407054066658020020e-01 1.470211148262023926e-01
1.365318149328231812e-01 1.451627165079116821e-01
1.278822422027587891e-01 1.411361396312713623e-01
1.195971816778182983e-01 1.370474398136138916e-01
1.158933714032173157e-01 1.351428031921386719e-01
1.120957881212234497e-01 1.331388205289840698e-01
9.928990155458450317e-02 1.259794533252716064e-01
9.114353358745574951e-02 1.210801005363464355e-01
8.672748506069183350e-02 1.183035224676132202e-01
8.044689893722534180e-02 1.141993328928947449e-01
7.215870916843414307e-02 1.084849014878273010e-01
6.362083554267883301e-02 1.022107526659965515e-01
5.820849537849426270e-02 9.800974279642105103e-02
4.057167842984199524e-02 8.291178941726684570e-02
2.848989889025688171e-02 7.103229314088821411e-02
2.705036848783493042e-02 6.951355934143066406e-02
2.162174321711063385e-02 6.355366855859756470e-02
1.618948392570018768e-02 5.717235058546066284e-02
9.299320168793201447e-03 4.833643883466720581e-02
1.031259191222488880e-03 3.622351586818695068e-02
-4.557001870125532150e-03 2.656760253012180328e-02
-5.504992790520191193e-03 2.474613301455974579e-02
-7.441241759806871414e-03 2.078448235988616943e-02
-9.425246156752109528e-03 1.626005955040454865e-02
-1.162901986390352249e-02 1.023689936846494675e-02
-1.288150623440742493e-02 5.680298898369073868e-03
-1.376922801136970520e-02 -6.261825328692793846e-04
-1.328369230031967163e-02 -5.906359292566776276e-03
-1.293910946696996689e-02 -7.071388419717550278e-03
-1.245570648461580276e-02 -8.283195085823535919e-03
-1.072330214083194733e-02 -1.107159350067377090e-02
-9.688321501016616821e-03 -1.221890002489089966e-02
-7.470534183084964752e-03 -1.408711262047290802e-02
-4.628316964954137802e-03 -1.584471203386783600e-02
-9.761284454725682735e-04 -1.755573414266109467e-02
6.366763729602098465e-03 -2.007454447448253632e-02
1.036313083022832870e-02 -2.115841023623943329e-02
1.501211151480674744e-02 -2.226170897483825684e-02
2.783277817070484161e-02 -2.472318522632122040e-02
4.270372912287712097e-02 -2.686017192900180817e-02
5.221061408519744873e-02 -2.791731432080268860e-02
8.737042546272277832e-02 -3.008816577494144440e-02
1.004961133003234863e-01 -3.027353808283805847e-02
1.095923334360122681e-01 -3.022313117980957031e-02
1.227221041917800903e-01 -2.991009317338466644e-02
1.460099965333938599e-01 -2.872405759990215302e-02
1.598172187805175781e-01 -2.768409438431262970e-02
1.799387931823730469e-01 -2.578378282487392426e-02
1.870140284299850464e-01 -2.501921914517879486e-02
2.131630927324295044e-01 -2.182351984083652496e-02
2.187845706939697266e-01 -2.106932178139686584e-02
2.270823419094085693e-01 -1.991809904575347900e-02
2.332699149847030640e-01 -1.903213746845722198e-02
2.557464241981506348e-01 -1.564021967351436615e-02
2.712893187999725342e-01 -1.315943151712417603e-02
2.846099436283111572e-01 -1.096173934638500214e-02
3.006220161914825439e-01 -8.248074911534786224e-03
3.123028874397277832e-01 -6.227785721421241760e-03
3.197158873081207275e-01 -4.930933937430381775e-03
3.274312615394592285e-01 -3.570853965356945992e-03
3.547712564468383789e-01 1.311382628045976162e-03
3.655602037906646729e-01 3.255372401326894760e-03
3.679574131965637207e-01 3.688026685267686844e-03
3.815362751483917236e-01 6.140964105725288391e-03
3.875251114368438721e-01 7.222841959446668625e-03
4.019377529621124268e-01 9.822037070989608765e-03
4.113231003284454346e-01 1.150827202945947647e-02
4.228072166442871094e-01 1.356106065213680267e-02
4.338030219078063965e-01 1.551213394850492477e-02
4.485786557197570801e-01 1.810510456562042236e-02
4.573909640312194824e-01 1.963240653276443481e-02
4.662572443485260010e-01 2.115206979215145111e-02
4.782029390335083008e-01 2.316868863999843597e-02
4.919291138648986816e-01 2.543544210493564606e-02
4.982327520847320557e-01 2.645596116781234741e-02
5.087618827819824219e-01 2.812840789556503296e-02
5.190684795379638672e-01 2.972265332937240601e-02
5.435134768486022949e-01 3.330655395984649658e-02
5.543675422668457031e-01 3.479517996311187744e-02
5.643333792686462402e-01 3.609855845570564270e-02
5.736363530158996582e-01 3.725564479827880859e-02
5.807054638862609863e-01 3.809367492794990540e-02
5.859633684158325195e-01 3.869266808032989502e-02
6.041331887245178223e-01 4.059089347720146179e-02
6.115582585334777832e-01 4.128478094935417175e-02
6.254971027374267578e-01 4.244927689433097839e-02
6.354125738143920898e-01 4.316221922636032104e-02
6.400862336158752441e-01 4.346362501382827759e-02
6.578924059867858887e-01 4.440087825059890747e-02
6.626158952713012695e-01 4.459192603826522827e-02
6.747516393661499023e-01 4.496922716498374939e-02
6.834757924079895020e-01 4.513816162943840027e-02
6.876947283744812012e-01 4.518888145685195923e-02
7.024952769279479980e-01 4.520624503493309021e-02
7.076965570449829102e-01 4.515293240547180176e-02
7.170284986495971680e-01 4.497992619872093201e-02
7.283244729042053223e-01 4.463823139667510986e-02
7.356638312339782715e-01 4.433911666274070740e-02
7.611030340194702148e-01 4.283933341503143311e-02
7.845450639724731445e-01 4.083507135510444641e-02
7.870023846626281738e-01 4.059113189578056335e-02
7.995081543922424316e-01 3.925146162509918213e-02
8.087187409400939941e-01 3.816060721874237061e-02
8.217335939407348633e-01 3.646964579820632935e-02
8.324759602546691895e-01 3.494248166680335999e-02
8.411197662353515625e-01 3.362723439931869507e-02
8.497025370597839355e-01 3.224473819136619568e-02
8.611956238746643066e-01 3.027275204658508301e-02
8.717247247695922852e-01 2.834291197359561920e-02
8.815730214118957520e-01 2.642858773469924927e-02
8.881228566169738770e-01 2.509532868862152100e-02
9.032582044601440430e-01 2.182270213961601257e-02
9.084532856941223145e-01 2.063485980033874512e-02
9.320532083511352539e-01 1.477922312915325165e-02
9.376301169395446777e-01 1.327346265316009521e-02
9.473986625671386719e-01 1.050567254424095154e-02
9.610361456871032715e-01 6.321145221590995789e-03
9.672373533248901367e-01 4.273631609976291656e-03
9.733054041862487793e-01 2.172482898458838463e-03
9.754588007926940918e-01 1.403567148372530937e-03
9.767543673515319824e-01 9.351908229291439056e-04
