9.731985330581665039e-01 5.734184756875038147e-03
9.729921221733093262e-01 6.057721562683582306e-03
9.719535112380981445e-01 7.460305467247962952e-03
9.672402143478393555e-01 1.238033641129732132e-02
9.553647637367248535e-01 2.236355468630790710e-02
9.464605450630187988e-01 2.905078418552875519e-02
9.361658096313476562e-01 3.630503267049789429e-02
9.310330748558044434e-01 3.977210819721221924e-02
9.248747825622558594e-01 4.381823167204856873e-02
9.196853041648864746e-01 4.713966324925422668e-02
9.051192998886108398e-01 5.607140064239501953e-02
9.009103178977966309e-01 5.855248123407363892e-02
8.943147063255310059e-01 6.235614046454429626e-02
8.867230415344238281e-01 6.661066412925720215e-02
8.754724264144897461e-01 7.268329709768295288e-02
8.701426386833190918e-01 7.546610385179519653e-02
8.624975681304931641e-01 7.935580611228942871e-02
8.513389229774475098e-01 8.482187241315841675e-02
8.356290459632873535e-01 9.210660308599472046e-02
8.277456760406494141e-01 9.558621793985366821e-02
8.106755614280700684e-01 1.027308031916618347e-01
8.008702397346496582e-01 1.065995842218399048e-01
7.792991399765014648e-01 1.145286932587623596e-01
7.731543779373168945e-01 1.166451200842857361e-01
7.601617574691772461e-01 1.209188029170036316e-01
7.516828179359436035e-01 1.235635876655578613e-01
7.401908636093139648e-01 1.269715279340744019e-01
7.327531576156616211e-01 1.290710866451263428e-01
7.199376225471496582e-01 1.324984729290008545e-01
7.119771838188171387e-01 1.345090419054031372e-01
6.973130702972412109e-01 1.379822343587875366e-01
6.878298521041870117e-01 1.400734037160873413e-01
6.770783662796020508e-01 1.423014849424362183e-01
6.709139943122863770e-01 1.435119360685348511e-01
6.552461981773376465e-01 1.463742256164550781e-01
6.473194956779479980e-01 1.477078795433044434e-01
6.379956007003784180e-01 1.491804569959640503e-01
6.309800148010253906e-01 1.502211540937423706e-01
6.188494563102722168e-01 1.518869400024414062e-01
6.116325259208679199e-01 1.527990251779556274e-01
6.005340218544006348e-01 1.540887951850891113e-01
5.927509069442749023e-01 1.549129337072372437e-01
5.841079354286193848e-01 1.557517200708389282e-01
5.699224472045898438e-01 1.569569557905197144e-01
5.628197193145751953e-01 1.574813872575759888e-01
5.562335252761840820e-01 1.579213738441467285e-01
5.389149188995361328e-01 1.588677316904067993e-01
5.287284255027770996e-01 1.592838317155838013e-01
5.247853994369506836e-01 1.594172567129135132e-01
5.129144787788391113e-01 1.597267836332321167e-01
4.966950118541717529e-01 1.599279791116714478e-01
4.819974005222320557e-01 1.598917394876480103e-01
4.723214805126190186e-01 1.597555577754974365e-01
4.584595561027526855e-01 1.594062447547912598e-01
4.505780637264251709e-01 1.591270714998245239e-01
4.395697712898254395e-01 1.586398482322692871e-01
4.301347434520721436e-01 1.581323891878128052e-01
4.213917553424835205e-01 1.575882583856582642e-01
4.029714763164520264e-01 1.562096774578094482e-01
3.973777592182159424e-01 1.557287871837615967e-01
3.847967386245727539e-01 1.545411199331283569e-01
3.672443032264709473e-01 1.526386439800262451e-01
3.591536283493041992e-01 1.516650319099426270e-01
3.461402952671051025e-01 1.499703824520111084e-01
3.241587877273559570e-01 1.467442810535430908e-01
3.140164911746978760e-01 1.450999379158020020e-01
3.052859008312225342e-01 1.436045020818710327e-01
2.932026386260986328e-01 1.414112299680709839e-01
2.857204973697662354e-01 1.399802118539810181e-01
2.583709359169006348e-01 1.342613250017166138e-01
2.494660615921020508e-01 1.322286427021026611e-01
2.378820776939392090e-01 1.294538378715515137e-01
2.176739871501922607e-01 1.242440342903137207e-01
2.077898085117340088e-01 1.215161234140396118e-01
1.955235004425048828e-01 1.179562583565711975e-01
1.885520964860916138e-01 1.158427894115447998e-01
1.841675937175750732e-01 1.144785881042480469e-01
1.683187037706375122e-01 1.093093231320381165e-01
1.545023918151855469e-01 1.044742837548255920e-01
1.464022845029830933e-01 1.014829203486442566e-01
1.374344378709793091e-01 9.802339226007461548e-02
1.271654069423675537e-01 9.385346621274948120e-02
1.165259331464767456e-01 8.927147090435028076e-02
1.072439327836036682e-01 8.502823114395141602e-02
9.621834754943847656e-02 7.964491844177246094e-02
9.125707298517227173e-02 7.708434015512466431e-02
8.605028688907623291e-02 7.429330050945281982e-02
7.233314961194992065e-02 6.634731590747833252e-02
6.377413868904113770e-02 6.085896864533424377e-02
5.506068840622901917e-02 5.473281443119049072e-02
4.075961187481880188e-02 4.304507374763488770e-02
3.287890926003456116e-02 3.531510755419731140e-02
2.964205294847488403e-02 3.174401447176933289e-02
2.415002323687076569e-02 2.492587454617023468e-02
2.003794722259044647e-02 1.890104077756404877e-02
1.719271950423717499e-02 1.396864466369152069e-02
1.554860733449459076e-02 1.064340863376855850e-02
1.282962597906589508e-02 3.489777911454439163e-03
1.162048242986202240e-02 -2.199219306930899620e-03
1.144863851368427277e-02 -4.280311986804008484e-03
1.157065480947494507e-02 -7.636077702045440674e-03
1.250225957483053207e-02 -1.141722314059734344e-02
1.403694879263639450e-02 -1.429276447743177414e-02
1.738062687218189240e-02 -1.774106174707412720e-02
2.233977243304252625e-02 -2.065834216773509979e-02
2.975415997207164764e-02 -2.328089438378810883e-02
3.369925171136856079e-02 -2.426593378186225891e-02
4.142415523529052734e-02 -2.573496662080287933e-02
4.946057498455047607e-02 -2.684452384710311890e-02
5.810318514704704285e-02 -2.772515639662742615e-02
6.921572983264923096e-02 -2.852402068674564362e-02
7.478031516075134277e-02 -2.881521172821521759e-02
8.116680383682250977e-02 -2.907569147646427155e-02
9.666831791400909424e-02 -2.943602018058300018e-02
1.083471253514289856e-01 -2.949972823262214661e-02
1.167461872100830078e-01 -2.945496328175067902e-02
1.274699866771697998e-01 -2.930383756756782532e-02
1.346625983715057373e-01 -2.915068715810775757e-02
1.444324105978012085e-01 -2.888457104563713074e-02
1.466237455606460571e-01 -2.881652116775512695e-02
1.621468067169189453e-01 -2.825778536498546600e-02
1.673457622528076172e-01 -2.804381959140300751e-02
1.754685044288635254e-01 -2.768618054687976837e-02
1.823919415473937988e-01 -2.736107818782329559e-02
1.995277404785156250e-01 -2.648832276463508606e-02
2.126535922288894653e-01 -2.576579712331295013e-02
2.226189970970153809e-01 -2.519221417605876923e-02
2.280515879392623901e-01 -2.487182244658470154e-02
2.373538911342620850e-01 -2.431232854723930359e-02
2.464511543512344360e-01 -2.375374175608158112e-02
2.559790313243865967e-01 -2.315868809819221497e-02
2.661303579807281494e-01 -2.251559495925903320e-02
2.755275070667266846e-01 -2.191366255283355713e-02
2.800158262252807617e-01 -2.162438631057739258e-02
3.010215163230895996e-01 -2.026031911373138428e-02
3.090668618679046631e-01 -1.973528228700160980e-02
3.330318629741668701e-01 -1.817129924893379211e-02
3.381136953830718994e-01 -1.784066110849380493e-02
3.525165319442749023e-01 -1.690738275647163391e-02
3.679691851139068604e-01 -1.591469720005989075e-02
3.792856335639953613e-01 -1.519502606242895126e-02
3.843929469585418701e-01 -1.487256214022636414e-02
3.922932744026184082e-01 -1.437687687575817108e-02
3.989305198192596436e-01 -1.396360248327255249e-02
4.141357839107513428e-01 -1.302855927497148514e-02
4.206485450267791748e-01 -1.263342425227165222e-02
4.348642230033874512e-01 -1.178302709013223648e-02
4.473246335983276367e-01 -1.105199009180068970e-02
4.606779813766479492e-01 -1.028434094041585922e-02
4.808741509914398193e-01 -9.155855514109134674e-03
4.965795576572418213e-01 -8.306332863867282867e-03
5.032267570495605469e-01 -7.954303175210952759e-03
5.169335603713989258e-01 -7.242624647915363312e-03
5.262911915779113770e-01 -6.767753977328538895e-03
5.413346886634826660e-01 -6.022856105118989944e-03
5.521096587181091309e-01 -5.503160879015922546e-03
5.688867568969726562e-01 -4.716394934803247452e-03
5.850271582603454590e-01 -3.984433133155107498e-03
5.941913127899169922e-01 -3.579337149858474731e-03
6.076203584671020508e-01 -2.998982323333621025e-03
6.214849948883056641e-01 -2.415804425254464149e-03
6.328892707824707031e-01 -1.947901793755590916e-03
6.458732485771179199e-01 -1.427784562110900879e-03
6.520687341690063477e-01 -1.184238586574792862e-03
6.772909164428710938e-01 -2.232014230685308576e-04
6.861379742622375488e-01 1.023572986014187336e-04
6.960303187370300293e-01 4.592447949107736349e-04
7.162871956825256348e-01 1.165947061963379383e-03
7.246411442756652832e-01 1.447633956559002399e-03
7.446191906929016113e-01 2.096741925925016403e-03
7.675293684005737305e-01 2.794684842228889465e-03
7.794159054756164551e-01 3.134949831292033195e-03
7.916141748428344727e-01 3.466765396296977997e-03
8.006830811500549316e-01 3.700979752466082573e-03
8.178963661193847656e-01 4.112712573260068893e-03
8.352535367012023926e-01 4.477523732930421829e-03
8.418722152709960938e-01 4.601203370839357376e-03
8.530263900756835938e-01 4.787482786923646927e-03
8.720709085464477539e-01 5.029792431741952896e-03
8.827189207077026367e-01 5.114490631967782974e-03
8.938313722610473633e-01 5.154469981789588928e-03
9.007943868637084961e-01 5.149507895112037659e-03
9.123144745826721191e-01 5.079101771116256714e-03
9.216184616088867188e-01 4.952031653374433517e-03
9.339968562126159668e-01 4.652041010558605194e-03
9.371333122253417969e-01 4.545505624264478683e-03
9.515198469161987305e-01 3.826934378594160080e-03
9.572473168373107910e-01 3.391332691535353661e-03
9.653143882751464844e-01 2.539636567234992981e-03
9.696421027183532715e-01 1.915421220473945141e-03
9.714170694351196289e-01 1.615752466022968292e-03
9.722701907157897949e-01 1.462316955439746380e-03
