9.583156704902648926e-01 2.089508809149265289e-02
9.581148028373718262e-01 2.105384133756160736e-02
9.572021961212158203e-01 2.171696908771991730e-02
9.520098567008972168e-01 2.472447417676448822e-02
9.426906108856201172e-01 2.903893031179904938e-02
9.373894929885864258e-01 3.122751601040363312e-02
9.250150322914123535e-01 3.591773286461830139e-02
9.220529198646545410e-01 3.697545453906059265e-02
9.153637886047363281e-01 3.929068893194198608e-02
9.100826382637023926e-01 4.105490818619728088e-02
8.997746706008911133e-01 4.435829818248748779e-02
8.930044174194335938e-01 4.643872380256652832e-02
8.841174244880676270e-01 4.907374456524848938e-02
8.767853379249572754e-01 5.117259174585342407e-02
8.618088960647583008e-01 5.526676028966903687e-02
8.520234227180480957e-01 5.781261995434761047e-02
8.368022441864013672e-01 6.158490478992462158e-02
8.280768990516662598e-01 6.364958733320236206e-02
8.131383061408996582e-01 6.702745705842971802e-02
8.049265146255493164e-01 6.880255788564682007e-02
7.840880155563354492e-01 7.305693626403808594e-02
7.730051875114440918e-01 7.517737895250320435e-02
7.605987787246704102e-01 7.743707299232482910e-02
7.553021311759948730e-01 7.836560904979705811e-02
7.423411607742309570e-01 8.054783940315246582e-02
7.368059754371643066e-01 8.144118636846542358e-02
7.165251970291137695e-01 8.451984077692031860e-02
7.108476758003234863e-01 8.532747626304626465e-02
7.004655599594116211e-01 8.674385398626327515e-02
6.752107739448547363e-01 8.986616879701614380e-02
6.603519320487976074e-01 9.149263054132461548e-02
6.395297050476074219e-01 9.351446479558944702e-02
6.286350488662719727e-01 9.445457160472869873e-02
6.194950938224792480e-01 9.518180787563323975e-02
6.089584231376647949e-01 9.595145285129547119e-02
6.039420962333679199e-01 9.629222750663757324e-02
5.889619588851928711e-01 9.721307456493377686e-02
5.781366229057312012e-01 9.778927266597747803e-02
5.643219947814941406e-01 9.841801226139068604e-02
5.556514263153076172e-01 9.875249862670898438e-02
5.424866676330566406e-01 9.917330741882324219e-02
5.327712297439575195e-01 9.941751509904861450e-02
5.200373530387878418e-01 9.965376555919647217e-02
5.135557055473327637e-01 9.973791986703872681e-02
5.052258372306823730e-01 9.981078654527664185e-02
4.897350072860717773e-01 9.984198212623596191e-02
4.719968438148498535e-01 9.971349686384201050e-02
4.649260938167572021e-01 9.961396455764770508e-02
4.481517374515533447e-01 9.926866739988327026e-02
4.407057464122772217e-01 9.906636923551559448e-02
4.239820837974548340e-01 9.850233793258666992e-02
4.208522140979766846e-01 9.837987273931503296e-02
4.084410965442657471e-01 9.784176945686340332e-02
4.013342261314392090e-01 9.749568998813629150e-02
3.940537571907043457e-01 9.711226820945739746e-02
3.907722830772399902e-01 9.692984074354171753e-02
3.784164488315582275e-01 9.618897736072540283e-02
3.519243299961090088e-01 9.430681169033050537e-02
3.482045531272888184e-01 9.400966763496398926e-02
3.429284691810607910e-01 9.357400238513946533e-02
3.384099006652832031e-01 9.318748861551284790e-02
3.268098533153533936e-01 9.213768690824508667e-02
3.087580800056457520e-01 9.033395349979400635e-02
3.054682910442352295e-01 8.998223394155502319e-02
2.947394251823425293e-01 8.878404647111892700e-02
2.832744419574737549e-01 8.741466701030731201e-02
2.759912908077239990e-01 8.649523556232452393e-02
2.647675573825836182e-01 8.499994874000549316e-02
2.600307464599609375e-01 8.433939516544342041e-02
2.480587214231491089e-01 8.258853107690811157e-02
2.417737096548080444e-01 8.162100613117218018e-02
2.351006865501403809e-01 8.055578172206878662e-02
2.267775833606719971e-01 7.917029410600662231e-02
2.151949554681777954e-01 7.713203877210617065e-02
2.089162766933441162e-01 7.597085088491439819e-02
2.014067322015762329e-01 7.452733069658279419e-02
1.851188242435455322e-01 7.117833942174911499e-02
1.749426424503326416e-01 6.892261654138565063e-02
1.625909954309463501e-01 6.599960476160049438e-02
1.512707322835922241e-01 6.312634050846099854e-02
1.412627547979354858e-01 6.041632220149040222e-02
1.273165941238403320e-01 5.634420737624168396e-02
1.152996942400932312e-01 5.252367258071899414e-02
1.074796244502067566e-01 4.986132308840751648e-02
1.021740809082984924e-01 4.796702414751052856e-02
9.144796431064605713e-02 4.389230906963348389e-02
7.738330215215682983e-02 3.795148059725761414e-02
7.017744332551956177e-02 3.457281738519668579e-02
6.507395952939987183e-02 3.200260177254676819e-02
5.820524692535400391e-02 2.824453637003898621e-02
4.966030269861221313e-02 2.287008799612522125e-02
4.444556310772895813e-02 1.893151551485061646e-02
3.810995817184448242e-02 1.229265891015529633e-02
3.681650012731552124e-02 9.938680566847324371e-03
3.618960082530975342e-02 7.289254572242498398e-03
3.632412850856781006e-02 5.864776205271482468e-03
3.695336729288101196e-02 4.351567011326551437e-03
3.745043650269508362e-02 3.665027441456913948e-03
3.797978907823562622e-02 3.104055766016244888e-03
3.909550979733467102e-02 2.219449263066053391e-03
4.128219559788703918e-02 1.066130702383816242e-03
4.485236480832099915e-02 -5.090743434266187251e-05
4.755326360464096069e-02 -5.585306789726018906e-04
4.908105731010437012e-02 -7.605090504512190819e-04
5.408619716763496399e-02 -1.115732360631227493e-03
6.666863709688186646e-02 -7.396308355964720249e-04
7.199669629335403442e-02 -2.492007333785295486e-04
7.754242420196533203e-02 3.928336373064666986e-04
8.952374011278152466e-02 2.079504076391458511e-03
1.036909967660903931e-01 4.338512197136878967e-03
1.100320965051651001e-01 5.377066321671009064e-03
1.153458580374717712e-01 6.243548355996608734e-03
1.236217767000198364e-01 7.569567300379276276e-03
1.374824494123458862e-01 9.684217162430286407e-03
1.507978141307830811e-01 1.155274733901023865e-02
1.583600342273712158e-01 1.253527496010065079e-02
1.684879958629608154e-01 1.376014854758977890e-02
1.757645159959793091e-01 1.457670517265796661e-02
1.927842795848846436e-01 1.628858223557472229e-02
2.016903907060623169e-01 1.708053238689899445e-02
2.100713700056076050e-01 1.776553690433502197e-02
2.217167913913726807e-01 1.862737536430358887e-02
2.268253862857818604e-01 1.897462457418441772e-02
2.479840964078903198e-01 2.023396268486976624e-02
2.562307119369506836e-01 2.065473236143589020e-02
2.595884501934051514e-01 2.081596665084362030e-02
2.691723406314849854e-01 2.124635130167007446e-02
2.810251116752624512e-01 2.172273211181163788e-02
2.947123944759368896e-01 2.220565453171730042e-02
3.087526857852935791e-01 2.263766713440418243e-02
3.180435895919799805e-01 2.289391122758388519e-02
3.253083527088165283e-01 2.308029681444168091e-02
3.337163925170898438e-01 2.328280732035636902e-02
3.437365293502807617e-01 2.350864745676517487e-02
3.486739397048950195e-01 2.361476421356201172e-02
3.571314811706542969e-01 2.379024401307106018e-02
3.647367358207702637e-01 2.394271455705165863e-02
3.694626092910766602e-01 2.403561957180500031e-02
3.795071542263031006e-01 2.423024177551269531e-02
3.922649621963500977e-01 2.447631210088729858e-02
4.033657014369964600e-01 2.469410561025142670e-02
4.100084006786346436e-01 2.482794784009456635e-02
4.222893416881561279e-01 2.508569322526454926e-02
4.423781335353851318e-01 2.554761804640293121e-02
4.483831524848937988e-01 2.569789625704288483e-02
4.627029001712799072e-01 2.608307823538780212e-02
4.672203660011291504e-01 2.621303685009479523e-02
4.833903014659881592e-01 2.671392261981964111e-02
4.895849823951721191e-01 2.692108228802680969e-02
4.972114264965057373e-01 2.718789689242839813e-02
5.022807717323303223e-01 2.737238816916942596e-02
5.085508227348327637e-01 2.760829403996467590e-02
5.233906507492065430e-01 2.819901891052722931e-02
5.271909236907958984e-01 2.835707925260066986e-02
5.436098575592041016e-01 2.906686067581176758e-02
5.491321682929992676e-01 2.931371144950389862e-02
5.581796765327453613e-01 2.972436882555484772e-02
5.629587173461914062e-01 2.994350157678127289e-02
5.718308091163635254e-01 3.035220690071582794e-02
5.814697146415710449e-01 3.079561330378055573e-02
5.942767262458801270e-01 3.137592971324920654e-02
6.082079410552978516e-01 3.198376297950744629e-02
6.221327185630798340e-01 3.255314379930496216e-02
6.252449154853820801e-01 3.267380595207214355e-02
6.478544473648071289e-01 3.346048295497894287e-02
6.603195071220397949e-01 3.381533920764923096e-02
6.703312993049621582e-01 3.405381739139556885e-02
6.797523498535156250e-01 3.423754498362541199e-02
7.066811323165893555e-01 3.452774882316589355e-02
7.180689573287963867e-01 3.453949093818664551e-02
7.245289683341979980e-01 3.451560810208320618e-02
7.396972179412841797e-01 3.437071666121482849e-02
7.560863494873046875e-01 3.407115116715431213e-02
7.636627554893493652e-01 3.388152271509170532e-02
7.830527424812316895e-01 3.324600309133529663e-02
7.924681305885314941e-01 3.285818174481391907e-02
7.993025779724121094e-01 3.254360705614089966e-02
8.075987100601196289e-01 3.212386369705200195e-02
8.232713341712951660e-01 3.121502511203289032e-02
8.331965804100036621e-01 3.055882826447486877e-02
8.424732089042663574e-01 2.988692186772823334e-02
8.480834960937500000e-01 2.945224381983280182e-02
8.669970631599426270e-01 2.782113291323184967e-02
8.864217400550842285e-01 2.585494704544544220e-02
8.950685262680053711e-01 2.487220987677574158e-02
9.058076143264770508e-01 2.354535646736621857e-02
9.198836088180541992e-01 2.159389853477478027e-02
9.357414245605468750e-01 1.900159008800983429e-02
9.455814957618713379e-01 1.705774664878845215e-02
9.564358592033386230e-01 1.428388990461826324e-02
9.586512446403503418e-01 1.355130970478057861e-02
9.596803784370422363e-01 1.317657809704542160e-02
