9.553084969520568848e-01 -3.527703462168574333e-03
9.538510441780090332e-01 -3.429187694564461708e-03
9.468080997467041016e-01 -2.949993591755628586e-03
9.261242151260375977e-01 -1.521069789305329323e-03
8.945413827896118164e-01 7.125691045075654984e-04
8.776162862777709961e-01 1.936412649229168892e-03
8.479638695716857910e-01 4.133191425353288651e-03
8.378690481185913086e-01 4.898471292108297348e-03
8.124158382415771484e-01 6.873598787933588028e-03
7.978947758674621582e-01 8.032947778701782227e-03
7.775944471359252930e-01 9.698076173663139343e-03
7.714355587959289551e-01 1.021417323499917984e-02
7.582486271858215332e-01 1.133723091334104538e-02
7.445883154869079590e-01 1.252742111682891846e-02
7.289482951164245605e-01 1.392455492168664932e-02
7.224091291427612305e-01 1.451972033828496933e-02
7.000091671943664551e-01 1.660719513893127441e-02
6.900011897087097168e-01 1.756354607641696930e-02
6.781680583953857422e-01 1.871213689446449280e-02
6.699989438056945801e-01 1.951566524803638458e-02
6.422009468078613281e-01 2.230684459209442139e-02
6.215440630912780762e-01 2.442601323127746582e-02
6.138247847557067871e-01 2.522485703229904175e-02
6.051803827285766602e-01 2.612251974642276764e-02
5.801023244857788086e-01 2.873566187918186188e-02
5.710783600807189941e-01 2.967553399503231049e-02
5.559395551681518555e-01 3.124674037098884583e-02
5.485769510269165039e-01 3.200688585638999939e-02
5.377466082572937012e-01 3.311844170093536377e-02
5.237049460411071777e-01 3.454471006989479065e-02
5.106601715087890625e-01 3.585091605782508850e-02
4.996961355209350586e-01 3.693201020359992981e-02
4.904426932334899902e-01 3.783073648810386658e-02
4.760904610157012939e-01 3.919663652777671814e-02
4.687410295009613037e-01 3.988149017095565796e-02
4.656823277473449707e-01 4.016336053609848022e-02
4.522430896759033203e-01 4.137848690152168274e-02
4.447512924671173096e-01 4.203820228576660156e-02
4.297758638858795166e-01 4.331546276807785034e-02
4.210119545459747314e-01 4.403531923890113831e-02
4.132067263126373291e-01 4.465798661112785339e-02
4.085482656955718994e-01 4.502093419432640076e-02
3.941934704780578613e-01 4.609619081020355225e-02
3.862380981445312500e-01 4.666243493556976318e-02
3.755281865596771240e-01 4.738910868763923645e-02
3.693998754024505615e-01 4.778562858700752258e-02
3.590315580368041992e-01 4.842291399836540222e-02
3.529344797134399414e-01 4.877714812755584717e-02
3.413362503051757812e-01 4.940697550773620605e-02
3.333535790443420410e-01 4.980550333857536316e-02
3.279008567333221436e-01 5.006069317460060120e-02
3.229017257690429688e-01 5.028215423226356506e-02
3.157654106616973877e-01 5.057701840996742249e-02
3.091753721237182617e-01 5.082648992538452148e-02
3.054227232933044434e-01 5.095854401588439941e-02
3.007693290710449219e-01 5.111195892095565796e-02
2.916767597198486328e-01 5.137806013226509094e-02
2.821752130985260010e-01 5.160715430974960327e-02
2.794327139854431152e-01 5.166371539235115051e-02
2.687795460224151611e-01 5.184178799390792847e-02
2.601056396961212158e-01 5.193663761019706726e-02
2.539672553539276123e-01 5.197582021355628967e-02
2.479349523782730103e-01 5.199127644300460815e-02
2.441341876983642578e-01 5.198909342288970947e-02
2.380957007408142090e-01 5.196636170148849487e-02
2.278959304094314575e-01 5.187314748764038086e-02
2.200150936841964722e-01 5.175276845693588257e-02
2.079373449087142944e-01 5.148369446396827698e-02
2.000748515129089355e-01 5.125172436237335205e-02
1.951420605182647705e-01 5.108259618282318115e-02
1.928292959928512573e-01 5.099689215421676636e-02
1.831137835979461670e-01 5.059119313955307007e-02
1.775646507740020752e-01 5.032541975378990173e-02
1.616539657115936279e-01 4.941859096288681030e-02
1.519470661878585815e-01 4.875335097312927246e-02
1.410477757453918457e-01 4.789687320590019226e-02
1.298735588788986206e-01 4.688874259591102600e-02
1.247067824006080627e-01 4.637470841407775879e-02
1.181774362921714783e-01 4.567882046103477478e-02
1.083686500787734985e-01 4.452951624989509583e-02
1.018672958016395569e-01 4.369359835982322693e-02
9.433352202177047729e-02 4.264451563358306885e-02
8.358956873416900635e-02 4.098436236381530762e-02
6.989300996065139771e-02 3.854878246784210205e-02
6.267681717872619629e-02 3.709970042109489441e-02
5.265258625149726868e-02 3.486494719982147217e-02
4.162693768739700317e-02 3.205603733658790588e-02
3.719451278448104858e-02 3.080457821488380432e-02
2.818083204329013824e-02 2.799841575324535370e-02
2.467676810920238495e-02 2.679730020463466644e-02
1.966036111116409302e-02 2.494879998266696930e-02
1.156321819871664047e-02 2.156556956470012665e-02
2.288681920617818832e-03 1.678865589201450348e-02
-1.001627766527235508e-03 1.471647620201110840e-02
-4.794510547071695328e-03 1.189381070435047150e-02
-6.570722442120313644e-03 1.031654980033636093e-02
-8.779579773545265198e-03 7.943551987409591675e-03
-1.024186052381992340e-02 5.885913502424955368e-03
-1.129692513495683670e-02 3.785655135288834572e-03
-1.174042467027902603e-02 2.434236230328679085e-03
-1.206994429230690002e-02 8.197313582058995962e-05
-1.181441638618707657e-02 -2.361743245273828506e-03
-1.072525791823863983e-02 -5.250151734799146652e-03
-9.179804474115371704e-03 -7.640026975423097610e-03
-5.366914905607700348e-03 -1.157165598124265671e-02
-4.114310140721499920e-04 -1.521088369190692902e-02
3.179339459165930748e-03 -1.735959947109222412e-02
6.921351887285709381e-03 -1.932721398770809174e-02
1.862730644643306732e-02 -2.434963360428810120e-02
2.640876919031143188e-02 -2.705850079655647278e-02
3.282353654503822327e-02 -2.902614325284957886e-02
4.575929418206214905e-02 -3.243723511695861816e-02
5.611704289913177490e-02 -3.474898636341094971e-02
6.643118709325790405e-02 -3.676025569438934326e-02
8.056789636611938477e-02 -3.913807496428489685e-02
1.013739854097366333e-01 -4.201834648847579956e-02
1.065269932150840759e-01 -4.263942688703536987e-02
1.247496306896209717e-01 -4.459809884428977966e-02
1.322791576385498047e-01 -4.531317576766014099e-02
1.473240405321121216e-01 -4.660294950008392334e-02
1.593635678291320801e-01 -4.751852154731750488e-02
1.704164296388626099e-01 -4.827977716922760010e-02
1.746015697717666626e-01 -4.854999855160713196e-02
1.915950477123260498e-01 -4.955545812845230103e-02
2.042114287614822388e-01 -5.021573975682258606e-02
2.150330394506454468e-01 -5.072973296046257019e-02
2.385040670633316040e-01 -5.169594287872314453e-02
2.427594810724258423e-01 -5.185107514262199402e-02
2.547938227653503418e-01 -5.225897207856178284e-02
2.583367228507995605e-01 -5.237066000699996948e-02
2.678695023059844971e-01 -5.265296995639801025e-02
2.764705419540405273e-01 -5.288556590676307678e-02
2.843046188354492188e-01 -5.307982116937637329e-02
2.901726961135864258e-01 -5.321463942527770996e-02
3.043303787708282471e-01 -5.350326746702194214e-02
3.189304172992706299e-01 -5.374854430556297302e-02
3.357072770595550537e-01 -5.396730080246925354e-02
3.428969979286193848e-01 -5.404101684689521790e-02
3.477346599102020264e-01 -5.408399552106857300e-02
3.569763302803039551e-01 -5.415148288011550903e-02
3.773397207260131836e-01 -5.423413217067718506e-02
3.820002377033233643e-01 -5.424053594470024109e-02
3.889599442481994629e-01 -5.424164608120918274e-02
3.986729979515075684e-01 -5.422649532556533813e-02
4.092596769332885742e-01 -5.418823659420013428e-02
4.168964028358459473e-01 -5.414687469601631165e-02
4.242212772369384766e-01 -5.409658327698707581e-02
4.366675317287445068e-01 -5.398788675665855408e-02
4.625281095504760742e-01 -5.367233231663703918e-02
4.705816507339477539e-01 -5.355048179626464844e-02
4.765713214874267578e-01 -5.345289036631584167e-02
4.862530231475830078e-01 -5.328290164470672607e-02
4.951084256172180176e-01 -5.311452224850654602e-02
4.994385838508605957e-01 -5.302779003977775574e-02
5.096581578254699707e-01 -5.281193554401397705e-02
5.200814008712768555e-01 -5.257594585418701172e-02
5.349622368812561035e-01 -5.221201479434967041e-02
5.461278557777404785e-01 -5.191842466592788696e-02
5.623975396156311035e-01 -5.145924165844917297e-02
5.712437629699707031e-01 -5.119381472468376160e-02
5.817148685455322266e-01 -5.086496472358703613e-02
5.929746031761169434e-01 -5.049305036664009094e-02
6.071714162826538086e-01 -4.999575391411781311e-02
6.117135286331176758e-01 -4.982965812087059021e-02
6.261607408523559570e-01 -4.927733168005943298e-02
6.345199346542358398e-01 -4.894014075398445129e-02
6.448479294776916504e-01 -4.850436002016067505e-02
6.545217037200927734e-01 -4.807570949196815491e-02
6.607508063316345215e-01 -4.778851941227912903e-02
6.701006293296813965e-01 -4.734005033969879150e-02
6.864330768585205078e-01 -4.650239646434783936e-02
6.969138979911804199e-01 -4.592516645789146423e-02
7.069175243377685547e-01 -4.534252732992172241e-02
7.152680158615112305e-01 -4.483073577284812927e-02
7.408754229545593262e-01 -4.310046881437301636e-02
7.478942275047302246e-01 -4.257940873503684998e-02
7.626348137855529785e-01 -4.141142964363098145e-02
7.688015699386596680e-01 -4.089108482003211975e-02
7.813260555267333984e-01 -3.977168351411819458e-02
7.906933426856994629e-01 -3.887557238340377808e-02
8.088057041168212891e-01 -3.698424622416496277e-02
8.147259950637817383e-01 -3.631649166345596313e-02
8.292974829673767090e-01 -3.455751761794090271e-02
8.379998803138732910e-01 -3.342195972800254822e-02
8.643473982810974121e-01 -2.953581884503364563e-02
8.752803802490234375e-01 -2.769728563725948334e-02
8.907338380813598633e-01 -2.483910135924816132e-02
9.106527566909790039e-01 -2.067998610436916351e-02
9.289007782936096191e-01 -1.648741401731967926e-02
9.425873756408691406e-01 -1.330973487347364426e-02
9.475775361061096191e-01 -1.218983530998229980e-02
9.522421360015869141e-01 -1.117173396050930023e-02
