9.623285531997680664e-01 2.478417567908763885e-02
9.621863365173339844e-01 2.493163943290710449e-02
9.614967107772827148e-01 2.558391727507114410e-02
9.591034650802612305e-01 2.742878906428813934e-02
9.479908943176269531e-01 3.364130109548568726e-02
9.433940649032592773e-01 3.580567613244056702e-02
9.264435172080993652e-01 4.294243082404136658e-02
9.232989549636840820e-01 4.416637867689132690e-02
9.155396819114685059e-01 4.708807915449142456e-02
9.083712697029113770e-01 4.967754334211349487e-02
9.047780036926269531e-01 5.094031244516372681e-02
9.008330702781677246e-01 5.230141803622245789e-02
8.977920413017272949e-01 5.333367362618446350e-02
8.923397064208984375e-01 5.514856427907943726e-02
8.803408145904541016e-01 5.899276584386825562e-02
8.765144944190979004e-01 6.017782539129257202e-02
8.644887208938598633e-01 6.378225982189178467e-02
8.567107319831848145e-01 6.602058559656143188e-02
8.505946993827819824e-01 6.773164868354797363e-02
8.393661379814147949e-01 7.076409459114074707e-02
8.242366909980773926e-01 7.463511824607849121e-02
8.147954344749450684e-01 7.692979276180267334e-02
7.984352111816406250e-01 8.069267123937606812e-02
7.952631711959838867e-01 8.139151334762573242e-02
7.828817367553710938e-01 8.402567356824874878e-02
7.773330807685852051e-01 8.515841513872146606e-02
7.668573856353759766e-01 8.721749484539031982e-02
7.586535215377807617e-01 8.875860273838043213e-02
7.390107512474060059e-01 9.219896048307418823e-02
7.283811569213867188e-01 9.391722083091735840e-02
7.156641483306884766e-01 9.584431350231170654e-02
6.896225214004516602e-01 9.936934709548950195e-02
6.671352982521057129e-01 1.019810661673545837e-01
6.595997810363769531e-01 1.027714386582374573e-01
6.473370790481567383e-01 1.039706915616989136e-01
6.393817067146301270e-01 1.046929657459259033e-01
6.310077309608459473e-01 1.054074466228485107e-01
6.107704043388366699e-01 1.069489270448684692e-01
5.971829891204833984e-01 1.078447625041007996e-01
5.900461673736572266e-01 1.082728803157806396e-01
5.812137126922607422e-01 1.087638512253761292e-01
5.609619617462158203e-01 1.097345277667045593e-01
5.525969266891479492e-01 1.100753024220466614e-01
5.335062146186828613e-01 1.107282042503356934e-01
5.270709395408630371e-01 1.109105050563812256e-01
5.153604745864868164e-01 1.111948564648628235e-01
4.974903166294097900e-01 1.115138754248619080e-01
4.807958006858825684e-01 1.116890460252761841e-01
4.748395085334777832e-01 1.117231100797653198e-01
4.629143178462982178e-01 1.117463335394859314e-01
4.321734011173248291e-01 1.115257665514945984e-01
4.249564707279205322e-01 1.114138290286064148e-01
4.191184937953948975e-01 1.113060265779495239e-01
4.142717123031616211e-01 1.112045496702194214e-01
3.907894790172576904e-01 1.105535104870796204e-01
3.855469524860382080e-01 1.103705614805221558e-01
3.766578137874603271e-01 1.100273579359054565e-01
3.567891716957092285e-01 1.091020777821540833e-01
3.504115343093872070e-01 1.087560579180717468e-01
3.432881236076354980e-01 1.083397120237350464e-01
3.377020061016082764e-01 1.079904064536094666e-01
3.277770876884460449e-01 1.073182150721549988e-01
3.112655580043792725e-01 1.060440912842750549e-01
2.962405681610107422e-01 1.047003492712974548e-01
2.901596128940582275e-01 1.041023731231689453e-01
2.823384404182434082e-01 1.032843440771102905e-01
2.706539630889892578e-01 1.019532829523086548e-01
2.598765194416046143e-01 1.006010398268699646e-01
2.525103092193603516e-01 9.960269182920455933e-02
2.270638495683670044e-01 9.563427418470382690e-02
2.019149363040924072e-01 9.077867865562438965e-02
1.979493945837020874e-01 8.991371840238571167e-02
1.920095831155776978e-01 8.856189250946044922e-02
1.845852285623550415e-01 8.677177876234054565e-02
1.767298430204391479e-01 8.474762737751007080e-02
1.684393137693405151e-01 8.245448768138885498e-02
1.567556411027908325e-01 7.892259210348129272e-02
1.336452960968017578e-01 7.073837518692016602e-02
1.289275139570236206e-01 6.884490698575973511e-02
1.184708625078201294e-01 6.434500217437744141e-02
1.122944504022598267e-01 6.147839128971099854e-02
1.086959019303321838e-01 5.973287299275398254e-02
9.979125112295150757e-02 5.516441166400909424e-02
9.653973579406738281e-02 5.340489745140075684e-02
9.093508869409561157e-02 5.025354027748107910e-02
7.721423357725143433e-02 4.188371077179908752e-02
7.429111003875732422e-02 3.997625038027763367e-02
6.500829011201858521e-02 3.361211344599723816e-02
5.597618967294692993e-02 2.692338824272155762e-02
4.776588082313537598e-02 2.028851211071014404e-02
4.224010556936264038e-02 1.535907667130231857e-02
3.695559129118919373e-02 9.977901354432106018e-03
3.541583567857742310e-02 8.179742842912673950e-03
3.323511406779289246e-02 5.275343544781208038e-03
3.174216672778129578e-02 2.806446980684995651e-03
3.025010786950588226e-02 -1.162259839475154877e-03
3.004507161676883698e-02 -3.071554936468601227e-03
3.018870949745178223e-02 -4.621037747710943222e-03
3.042368777096271515e-02 -5.531012546271085739e-03
3.117771074175834656e-02 -7.174970582127571106e-03
3.178680688142776489e-02 -8.061719126999378204e-03
3.428137674927711487e-02 -1.042944286018610001e-02
3.835284337401390076e-02 -1.273252628743648529e-02
4.171201214194297791e-02 -1.403222046792507172e-02
4.865018650889396667e-02 -1.587642356753349304e-02
5.307813361287117004e-02 -1.669258438050746918e-02
6.279782205820083618e-02 -1.788762025535106659e-02
7.959632575511932373e-02 -1.879170723259449005e-02
8.598147332668304443e-02 -1.889243908226490021e-02
1.143086850643157959e-01 -1.842921599745750427e-02
1.286496371030807495e-01 -1.784707233309745789e-02
1.384541094303131104e-01 -1.736960932612419128e-02
1.532249748706817627e-01 -1.656472310423851013e-02
1.677206754684448242e-01 -1.570370979607105255e-02
1.806688010692596436e-01 -1.489320397377014160e-02
1.871755272150039673e-01 -1.447482313960790634e-02
1.994072645902633667e-01 -1.367284264415502548e-02
2.186900824308395386e-01 -1.237767562270164490e-02
2.313181608915328979e-01 -1.151464320719242096e-02
2.421329319477081299e-01 -1.076850388199090958e-02
2.511449754238128662e-01 -1.014261227101087570e-02
2.565545141696929932e-01 -9.765288792550563812e-03
2.721092700958251953e-01 -8.674344047904014587e-03
2.817833721637725830e-01 -7.991594262421131134e-03
2.884856760501861572e-01 -7.516738027334213257e-03
2.938997447490692139e-01 -7.132030557841062546e-03
3.043970763683319092e-01 -6.383240688592195511e-03
3.156162202358245850e-01 -5.578503943979740143e-03
3.253777027130126953e-01 -4.874294158071279526e-03
3.373242914676666260e-01 -4.006796982139348984e-03
3.501845300197601318e-01 -3.065154654905200005e-03
3.616569042205810547e-01 -2.217341447249054909e-03
3.789301514625549316e-01 -9.247433627024292946e-04
3.837883472442626953e-01 -5.572468508034944534e-04
3.935253620147705078e-01 1.850891567301005125e-04
3.996312916278839111e-01 6.548701203428208828e-04
4.146363437175750732e-01 1.824797480367124081e-03
4.196552634239196777e-01 2.221473492681980133e-03
4.338892698287963867e-01 3.362675197422504425e-03
4.391247928142547607e-01 3.788948757573962212e-03
4.511051476001739502e-01 4.778722766786813736e-03
4.562500119209289551e-01 5.210295319557189941e-03
4.806154370307922363e-01 7.313064299523830414e-03
4.902634024620056152e-01 8.174915798008441925e-03
5.035286545753479004e-01 9.389294311404228210e-03
5.100052952766418457e-01 9.995036758482456207e-03
5.252615213394165039e-01 1.145613379776477814e-02
5.420677065849304199e-01 1.312140747904777527e-02
5.463672280311584473e-01 1.355657819658517838e-02
5.497049093246459961e-01 1.389688719063997269e-02
5.625810623168945312e-01 1.522883772850036621e-02
5.727213621139526367e-01 1.629708521068096161e-02
5.990133285522460938e-01 1.912195421755313873e-02
6.026867032051086426e-01 1.951994374394416809e-02
6.141808629035949707e-01 2.076434344053268433e-02
6.204341650009155273e-01 2.143840678036212921e-02
6.289047002792358398e-01 2.234471961855888367e-02
6.339512467384338379e-01 2.287947013974189758e-02
6.389175653457641602e-01 2.340086363255977631e-02
6.482917070388793945e-01 2.436883002519607544e-02
6.548919677734375000e-01 2.503507398068904877e-02
6.679530143737792969e-01 2.630746550858020782e-02
6.878616213798522949e-01 2.810036763548851013e-02
6.937183141708374023e-01 2.858803980052471161e-02
7.143937945365905762e-01 3.014217689633369446e-02
7.240971922874450684e-01 3.077343665063381195e-02
7.410913109779357910e-01 3.171439096331596375e-02
7.578549385070800781e-01 3.242503106594085693e-02
7.674170732498168945e-01 3.272916004061698914e-02
7.756382226943969727e-01 3.293008357286453247e-02
7.850594520568847656e-01 3.309008106589317322e-02
8.002481460571289062e-01 3.318626806139945984e-02
8.098602890968322754e-01 3.314144909381866455e-02
8.145134449005126953e-01 3.308967128396034241e-02
8.265961408615112305e-01 3.286158666014671326e-02
8.327136039733886719e-01 3.269346430897712708e-02
8.409488797187805176e-01 3.240974619984626770e-02
8.454318642616271973e-01 3.222702816128730774e-02
8.726512193679809570e-01 3.066471405327320099e-02
8.836637139320373535e-01 2.979442290961742401e-02
8.930226564407348633e-01 2.893500216305255890e-02
8.987211585044860840e-01 2.835365198552608490e-02
9.169874787330627441e-01 2.615639008581638336e-02
9.212497472763061523e-01 2.556097880005836487e-02
9.278802871704101562e-01 2.456241287291049957e-02
9.312652349472045898e-01 2.401552908122539520e-02
9.411839842796325684e-01 2.224584482610225677e-02
9.524253606796264648e-01 1.986309885978698730e-02
9.563407301902770996e-01 1.891059428453445435e-02
9.632017016410827637e-01 1.704173907637596130e-02
9.642813801765441895e-01 1.672102510929107666e-02
9.651554822921752930e-01 1.645558699965476990e-02
