9.633794426918029785e-01 2.159550972282886505e-02
9.633314013481140137e-01 2.168390154838562012e-02
9.628452658653259277e-01 2.244995161890983582e-02
9.606940746307373047e-01 2.494501508772373199e-02
9.524933099746704102e-01 3.197918459773063660e-02
9.487304687500000000e-01 3.479878604412078857e-02
9.409269094467163086e-01 4.025306925177574158e-02
9.374939799308776855e-01 4.252739623188972473e-02
9.325296878814697266e-01 4.570677503943443298e-02
9.284772872924804688e-01 4.821769148111343384e-02
9.222888350486755371e-01 5.192232504487037659e-02
9.167656302452087402e-01 5.510881915688514709e-02
9.064310789108276367e-01 6.080061197280883789e-02
8.997228741645812988e-01 6.432384252548217773e-02
8.825606107711791992e-01 7.279305905103683472e-02
8.806892633438110352e-01 7.367279380559921265e-02
8.677185177803039551e-01 7.955190539360046387e-02
8.600788712501525879e-01 8.284575492143630981e-02
8.492832183837890625e-01 8.730048686265945435e-02
8.409672379493713379e-01 9.058085829019546509e-02
8.103821873664855957e-01 1.016091629862785339e-01
7.948132753372192383e-01 1.066498607397079468e-01
7.851232290267944336e-01 1.096076741814613342e-01
7.779471278190612793e-01 1.117131188511848450e-01
7.564404606819152832e-01 1.176117584109306335e-01
7.464522123336791992e-01 1.201511099934577942e-01
7.175300121307373047e-01 1.268365830183029175e-01
7.128184437751770020e-01 1.278360038995742798e-01
7.025814652442932129e-01 1.299247592687606812e-01
6.837717890739440918e-01 1.334763765335083008e-01
6.637887954711914062e-01 1.368607133626937866e-01
6.584377288818359375e-01 1.377013623714447021e-01
6.484032273292541504e-01 1.392051130533218384e-01
6.335366368293762207e-01 1.412621736526489258e-01
6.109116077423095703e-01 1.440123617649078369e-01
6.073452830314636230e-01 1.444048732519149780e-01
5.981166362762451172e-01 1.453697085380554199e-01
5.867844820022583008e-01 1.464547067880630493e-01
5.803123116493225098e-01 1.470255255699157715e-01
5.739060640335083008e-01 1.475557982921600342e-01
5.484961867332458496e-01 1.493208408355712891e-01
5.358347296714782715e-01 1.499995589256286621e-01
5.246505737304687500e-01 1.504881083965301514e-01
5.174898505210876465e-01 1.507460772991180420e-01
4.955533146858215332e-01 1.512679755687713623e-01
4.883568584918975830e-01 1.513503342866897583e-01
4.802255928516387939e-01 1.513899117708206177e-01
4.598945677280426025e-01 1.512374728918075562e-01
4.501259028911590576e-01 1.510344296693801880e-01
4.429212510585784912e-01 1.508298069238662720e-01
4.344162940979003906e-01 1.505275368690490723e-01
4.313552677631378174e-01 1.504024714231491089e-01
4.191668629646301270e-01 1.498182415962219238e-01
4.150953888893127441e-01 1.495920270681381226e-01
4.048190414905548096e-01 1.489508450031280518e-01
4.031147360801696777e-01 1.488346755504608154e-01
3.858553767204284668e-01 1.474990397691726685e-01
3.748262226581573486e-01 1.464910656213760376e-01
3.670693635940551758e-01 1.457086503505706787e-01
3.518066108226776123e-01 1.439890861511230469e-01
3.465410172939300537e-01 1.433395892381668091e-01
3.428499102592468262e-01 1.428671032190322876e-01
3.389726281166076660e-01 1.423552036285400391e-01
3.225735425949096680e-01 1.400130987167358398e-01
3.186181187629699707e-01 1.394049525260925293e-01
3.085736930370330811e-01 1.377842426300048828e-01
2.913438081741333008e-01 1.347468197345733643e-01
2.807964384555816650e-01 1.327255368232727051e-01
2.687429189682006836e-01 1.302638500928878784e-01
2.652260363101959229e-01 1.295149624347686768e-01
2.623759210109710693e-01 1.288978457450866699e-01
2.429047524929046631e-01 1.244374662637710571e-01
2.208077311515808105e-01 1.188560202717781067e-01
2.010442614555358887e-01 1.133923158049583435e-01
1.943126171827316284e-01 1.114286258816719055e-01
1.864354461431503296e-01 1.090638637542724609e-01
1.733805686235427856e-01 1.049835979938507080e-01
1.638283729553222656e-01 1.018683016300201416e-01
1.582991927862167358e-01 1.000136509537696838e-01
1.311486959457397461e-01 9.032800048589706421e-02
1.258179694414138794e-01 8.830500394105911255e-02
1.209351494908332825e-01 8.641364425420761108e-02
1.037414297461509705e-01 7.943233102560043335e-02
8.604215085506439209e-02 7.161539793014526367e-02
8.074760437011718750e-02 6.911973655223846436e-02
7.656580209732055664e-02 6.708609312772750854e-02
4.816409945487976074e-02 5.103252083063125610e-02
4.650545865297317505e-02 4.990217089653015137e-02
3.345544263720512390e-02 3.927144408226013184e-02
3.092964924871921539e-02 3.657111898064613342e-02
2.822944708168506622e-02 3.315678238868713379e-02
2.537038363516330719e-02 2.827733382582664490e-02
2.339623682200908661e-02 2.049294114112854004e-02
2.362393029034137726e-02 1.692533865571022034e-02
2.688001841306686401e-02 9.124859236180782318e-03
2.808740921318531036e-02 7.510407827794551849e-03
2.946785464882850647e-02 5.940131377428770065e-03
3.034627623856067657e-02 5.052934400737285614e-03
3.141951933503150940e-02 4.062430467456579208e-03
3.243581205606460571e-02 3.204355714842677116e-03
3.628923371434211731e-02 4.983799299225211143e-04
3.776978701353073120e-02 -3.545833751559257507e-04
4.353087767958641052e-02 -2.897062338888645172e-03
4.851876571774482727e-02 -4.253126215189695358e-03
5.301698297262191772e-02 -4.921752959489822388e-03
5.836691707372665405e-02 -5.190967582166194916e-03
6.027315929532051086e-02 -5.183873232454061508e-03
6.193682178854942322e-02 -5.144054070115089417e-03
7.053608447313308716e-02 -4.602180328220129013e-03
7.484316825866699219e-02 -4.206039477139711380e-03
7.692705839872360229e-02 -3.998566884547472000e-03
8.609038591384887695e-02 -3.022769000381231308e-03
9.249401837587356567e-02 -2.315601101145148277e-03
1.069592908024787903e-01 -7.264578598551452160e-04
1.122333109378814697e-01 -1.598269009264186025e-04
1.298672556877136230e-01 1.668042968958616257e-03
1.514387130737304688e-01 3.761318977922201157e-03
1.587586700916290283e-01 4.437678027898073196e-03
1.720174551010131836e-01 5.621853750199079514e-03
1.818414926528930664e-01 6.466874852776527405e-03
1.901411414146423340e-01 7.160296663641929626e-03
1.958590596914291382e-01 7.627497892826795578e-03
2.016353458166122437e-01 8.090985007584095001e-03
2.118362188339233398e-01 8.889255113899707794e-03
2.341259717941284180e-01 1.054754666984081268e-02
2.401091605424880981e-01 1.097339577972888947e-02
2.464039176702499390e-01 1.141291763633489609e-02
2.494062930345535278e-01 1.161951199173927307e-02
2.636069953441619873e-01 1.257059071213006973e-02
2.747629880905151367e-01 1.328814029693603516e-02
2.843673527240753174e-01 1.388547476381063461e-02
2.870078682899475098e-01 1.404644548892974854e-02
3.038829267024993896e-01 1.504224725067615509e-02
3.138960897922515869e-01 1.560658682137727737e-02
3.197311162948608398e-01 1.592642068862915039e-02
3.263355493545532227e-01 1.628045551478862762e-02
3.471092283725738525e-01 1.733905263245105743e-02
3.532022237777709961e-01 1.763374544680118561e-02
3.564260303974151611e-01 1.778676547110080719e-02
3.734098970890045166e-01 1.855962350964546204e-02
3.858806788921356201e-01 1.909123361110687256e-02
3.967463672161102295e-01 1.952928677201271057e-02
4.114942550659179688e-01 2.008575387299060822e-02
4.170658588409423828e-01 2.028435468673706055e-02
4.230756461620330811e-01 2.049129456281661987e-02
4.272006452083587646e-01 2.062891237437725067e-02
4.349694252014160156e-01 2.087819017469882965e-02
4.447412788867950439e-01 2.117301151156425476e-02
4.652066826820373535e-01 2.172052860260009766e-02
4.790922403335571289e-01 2.203578874468803406e-02
4.865421354770660400e-01 2.218543551862239838e-02
4.908342361450195312e-01 2.226532250642776489e-02
4.974193572998046875e-01 2.237874083220958710e-02
4.979249238967895508e-01 2.238698303699493408e-02
5.117339491844177246e-01 2.258625626564025879e-02
5.286624431610107422e-01 2.276078239083290100e-02
5.427864193916320801e-01 2.284615673124790192e-02
5.712903738021850586e-01 2.284941822290420532e-02
5.912198424339294434e-01 2.271902933716773987e-02
6.031684875488281250e-01 2.259038947522640228e-02
6.091598868370056152e-01 2.251217328011989594e-02
6.181991696357727051e-01 2.237739041447639465e-02
6.232862472534179688e-01 2.229291945695877075e-02
6.253306269645690918e-01 2.225726656615734100e-02
6.418579816818237305e-01 2.193459123373031616e-02
6.679440736770629883e-01 2.131090685725212097e-02
6.779095530509948730e-01 2.103982865810394287e-02
6.857616305351257324e-01 2.081486210227012634e-02
7.091611623764038086e-01 2.009183354675769806e-02
7.133113741874694824e-01 1.995628885924816132e-02
7.325723767280578613e-01 1.930314116179943085e-02
7.456349134445190430e-01 1.884104497730731964e-02
7.580996155738830566e-01 1.838883385062217712e-02
7.665408253669738770e-01 1.807766407728195190e-02
7.827302217483520508e-01 1.747306436300277710e-02
7.960636615753173828e-01 1.697088032960891724e-02
8.278813958168029785e-01 1.577924005687236786e-02
8.325796127319335938e-01 1.560650020837783813e-02
8.565072417259216309e-01 1.475385017693042755e-02
8.655898571014404297e-01 1.444698590785264969e-02
8.794190287590026855e-01 1.400572061538696289e-02
8.846575617790222168e-01 1.384878810495138168e-02
8.920426368713378906e-01 1.363933179527521133e-02
8.989292979240417480e-01 1.345861516892910004e-02
9.105064868927001953e-01 1.319471839815378189e-02
9.193633794784545898e-01 1.303664315491914749e-02
9.340170025825500488e-01 1.289761811494827271e-02
9.436952471733093262e-01 1.293549221009016037e-02
9.605504870414733887e-01 1.352757029235363007e-02
9.640613794326782227e-01 1.382486801594495773e-02
9.648178815841674805e-01 1.390303019434213638e-02
9.654018282890319824e-01 1.396737154573202133e-02
