9.686977863311767578e-01 2.054358273744583130e-02
9.685598611831665039e-01 2.073151245713233948e-02
9.676625728607177734e-01 2.172497659921646118e-02
9.642999172210693359e-01 2.459600009024143219e-02
9.601830244064331055e-01 2.766420133411884308e-02
9.547580480575561523e-01 3.145752102136611938e-02
9.496605396270751953e-01 3.488625213503837585e-02
9.463273286819458008e-01 3.707911446690559387e-02
9.418784379959106445e-01 3.995712846517562866e-02
9.360713958740234375e-01 4.364060238003730774e-02
9.264718890190124512e-01 4.956890642642974854e-02
9.233220815658569336e-01 5.147353187203407288e-02
9.132192134857177734e-01 5.745338276028633118e-02
9.097509384155273438e-01 5.946155264973640442e-02
9.051590561866760254e-01 6.208595633506774902e-02
9.010115265846252441e-01 6.442250311374664307e-02
8.884060382843017578e-01 7.132897526025772095e-02
8.832924962043762207e-01 7.404693216085433960e-02
8.772233724594116211e-01 7.721015810966491699e-02
8.731600046157836914e-01 7.929002493619918823e-02
8.588183522224426270e-01 8.638743311166763306e-02
8.457389473915100098e-01 9.252966195344924927e-02
8.332134485244750977e-01 9.811712801456451416e-02
8.269004225730895996e-01 1.008246168494224548e-01
8.156882524490356445e-01 1.054549589753150940e-01
8.067590594291687012e-01 1.089805811643600464e-01
7.827392816543579102e-01 1.177633777260780334e-01
7.778178453445434570e-01 1.194390282034873962e-01
7.604525089263916016e-01 1.250231117010116577e-01
7.552249431610107422e-01 1.266056746244430542e-01
7.464337348937988281e-01 1.291665434837341309e-01
7.351875901222229004e-01 1.322619616985321045e-01
7.246889472007751465e-01 1.349730342626571655e-01
7.156507968902587891e-01 1.371723264455795288e-01
7.050226330757141113e-01 1.396029293537139893e-01
6.926937103271484375e-01 1.422177106142044067e-01
6.837090849876403809e-01 1.439886242151260376e-01
6.753686666488647461e-01 1.455335766077041626e-01
6.648700237274169922e-01 1.473463773727416992e-01
6.591691374778747559e-01 1.482704728841781616e-01
6.406170129776000977e-01 1.509931981563568115e-01
6.306833028793334961e-01 1.522775739431381226e-01
6.112219095230102539e-01 1.544574052095413208e-01
5.962298512458801270e-01 1.558442264795303345e-01
5.855535268783569336e-01 1.566822081804275513e-01
5.760101675987243652e-01 1.573287397623062134e-01
5.544595122337341309e-01 1.584433466196060181e-01
5.431727170944213867e-01 1.588413715362548828e-01
5.285504460334777832e-01 1.591727584600448608e-01
5.106650590896606445e-01 1.593021005392074585e-01
5.034602880477905273e-01 1.592700630426406860e-01
4.971959590911865234e-01 1.592035293579101562e-01
4.813182651996612549e-01 1.588755249977111816e-01
4.695687592029571533e-01 1.584875434637069702e-01
4.553903639316558838e-01 1.578569114208221436e-01
4.473040699958801270e-01 1.574184149503707886e-01
4.319337010383605957e-01 1.564283519983291626e-01
4.205712974071502686e-01 1.555651724338531494e-01
4.082774221897125244e-01 1.545060276985168457e-01
3.993352055549621582e-01 1.536540240049362183e-01
3.880819976329803467e-01 1.524840891361236572e-01
3.719346225261688232e-01 1.506144851446151733e-01
3.628822267055511475e-01 1.494674831628799438e-01
3.490317761898040771e-01 1.475738883018493652e-01
3.304387629032135010e-01 1.447648555040359497e-01
3.173234462738037109e-01 1.425959914922714233e-01
3.090400993824005127e-01 1.411446779966354370e-01
2.766959369182586670e-01 1.348522752523422241e-01
2.732942700386047363e-01 1.341305971145629883e-01
2.678409814834594727e-01 1.329490244388580322e-01
2.596575915813446045e-01 1.311178207397460938e-01
2.325053215026855469e-01 1.245187297463417053e-01
2.200725674629211426e-01 1.212108880281448364e-01
1.988896131515502930e-01 1.151192262768745422e-01
1.894481480121612549e-01 1.122034788131713867e-01
1.642477810382843018e-01 1.037359237670898438e-01
1.621647477149963379e-01 1.029871106147766113e-01
1.532046049833297729e-01 9.967207908630371094e-02
1.431097388267517090e-01 9.574173390865325928e-02
1.314332932233810425e-01 9.090913087129592896e-02
1.226211711764335632e-01 8.703379333019256592e-02
1.113531589508056641e-01 8.175193518400192261e-02
1.040782257914543152e-01 7.812058180570602417e-02
8.816954493522644043e-02 6.945123523473739624e-02
8.117821067571640015e-02 6.526011973619461060e-02
7.872088253498077393e-02 6.372119486331939697e-02
6.952270865440368652e-02 5.760711431503295898e-02
6.667956709861755371e-02 5.558848381042480469e-02
5.799527466297149658e-02 4.895643144845962524e-02
5.339115858078002930e-02 4.509388655424118042e-02
4.575214534997940063e-02 3.796847164630889893e-02
4.246954992413520813e-02 3.454412892460823059e-02
3.144786506891250610e-02 2.020017430186271667e-02
2.971290796995162964e-02 1.720133796334266663e-02
2.750623784959316254e-02 1.270559523254632950e-02
2.605162560939788818e-02 8.943914435803890228e-03
2.518383413553237915e-02 5.969062913209199905e-03
2.459114417433738708e-02 2.911461517214775085e-03
2.438018471002578735e-02 6.357183447107672691e-04
2.441315352916717529e-02 -1.775029930286109447e-03
2.479325234889984131e-02 -4.302662797272205353e-03
2.657831273972988129e-02 -8.675117976963520050e-03
2.785252220928668976e-02 -1.044898573309183121e-02
3.232045099139213562e-02 -1.437903940677642822e-02
3.699848055839538574e-02 -1.697361469268798828e-02
4.210807010531425476e-02 -1.903097331523895264e-02
4.606677219271659851e-02 -2.029615640640258789e-02
5.112363770604133606e-02 -2.163167856633663177e-02
5.942218378186225891e-02 -2.334814518690109253e-02
6.716268509626388550e-02 -2.457324601709842682e-02
7.357326894998550415e-02 -2.538388967514038086e-02
8.725289255380630493e-02 -2.664720453321933746e-02
9.455066919326782227e-02 -2.711453288793563843e-02
1.059385314583778381e-01 -2.761511132121086121e-02
1.100543439388275146e-01 -2.773636579513549805e-02
1.281987428665161133e-01 -2.795526012778282166e-02
1.479330211877822876e-01 -2.771374210715293884e-02
1.557016968727111816e-01 -2.750681154429912567e-02
1.621991097927093506e-01 -2.729166299104690552e-02
1.732056140899658203e-01 -2.684798650443553925e-02
1.863380670547485352e-01 -2.620286121964454651e-02
1.922632753849029541e-01 -2.587503567337989807e-02
2.058714628219604492e-01 -2.504575438797473907e-02
2.155417352914810181e-01 -2.439850009977817535e-02
2.307613939046859741e-01 -2.329566515982151031e-02
2.385262399911880493e-01 -2.269807830452919006e-02
2.510744035243988037e-01 -2.168914861977100372e-02
2.549590170383453369e-01 -2.136698924005031586e-02
2.662204205989837646e-01 -2.040981128811836243e-02
2.781389951705932617e-01 -1.936330646276473999e-02
2.834398150444030762e-01 -1.888820342719554901e-02
2.889764308929443359e-01 -1.838628202676773071e-02
3.081374466419219971e-01 -1.661106571555137634e-02
3.157599568367004395e-01 -1.589123345911502838e-02
3.334724605083465576e-01 -1.419657282531261444e-02
3.430930078029632568e-01 -1.326660066843032837e-02
3.647185564041137695e-01 -1.116292644292116165e-02
3.684754371643066406e-01 -1.079665310680866241e-02
3.828336298465728760e-01 -9.397673420608043671e-03
3.908164799213409424e-01 -8.621772751212120056e-03
4.071250855922698975e-01 -7.044959813356399536e-03
4.194769263267517090e-01 -5.861463025212287903e-03
4.258683621883392334e-01 -5.253722425550222397e-03
4.342932701110839844e-01 -4.458265379071235657e-03
4.463983476161956787e-01 -3.328105900436639786e-03
4.543097615242004395e-01 -2.598575083538889885e-03
4.679180979728698730e-01 -1.362582319416105747e-03
4.818221628665924072e-01 -1.269934873562306166e-04
5.018150806427001953e-01 1.595520414412021637e-03
5.169164538383483887e-01 2.850016811862587929e-03
5.381969213485717773e-01 4.543587565422058105e-03
5.437687635421752930e-01 4.971906077116727829e-03
5.500733852386474609e-01 5.448756273835897446e-03
5.607758164405822754e-01 6.238865200430154800e-03
5.836963057518005371e-01 7.846941240131855011e-03
5.995191931724548340e-01 8.888772688806056976e-03
6.106655001640319824e-01 9.588820859789848328e-03
6.229715943336486816e-01 1.032918412238359451e-02
6.474769115447998047e-01 1.170249469578266144e-02
6.665544509887695312e-01 1.268009655177593231e-02
6.785514354705810547e-01 1.325477939099073410e-02
6.902281045913696289e-01 1.378502417355775833e-02
6.983510255813598633e-01 1.413725595921278000e-02
7.124187350273132324e-01 1.471558492630720139e-02
7.319393754005432129e-01 1.545306015759706497e-02
7.429918050765991211e-01 1.583789288997650146e-02
7.541680335998535156e-01 1.620344445109367371e-02
7.653210163116455078e-01 1.654492132365703583e-02
7.781058549880981445e-01 1.690802723169326782e-02
7.883553504943847656e-01 1.717744208872318268e-02
8.034657835960388184e-01 1.753957383334636688e-02
8.083049058914184570e-01 1.764670759439468384e-02
8.162999749183654785e-01 1.781428232789039612e-02
8.228169679641723633e-01 1.794213056564331055e-02
8.329358100891113281e-01 1.812491193413734436e-02
8.429120779037475586e-01 1.828610338270664215e-02
8.647041320800781250e-01 1.857012324035167694e-02
8.735085129737854004e-01 1.865705847740173340e-02
8.866019845008850098e-01 1.875452324748039246e-02
8.910269141197204590e-01 1.877835951745510101e-02
8.980447053909301758e-01 1.880611479282379150e-02
9.064195752143859863e-01 1.882208511233329773e-02
9.144533276557922363e-01 1.881828717887401581e-02
9.212463498115539551e-01 1.879891194403171539e-02
9.326000213623046875e-01 1.872830465435981750e-02
9.396420121192932129e-01 1.865585148334503174e-02
9.528720378875732422e-01 1.843886822462081909e-02
9.583052992820739746e-01 1.830593124032020569e-02
9.658940434455871582e-01 1.804571226239204407e-02
9.676036834716796875e-01 1.796793192625045776e-02
9.693978428840637207e-01 1.787432655692100525e-02
9.701194763183593750e-01 1.783235557377338409e-02
