9.663942456245422363e-01 1.902462355792522430e-02
9.662343859672546387e-01 1.919154077768325806e-02
9.656690359115600586e-01 1.971668377518653870e-02
9.624638557434082031e-01 2.204881422221660614e-02
9.568669795989990234e-01 2.540663443505764008e-02
9.518535137176513672e-01 2.814249135553836823e-02
9.420424699783325195e-01 3.312922641634941101e-02
9.377174973487854004e-01 3.522216528654098511e-02
9.288158416748046875e-01 3.937719389796257019e-02
9.228969812393188477e-01 4.204220324754714966e-02
9.148456454277038574e-01 4.555816203355789185e-02
9.122290015220642090e-01 4.667567834258079529e-02
9.068766832351684570e-01 4.892523214221000671e-02
9.019172191619873047e-01 5.096803978085517883e-02
8.931341767311096191e-01 5.449220910668373108e-02
8.909188508987426758e-01 5.536283925175666809e-02
8.797547221183776855e-01 5.964392051100730896e-02
8.669046163558959961e-01 6.435998529195785522e-02
8.607750535011291504e-01 6.653308868408203125e-02
8.467128872871398926e-01 7.133902609348297119e-02
8.219165802001953125e-01 7.922969013452529907e-02
8.131220340728759766e-01 8.185615390539169312e-02
7.984299063682556152e-01 8.605027198791503906e-02
7.935585379600524902e-01 8.738834410905838013e-02
7.787807583808898926e-01 9.129174798727035522e-02
7.660575509071350098e-01 9.446840733289718628e-02
7.389597892761230469e-01 1.006890311837196350e-01
7.325655221939086914e-01 1.020525246858596802e-01
7.221078872680664062e-01 1.041995286941528320e-01
7.072364687919616699e-01 1.070805862545967102e-01
6.893243789672851562e-01 1.102928444743156433e-01
6.769310235977172852e-01 1.123580411076545715e-01
6.636522412300109863e-01 1.144345775246620178e-01
6.481783390045166016e-01 1.166850477457046509e-01
6.368429660797119141e-01 1.182236075401306152e-01
6.304344534873962402e-01 1.190539970993995667e-01
6.130144596099853516e-01 1.211736425757408142e-01
5.973774194717407227e-01 1.229139193892478943e-01
5.881373882293701172e-01 1.238740757107734680e-01
5.740163326263427734e-01 1.252481490373611450e-01
5.669365525245666504e-01 1.258963197469711304e-01
5.501993298530578613e-01 1.273247599601745605e-01
5.350376963615417480e-01 1.284975707530975342e-01
5.178947448730468750e-01 1.296901851892471313e-01
4.969253838062286377e-01 1.309615075588226318e-01
4.941040575504302979e-01 1.311169415712356567e-01
4.815673530101776123e-01 1.317626982927322388e-01
4.749841988086700439e-01 1.320722401142120361e-01
4.621295332908630371e-01 1.326172053813934326e-01
4.495348930358886719e-01 1.330730915069580078e-01
4.388189315795898438e-01 1.333982795476913452e-01
4.339215457439422607e-01 1.335271447896957397e-01
4.252147376537322998e-01 1.337248235940933228e-01
4.101594090461730957e-01 1.339681446552276611e-01
4.037527740001678467e-01 1.340323388576507568e-01
4.006775021553039551e-01 1.340545117855072021e-01
3.800761401653289795e-01 1.340521275997161865e-01
3.697904050350189209e-01 1.339475661516189575e-01
3.614230751991271973e-01 1.338087022304534912e-01
3.438396751880645752e-01 1.333506703376770020e-01
3.272184133529663086e-01 1.326969563961029053e-01
3.206251263618469238e-01 1.323745250701904297e-01
3.107052147388458252e-01 1.318185776472091675e-01
2.964371442794799805e-01 1.308629512786865234e-01
2.905026078224182129e-01 1.304089426994323730e-01
2.606070339679718018e-01 1.275803446769714355e-01
2.492674738168716431e-01 1.262552887201309204e-01
2.319601774215698242e-01 1.239435747265815735e-01
2.187802046537399292e-01 1.219343766570091248e-01
2.074573040008544922e-01 1.200258955359458923e-01
2.041114270687103271e-01 1.194282993674278259e-01
1.863761693239212036e-01 1.159902364015579224e-01
1.780622750520706177e-01 1.142136305570602417e-01
1.723302006721496582e-01 1.129236593842506409e-01
1.614954918622970581e-01 1.103324070572853088e-01
1.468708962202072144e-01 1.064928993582725525e-01
1.413349360227584839e-01 1.049282103776931763e-01
1.327320784330368042e-01 1.023642718791961670e-01
1.203287765383720398e-01 9.835584461688995361e-02
1.138371750712394714e-01 9.609383344650268555e-02
1.052872315049171448e-01 9.291917085647583008e-02
9.711898118257522583e-02 8.965083211660385132e-02
8.783838897943496704e-02 8.560904115438461304e-02
8.062213659286499023e-02 8.217768371105194092e-02
7.028172910213470459e-02 7.670568674802780151e-02
6.503350287675857544e-02 7.361304759979248047e-02
5.526193231344223022e-02 6.707832217216491699e-02
5.079250410199165344e-02 6.363496184349060059e-02
4.780023917555809021e-02 6.111177429556846619e-02
4.323426261544227600e-02 5.681607872247695923e-02
3.663147240877151489e-02 4.911809414625167847e-02
3.157271817326545715e-02 4.067264869809150696e-02
3.002815879881381989e-02 3.693646565079689026e-02
2.848605811595916748e-02 3.132477402687072754e-02
2.799407579004764557e-02 2.200407348573207855e-02
2.912069298326969147e-02 1.599170640110969543e-02
3.067623637616634369e-02 1.175933517515659332e-02
3.214768320322036743e-02 8.878917433321475983e-03
3.418846055865287781e-02 5.750183947384357452e-03
3.628123924136161804e-02 3.173648612573742867e-03
4.022255167365074158e-02 -6.010143551975488663e-04
4.262180253863334656e-02 -2.418610500171780586e-03
4.682427644729614258e-02 -4.973449278622865677e-03
5.667972937226295471e-02 -8.757452480494976044e-03
6.422673910856246948e-02 -1.020647957921028137e-02
7.214824855327606201e-02 -1.080085337162017822e-02
7.617305964231491089e-02 -1.082937885075807571e-02
7.926200330257415771e-02 -1.075193565338850021e-02
9.648562222719192505e-02 -9.236707352101802826e-03
1.039836257696151733e-01 -8.225877769291400909e-03
1.119145229458808899e-01 -7.042864337563514709e-03
1.238963454961776733e-01 -5.146190524101257324e-03
1.318844258785247803e-01 -3.857062431052327156e-03
1.406626701354980469e-01 -2.445522928610444069e-03
1.533926427364349365e-01 -4.368345835246145725e-04
1.572050899267196655e-01 1.526180567452684045e-04
1.669654250144958496e-01 1.632409170269966125e-03
1.799875199794769287e-01 3.537870710715651512e-03
1.948572993278503418e-01 5.616809707134962082e-03
2.069573849439620972e-01 7.234920747578144073e-03
2.194596678018569946e-01 8.841282688081264496e-03
2.244326770305633545e-01 9.462629444897174835e-03
2.269085496664047241e-01 9.768371470272541046e-03
2.394395321607589722e-01 1.128028705716133118e-02
2.628017067909240723e-01 1.395139470696449280e-02
2.705583870410919189e-01 1.479897834360599518e-02
2.842459380626678467e-01 1.625053212046623230e-02
2.981803119182586670e-01 1.767382584512233734e-02
3.139213621616363525e-01 1.922016032040119171e-02
3.268735408782958984e-01 2.044685743749141693e-02
3.341670632362365723e-01 2.112047187983989716e-02
3.364280164241790771e-01 2.132687717676162720e-02
3.481848239898681641e-01 2.238221094012260437e-02
3.544638156890869141e-01 2.293390780687332153e-02
3.628860116004943848e-01 2.366136014461517334e-02
3.676922023296356201e-01 2.407020889222621918e-02
3.812054693698883057e-01 2.519624680280685425e-02
4.006548523902893066e-01 2.675895206630229950e-02
4.087715446949005127e-01 2.739186584949493408e-02
4.145874977111816406e-01 2.783866412937641144e-02
4.303106665611267090e-01 2.901919558644294739e-02
4.376722276210784912e-01 2.955846674740314484e-02
4.447762370109558105e-01 3.007085248827934265e-02
4.481937289237976074e-01 3.031454980373382568e-02
4.689853489398956299e-01 3.175783529877662659e-02
4.832738935947418213e-01 3.270961716771125793e-02
4.925306737422943115e-01 3.330789133906364441e-02
5.105632543563842773e-01 3.442867472767829895e-02
5.234888195991516113e-01 3.519211336970329285e-02
5.274872183799743652e-01 3.542086109519004822e-02
5.375012159347534180e-01 3.597714006900787354e-02
5.468756556510925293e-01 3.647475317120552063e-02
5.516821146011352539e-01 3.672054782509803772e-02
5.541233420372009277e-01 3.684282302856445312e-02
5.877495408058166504e-01 3.832889720797538757e-02
5.935744047164916992e-01 3.854399919509887695e-02
6.027368307113647461e-01 3.885372355580329895e-02
6.107869148254394531e-01 3.909536823630332947e-02
6.267653107643127441e-01 3.948451951146125793e-02
6.304485797882080078e-01 3.955625370144844055e-02
6.503908634185791016e-01 3.982003778219223022e-02
6.610621809959411621e-01 3.987076878547668457e-02
6.874526143074035645e-01 3.970878571271896362e-02
6.908434033393859863e-01 3.965733572840690613e-02
7.189015150070190430e-01 3.895460814237594604e-02
7.246661186218261719e-01 3.874806314706802368e-02
7.362982034683227539e-01 3.826579824090003967e-02
7.440195083618164062e-01 3.789699077606201172e-02
7.508872747421264648e-01 3.753609210252761841e-02
7.587946057319641113e-01 3.708206489682197571e-02
7.742186784744262695e-01 3.607697412371635437e-02
7.810229659080505371e-01 3.558303415775299072e-02
7.929065823554992676e-01 3.464548662304878235e-02
7.985068559646606445e-01 3.417041152715682983e-02
8.139281868934631348e-01 3.275086730718612671e-02
8.185995817184448242e-01 3.228829801082611084e-02
8.328105807304382324e-01 3.078644350171089172e-02
8.378431200981140137e-01 3.021998889744281769e-02
8.635742664337158203e-01 2.703214436769485474e-02
8.757280111312866211e-01 2.535069733858108521e-02
8.950507044792175293e-01 2.243179082870483398e-02
8.998987078666687012e-01 2.165015041828155518e-02
9.089294672012329102e-01 2.013944834470748901e-02
9.133601784706115723e-01 1.937174424529075623e-02
9.294148087501525879e-01 1.644193008542060852e-02
9.334657192230224609e-01 1.566673442721366882e-02
9.434610605239868164e-01 1.370005868375301361e-02
9.537264108657836914e-01 1.163664925843477249e-02
9.628505110740661621e-01 9.886908344924449921e-03
9.670977592468261719e-01 9.197112172842025757e-03
9.676991701126098633e-01 9.112420491874217987e-03
9.685633182525634766e-01 8.998246863484382629e-03
