9.617738127708435059e-01 2.340255863964557648e-02
9.616354703903198242e-01 2.349037677049636841e-02
9.607098698616027832e-01 2.403807640075683594e-02
9.564226269721984863e-01 2.614834159612655640e-02
9.516865015029907227e-01 2.813986875116825104e-02
9.461748003959655762e-01 3.024365380406379700e-02
9.363847970962524414e-01 3.364827483892440796e-02
9.318408966064453125e-01 3.512709960341453552e-02
9.233206510543823242e-01 3.776928409934043884e-02
9.184771180152893066e-01 3.920659050345420837e-02
9.054375886917114258e-01 4.288258031010627747e-02
8.996202945709228516e-01 4.444272443652153015e-02
8.934602737426757812e-01 4.604712501168251038e-02
8.828650116920471191e-01 4.870089516043663025e-02
8.697258830070495605e-01 5.182261765003204346e-02
8.626148700714111328e-01 5.344003811478614807e-02
8.503772020339965820e-01 5.611307919025421143e-02
8.370984196662902832e-01 5.886436626315116882e-02
8.235344886779785156e-01 6.152349710464477539e-02
8.180948495864868164e-01 6.254868209362030029e-02
8.097794651985168457e-01 6.407158821821212769e-02
7.944968938827514648e-01 6.673473119735717773e-02
7.747617959976196289e-01 6.992283463478088379e-02
7.652462124824523926e-01 7.136209309101104736e-02
7.509403228759765625e-01 7.340929657220840454e-02
7.413955330848693848e-01 7.469876855611801147e-02
7.277185320854187012e-01 7.644206285476684570e-02
7.201837301254272461e-01 7.735072821378707886e-02
7.047118544578552246e-01 7.910366356372833252e-02
6.913396120071411133e-01 8.049871772527694702e-02
6.702980995178222656e-01 8.247512578964233398e-02
6.522592902183532715e-01 8.396337181329727173e-02
6.435137391090393066e-01 8.461869508028030396e-02
6.305932402610778809e-01 8.551010489463806152e-02
6.161445975303649902e-01 8.640155941247940063e-02
6.074254512786865234e-01 8.688738197088241577e-02
5.880092978477478027e-01 8.783349394798278809e-02
5.742527246475219727e-01 8.839471638202667236e-02
5.584905743598937988e-01 8.893129974603652954e-02
5.353304147720336914e-01 8.952237665653228760e-02
5.255640149116516113e-01 8.970359712839126587e-02
5.078628659248352051e-01 8.993199467658996582e-02
4.952876567840576172e-01 9.001688659191131592e-02
4.867473244667053223e-01 9.003800153732299805e-02
4.656450748443603516e-01 8.996303379535675049e-02
4.593135714530944824e-01 8.990481495857238770e-02
4.415727257728576660e-01 8.965162187814712524e-02
4.359740018844604492e-01 8.954358845949172974e-02
4.258614480495452881e-01 8.931332081556320190e-02
4.096443653106689453e-01 8.884672820568084717e-02
3.964736461639404297e-01 8.837582916021347046e-02
3.866305649280548096e-01 8.796769380569458008e-02
3.759278655052185059e-01 8.746712654829025269e-02
3.602455556392669678e-01 8.662201464176177979e-02
3.531740307807922363e-01 8.619571477174758911e-02
3.472207188606262207e-01 8.581422269344329834e-02
3.362726569175720215e-01 8.505714684724807739e-02
3.300815820693969727e-01 8.459621667861938477e-02
3.179405629634857178e-01 8.362101018428802490e-02
3.061335086822509766e-01 8.257855474948883057e-02
2.966915667057037354e-01 8.167532831430435181e-02
2.920534312725067139e-01 8.120826631784439087e-02
2.733828723430633545e-01 7.916585355997085571e-02
2.664693295955657959e-01 7.834115624427795410e-02
2.506650388240814209e-01 7.630974054336547852e-02
2.406213432550430298e-01 7.490874826908111572e-02
2.361403554677963257e-01 7.425506412982940674e-02
2.328480780124664307e-01 7.376325875520706177e-02
2.097902745008468628e-01 7.003452628850936890e-02
2.048403322696685791e-01 6.916645169258117676e-02
1.919504404067993164e-01 6.678735464811325073e-02
1.840046495199203491e-01 6.523219496011734009e-02
1.758137196302413940e-01 6.355512887239456177e-02
1.686605662107467651e-01 6.202675774693489075e-02
1.547882705926895142e-01 5.888422206044197083e-02
1.360665857791900635e-01 5.423786118626594543e-02
1.318180561065673828e-01 5.311280116438865662e-02
1.263464093208312988e-01 5.162221193313598633e-02
1.172924265265464783e-01 4.904641211032867432e-02
1.117506250739097595e-01 4.739757254719734192e-02
1.001029983162879944e-01 4.373268783092498779e-02
9.357794374227523804e-02 4.154695570468902588e-02
8.442290872335433960e-02 3.829189017415046692e-02
7.812728732824325562e-02 3.590441867709159851e-02
6.828658282756805420e-02 3.186906501650810242e-02
6.254107505083084106e-02 2.929598279297351837e-02
5.596269667148590088e-02 2.608367241919040680e-02
5.129497498273849487e-02 2.357045933604240417e-02
4.728538170456886292e-02 2.119088731706142426e-02
3.932213410735130310e-02 1.533871795982122421e-02
3.653721138834953308e-02 1.241438183933496475e-02
3.430159389972686768e-02 7.360964547842741013e-03
3.445809707045555115e-02 6.024674512445926666e-03
3.532955422997474670e-02 4.300050903111696243e-03
3.668429702520370483e-02 2.970654983073472977e-03
3.746808692812919617e-02 2.424260135740041733e-03
3.987105563282966614e-02 1.200453960336744785e-03
4.186088591814041138e-02 4.763202159665524960e-04
4.519350454211235046e-02 -4.158264200668781996e-04
4.583875462412834167e-02 -5.561474245041608810e-04
4.991526156663894653e-02 -1.274768728762865067e-03
5.212286859750747681e-02 -1.570797408930957317e-03
5.440210923552513123e-02 -1.825143815949559212e-03
6.491796672344207764e-02 -2.540783258154988289e-03
7.172847539186477661e-02 -2.744430443271994591e-03
8.275274932384490967e-02 -2.816570922732353210e-03
9.297551959753036499e-02 -2.688593696802854538e-03
1.061920672655105591e-01 -2.322352724149823189e-03
1.160456836223602295e-01 -1.928349258378148079e-03
1.272803843021392822e-01 -1.368126482702791691e-03
1.436732709407806396e-01 -3.576486487872898579e-04
1.565417200326919556e-01 5.825852276757359505e-04
1.672332137823104858e-01 1.453815610148012638e-03
1.831596344709396362e-01 2.889478811994194984e-03
1.930909603834152222e-01 3.860411932691931725e-03
2.003243416547775269e-01 4.600747488439083099e-03
2.113872319459915161e-01 5.782307125627994537e-03
2.249193340539932251e-01 7.299902383238077164e-03
2.333615720272064209e-01 8.281992748379707336e-03
2.417274564504623413e-01 9.278600104153156281e-03
2.597105801105499268e-01 1.148694939911365509e-02
2.712494134902954102e-01 1.294187642633914948e-02
2.805252969264984131e-01 1.412761863321065903e-02
2.897761762142181396e-01 1.532098371535539627e-02
3.078238070011138916e-01 1.766847260296344757e-02
3.170943558216094971e-01 1.887851208448410034e-02
3.311874270439147949e-01 2.071544714272022247e-02
3.401614725589752197e-01 2.187979593873023987e-02
3.527766466140747070e-01 2.350440248847007751e-02
3.632264733314514160e-01 2.483550272881984711e-02
3.707872033119201660e-01 2.578832209110260010e-02
3.757778704166412354e-01 2.641186863183975220e-02
3.825189173221588135e-01 2.724662795662879944e-02
3.907263576984405518e-01 2.825035527348518372e-02
4.038815200328826904e-01 2.982692234218120575e-02
4.088573157787322998e-01 3.041197545826435089e-02
4.210247397422790527e-01 3.181422874331474304e-02
4.327462017536163330e-01 3.312408924102783203e-02
4.425470232963562012e-01 3.418611362576484680e-02
4.519955813884735107e-01 3.517963364720344543e-02
4.575440585613250732e-01 3.574858605861663818e-02
4.718874096870422363e-01 3.716769814491271973e-02
4.838519692420959473e-01 3.829212859272956848e-02
4.906443953514099121e-01 3.890566155314445496e-02
5.041907429695129395e-01 4.007419571280479431e-02
5.186840295791625977e-01 4.124176502227783203e-02
5.272727608680725098e-01 4.189291968941688538e-02
5.324267745018005371e-01 4.226906597614288330e-02
5.451688766479492188e-01 4.315225780010223389e-02
5.569850802421569824e-01 4.391226917505264282e-02
5.619755983352661133e-01 4.421642795205116272e-02
5.686869621276855469e-01 4.460993409156799316e-02
5.775846242904663086e-01 4.510442167520523071e-02
5.871556401252746582e-01 4.560218378901481628e-02
5.991576313972473145e-01 4.617701843380928040e-02
6.138454079627990723e-01 4.680617526173591614e-02
6.203563809394836426e-01 4.705877229571342468e-02
6.306793689727783203e-01 4.742564260959625244e-02
6.451373100280761719e-01 4.786830767989158630e-02
6.511316895484924316e-01 4.802673682570457458e-02
6.570569276809692383e-01 4.816841706633567810e-02
6.641936898231506348e-01 4.831895232200622559e-02
6.748937964439392090e-01 4.850229248404502869e-02
6.811388134956359863e-01 4.858516156673431396e-02
6.927691698074340820e-01 4.869059845805168152e-02
7.015825510025024414e-01 4.872701689600944519e-02
7.199164032936096191e-01 4.867854714393615723e-02
7.411437034606933594e-01 4.840502142906188965e-02
7.488399744033813477e-01 4.824633151292800903e-02
7.641705274581909180e-01 4.783299565315246582e-02
7.872153520584106445e-01 4.695986211299896240e-02
7.923493981361389160e-01 4.672266170382499695e-02
8.020727634429931641e-01 4.622926563024520874e-02
8.078507184982299805e-01 4.590805992484092712e-02
8.159669637680053711e-01 4.542058706283569336e-02
8.230689764022827148e-01 4.495824873447418213e-02
8.387562036514282227e-01 4.381284117698669434e-02
8.503684997558593750e-01 4.284772276878356934e-02
8.685772418975830078e-01 4.111202806234359741e-02
8.795426487922668457e-01 3.992003574967384338e-02
8.926063776016235352e-01 3.833329305052757263e-02
8.975439667701721191e-01 3.768024221062660217e-02
9.083551764488220215e-01 3.613216429948806763e-02
9.143924713134765625e-01 3.518712893128395081e-02
9.295115470886230469e-01 3.249835968017578125e-02
9.337627887725830078e-01 3.163749352097511292e-02
9.435610175132751465e-01 2.940652891993522644e-02
9.500686526298522949e-01 2.766071446239948273e-02
9.567911028861999512e-01 2.550198324024677277e-02
9.631152749061584473e-01 2.288863621652126312e-02
9.640448689460754395e-01 2.242688089609146118e-02
9.650187492370605469e-01 2.191337756812572479e-02
