9.626327157020568848e-01 2.674447931349277496e-02
9.624204039573669434e-01 2.694131806492805481e-02
9.612670540809631348e-01 2.789788506925106049e-02
9.571517109870910645e-01 3.072995878756046295e-02
9.420745372772216797e-01 3.918022662401199341e-02
9.296444654464721680e-01 4.529428109526634216e-02
9.152516722679138184e-01 5.182787030935287476e-02
9.124388694763183594e-01 5.304972454905509949e-02
9.051544666290283203e-01 5.613997206091880798e-02
8.982525467872619629e-01 5.897599458694458008e-02
8.817942738533020020e-01 6.541274487972259521e-02
8.766946792602539062e-01 6.732063740491867065e-02
8.629493713378906250e-01 7.227443158626556396e-02
8.512547016143798828e-01 7.628357410430908203e-02
8.389669060707092285e-01 8.030324429273605347e-02
8.273361921310424805e-01 8.393377810716629028e-02
8.183250427246093750e-01 8.663398772478103638e-02
8.052874803543090820e-01 9.037184715270996094e-02
7.857703566551208496e-01 9.560604393482208252e-02
7.801814079284667969e-01 9.702718257904052734e-02
7.614866495132446289e-01 1.015364155173301697e-01
7.491396069526672363e-01 1.043122708797454834e-01
7.280824780464172363e-01 1.086856871843338013e-01
7.181968688964843750e-01 1.105856448411941528e-01
7.027782797813415527e-01 1.133583337068557739e-01
6.937230229377746582e-01 1.148803681135177612e-01
6.845554709434509277e-01 1.163426637649536133e-01
6.785049438476562500e-01 1.172649711370468140e-01
6.577767133712768555e-01 1.201721280813217163e-01
6.427661180496215820e-01 1.220392808318138123e-01
6.301612854003906250e-01 1.234570741653442383e-01
6.139070987701416016e-01 1.250883936882019043e-01
6.015704274177551270e-01 1.261821240186691284e-01
5.938166379928588867e-01 1.268071085214614868e-01
5.861422419548034668e-01 1.273789852857589722e-01
5.784798860549926758e-01 1.279042214155197144e-01
5.702826976776123047e-01 1.284161061048507690e-01
5.579574704170227051e-01 1.290898472070693970e-01
5.448848009109497070e-01 1.296805292367935181e-01
5.410426855087280273e-01 1.298301666975021362e-01
5.310226678848266602e-01 1.301698237657546997e-01
5.241543650627136230e-01 1.303605586290359497e-01
5.115552544593811035e-01 1.306224614381790161e-01
5.013724565505981445e-01 1.307514905929565430e-01
4.879972338676452637e-01 1.308095902204513550e-01
4.774936735630035400e-01 1.307670325040817261e-01
4.684465825557708740e-01 1.306683421134948730e-01
4.598867297172546387e-01 1.305222660303115845e-01
4.528791904449462891e-01 1.303645074367523193e-01
4.416386187076568604e-01 1.300397515296936035e-01
4.281865954399108887e-01 1.295347064733505249e-01
4.197034239768981934e-01 1.291509270668029785e-01
4.092890024185180664e-01 1.286103576421737671e-01
3.935575485229492188e-01 1.276481598615646362e-01
3.895866274833679199e-01 1.273774504661560059e-01
3.771292865276336670e-01 1.264548599720001221e-01
3.707103133201599121e-01 1.259358525276184082e-01
3.606157004833221436e-01 1.250591874122619629e-01
3.476974368095397949e-01 1.238286420702934265e-01
3.404949903488159180e-01 1.230890899896621704e-01
3.306306898593902588e-01 1.220135465264320374e-01
3.164022862911224365e-01 1.203329488635063171e-01
3.037097156047821045e-01 1.187028959393501282e-01
2.937731146812438965e-01 1.173392161726951599e-01
2.758788764476776123e-01 1.146850660443305969e-01
2.644448578357696533e-01 1.128521710634231567e-01
2.572906315326690674e-01 1.116495728492736816e-01
2.521074712276458740e-01 1.107509732246398926e-01
2.478140890598297119e-01 1.099889725446701050e-01
2.348501086235046387e-01 1.075889989733695984e-01
2.273327857255935669e-01 1.061273366212844849e-01
2.173640429973602295e-01 1.041069403290748596e-01
2.083280086517333984e-01 1.021918430924415588e-01
1.865593940019607544e-01 9.723100066184997559e-02
1.750224977731704712e-01 9.438778460025787354e-02
1.622463464736938477e-01 9.104926884174346924e-02
1.573147773742675781e-01 8.970348536968231201e-02
1.442682594060897827e-01 8.597697317600250244e-02
1.354963481426239014e-01 8.332470804452896118e-02
1.288648694753646851e-01 8.123388141393661499e-02
1.189079061150550842e-01 7.794272899627685547e-02
1.075099259614944458e-01 7.392509281635284424e-02
9.845994412899017334e-02 7.051741331815719604e-02
9.021648019552230835e-02 6.722003221511840820e-02
8.072220534086227417e-02 6.315648555755615234e-02
7.445291429758071899e-02 6.029164418578147888e-02
6.848296523094177246e-02 5.740697681903839111e-02
6.014955788850784302e-02 5.307855084538459778e-02
4.643328115344047546e-02 4.494487494230270386e-02
3.962131217122077942e-02 4.024646058678627014e-02
3.151716664433479309e-02 3.376197069883346558e-02
2.678149566054344177e-02 2.927333675324916840e-02
2.283313497900962830e-02 2.486400306224822998e-02
2.025021426379680634e-02 2.142442204058170319e-02
1.756288111209869385e-02 1.692905090749263763e-02
1.609446480870246887e-02 1.356031186878681183e-02
1.525731757283210754e-02 1.074799057096242905e-02
1.475574541836977005e-02 7.147558964788913727e-03
1.493397168815135956e-02 3.833700437098741531e-03
1.539804041385650635e-02 1.774375443346798420e-03
1.737145893275737762e-02 -2.471748972311615944e-03
2.089258842170238495e-02 -6.565577816218137741e-03
2.396780624985694885e-02 -9.003520011901855469e-03
2.699995040893554688e-02 -1.090196985751390457e-02
3.401995450258255005e-02 -1.422005519270896912e-02
4.211527481675148010e-02 -1.697309687733650208e-02
4.657851904630661011e-02 -1.818032190203666687e-02
5.139598622918128967e-02 -1.930064335465431213e-02
6.274307519197463989e-02 -2.136563695967197418e-02
6.906873732805252075e-02 -2.224146574735641479e-02
7.396685332059860229e-02 -2.280885912477970123e-02
7.969017326831817627e-02 -2.336359582841396332e-02
8.798351883888244629e-02 -2.398391067981719971e-02
1.003114432096481323e-01 -2.455922402441501617e-02
1.169532090425491333e-01 -2.478706091642379761e-02
1.255713850259780884e-01 -2.469561435282230377e-02
1.371755599975585938e-01 -2.437950484454631805e-02
1.411825269460678101e-01 -2.422386221587657928e-02
1.474757045507431030e-01 -2.393544279038906097e-02
1.529617458581924438e-01 -2.364300191402435303e-02
1.696930378675460815e-01 -2.254158258438110352e-02
1.811269521713256836e-01 -2.163169719278812408e-02
1.863474845886230469e-01 -2.117963880300521851e-02
1.940608769655227661e-01 -2.047405950725078583e-02
2.149928808212280273e-01 -1.836449094116687775e-02
2.237004488706588745e-01 -1.741623692214488983e-02
2.429820299148559570e-01 -1.519849151372909546e-02
2.489900887012481689e-01 -1.447908207774162292e-02
2.568508982658386230e-01 -1.352036278694868088e-02
2.642808258533477783e-01 -1.259762980043888092e-02
2.715083360671997070e-01 -1.168606523424386978e-02
2.839383482933044434e-01 -1.008961256593465805e-02
2.914312481880187988e-01 -9.111572988331317902e-03
2.984068691730499268e-01 -8.191501721739768982e-03
3.158393204212188721e-01 -5.856275092810392380e-03
3.254115581512451172e-01 -4.554481245577335358e-03
3.366924524307250977e-01 -3.004402620717883110e-03
3.394024968147277832e-01 -2.629601862281560898e-03
3.494170308113098145e-01 -1.236966112628579140e-03
3.624980449676513672e-01 5.994169041514396667e-04
3.774427771568298340e-01 2.719772746786475182e-03
3.838945627212524414e-01 3.642083378508687019e-03
3.951035141944885254e-01 5.253782961517572403e-03
4.048123955726623535e-01 6.658785510808229446e-03
4.152447879314422607e-01 8.176989853382110596e-03
4.196561872959136963e-01 8.821384981274604797e-03
4.254623651504516602e-01 9.671479463577270508e-03
4.343828260898590088e-01 1.098139025270938873e-02
4.493120014667510986e-01 1.318134367465972900e-02
4.723043441772460938e-01 1.657455414533615112e-02
4.799146652221679688e-01 1.769442483782768250e-02
4.871188700199127197e-01 1.875087246298789978e-02
5.032151937484741211e-01 2.109088376164436340e-02
5.106595754623413086e-01 2.215968817472457886e-02
5.240931510925292969e-01 2.405863068997859955e-02
5.316193103790283203e-01 2.510191872715950012e-02
5.424469113349914551e-01 2.657124213874340057e-02
5.499740839004516602e-01 2.756741829216480255e-02
5.683378577232360840e-01 2.989465557038784027e-02
5.812945365905761719e-01 3.143465518951416016e-02
5.918353199958801270e-01 3.261663764715194702e-02
6.165632009506225586e-01 3.510984778404235840e-02
6.250973343849182129e-01 3.587184846401214600e-02
6.305587291717529297e-01 3.633154183626174927e-02
6.539326310157775879e-01 3.804376348853111267e-02
6.610349416732788086e-01 3.848006203770637512e-02
6.716629862785339355e-01 3.905853256583213806e-02
6.860905289649963379e-01 3.970013931393623352e-02
7.031256556510925293e-01 4.024434089660644531e-02
7.223635911941528320e-01 4.058278352022171021e-02
7.410622835159301758e-01 4.063471779227256775e-02
7.517619132995605469e-01 4.054346308112144470e-02
7.679111957550048828e-01 4.024161770939826965e-02
7.873721122741699219e-01 3.961987420916557312e-02
7.994609475135803223e-01 3.909391909837722778e-02
8.068114519119262695e-01 3.872239589691162109e-02
8.132560849189758301e-01 3.836469724774360657e-02
8.237217068672180176e-01 3.772057220339775085e-02
8.410394191741943359e-01 3.648385033011436462e-02
8.563401103019714355e-01 3.521495312452316284e-02
8.664112687110900879e-01 3.428978472948074341e-02
8.716234564781188965e-01 3.378292173147201538e-02
8.840441107749938965e-01 3.249802067875862122e-02
8.992009162902832031e-01 3.078284114599227905e-02
9.143839478492736816e-01 2.890296280384063721e-02
9.213399887084960938e-01 2.798825316131114960e-02
9.365372061729431152e-01 2.587736025452613831e-02
9.437133669853210449e-01 2.483037672936916351e-02
9.539029002189636230e-01 2.329385466873645782e-02
9.616197943687438965e-01 2.207938767969608307e-02
9.645192027091979980e-01 2.159111574292182922e-02
9.657432436943054199e-01 2.137108892202377319e-02
