9.551436901092529297e-01 -4.691556096076965332e-03
9.542735219001770020e-01 -4.719465970993041992e-03
9.496929049491882324e-01 -4.835479427129030228e-03
9.334430098533630371e-01 -5.011857021600008011e-03
9.082910418510437012e-01 -4.954801872372627258e-03
8.979498147964477539e-01 -4.867001902312040329e-03
8.720268011093139648e-01 -4.533278290182352066e-03
8.639243245124816895e-01 -4.400145262479782104e-03
8.554762601852416992e-01 -4.247816745191812515e-03
8.438143730163574219e-01 -4.015295766294002533e-03
8.341295123100280762e-01 -3.802638966590166092e-03
8.232491612434387207e-01 -3.542281920090317726e-03
8.124620318412780762e-01 -3.261146135628223419e-03
7.989082336425781250e-01 -2.874063793569803238e-03
7.864070534706115723e-01 -2.481858944520354271e-03
7.756594419479370117e-01 -2.116107847541570663e-03
7.673865556716918945e-01 -1.815669820643961430e-03
7.557179331779479980e-01 -1.362490933388471603e-03
7.390324473381042480e-01 -6.512325489893555641e-04
7.348931431770324707e-01 -4.626934824045747519e-04
7.198196649551391602e-01 2.664246130734682083e-04
7.069730162620544434e-01 9.424563613720238209e-04
6.880256533622741699e-01 2.035046229138970375e-03
6.849356293678283691e-01 2.224239753559231758e-03
6.756014823913574219e-01 2.814672887325286865e-03
6.686874628067016602e-01 3.270355984568595886e-03
6.587956547737121582e-01 3.949277102947235107e-03
6.547307968139648438e-01 4.237401299178600311e-03
6.404646039009094238e-01 5.289748776704072952e-03
6.289724707603454590e-01 6.182561162859201431e-03
6.178998351097106934e-01 7.078789174556732178e-03
5.983534455299377441e-01 8.739885874092578888e-03
5.871708393096923828e-01 9.730670601129531860e-03
5.763335824012756348e-01 1.071515120565891266e-02
5.630965828895568848e-01 1.194538641721010208e-02
5.585436820983886719e-01 1.237456314265727997e-02
5.488963127136230469e-01 1.329257432371377945e-02
5.326578021049499512e-01 1.485831942409276962e-02
5.174342393875122070e-01 1.634083501994609833e-02
5.133979320526123047e-01 1.673505082726478577e-02
5.088534951210021973e-01 1.717906445264816284e-02
4.857663810253143311e-01 1.942921616137027740e-02
4.721740186214447021e-01 2.074120193719863892e-02
4.542026817798614502e-01 2.244943566620349884e-02
4.454950392246246338e-01 2.326296456158161163e-02
4.227359592914581299e-01 2.533378452062606812e-02
4.101870059967041016e-01 2.643533796072006226e-02
4.011172354221343994e-01 2.721128053963184357e-02
3.909155726432800293e-01 2.806216292083263397e-02
3.756735920906066895e-01 2.928719483315944672e-02
3.588430285453796387e-01 3.057089820504188538e-02
3.540111780166625977e-01 3.092534840106964111e-02
3.389914333820343018e-01 3.198542445898056030e-02
3.314337730407714844e-01 3.249431774020195007e-02
3.207508623600006104e-01 3.318496048450469971e-02
3.139282166957855225e-01 3.360817953944206238e-02
3.002973198890686035e-01 3.441140800714492798e-02
2.815809547901153564e-01 3.542102128267288208e-02
2.641236186027526855e-01 3.626408427953720093e-02
2.600921988487243652e-01 3.644510358572006226e-02
2.557188868522644043e-01 3.663561120629310608e-02
2.490042895078659058e-01 3.691620752215385437e-02
2.366806715726852417e-01 3.739324957132339478e-02
2.314465641975402832e-01 3.758077323436737061e-02
2.174503505229949951e-01 3.803688287734985352e-02
2.111697196960449219e-01 3.821952641010284424e-02
2.014510184526443481e-01 3.847406804561614990e-02
1.924950629472732544e-01 3.867706283926963806e-02
1.884321868419647217e-01 3.875870257616043091e-02
1.763662397861480713e-01 3.896024823188781738e-02
1.666911244392395020e-01 3.907424956560134888e-02
1.618899703025817871e-01 3.911371901631355286e-02
1.539679318666458130e-01 3.915202990174293518e-02
1.414349079132080078e-01 3.913726657629013062e-02
1.319939941167831421e-01 3.905696794390678406e-02
1.117198690772056580e-01 3.863922506570816040e-02
1.055736616253852844e-01 3.843339160084724426e-02
9.347306936979293823e-02 3.789563477039337158e-02
8.807323873043060303e-02 3.759064897894859314e-02
7.417441159486770630e-02 3.658194839954376221e-02
6.529229134321212769e-02 3.573440760374069214e-02
6.145697459578514099e-02 3.530986234545707703e-02
5.021613463759422302e-02 3.382244333624839783e-02
3.994790837168693542e-02 3.207421675324440002e-02
3.492458909749984741e-02 3.104864247143268585e-02
2.598463557660579681e-02 2.887227945029735565e-02
1.881496421992778778e-02 2.671378664672374725e-02
1.218744739890098572e-02 2.427810616791248322e-02
5.642688367515802383e-03 2.129463478922843933e-02
-3.557265736162662506e-03 1.547098532319068909e-02
-6.361382547765970230e-03 1.299733482301235199e-02
-8.593430742621421814e-03 1.054938696324825287e-02
-1.086129900068044662e-02 7.157486863434314728e-03
-1.209620572626590729e-02 4.163373727351427078e-03
-1.249686535447835922e-02 2.318178070709109306e-03
-1.260669715702533722e-02 2.430890162941068411e-04
-1.249061804264783859e-02 -1.006983569823205471e-03
-1.217057928442955017e-02 -2.471535233780741692e-03
-1.169018540531396866e-02 -3.820414887741208076e-03
-1.097942981868982315e-02 -5.240261554718017578e-03
-8.069287985563278198e-03 -8.892956189811229706e-03
-1.805108156986534595e-03 -1.344465464353561401e-02
9.478410356678068638e-04 -1.489740703254938126e-02
5.912871565669775009e-03 -1.708274520933628082e-02
1.434521097689867020e-02 -1.999901421368122101e-02
2.036088891327381134e-02 -2.168989181518554688e-02
2.924870140850543976e-02 -2.379466407001018524e-02
3.731954842805862427e-02 -2.540850639343261719e-02
5.064050108194351196e-02 -2.762497402727603912e-02
6.552407890558242798e-02 -2.961704693734645844e-02
8.265870809555053711e-02 -3.144670650362968445e-02
9.220007807016372681e-02 -3.229682147502899170e-02
1.016293615102767944e-01 -3.303878754377365112e-02
1.142666563391685486e-01 -3.390189632773399353e-02
1.237379536032676697e-01 -3.446391224861145020e-02
1.318533718585968018e-01 -3.489531576633453369e-02
1.502964496612548828e-01 -3.573040291666984558e-02
1.635222882032394409e-01 -3.622668236494064331e-02
1.728703975677490234e-01 -3.653545677661895752e-02
1.820970177650451660e-01 -3.681127727031707764e-02
1.944041103124618530e-01 -3.714123368263244629e-02
2.088103443384170532e-01 -3.748212754726409912e-02
2.173769623041152954e-01 -3.766586631536483765e-02
2.290629893541336060e-01 -3.789786621928215027e-02
2.380327582359313965e-01 -3.806364908814430237e-02
2.484814822673797607e-01 -3.824559226632118225e-02
2.582571208477020264e-01 -3.840671479701995850e-02
2.674584686756134033e-01 -3.855163976550102234e-02
2.795228362083435059e-01 -3.873339295387268066e-02
3.012919127941131592e-01 -3.904278948903083801e-02
3.049444854259490967e-01 -3.909278288483619690e-02
3.211120069026947021e-01 -3.930856660008430481e-02
3.311100602149963379e-01 -3.943793475627899170e-02
3.439383506774902344e-01 -3.959977254271507263e-02
3.552447259426116943e-01 -3.973868116736412048e-02
3.618027865886688232e-01 -3.981762751936912537e-02
3.696703016757965088e-01 -3.991071507334709167e-02
3.737539947032928467e-01 -3.995831310749053955e-02
3.886994719505310059e-01 -4.012805968523025513e-02
4.005762934684753418e-01 -4.025754332542419434e-02
4.189650416374206543e-01 -4.044704511761665344e-02
4.275420010089874268e-01 -4.053022712469100952e-02
4.382840394973754883e-01 -4.062905907630920410e-02
4.508042037487030029e-01 -4.073585942387580872e-02
4.623642563819885254e-01 -4.082534834742546082e-02
4.686900973320007324e-01 -4.087018966674804688e-02
4.794275164604187012e-01 -4.093892127275466919e-02
4.859805107116699219e-01 -4.097587615251541138e-02
4.917792081832885742e-01 -4.100519418716430664e-02
5.165580511093139648e-01 -4.108938947319984436e-02
5.234338045120239258e-01 -4.109937325119972229e-02
5.356681346893310547e-01 -4.110052064061164856e-02
5.451022386550903320e-01 -4.108546301722526550e-02
5.534061789512634277e-01 -4.105960577726364136e-02
5.678296089172363281e-01 -4.098363593220710754e-02
5.808261632919311523e-01 -4.087761417031288147e-02
5.909370779991149902e-01 -4.076773300766944885e-02
5.957026481628417969e-01 -4.070694372057914734e-02
6.025331616401672363e-01 -4.060919955372810364e-02
6.078178286552429199e-01 -4.052459448575973511e-02
6.225619316101074219e-01 -4.024424776434898376e-02
6.439335942268371582e-01 -3.971020877361297607e-02
6.636788249015808105e-01 -3.906531259417533875e-02
6.694257259368896484e-01 -3.884766250848770142e-02
6.936217546463012695e-01 -3.776954114437103271e-02
6.988466382026672363e-01 -3.750040754675865173e-02
7.083009481430053711e-01 -3.697869926691055298e-02
7.175678014755249023e-01 -3.642244637012481689e-02
7.422279119491577148e-01 -3.471340239048004150e-02
7.500762343406677246e-01 -3.409625962376594543e-02
7.585526704788208008e-01 -3.338824585080146790e-02
7.699301838874816895e-01 -3.236844018101692200e-02
7.791812419891357422e-01 -3.147905319929122925e-02
7.833523750305175781e-01 -3.106005862355232239e-02
7.884402871131896973e-01 -3.053361736238002777e-02
7.972388267517089844e-01 -2.958300150930881500e-02
8.018214702606201172e-01 -2.906750515103340149e-02
8.115874528884887695e-01 -2.792194485664367676e-02
8.276703357696533203e-01 -2.589530684053897858e-02
8.378279805183410645e-01 -2.452615462243556976e-02
8.510055541992187500e-01 -2.265074476599693298e-02
8.591699004173278809e-01 -2.143618836998939514e-02
8.700091838836669922e-01 -1.976937800645828247e-02
8.861203193664550781e-01 -1.721138879656791687e-02
8.914868831634521484e-01 -1.635175943374633789e-02
8.971576094627380371e-01 -1.544917374849319458e-02
9.108140468597412109e-01 -1.336223538964986801e-02
9.222180247306823730e-01 -1.184034533798694611e-02
9.339349865913391113e-01 -1.069245114922523499e-02
9.475290179252624512e-01 -1.014627330005168915e-02
9.548560380935668945e-01 -1.022068038582801819e-02
9.587306380271911621e-01 -1.034672558307647705e-02
