9.608844518661499023e-01 2.174098230898380280e-02
9.606845378875732422e-01 2.196241728961467743e-02
9.598305821418762207e-01 2.277595363557338715e-02
9.568492174148559570e-01 2.496319077908992767e-02
9.512192010879516602e-01 2.822572924196720123e-02
9.456756711006164551e-01 3.101294673979282379e-02
9.396580457687377930e-01 3.378789499402046204e-02
9.354874491691589355e-01 3.560559079051017761e-02
9.312111735343933105e-01 3.739940375089645386e-02
9.246989488601684570e-01 4.001880064606666565e-02
9.157842993736267090e-01 4.342354461550712585e-02
9.114180803298950195e-01 4.502610117197036743e-02
9.007157683372497559e-01 4.879773408174514771e-02
8.946117162704467773e-01 5.085919797420501709e-02
8.863138556480407715e-01 5.356711149215698242e-02
8.829311728477478027e-01 5.464161187410354614e-02
8.773680925369262695e-01 5.637348443269729614e-02
8.668825030326843262e-01 5.952436849474906921e-02
8.563989996910095215e-01 6.253474205732345581e-02
8.522456288337707520e-01 6.369057297706604004e-02
8.396682143211364746e-01 6.706858426332473755e-02
8.311082720756530762e-01 6.926631927490234375e-02
8.096240162849426270e-01 7.443883270025253296e-02
8.028813004493713379e-01 7.596483826637268066e-02
7.865183353424072266e-01 7.948244363069534302e-02
7.836191058158874512e-01 8.007889986038208008e-02
7.682718038558959961e-01 8.310572803020477295e-02
7.562911510467529297e-01 8.531951904296875000e-02
7.479081153869628906e-01 8.679312467575073242e-02
7.373011112213134766e-01 8.857083320617675781e-02
7.267127037048339844e-01 9.025111794471740723e-02
7.107291817665100098e-01 9.261497855186462402e-02
7.024483084678649902e-01 9.376058727502822876e-02
6.920542716979980469e-01 9.512472152709960938e-02
6.850082278251647949e-01 9.600391238927841187e-02
6.739525794982910156e-01 9.731152653694152832e-02
6.621817350387573242e-01 9.861020743846893311e-02
6.526736617088317871e-01 9.959134459495544434e-02
6.273574233055114746e-01 1.019224748015403748e-01
6.142736673355102539e-01 1.029749885201454163e-01
6.078422069549560547e-01 1.034560874104499817e-01
5.954988598823547363e-01 1.043142750859260559e-01
5.817137360572814941e-01 1.051740869879722595e-01
5.768972635269165039e-01 1.054504737257957458e-01
5.700420141220092773e-01 1.058227419853210449e-01
5.630413293838500977e-01 1.061774566769599915e-01
5.336748361587524414e-01 1.073889806866645813e-01
5.298347473144531250e-01 1.075145080685615540e-01
5.171931982040405273e-01 1.078737303614616394e-01
5.064765810966491699e-01 1.081128567457199097e-01
4.942077696323394775e-01 1.083118468523025513e-01
4.912312328815460205e-01 1.083479002118110657e-01
4.774659574031829834e-01 1.084515899419784546e-01
4.637274444103240967e-01 1.084492579102516174e-01
4.501809179782867432e-01 1.083400323987007141e-01
4.410678446292877197e-01 1.082048639655113220e-01
4.240435659885406494e-01 1.078144535422325134e-01
4.107138216495513916e-01 1.073784679174423218e-01
4.034113287925720215e-01 1.070892363786697388e-01
3.929062187671661377e-01 1.066085919737815857e-01
3.802872896194458008e-01 1.059272885322570801e-01
3.692328929901123047e-01 1.052338480949401855e-01
3.499781787395477295e-01 1.038007214665412903e-01
3.446572422981262207e-01 1.033522859215736389e-01
3.378695249557495117e-01 1.027462109923362732e-01
3.239457309246063232e-01 1.013802662491798401e-01
3.106496036052703857e-01 9.991631656885147095e-02
3.066756129264831543e-01 9.944751858711242676e-02
2.953102588653564453e-01 9.802492707967758179e-02
2.853612601757049561e-01 9.667746722698211670e-02
2.769028246402740479e-01 9.545453637838363647e-02
2.513338327407836914e-01 9.130512923002243042e-02
2.415100336074829102e-01 8.952164649963378906e-02
2.334264069795608521e-01 8.797166496515274048e-02
2.197014093399047852e-01 8.516382426023483276e-02
2.049155980348587036e-01 8.188113570213317871e-02
1.862028539180755615e-01 7.732332497835159302e-02
1.802027374505996704e-01 7.576223462820053101e-02
1.713359802961349487e-01 7.336319983005523682e-02
1.585971415042877197e-01 6.971735507249832153e-02
1.492062956094741821e-01 6.687290966510772705e-02
1.412168443202972412e-01 6.434331834316253662e-02
1.319482773542404175e-01 6.127649545669555664e-02
1.245691627264022827e-01 5.872811749577522278e-02
1.178124770522117615e-01 5.630709975957870483e-02
1.102997660636901855e-01 5.351076275110244751e-02
8.774293214082717896e-02 4.435740038752555847e-02
7.488090544939041138e-02 3.850213065743446350e-02
6.929825991392135620e-02 3.576886281371116638e-02
6.258998811244964600e-02 3.228700160980224609e-02
5.058160051703453064e-02 2.529197372496128082e-02
4.347016662359237671e-02 2.038684114813804626e-02
3.920331224799156189e-02 1.693098992109298706e-02
3.604337573051452637e-02 1.391295343637466431e-02
3.359708189964294434e-02 1.105843205004930496e-02
3.160933777689933777e-02 7.950725033879280090e-03
3.034810163080692291e-02 4.458240233361721039e-03
3.018890507519245148e-02 3.273704089224338531e-03
3.022878058254718781e-02 1.601158524863421917e-03
3.059688396751880646e-02 -1.629539110581390560e-05
3.367161750793457031e-02 -4.398239310830831528e-03
3.524097055196762085e-02 -5.614927504211664200e-03
3.770294040441513062e-02 -7.072849664837121964e-03
4.033821076154708862e-02 -8.269143290817737579e-03
4.524698853492736816e-02 -9.905907325446605682e-03
5.639662966132164001e-02 -1.209049578756093979e-02
6.256801635026931763e-02 -1.277094427496194839e-02
7.268203049898147583e-02 -1.338560320436954498e-02
8.622871339321136475e-02 -1.354084536433219910e-02
9.743726253509521484e-02 -1.326608378440141678e-02
1.129998341202735901e-01 -1.245421357452869415e-02
1.265256851911544800e-01 -1.144685596227645874e-02
1.372209936380386353e-01 -1.050032116472721100e-02
1.508182287216186523e-01 -9.150472469627857208e-03
1.555489301681518555e-01 -8.649934083223342896e-03
1.707842200994491577e-01 -6.955442950129508972e-03
1.819299012422561646e-01 -5.656316876411437988e-03
1.947272270917892456e-01 -4.125892650336027145e-03
2.008023858070373535e-01 -3.390659810975193977e-03
2.092575281858444214e-01 -2.363124163821339607e-03
2.203507274389266968e-01 -1.014955691061913967e-03
2.304666340351104736e-01 2.068364847218617797e-04
2.380670607089996338e-01 1.115890918299555779e-03
2.489734590053558350e-01 2.401570556685328484e-03
2.572437226772308350e-01 3.358259564265608788e-03
2.659375369548797607e-01 4.344000481069087982e-03
2.833084762096405029e-01 6.242964416742324829e-03
2.903643548488616943e-01 6.984519772231578827e-03
3.009850978851318359e-01 8.065570145845413208e-03
3.074060678482055664e-01 8.697800338268280029e-03
3.210850954055786133e-01 9.988693520426750183e-03
3.331741094589233398e-01 1.106419693678617477e-02
3.440232574939727783e-01 1.197599712759256363e-02
3.624289035797119141e-01 1.340609509497880936e-02
3.712977766990661621e-01 1.404276862740516663e-02
3.806224167346954346e-01 1.467578113079071045e-02
3.856532871723175049e-01 1.500199083238840103e-02
3.921528160572052002e-01 1.540776249021291733e-02
4.000310897827148438e-01 1.587628386914730072e-02
4.139915108680725098e-01 1.664544641971588135e-02
4.213194251060485840e-01 1.701900549232959747e-02
4.358699023723602295e-01 1.770227029919624329e-02
4.434447288513183594e-01 1.802870817482471466e-02
4.587902426719665527e-01 1.863314583897590637e-02
4.691649973392486572e-01 1.900198869407176971e-02
4.725701212882995605e-01 1.911660283803939819e-02
4.795126914978027344e-01 1.934100314974784851e-02
4.871538281440734863e-01 1.957449130713939667e-02
5.000032186508178711e-01 1.993836276233196259e-02
5.067727565765380859e-01 2.011712454259395599e-02
5.187525749206542969e-01 2.041471377015113831e-02
5.262192487716674805e-01 2.058965153992176056e-02
5.371944904327392578e-01 2.083460986614227295e-02
5.542752742767333984e-01 2.119319513440132141e-02
5.714992284774780273e-01 2.153523638844490051e-02
5.766533613204956055e-01 2.163491584360599518e-02
5.909506082534790039e-01 2.190675772726535797e-02
6.035715341567993164e-01 2.214220166206359863e-02
6.134306192398071289e-01 2.232355624437332153e-02
6.255725026130676270e-01 2.254365570843219757e-02
6.463524699211120605e-01 2.290976420044898987e-02
6.593618392944335938e-01 2.312961779534816742e-02
6.804522275924682617e-01 2.346414700150489807e-02
6.929429173469543457e-01 2.364577539265155792e-02
7.068109512329101562e-01 2.382958494126796722e-02
7.119792699813842773e-01 2.389265969395637512e-02
7.242004275321960449e-01 2.402874268591403961e-02
7.339047789573669434e-01 2.412258274853229523e-02
7.456881403923034668e-01 2.421793155372142792e-02
7.615545392036437988e-01 2.431092970073223114e-02
7.732651829719543457e-01 2.435104548931121826e-02
7.924095988273620605e-01 2.435891143977642059e-02
8.042416572570800781e-01 2.432465180754661560e-02
8.092121481895446777e-01 2.430066093802452087e-02
8.239051103591918945e-01 2.419418469071388245e-02
8.386337161064147949e-01 2.402977272868156433e-02
8.477240800857543945e-01 2.389664947986602783e-02
8.550971150398254395e-01 2.376938611268997192e-02
8.661326169967651367e-01 2.354386076331138611e-02
8.759477734565734863e-01 2.330447174608707428e-02
8.923047780990600586e-01 2.281167358160018921e-02
9.011362195014953613e-01 2.248825877904891968e-02
9.169579744338989258e-01 2.178118005394935608e-02
9.249233007431030273e-01 2.134613692760467529e-02
9.287401437759399414e-01 2.111362852156162262e-02
9.325192570686340332e-01 2.086521685123443604e-02
9.417166113853454590e-01 2.016505599021911621e-02
9.522048234939575195e-01 1.911427639424800873e-02
9.584209918975830078e-01 1.825790107250213623e-02
9.619510173797607422e-01 1.762609183788299561e-02
9.627648591995239258e-01 1.745791174471378326e-02
9.643958806991577148e-01 1.708772778511047363e-02
