9.599762558937072754e-01 2.539289183914661407e-02
9.597719311714172363e-01 2.556953392922878265e-02
9.578257203102111816e-01 2.702826261520385742e-02
9.550355672836303711e-01 2.878061681985855103e-02
9.381925463676452637e-01 3.695626556873321533e-02
9.321638345718383789e-01 3.944209963083267212e-02
9.251714348793029785e-01 4.215765371918678284e-02
9.220312833786010742e-01 4.332789778709411621e-02
9.130213260650634766e-01 4.654340818524360657e-02
9.050902724266052246e-01 4.922154173254966736e-02
8.907771110534667969e-01 5.375305935740470886e-02
8.836097717285156250e-01 5.589488148689270020e-02
8.712924718856811523e-01 5.940094217658042908e-02
8.629320859909057617e-01 6.166528910398483276e-02
8.503517508506774902e-01 6.491190195083618164e-02
8.458384871482849121e-01 6.603233516216278076e-02
8.319259285926818848e-01 6.934835016727447510e-02
8.227020502090454102e-01 7.143773138523101807e-02
8.127427101135253906e-01 7.360151410102844238e-02
8.062282204627990723e-01 7.496690750122070312e-02
7.863332629203796387e-01 7.890500873327255249e-02
7.648415565490722656e-01 8.278921991586685181e-02
7.507595419883728027e-01 8.513870835304260254e-02
7.458984255790710449e-01 8.591534197330474854e-02
7.277358174324035645e-01 8.866619318723678589e-02
7.240437865257263184e-01 8.919703960418701172e-02
7.112759947776794434e-01 9.096112847328186035e-02
6.990113854408264160e-01 9.255379438400268555e-02
6.866892576217651367e-01 9.405640512704849243e-02
6.737821102142333984e-01 9.552861750125885010e-02
6.529193520545959473e-01 9.769514203071594238e-02
6.434733867645263672e-01 9.859170019626617432e-02
6.287565231323242188e-01 9.988583624362945557e-02
6.231370568275451660e-01 1.003473550081253052e-01
6.123489141464233398e-01 1.011830121278762817e-01
6.067659854888916016e-01 1.015894934535026550e-01
5.949233174324035645e-01 1.023930683732032776e-01
5.900509357452392578e-01 1.027004048228263855e-01
5.757722258567810059e-01 1.035220026969909668e-01
5.675215721130371094e-01 1.039423495531082153e-01
5.429896116256713867e-01 1.049495786428451538e-01
5.405001640319824219e-01 1.050309389829635620e-01
5.272405147552490234e-01 1.053973734378814697e-01
5.207970142364501953e-01 1.055339276790618896e-01
5.144656300544738770e-01 1.056410074234008789e-01
5.107545852661132812e-01 1.056910753250122070e-01
5.004261136054992676e-01 1.057803407311439514e-01
4.937554001808166504e-01 1.057980358600616455e-01
4.814130961894989014e-01 1.057459264993667603e-01
4.738048613071441650e-01 1.056578233838081360e-01
4.641187489032745361e-01 1.054825261235237122e-01
4.600280523300170898e-01 1.053869575262069702e-01
4.484597444534301758e-01 1.050463765859603882e-01
4.385401010513305664e-01 1.046705320477485657e-01
4.302474558353424072e-01 1.042961180210113525e-01
4.149734079837799072e-01 1.034612730145454407e-01
4.031073153018951416e-01 1.026816070079803467e-01
3.778128623962402344e-01 1.006342992186546326e-01
3.717285692691802979e-01 1.000635027885437012e-01
3.670328855514526367e-01 9.960222244262695312e-02
3.560215532779693604e-01 9.844990819692611694e-02
3.405277729034423828e-01 9.666186571121215820e-02
3.301678597927093506e-01 9.535852074623107910e-02
3.215541541576385498e-01 9.420982003211975098e-02
3.108225464820861816e-01 9.269686043262481689e-02
3.024526834487915039e-01 9.145455062389373779e-02
2.923181653022766113e-01 8.987804502248764038e-02
2.897792160511016846e-01 8.947078883647918701e-02
2.858488559722900391e-01 8.883073180913925171e-02
2.762344777584075928e-01 8.721604198217391968e-02
2.618413269519805908e-01 8.467032015323638916e-02
2.470227032899856567e-01 8.189132064580917358e-02
2.392542809247970581e-01 8.037140220403671265e-02
2.302755117416381836e-01 7.856135815382003784e-02
2.213166952133178711e-01 7.669883221387863159e-02
2.110927104949951172e-01 7.450498640537261963e-02
1.840208172798156738e-01 6.834752857685089111e-02
1.729058623313903809e-01 6.567321717739105225e-02
1.583855003118515015e-01 6.204986199736595154e-02
1.483951508998870850e-01 5.946998670697212219e-02
1.313337534666061401e-01 5.489391088485717773e-02
1.227791234850883484e-01 5.251475051045417786e-02
1.143411397933959961e-01 5.010914057493209839e-02
1.082114726305007935e-01 4.832299053668975830e-02
9.263919293880462646e-02 4.362633824348449707e-02
7.496626675128936768e-02 3.797752037644386292e-02
5.447234585881233215e-02 3.087643720209598541e-02
4.459688812494277954e-02 2.716663666069507599e-02
3.675953298807144165e-02 2.403833717107772827e-02
2.727027796208858490e-02 1.995235309004783630e-02
1.758377254009246826e-02 1.526772417128086090e-02
9.339509531855583191e-03 1.051778625696897507e-02
6.639579776674509048e-03 8.659141138195991516e-03
1.411225646734237671e-03 3.823007224127650261e-03
-5.340133066056296229e-05 1.020869472995400429e-03
-1.535865594632923603e-04 -7.863370701670646667e-04
8.253393752966076136e-05 -1.624198048375546932e-03
4.853941500186920166e-04 -2.393852686509490013e-03
1.517182565294206142e-03 -3.584962803870439529e-03
4.159476142376661301e-03 -5.333970766514539719e-03
7.440000772476196289e-03 -6.688389461487531662e-03
9.476417675614356995e-03 -7.325520738959312439e-03
1.413937751203775406e-02 -8.463079109787940979e-03
1.713833212852478027e-02 -9.041046723723411560e-03
2.634623274207115173e-02 -1.038255542516708374e-02
4.133064672350883484e-02 -1.181661430746316910e-02
4.713687300682067871e-02 -1.223206706345081329e-02
5.957669764757156372e-02 -1.295634731650352478e-02
6.825385242700576782e-02 -1.335780043154954910e-02
7.944405078887939453e-02 -1.377249229699373245e-02
8.545199036598205566e-02 -1.395126339048147202e-02
9.216112643480300903e-02 -1.411620527505874634e-02
1.027802899479866028e-01 -1.430394873023033142e-02
1.104817017912864685e-01 -1.438469439744949341e-02
1.205529570579528809e-01 -1.442137546837329865e-02
1.388541162014007568e-01 -1.429596170783042908e-02
1.470603197813034058e-01 -1.416412647813558578e-02
1.649214774370193481e-01 -1.373159978538751602e-02
1.736536622047424316e-01 -1.345469057559967041e-02
1.803206950426101685e-01 -1.321742869913578033e-02
1.888782978057861328e-01 -1.288282871246337891e-02
1.957477331161499023e-01 -1.259173639118671417e-02
2.044354379177093506e-01 -1.219748146831989288e-02
2.131204009056091309e-01 -1.177687942981719971e-02
2.226857841014862061e-01 -1.128612179309129715e-02
2.361360192298889160e-01 -1.055296324193477631e-02
2.519696354866027832e-01 -9.634129703044891357e-03
2.607558965682983398e-01 -9.101523086428642273e-03
2.721753418445587158e-01 -8.387682959437370300e-03
2.773627340793609619e-01 -8.055905811488628387e-03
2.919810414314270020e-01 -7.097402587532997131e-03
2.976846396923065186e-01 -6.714457646012306213e-03
3.092964887619018555e-01 -5.919939838349819183e-03
3.324863314628601074e-01 -4.275045823305845261e-03
3.415728807449340820e-01 -3.609418869018554688e-03
3.484353125095367432e-01 -3.098670393228530884e-03
3.593359291553497314e-01 -2.272784709930419922e-03
3.634592294692993164e-01 -1.955572282895445824e-03
3.754897415637969971e-01 -1.014408655464649200e-03
3.900312185287475586e-01 1.558462827233597636e-04
4.000355005264282227e-01 9.830287890508770943e-04
4.060665071010589600e-01 1.490843831561505795e-03
4.151922762393951416e-01 2.272892510518431664e-03
4.285196363925933838e-01 3.445851383730769157e-03
4.353132247924804688e-01 4.058454185724258423e-03
4.394782483577728271e-01 4.439070820808410645e-03
4.479836523532867432e-01 5.228528287261724472e-03
4.681959748268127441e-01 7.171537727117538452e-03
4.792197346687316895e-01 8.271291851997375488e-03
4.857822656631469727e-01 8.939173072576522827e-03
4.951969981193542480e-01 9.913934394717216492e-03
4.989045858383178711e-01 1.030296180397272110e-02
5.218145847320556641e-01 1.276448927819728851e-02
5.283896327018737793e-01 1.348638068884611130e-02
5.335580110549926758e-01 1.405749283730983734e-02
5.401718616485595703e-01 1.479205954819917679e-02
5.459968447685241699e-01 1.544154249131679535e-02
5.705881714820861816e-01 1.818576827645301819e-02
5.777598023414611816e-01 1.897866837680339813e-02
5.936465263366699219e-01 2.070545032620429993e-02
6.090556383132934570e-01 2.232165262103080750e-02
6.193652749061584473e-01 2.335943281650543213e-02
6.344746351242065430e-01 2.480232715606689453e-02
6.421027183532714844e-01 2.549060434103012085e-02
6.518342494964599609e-01 2.632537111639976501e-02
6.618378758430480957e-01 2.712927199900150299e-02
6.770596504211425781e-01 2.823963575065135956e-02
6.950794458389282227e-01 2.936668321490287781e-02
7.023199200630187988e-01 2.975984290242195129e-02
7.217173576354980469e-01 3.063918091356754303e-02
7.342032790184020996e-01 3.106874600052833557e-02
7.533817291259765625e-01 3.151721879839897156e-02
7.703639864921569824e-01 3.169867396354675293e-02
7.780993580818176270e-01 3.171371668577194214e-02
7.963033318519592285e-01 3.158093243837356567e-02
8.080122470855712891e-01 3.136967495083808899e-02
8.168506026268005371e-01 3.114415705204010010e-02
8.266410827636718750e-01 3.082715719938278198e-02
8.435624837875366211e-01 3.010927885770797729e-02
8.534288406372070312e-01 2.958852425217628479e-02
8.617864847183227539e-01 2.908648177981376648e-02
8.670153021812438965e-01 2.874316461384296417e-02
8.797039985656738281e-01 2.781286276876926422e-02
8.904954791069030762e-01 2.690767683088779449e-02
9.010733366012573242e-01 2.591083385050296783e-02
9.128382205963134766e-01 2.466217614710330963e-02
9.250541329383850098e-01 2.318808808922767639e-02
9.349159598350524902e-01 2.184137515723705292e-02
9.470791220664978027e-01 1.993102394044399261e-02
9.613969326019287109e-01 1.709797047078609467e-02
9.621062874794006348e-01 1.692811213433742523e-02
9.634108543395996094e-01 1.660357601940631866e-02
