9.593570232391357422e-01 2.479060925543308258e-02
9.591384530067443848e-01 2.512839250266551971e-02
9.579436779022216797e-01 2.670692838728427887e-02
9.523301720619201660e-01 3.199666365981101990e-02
9.418366551399230957e-01 3.921866789460182190e-02
9.358983039855957031e-01 4.267872497439384460e-02
9.278161525726318359e-01 4.695501178503036499e-02
9.239410161972045898e-01 4.886630922555923462e-02
9.174373745918273926e-01 5.190612748265266418e-02
9.106221795082092285e-01 5.489416047930717468e-02
8.959746360778808594e-01 6.074032559990882874e-02
8.899662494659423828e-01 6.293948739767074585e-02
8.807855248451232910e-01 6.610068678855895996e-02
8.746492862701416016e-01 6.808823347091674805e-02
8.606029152870178223e-01 7.228919863700866699e-02
8.563420176506042480e-01 7.347304373979568481e-02
8.454244732856750488e-01 7.632566988468170166e-02
8.380088806152343750e-01 7.812143117189407349e-02
8.320928215980529785e-01 7.947531342506408691e-02
8.249932527542114258e-01 8.101101219654083252e-02
8.098351955413818359e-01 8.397943526506423950e-02
8.027841448783874512e-01 8.522284030914306641e-02
7.795374989509582520e-01 8.874784409999847412e-02
7.733121514320373535e-01 8.955079317092895508e-02
7.582525610923767090e-01 9.126475453376770020e-02
7.468826174736022949e-01 9.235676378011703491e-02
7.334893941879272461e-01 9.343644231557846069e-02
7.234292030334472656e-01 9.411048144102096558e-02
7.099701166152954102e-01 9.484270215034484863e-02
6.986190676689147949e-01 9.532116353511810303e-02
6.764912605285644531e-01 9.592845290899276733e-02
6.689207553863525391e-01 9.604785591363906860e-02
6.574203372001647949e-01 9.615255147218704224e-02
6.521015763282775879e-01 9.617194533348083496e-02
6.403666734695434570e-01 9.615510702133178711e-02
6.319690942764282227e-01 9.609656780958175659e-02
6.175154447555541992e-01 9.591440856456756592e-02
6.064484119415283203e-01 9.571241587400436401e-02
5.980195999145507812e-01 9.552592784166336060e-02
5.891329646110534668e-01 9.530122578144073486e-02
5.762339830398559570e-01 9.492824226617813110e-02
5.698239207267761230e-01 9.472376108169555664e-02
5.590923428535461426e-01 9.435517340898513794e-02
5.521840453147888184e-01 9.410140663385391235e-02
5.405650734901428223e-01 9.364715218544006348e-02
5.339174270629882812e-01 9.337240457534790039e-02
5.120587348937988281e-01 9.239664673805236816e-02
5.001431703567504883e-01 9.181954711675643921e-02
4.879730939865112305e-01 9.119772911071777344e-02
4.775608777999877930e-01 9.063975512981414795e-02
4.650325179100036621e-01 8.993618935346603394e-02
4.605466723442077637e-01 8.967560529708862305e-02
4.493013322353363037e-01 8.900184184312820435e-02
4.381787478923797607e-01 8.830598741769790649e-02
4.295503199100494385e-01 8.774543553590774536e-02
4.235338568687438965e-01 8.734355121850967407e-02
4.098895490169525146e-01 8.639766275882720947e-02
3.932941854000091553e-01 8.518028259277343750e-02
3.819308876991271973e-01 8.430243283510208130e-02
3.715634047985076904e-01 8.346881717443466187e-02
3.619449436664581299e-01 8.266657590866088867e-02
3.523432016372680664e-01 8.183720707893371582e-02
3.417855501174926758e-01 8.089133352041244507e-02
3.250906765460968018e-01 7.932022958993911743e-02
3.174788951873779297e-01 7.857216894626617432e-02
3.027523159980773926e-01 7.706610113382339478e-02
2.922254800796508789e-01 7.594042271375656128e-02
2.833951115608215332e-01 7.496335357427597046e-02
2.678996622562408447e-01 7.317371666431427002e-02
2.541109621524810791e-01 7.149697840213775635e-02
2.460211962461471558e-01 7.047454267740249634e-02
2.300834804773330688e-01 6.837198883295059204e-02
2.201640307903289795e-01 6.700108945369720459e-02
2.088942974805831909e-01 6.538179516792297363e-02
1.981557160615921021e-01 6.377378106117248535e-02
1.913288682699203491e-01 6.271643191576004028e-02
1.826917231082916260e-01 6.133709475398063660e-02
1.692014336585998535e-01 5.908226221799850464e-02
1.607658416032791138e-01 5.760411545634269714e-02
1.490118801593780518e-01 5.544651299715042114e-02
1.398475617170333862e-01 5.367568880319595337e-02
1.258534044027328491e-01 5.079682543873786926e-02
1.192966401576995850e-01 4.936376586556434631e-02
1.112998723983764648e-01 4.753070697188377380e-02
9.577653557062149048e-02 4.364598542451858521e-02
9.009206295013427734e-02 4.208983853459358215e-02
7.584641128778457642e-02 3.776045888662338257e-02
6.571423262357711792e-02 3.416116535663604736e-02
5.664586648344993591e-02 3.036365099251270294e-02
5.055233836174011230e-02 2.732829190790653229e-02
4.224682226777076721e-02 2.200486324727535248e-02
3.811068832874298096e-02 1.819081418216228485e-02
3.702623024582862854e-02 1.686619967222213745e-02
3.459461033344268799e-02 1.179505325853824615e-02
3.470448032021522522e-02 7.954639382660388947e-03
3.542549908161163330e-02 6.140180397778749466e-03
3.773551434278488159e-02 3.156895050778985023e-03
3.898564726114273071e-02 2.075805794447660446e-03
4.115924611687660217e-02 5.842776736244559288e-04
4.306090623140335083e-02 -4.640467523131519556e-04
4.606974124908447266e-02 -1.807342283427715302e-03
5.219353362917900085e-02 -3.794119693338871002e-03
5.829038843512535095e-02 -5.160323809832334518e-03
6.370318681001663208e-02 -6.047463044524192810e-03
7.693492621183395386e-02 -7.434729021042585373e-03
9.159842878580093384e-02 -8.273673243820667267e-03
9.651417285203933716e-02 -8.470384404063224792e-03
1.060863509774208069e-01 -8.787391707301139832e-03
1.200997307896614075e-01 -9.162745438516139984e-03
1.296162009239196777e-01 -9.386388584971427917e-03
1.363731622695922852e-01 -9.535458870232105255e-03
1.423971056938171387e-01 -9.662466123700141907e-03
1.493893116712570190e-01 -9.802976623177528381e-03
1.593499034643173218e-01 -9.989321231842041016e-03
1.687068194150924683e-01 -1.014766283333301544e-02
1.753173023462295532e-01 -1.024858839809894562e-02
1.807060390710830688e-01 -1.032356545329093933e-02
1.874927729368209839e-01 -1.040809508413076401e-02
1.949919462203979492e-01 -1.048798765987157822e-02
2.007055580615997314e-01 -1.053891517221927643e-02
2.085473686456680298e-01 -1.059433817863464355e-02
2.160712927579879761e-01 -1.063140295445919037e-02
2.238539904356002808e-01 -1.065280381590127945e-02
2.292840778827667236e-01 -1.065742969512939453e-02
2.420485317707061768e-01 -1.063480041921138763e-02
2.477984875440597534e-01 -1.060925424098968506e-02
2.627416551113128662e-01 -1.049851533025503159e-02
2.733911871910095215e-01 -1.038092002272605896e-02
2.870648205280303955e-01 -1.018351223319768906e-02
2.943812310695648193e-01 -1.005672384053468704e-02
3.026609122753143311e-01 -9.895677678287029266e-03
3.080404400825500488e-01 -9.781121276319026947e-03
3.228566348552703857e-01 -9.425573050975799561e-03
3.291927576065063477e-01 -9.255708195269107819e-03
3.386698961257934570e-01 -8.981773629784584045e-03
3.447794616222381592e-01 -8.792581968009471893e-03
3.613891303539276123e-01 -8.228187449276447296e-03
3.688586056232452393e-01 -7.950364612042903900e-03
3.794722557067871094e-01 -7.529710419476032257e-03
3.890928328037261963e-01 -7.121820002794265747e-03
3.964699208736419678e-01 -6.791656836867332458e-03
4.045274853706359863e-01 -6.413538940250873566e-03
4.131278097629547119e-01 -5.989474244415760040e-03
4.175269901752471924e-01 -5.764261353760957718e-03
4.261607229709625244e-01 -5.305692553520202637e-03
4.310490489006042480e-01 -5.036196671426296234e-03
4.406859874725341797e-01 -4.483698867261409760e-03
4.562047719955444336e-01 -3.533725393936038017e-03
4.779849052429199219e-01 -2.072270726785063744e-03
4.850252270698547363e-01 -1.567490515299141407e-03
4.977400898933410645e-01 -6.159807671792805195e-04
5.039601325988769531e-01 -1.320600858889520168e-04
5.206253528594970703e-01 1.222254475578665733e-03
5.261288285255432129e-01 1.687185605987906456e-03
5.421480536460876465e-01 3.086429554969072342e-03
5.498025417327880859e-01 3.777034580707550049e-03
5.661653876304626465e-01 5.293222144246101379e-03
5.795424580574035645e-01 6.564271170645952225e-03
5.891576409339904785e-01 7.489585783332586288e-03
6.003272533416748047e-01 8.570974692702293396e-03
6.127668619155883789e-01 9.776107966899871826e-03
6.195203065872192383e-01 1.042768172919750214e-02
6.292858123779296875e-01 1.136288698762655258e-02
6.410709023475646973e-01 1.247510127723217010e-02
6.521740555763244629e-01 1.350050512701272964e-02
6.653957962989807129e-01 1.468519493937492371e-02
6.832007765769958496e-01 1.620339602231979370e-02
6.921259164810180664e-01 1.692564599215984344e-02
6.996287107467651367e-01 1.751052588224411011e-02
7.160214185714721680e-01 1.871161907911300659e-02
7.376533746719360352e-01 2.011907845735549927e-02
7.560098171234130859e-01 2.113860286772251129e-02
7.665856480598449707e-01 2.164726704359054565e-02
7.756720185279846191e-01 2.203578688204288483e-02
7.950152158737182617e-01 2.270499616861343384e-02
8.101624250411987305e-01 2.306910790503025055e-02
8.316048383712768555e-01 2.332170680165290833e-02
8.373048305511474609e-01 2.333289384841918945e-02
8.550825715065002441e-01 2.320184931159019470e-02
8.650908470153808594e-01 2.300796471536159515e-02
8.761046528816223145e-01 2.268297038972377777e-02
8.816359639167785645e-01 2.247159555554389954e-02
8.963525295257568359e-01 2.173218876123428345e-02
9.031676054000854492e-01 2.129123918712139130e-02
9.141295552253723145e-01 2.042636089026927948e-02
9.183262586593627930e-01 2.003682404756546021e-02
9.318282604217529297e-01 1.850905269384384155e-02
9.396064877510070801e-01 1.738460548222064972e-02
9.485172033309936523e-01 1.577722467482089996e-02
9.574685692787170410e-01 1.362432446330785751e-02
9.583650231361389160e-01 1.336440723389387131e-02
9.594603180885314941e-01 1.303237117826938629e-02
