9.681923985481262207e-01 1.959599182009696960e-02
9.679372906684875488e-01 1.992789283394813538e-02
9.668583273887634277e-01 2.108821831643581390e-02
9.641250371932983398e-01 2.347527071833610535e-02
9.590696692466735840e-01 2.729150652885437012e-02
9.552879333496093750e-01 2.994051761925220490e-02
9.480552673339843750e-01 3.474905714392662048e-02
9.462231397628784180e-01 3.592809289693832397e-02
9.411975741386413574e-01 3.909806162118911743e-02
9.366467595100402832e-01 4.189720377326011658e-02
9.252746701240539551e-01 4.864114150404930115e-02
9.227249622344970703e-01 5.010868608951568604e-02
9.133179783821105957e-01 5.539532378315925598e-02
9.090400934219360352e-01 5.773568525910377502e-02
8.993523120880126953e-01 6.289570033550262451e-02
8.954704999923706055e-01 6.491050124168395996e-02
8.872047662734985352e-01 6.910277158021926880e-02
8.799072504043579102e-01 7.269594073295593262e-02
8.727570176124572754e-01 7.612022757530212402e-02
8.672472834587097168e-01 7.869484275579452515e-02
8.504296541213989258e-01 8.621567487716674805e-02
8.399409055709838867e-01 9.065335243940353394e-02
8.304445743560791016e-01 9.450665116310119629e-02
8.246013522148132324e-01 9.680073708295822144e-02
8.113086819648742676e-01 1.018039956688880920e-01
8.050919175148010254e-01 1.040423288941383362e-01
7.792596817016601562e-01 1.126619949936866760e-01
7.707104682922363281e-01 1.152769774198532104e-01
7.594748139381408691e-01 1.185377761721611023e-01
7.491879463195800781e-01 1.213504672050476074e-01
7.337744832038879395e-01 1.252620667219161987e-01
7.238458395004272461e-01 1.275930702686309814e-01
7.131208777427673340e-01 1.299486905336380005e-01
7.071099281311035156e-01 1.311964392662048340e-01
6.951480507850646973e-01 1.335275024175643921e-01
6.872895359992980957e-01 1.349508613348007202e-01
6.715536117553710938e-01 1.375502347946166992e-01
6.597922444343566895e-01 1.392803192138671875e-01
6.455107927322387695e-01 1.411448270082473755e-01
6.365143060684204102e-01 1.421900987625122070e-01
6.130275130271911621e-01 1.444664597511291504e-01
6.083909273147583008e-01 1.448409408330917358e-01
5.902283787727355957e-01 1.460796743631362915e-01
5.761332511901855469e-01 1.467982828617095947e-01
5.673541426658630371e-01 1.471425145864486694e-01
5.627949833869934082e-01 1.472907513380050659e-01
5.445358753204345703e-01 1.476805657148361206e-01
5.306931138038635254e-01 1.477654576301574707e-01
5.172275900840759277e-01 1.476802378892898560e-01
5.052654743194580078e-01 1.474701315164566040e-01
4.962830841541290283e-01 1.472314298152923584e-01
4.929659962654113770e-01 1.471260786056518555e-01
4.797492921352386475e-01 1.466158330440521240e-01
4.656550288200378418e-01 1.459159404039382935e-01
4.527167379856109619e-01 1.451358646154403687e-01
4.468601942062377930e-01 1.447404474020004272e-01
4.219609797000885010e-01 1.427731961011886597e-01
4.007081389427185059e-01 1.407387703657150269e-01
3.967480063438415527e-01 1.403245627880096436e-01
3.828757703304290771e-01 1.387881040573120117e-01
3.686696887016296387e-01 1.370790749788284302e-01
3.548789322376251221e-01 1.352909654378890991e-01
3.472810089588165283e-01 1.342522352933883667e-01
3.281327486038208008e-01 1.314674764871597290e-01
3.172985017299652100e-01 1.297868341207504272e-01
3.031102120876312256e-01 1.274719536304473877e-01
2.848690450191497803e-01 1.243062391877174377e-01
2.616484165191650391e-01 1.199662610888481140e-01
2.531035840511322021e-01 1.182807013392448425e-01
2.422764003276824951e-01 1.160753890872001648e-01
2.383491247892379761e-01 1.152560189366340637e-01
2.148253470659255981e-01 1.101251989603042603e-01
2.036830633878707886e-01 1.075569540262222290e-01
1.948372423648834229e-01 1.054517552256584167e-01
1.871032416820526123e-01 1.035612747073173523e-01
1.782614439725875854e-01 1.013406962156295776e-01
1.682239174842834473e-01 9.873944520950317383e-02
1.519415080547332764e-01 9.432458877563476562e-02
1.305256336927413940e-01 8.810359239578247070e-02
1.102444827556610107e-01 8.169373124837875366e-02
1.002637594938278198e-01 7.831480354070663452e-02
9.248192608356475830e-02 7.555862516164779663e-02
8.568658679723739624e-02 7.305297255516052246e-02
7.813626527786254883e-02 7.014611363410949707e-02
6.778957694768905640e-02 6.591658294200897217e-02
5.568525567650794983e-02 6.051684170961380005e-02
3.824793174862861633e-02 5.149701982736587524e-02
3.390453010797500610e-02 4.891731217503547668e-02
2.607851661741733551e-02 4.375664517283439636e-02
2.245847508311271667e-02 4.106833413243293762e-02
1.498057227581739426e-02 3.454757854342460632e-02
1.159657444804906845e-02 3.089035861194133759e-02
7.181323133409023285e-03 2.465592697262763977e-02
4.449215717613697052e-03 1.822411268949508667e-02
3.683895571157336235e-03 1.129607390612363815e-02
4.209679551422595978e-03 7.872818969190120697e-03
5.373742897063493729e-03 4.513833671808242798e-03
6.582118570804595947e-03 2.214745851233601570e-03
8.256416767835617065e-03 -1.966529234778136015e-04
1.422871463000774384e-02 -5.843694787472486496e-03
1.652578264474868774e-02 -7.389256730675697327e-03
2.028676494956016541e-02 -9.484535083174705505e-03
2.469643764197826385e-02 -1.143866963684558868e-02
2.860664017498493195e-02 -1.283587329089641571e-02
3.414906188845634460e-02 -1.441222243010997772e-02
4.540184885263442993e-02 -1.660973206162452698e-02
5.410718917846679688e-02 -1.772209443151950836e-02
6.289861351251602173e-02 -1.854187063872814178e-02
7.692798972129821777e-02 -1.951214112341403961e-02
8.600098639726638794e-02 -2.003133110702037811e-02
9.068638086318969727e-02 -2.028309181332588196e-02
9.843456000089645386e-02 -2.068497240543365479e-02
1.082617267966270447e-01 -2.117806673049926758e-02
1.150736436247825623e-01 -2.151188254356384277e-02
1.217954158782958984e-01 -2.183526381850242615e-02
1.388410627841949463e-01 -2.262460254132747650e-02
1.524396538734436035e-01 -2.321524918079376221e-02
1.616211384534835815e-01 -2.359048835933208466e-02
1.723364144563674927e-01 -2.400164306163787842e-02
1.791251450777053833e-01 -2.424624934792518616e-02
1.857576817274093628e-01 -2.447284944355487823e-02
1.906724870204925537e-01 -2.463265508413314819e-02
1.984225809574127197e-01 -2.487037330865859985e-02
2.071612030267715454e-01 -2.511710114777088165e-02
2.180038541555404663e-01 -2.539133280515670776e-02
2.265732884407043457e-01 -2.558282949030399323e-02
2.334101200103759766e-01 -2.571956254541873932e-02
2.386264204978942871e-01 -2.581426687538623810e-02
2.502284944057464600e-01 -2.599508687853813171e-02
2.577546834945678711e-01 -2.609038911759853363e-02
2.693393826484680176e-01 -2.620338462293148041e-02
2.735280394554138184e-01 -2.623420394957065582e-02
2.909351289272308350e-01 -2.630555443465709686e-02
2.999125719070434570e-01 -2.630679309368133545e-02
3.130175471305847168e-01 -2.626551501452922821e-02
3.214128315448760986e-01 -2.621239796280860901e-02
3.470090031623840332e-01 -2.592343278229236603e-02
3.525546491146087646e-01 -2.583589777350425720e-02
3.644012510776519775e-01 -2.561960183084011078e-02
3.866575658321380615e-01 -2.510703913867473602e-02
3.978387117385864258e-01 -2.479836717247962952e-02
4.036938250064849854e-01 -2.462337352335453033e-02
4.152888059616088867e-01 -2.425033971667289734e-02
4.233018457889556885e-01 -2.397238276898860931e-02
4.372104406356811523e-01 -2.345201931893825531e-02
4.427813589572906494e-01 -2.323050983250141144e-02
4.534840285778045654e-01 -2.278477139770984650e-02
4.716064333915710449e-01 -2.197261899709701538e-02
4.840412735939025879e-01 -2.137667685747146606e-02
4.883433580398559570e-01 -2.116371691226959229e-02
5.021509528160095215e-01 -2.045848034322261810e-02
5.094442367553710938e-01 -2.007358148694038391e-02
5.253196954727172852e-01 -1.920978724956512451e-02
5.283849239349365234e-01 -1.903933100402355194e-02
5.396092534065246582e-01 -1.840634644031524658e-02
5.457347035408020020e-01 -1.805568858981132507e-02
5.580630898475646973e-01 -1.734071597456932068e-02
5.902600288391113281e-01 -1.543500274419784546e-02
6.013036966323852539e-01 -1.477516442537307739e-02
6.153736114501953125e-01 -1.393430773168802261e-02
6.272245049476623535e-01 -1.322786416858434677e-02
6.326206326484680176e-01 -1.290716137737035751e-02
6.512392759323120117e-01 -1.180703286081552505e-02
6.548528075218200684e-01 -1.159486267715692520e-02
6.727141737937927246e-01 -1.055332925170660019e-02
6.928278207778930664e-01 -9.395368397235870361e-03
7.113834619522094727e-01 -8.340455591678619385e-03
7.292946577072143555e-01 -7.332356646656990051e-03
7.390490770339965820e-01 -6.786515470594167709e-03
7.521973252296447754e-01 -6.052990444004535675e-03
7.742874622344970703e-01 -4.821687936782836914e-03
7.915493845939636230e-01 -3.854717127978801727e-03
8.034440875053405762e-01 -3.182509215548634529e-03
8.100756406784057617e-01 -2.804637653753161430e-03
8.286218047142028809e-01 -1.731204101815819740e-03
8.414359092712402344e-01 -9.700897498987615108e-04
8.561617136001586914e-01 -6.792029307689517736e-05
8.614918589591979980e-01 2.677729353308677673e-04
8.850004673004150391e-01 1.827975152991712093e-03
8.931448459625244141e-01 2.408537315204739571e-03
9.019818902015686035e-01 3.070426639169454575e-03
9.111008048057556152e-01 3.797392826527357101e-03
9.249510765075683594e-01 5.019085947424173355e-03
9.296025037765502930e-01 5.472525022923946381e-03
9.389477372169494629e-01 6.477273534983396530e-03
9.457651376724243164e-01 7.319333497434854507e-03
9.526136517524719238e-01 8.305545896291732788e-03
9.583526849746704102e-01 9.298427961766719818e-03
9.659370183944702148e-01 1.102356053888797760e-02
9.687071442604064941e-01 1.185666862875223160e-02
9.696897864341735840e-01 1.219254359602928162e-02
9.704200029373168945e-01 1.245877426117658615e-02
