9.664482474327087402e-01 2.850564382970333099e-02
9.661777615547180176e-01 2.875944972038269043e-02
9.656295776367187500e-01 2.921857498586177826e-02
9.635122418403625488e-01 3.070111013948917389e-02
9.606986641883850098e-01 3.239957988262176514e-02
9.576632976531982422e-01 3.408515080809593201e-02
9.515648484230041504e-01 3.724371269345283508e-02
9.489821195602416992e-01 3.852379694581031799e-02
9.449278116226196289e-01 4.048440232872962952e-02
9.389973878860473633e-01 4.326828941702842712e-02
9.348064064979553223e-01 4.518628865480422974e-02
9.318251609802246094e-01 4.652915522456169128e-02
9.259369969367980957e-01 4.913458600640296936e-02
9.199669957160949707e-01 5.171822756528854370e-02
9.093778729438781738e-01 5.617167428135871887e-02
9.050105810165405273e-01 5.796362087130546570e-02
8.902406096458435059e-01 6.384171545505523682e-02
8.862479329109191895e-01 6.538408994674682617e-02
8.765002489089965820e-01 6.906841695308685303e-02
8.648308515548706055e-01 7.332956045866012573e-02
8.508974909782409668e-01 7.820645719766616821e-02
8.461555242538452148e-01 7.981394976377487183e-02
8.343899250030517578e-01 8.368813246488571167e-02
8.276107907295227051e-01 8.584626019001007080e-02
8.135530948638916016e-01 9.014810621738433838e-02
8.059524297714233398e-01 9.237658977508544922e-02
7.910932302474975586e-01 9.653484821319580078e-02
7.773689627647399902e-01 1.001422479748725891e-01
7.543820142745971680e-01 1.056832820177078247e-01
7.441916465759277344e-01 1.079400032758712769e-01
7.359943389892578125e-01 1.096669360995292664e-01
7.142361402511596680e-01 1.138731092214584351e-01
7.059239149093627930e-01 1.153370067477226257e-01
6.919858455657958984e-01 1.176178976893424988e-01
6.767548918724060059e-01 1.198659390211105347e-01
6.624995470046997070e-01 1.217447295784950256e-01
6.505020856857299805e-01 1.231615766882896423e-01
6.301841735839843750e-01 1.252300441265106201e-01
6.015620231628417969e-01 1.274707168340682983e-01
5.869067311286926270e-01 1.283289194107055664e-01
5.750308632850646973e-01 1.288874745368957520e-01
5.515461564064025879e-01 1.296462714672088623e-01
5.398018360137939453e-01 1.298602223396301270e-01
5.179849267005920410e-01 1.299781501293182373e-01
5.075170993804931641e-01 1.299099922180175781e-01
4.902878403663635254e-01 1.296278238296508789e-01
4.677277803421020508e-01 1.289486587047576904e-01
4.568908214569091797e-01 1.285009831190109253e-01
4.457204639911651611e-01 1.279588937759399414e-01
4.360649287700653076e-01 1.274251341819763184e-01
4.228832423686981201e-01 1.265999227762222290e-01
4.116492569446563721e-01 1.258093565702438354e-01
4.028672575950622559e-01 1.251357644796371460e-01
3.876867294311523438e-01 1.238567680120468140e-01
3.716176450252532959e-01 1.223443001508712769e-01
3.602832555770874023e-01 1.211788579821586609e-01
3.502261340618133545e-01 1.200758293271064758e-01
3.391096293926239014e-01 1.187802851200103760e-01
3.334609568119049072e-01 1.180908456444740295e-01
3.086656928062438965e-01 1.148108690977096558e-01
3.005689680576324463e-01 1.136476993560791016e-01
2.884221374988555908e-01 1.118142455816268921e-01
2.728435099124908447e-01 1.093014106154441833e-01
2.656113207340240479e-01 1.080705970525741577e-01
2.585512697696685791e-01 1.068281307816505432e-01
2.423255890607833862e-01 1.038120687007904053e-01
2.251234054565429688e-01 1.003523468971252441e-01
2.177358567714691162e-01 9.877697378396987915e-02
2.050312310457229614e-01 9.593121707439422607e-02
1.791029423475265503e-01 8.952063322067260742e-02
1.660576015710830688e-01 8.594004809856414795e-02
1.604740470647811890e-01 8.432362228631973267e-02
1.496055126190185547e-01 8.101648092269897461e-02
1.457027345895767212e-01 7.977269589900970459e-02
1.384124606847763062e-01 7.736206054687500000e-02
1.298694014549255371e-01 7.437871396541595459e-02
1.215372607111930847e-01 7.128356397151947021e-02
1.009327992796897888e-01 6.265952438116073608e-02
8.950972557067871094e-02 5.710864067077636719e-02
8.353040367364883423e-02 5.391630530357360840e-02
7.812278717756271362e-02 5.082410946488380432e-02
7.079338282346725464e-02 4.626197367906570435e-02
6.594831496477127075e-02 4.296468198299407959e-02
6.148837879300117493e-02 3.968986868858337402e-02
5.691195279359817505e-02 3.604397550225257874e-02
4.963947087526321411e-02 2.949281036853790283e-02
4.511008411645889282e-02 2.479298040270805359e-02
4.054669290781021118e-02 1.939301379024982452e-02
3.798882290720939636e-02 1.598067209124565125e-02
3.600449115037918091e-02 1.308564562350511551e-02
3.254051506519317627e-02 7.317634299397468567e-03
3.132506832480430603e-02 4.979128018021583557e-03
2.981161698698997498e-02 1.658729277551174164e-03
2.881363034248352051e-02 -1.031463034451007843e-03
2.841294929385185242e-02 -2.391925081610679626e-03
2.787361294031143188e-02 -5.923511460423469543e-03
2.797274850308895111e-02 -7.382320705801248550e-03
2.825845964252948761e-02 -8.543654344975948334e-03
2.873630821704864502e-02 -9.613989852368831635e-03
2.940393425524234772e-02 -1.059371419250965118e-02
3.002335317432880402e-02 -1.127146743237972260e-02
3.149480000138282776e-02 -1.246297173202037811e-02
3.274868056178092957e-02 -1.323016081005334854e-02
3.524202853441238403e-02 -1.441249996423721313e-02
4.066548869013786316e-02 -1.624267548322677612e-02
4.673337936401367188e-02 -1.776043884456157684e-02
5.672270804643630981e-02 -1.974374055862426758e-02
6.425543874502182007e-02 -2.102417871356010437e-02
6.897868216037750244e-02 -2.176949381828308105e-02
8.903227746486663818e-02 -2.462076023221015930e-02
1.048629283905029297e-01 -2.662617154419422150e-02
1.112252622842788696e-01 -2.738514915108680725e-02
1.180276945233345032e-01 -2.816988900303840637e-02
1.272048205137252808e-01 -2.918731048703193665e-02
1.446663439273834229e-01 -3.100126609206199646e-02
1.493565440177917480e-01 -3.146272152662277222e-02
1.597181856632232666e-01 -3.244531154632568359e-02
1.805036962032318115e-01 -3.427023440599441528e-02
1.925346553325653076e-01 -3.524164855480194092e-02
1.975833028554916382e-01 -3.563144430518150330e-02
2.115438282489776611e-01 -3.665583208203315735e-02
2.176343202590942383e-01 -3.707855939865112305e-02
2.355780750513076782e-01 -3.824052587151527405e-02
2.411564588546752930e-01 -3.857667371630668640e-02
2.475511431694030762e-01 -3.894749656319618225e-02
2.504531145095825195e-01 -3.911067172884941101e-02
2.606051862239837646e-01 -3.965644538402557373e-02
2.696924805641174316e-01 -4.011181741952896118e-02
2.802709937095642090e-01 -4.060217365622520447e-02
2.890713512897491455e-01 -4.097711667418479919e-02
2.990651130676269531e-01 -4.136587306857109070e-02
3.067535459995269775e-01 -4.163760691881179810e-02
3.299769759178161621e-01 -4.230781644582748413e-02
3.365711271762847900e-01 -4.245495423674583435e-02
3.572730422019958496e-01 -4.278373718261718750e-02
3.674561977386474609e-01 -4.286677017807960510e-02
3.801195025444030762e-01 -4.289216548204421997e-02
3.855566382408142090e-01 -4.287519305944442749e-02
3.946071863174438477e-01 -4.280813410878181458e-02
4.059356749057769775e-01 -4.265252500772476196e-02
4.118632972240447998e-01 -4.253792017698287964e-02
4.180169403553009033e-01 -4.239385575056076050e-02
4.316401779651641846e-01 -4.198039695620536804e-02
4.378555417060852051e-01 -4.174684360623359680e-02
4.464821219444274902e-01 -4.137434810400009155e-02
4.577820301055908203e-01 -4.079892486333847046e-02
4.679335951805114746e-01 -4.019516706466674805e-02
4.822353720664978027e-01 -3.920242190361022949e-02
4.878686070442199707e-01 -3.876544162631034851e-02
4.920405447483062744e-01 -3.842512890696525574e-02
5.054406523704528809e-01 -3.723679855465888977e-02
5.159132480621337891e-01 -3.620909899473190308e-02
5.284646749496459961e-01 -3.486775979399681091e-02
5.371475219726562500e-01 -3.387347981333732605e-02
5.524437427520751953e-01 -3.200003877282142639e-02
5.570110678672790527e-01 -3.141270950436592102e-02
5.627726912498474121e-01 -3.065490722656250000e-02
5.673879981040954590e-01 -3.003495372831821442e-02
5.744211673736572266e-01 -2.906951680779457092e-02
5.866891741752624512e-01 -2.733127959072589874e-02
5.966842770576477051e-01 -2.587062492966651917e-02
6.138893365859985352e-01 -2.328081615269184113e-02
6.375746726989746094e-01 -1.960396021604537964e-02
6.455180048942565918e-01 -1.835207454860210419e-02
6.625595092773437500e-01 -1.564959064126014709e-02
6.745972037315368652e-01 -1.373513787984848022e-02
6.913453936576843262e-01 -1.107623614370822906e-02
7.197750806808471680e-01 -6.609186064451932907e-03
7.352872490882873535e-01 -4.212089348584413528e-03
7.475730180740356445e-01 -2.339680679142475128e-03
7.662438154220581055e-01 4.547694697976112366e-04
7.748594284057617188e-01 1.721439184620976448e-03
7.850614786148071289e-01 3.201302140951156616e-03
7.937870621681213379e-01 4.448967985808849335e-03
8.113138079643249512e-01 6.902269087731838226e-03
8.165057301521301270e-01 7.614963222295045853e-03
8.333451747894287109e-01 9.880580008029937744e-03
8.419811129570007324e-01 1.101467292755842209e-02
8.718827366828918457e-01 1.479333732277154922e-02
8.801785707473754883e-01 1.580177433788776398e-02
8.986033797264099121e-01 1.798640750348567963e-02
9.042848944664001465e-01 1.864748820662498474e-02
9.224898815155029297e-01 2.075027301907539368e-02
9.286218881607055664e-01 2.146552689373493195e-02
9.347426295280456543e-01 2.219428494572639465e-02
9.386476874351501465e-01 2.267261408269405365e-02
9.465730190277099609e-01 2.370013669133186340e-02
9.578900933265686035e-01 2.545233629643917084e-02
9.614556431770324707e-01 2.614890038967132568e-02
9.654415249824523926e-01 2.708293683826923370e-02
9.666786789894104004e-01 2.741838619112968445e-02
9.671623110771179199e-01 2.755656652152538300e-02
