9.692202806472778320e-01 2.882814593613147736e-02
9.691559076309204102e-01 2.893669903278350830e-02
9.688900709152221680e-01 2.935100346803665161e-02
9.646123051643371582e-01 3.398622944951057434e-02
9.490874409675598145e-01 4.542407020926475525e-02
9.440031647682189941e-01 4.854087159037590027e-02
9.372498393058776855e-01 5.239009857177734375e-02
9.341878890991210938e-01 5.404174700379371643e-02
9.301959872245788574e-01 5.611712858080863953e-02
9.256100058555603027e-01 5.840118601918220520e-02
9.163888692855834961e-01 6.270167231559753418e-02
9.135188460350036621e-01 6.396736949682235718e-02
9.040136337280273438e-01 6.793580204248428345e-02
8.990746140480041504e-01 6.987124681472778320e-02
8.824484944343566895e-01 7.581570744514465332e-02
8.761417865753173828e-01 7.785929739475250244e-02
8.671713471412658691e-01 8.058318495750427246e-02
8.620264530181884766e-01 8.205347508192062378e-02
8.439325094223022461e-01 8.673253655433654785e-02
8.342214226722717285e-01 8.895131945610046387e-02
8.215818405151367188e-01 9.155970811843872070e-02
8.084788322448730469e-01 9.395515918731689453e-02
7.900148630142211914e-01 9.684572368860244751e-02
7.846487164497375488e-01 9.758761525154113770e-02
7.692048549652099609e-01 9.949591755867004395e-02
7.611206173896789551e-01 1.003688499331474304e-01
7.513036131858825684e-01 1.013205572962760925e-01
7.452036738395690918e-01 1.018551513552665710e-01
7.189123630523681641e-01 1.037059575319290161e-01
7.126466631889343262e-01 1.040473431348800659e-01
6.909804940223693848e-01 1.049659326672554016e-01
6.695106029510498047e-01 1.055167317390441895e-01
6.484509110450744629e-01 1.057548299431800842e-01
6.416708230972290039e-01 1.057741791009902954e-01
6.367287039756774902e-01 1.057717874646186829e-01
6.322851777076721191e-01 1.057581901550292969e-01
6.163074970245361328e-01 1.056237742304801941e-01
5.908531546592712402e-01 1.051546931266784668e-01
5.782405138015747070e-01 1.048159748315811157e-01
5.684512257575988770e-01 1.045077815651893616e-01
5.611960291862487793e-01 1.042547225952148438e-01
5.510522723197937012e-01 1.038668081164360046e-01
5.344254970550537109e-01 1.031476557254791260e-01
5.296884179115295410e-01 1.029242873191833496e-01
5.185936689376831055e-01 1.023698821663856506e-01
5.128934979438781738e-01 1.020680665969848633e-01
4.824214279651641846e-01 1.002638339996337891e-01
4.727431237697601318e-01 9.962407499551773071e-02
4.689926803112030029e-01 9.936756640672683716e-02
4.539963006973266602e-01 9.829358756542205811e-02
4.389064311981201172e-01 9.713473170995712280e-02
4.258700907230377197e-01 9.606985002756118774e-02
4.195071160793304443e-01 9.552839398384094238e-02
4.081548750400543213e-01 9.452662616968154907e-02
4.017826616764068604e-01 9.394408017396926880e-02
3.935561776161193848e-01 9.317016601562500000e-02
3.728430569171905518e-01 9.111092239618301392e-02
3.682705461978912354e-01 9.063460677862167358e-02
3.577466607093811035e-01 8.950787782669067383e-02
3.500222265720367432e-01 8.865343034267425537e-02
3.439827561378479004e-01 8.796896040439605713e-02
3.145927786827087402e-01 8.442604541778564453e-02
2.956703007221221924e-01 8.195085078477859497e-02
2.840479612350463867e-01 8.035115897655487061e-02
2.715415954589843750e-01 7.855933159589767456e-02
2.651086747646331787e-01 7.760822027921676636e-02
2.620862126350402832e-01 7.715426385402679443e-02
2.464317977428436279e-01 7.472816854715347290e-02
2.386721521615982056e-01 7.347734272480010986e-02
2.229777872562408447e-01 7.084368914365768433e-02
2.137842923402786255e-01 6.923268735408782959e-02
2.076704949140548706e-01 6.813183426856994629e-02
2.000693082809448242e-01 6.672866642475128174e-02
1.799465715885162354e-01 6.281474232673645020e-02
1.727447211742401123e-01 6.133732572197914124e-02
1.672091037034988403e-01 6.017174199223518372e-02
1.642620265483856201e-01 5.954012274742126465e-02
1.524582505226135254e-01 5.692762136459350586e-02
1.469850838184356689e-01 5.566835775971412659e-02
1.300131231546401978e-01 5.154487863183021545e-02
1.236708462238311768e-01 4.990898817777633667e-02
1.110075116157531738e-01 4.646194353699684143e-02
9.393959492444992065e-02 4.135860875248908997e-02
8.450744301080703735e-02 3.825683519244194031e-02
7.182636111974716187e-02 3.367389366030693054e-02
6.491439789533615112e-02 3.092170879244804382e-02
6.094850972294807434e-02 2.924031950533390045e-02
5.621401220560073853e-02 2.711485326290130615e-02
4.989830031991004944e-02 2.402829378843307495e-02
4.577835276722908020e-02 2.181003242731094360e-02
3.551159054040908813e-02 1.500243321061134338e-02
3.041055984795093536e-02 9.551083669066429138e-03
2.984315715730190277e-02 8.513626642525196075e-03
2.922603487968444824e-02 6.654853466898202896e-03
2.913330495357513428e-02 5.681931506842374802e-03
2.935792878270149231e-02 4.152293317019939423e-03
3.158514574170112610e-02 1.013023429550230503e-03
3.511713817715644836e-02 -1.214804127812385559e-03
3.729951009154319763e-02 -2.165583893656730652e-03
3.808937221765518188e-02 -2.465074881911277771e-03
4.127842560410499573e-02 -3.504637628793716431e-03
4.318791255354881287e-02 -4.027697723358869553e-03
4.546166583895683289e-02 -4.577680025249719620e-03
4.917172715067863464e-02 -5.341320298612117767e-03
5.765065178275108337e-02 -6.641748361289501190e-03
6.726901978254318237e-02 -7.607155013829469681e-03
7.666213065385818481e-02 -8.196244016289710999e-03
9.052632004022598267e-02 -8.650268428027629852e-03
1.191743612289428711e-01 -8.869589306414127350e-03
1.310560256242752075e-01 -8.884994313120841980e-03
1.388406157493591309e-01 -8.899959735572338104e-03
1.439384967088699341e-01 -8.914446458220481873e-03
1.542705297470092773e-01 -8.958004415035247803e-03
1.645600944757461548e-01 -9.021366946399211884e-03
1.746033877134323120e-01 -9.101417846977710724e-03
1.789151281118392944e-01 -9.140729904174804688e-03
1.834931224584579468e-01 -9.185361675918102264e-03
1.936389505863189697e-01 -9.293202310800552368e-03
2.020224332809448242e-01 -9.389527142047882080e-03
2.104400545358657837e-01 -9.490540251135826111e-03
2.208512574434280396e-01 -9.618234820663928986e-03
2.266336232423782349e-01 -9.689119644463062286e-03
2.382293045520782471e-01 -9.828055277466773987e-03
2.410153895616531372e-01 -9.860346093773841858e-03
2.561338543891906738e-01 -1.002418436110019684e-02
2.607079744338989258e-01 -1.006891205906867981e-02
2.828742861747741699e-01 -1.024216040968894958e-02
2.907087504863739014e-01 -1.028249692171812057e-02
3.073421418666839600e-01 -1.032393053174018860e-02
3.174610137939453125e-01 -1.031601894646883011e-02
3.264578282833099365e-01 -1.028562057763338089e-02
3.380046188831329346e-01 -1.021173037588596344e-02
3.456911146640777588e-01 -1.013938151299953461e-02
3.479112386703491211e-01 -1.011487096548080444e-02
3.564093708992004395e-01 -1.000562962144613266e-02
3.628114461898803711e-01 -9.906642138957977295e-03
3.786699771881103516e-01 -9.596527554094791412e-03
3.832427561283111572e-01 -9.489287622272968292e-03
3.935503959655761719e-01 -9.217123501002788544e-03
4.029054939746856689e-01 -8.932763710618019104e-03
4.115888774394989014e-01 -8.636293001472949982e-03
4.184509515762329102e-01 -8.379528298974037170e-03
4.213202297687530518e-01 -8.266229182481765747e-03
4.264402389526367188e-01 -8.055353537201881409e-03
4.426710009574890137e-01 -7.313059642910957336e-03
4.469215869903564453e-01 -7.100248243659734726e-03
4.527489244937896729e-01 -6.796245463192462921e-03
4.648740589618682861e-01 -6.119322031736373901e-03
4.807194173336029053e-01 -5.148566793650388718e-03
4.945751130580902100e-01 -4.226535093039274216e-03
5.022575259208679199e-01 -3.688968485221266747e-03
5.113381743431091309e-01 -3.032111795619130135e-03
5.315626859664916992e-01 -1.500237151049077511e-03
5.348191857337951660e-01 -1.246445579454302788e-03
5.543629527091979980e-01 3.042979806195944548e-04
5.695803761482238770e-01 1.530281268060207367e-03
5.881338715553283691e-01 3.024993231520056725e-03
5.939907431602478027e-01 3.493542317301034927e-03
6.011573076248168945e-01 4.063190426677465439e-03
6.169170141220092773e-01 5.297156050801277161e-03
6.331562399864196777e-01 6.534230429679155350e-03
6.516992449760437012e-01 7.894465699791908264e-03
6.604683995246887207e-01 8.515933528542518616e-03
6.835672259330749512e-01 1.007965020835399628e-02
6.944243907928466797e-01 1.077585574239492416e-02
7.050338983535766602e-01 1.143110170960426331e-02
7.145338058471679688e-01 1.199621614068746567e-02
7.236376404762268066e-01 1.251816749572753906e-02
7.288656234741210938e-01 1.280906796455383301e-02
7.694432139396667480e-01 1.483791694045066833e-02
7.818448543548583984e-01 1.537272799760103226e-02
7.870208024978637695e-01 1.558341272175312042e-02
8.005021214485168457e-01 1.609616354107856750e-02
8.069196939468383789e-01 1.632132939994335175e-02
8.355265855789184570e-01 1.716418936848640442e-02
8.451872467994689941e-01 1.738401874899864197e-02
8.597368001937866211e-01 1.764515973627567291e-02
8.653727173805236816e-01 1.772172935307025909e-02
8.833731412887573242e-01 1.786177232861518860e-02
8.918374776840209961e-01 1.786516234278678894e-02
9.019601345062255859e-01 1.780722662806510925e-02
9.068041443824768066e-01 1.775243133306503296e-02
9.147861003875732422e-01 1.761818490922451019e-02
9.235385060310363770e-01 1.739773154258728027e-02
9.351863861083984375e-01 1.695383340120315552e-02
9.387154579162597656e-01 1.677665673196315765e-02
9.465981125831604004e-01 1.628745160996913910e-02
9.582366943359375000e-01 1.523210760205984116e-02
9.656535983085632324e-01 1.422382798045873642e-02
9.684041738510131836e-01 1.374571211636066437e-02
9.699483513832092285e-01 1.344475895166397095e-02
9.706242680549621582e-01 1.330474670976400375e-02
