9.612498879432678223e-01 2.717561461031436920e-02
9.610954523086547852e-01 2.744360268115997314e-02
9.600665569305419922e-01 2.892405353486537933e-02
9.573324322700500488e-01 3.191780298948287964e-02
9.506821036338806152e-01 3.758638724684715271e-02
9.434567689895629883e-01 4.279470071196556091e-02
9.362360239028930664e-01 4.749794676899909973e-02
9.330012798309326172e-01 4.948970302939414978e-02
9.254660010337829590e-01 5.391254648566246033e-02
9.197656512260437012e-01 5.708761140704154968e-02
9.110869765281677246e-01 6.168410927057266235e-02
9.054296016693115234e-01 6.454453617334365845e-02
8.896688222885131836e-01 7.202415913343429565e-02
8.838195204734802246e-01 7.463514059782028198e-02
8.699333667755126953e-01 8.051257580518722534e-02
8.658319711685180664e-01 8.216693252325057983e-02
8.502681255340576172e-01 8.812910318374633789e-02
8.439651131629943848e-01 9.040748327970504761e-02
8.351095914840698242e-01 9.348160773515701294e-02
8.136103749275207520e-01 1.003554314374923706e-01
7.935050129890441895e-01 1.060643792152404785e-01
7.806441783905029297e-01 1.093682274222373962e-01
7.690665125846862793e-01 1.121174842119216919e-01
7.559384703636169434e-01 1.149836257100105286e-01
7.367025017738342285e-01 1.187143251299858093e-01
7.312842011451721191e-01 1.196670681238174438e-01
7.178479433059692383e-01 1.218483000993728638e-01
7.058264613151550293e-01 1.235854476690292358e-01
6.961458921432495117e-01 1.248410567641258240e-01
6.811411976814270020e-01 1.265420317649841309e-01
6.690422296524047852e-01 1.277033090591430664e-01
6.511857509613037109e-01 1.290885806083679199e-01
6.397191286087036133e-01 1.297800987958908081e-01
6.339314579963684082e-01 1.300725340843200684e-01
6.246656775474548340e-01 1.304641216993331909e-01
6.133154034614562988e-01 1.308191567659378052e-01
5.871149301528930664e-01 1.311441957950592041e-01
5.796028971672058105e-01 1.311172395944595337e-01
5.684054493904113770e-01 1.309833228588104248e-01
5.566745400428771973e-01 1.307274103164672852e-01
5.415217280387878418e-01 1.302300244569778442e-01
5.352833867073059082e-01 1.299728453159332275e-01
5.263770818710327148e-01 1.295545995235443115e-01
5.194143652915954590e-01 1.291868984699249268e-01
5.049147605895996094e-01 1.283102929592132568e-01
4.925113618373870850e-01 1.274458169937133789e-01
4.781250059604644775e-01 1.263160258531570435e-01
4.721591472625732422e-01 1.258086711168289185e-01
4.554520249366760254e-01 1.242702528834342957e-01
4.459237754344940186e-01 1.233171224594116211e-01
4.378688037395477295e-01 1.224694177508354187e-01
4.351157844066619873e-01 1.221709847450256348e-01
4.277572333812713623e-01 1.213517934083938599e-01
4.128700494766235352e-01 1.195997968316078186e-01
4.028806984424591064e-01 1.183541715145111084e-01
3.972189724445343018e-01 1.176234632730484009e-01
3.856388032436370850e-01 1.160738989710807800e-01
3.518760502338409424e-01 1.111383438110351562e-01
3.460473418235778809e-01 1.102238819003105164e-01
3.364231586456298828e-01 1.086738184094429016e-01
3.328234553337097168e-01 1.080812215805053711e-01
3.159221112728118896e-01 1.052055135369300842e-01
3.087163269519805908e-01 1.039325669407844543e-01
3.032061159610748291e-01 1.029401570558547974e-01
2.978894710540771484e-01 1.019669994711875916e-01
2.861802875995635986e-01 9.976942837238311768e-02
2.661384642124176025e-01 9.583301097154617310e-02
2.537462115287780762e-01 9.328718483448028564e-02
2.492944151163101196e-01 9.235149621963500977e-02
2.401870489120483398e-01 9.040211141109466553e-02
2.328105717897415161e-01 8.878832310438156128e-02
2.154894173145294189e-01 8.487384766340255737e-02
2.051403671503067017e-01 8.244973421096801758e-02
1.976087093353271484e-01 8.064452558755874634e-02
1.914429813623428345e-01 7.914050668478012085e-02
1.850243806838989258e-01 7.754936069250106812e-02
1.693225651979446411e-01 7.354468107223510742e-02
1.563998460769653320e-01 7.012480497360229492e-02
1.389610171318054199e-01 6.532148271799087524e-02
1.304096728563308716e-01 6.288205087184906006e-02
1.180538833141326904e-01 5.925193428993225098e-02
1.062206104397773743e-01 5.564865097403526306e-02
9.959294646978378296e-02 5.357117205858230591e-02
9.078578650951385498e-02 5.073795840144157410e-02
8.266434818506240845e-02 4.804443195462226868e-02
7.083649933338165283e-02 4.396200180053710938e-02
5.183341726660728455e-02 3.690133243799209595e-02
4.258161038160324097e-02 3.316477313637733459e-02
3.460550680756568909e-02 2.972870692610740662e-02
2.992105484008789062e-02 2.759438380599021912e-02
2.017638646066188812e-02 2.279077656567096710e-02
1.397024840116500854e-02 1.938433013856410980e-02
6.197895389050245285e-03 1.453084871172904968e-02
1.089648692868649960e-03 1.077263429760932922e-02
-2.510377904400229454e-03 7.656394038349390030e-03
-5.410395562648773193e-03 4.647341091185808182e-03
-7.222543004900217056e-03 2.350451657548546791e-03
-8.731546811759471893e-03 -6.579839828191325068e-05
-9.480210952460765839e-03 -1.632717205211520195e-03
-1.053442060947418213e-02 -6.255131214857101440e-03
-9.593403898179531097e-03 -1.088464260101318359e-02
-6.314120255410671234e-03 -1.533135399222373962e-02
-2.381627680733799934e-03 -1.833953708410263062e-02
1.172256539575755596e-03 -2.032061666250228882e-02
8.285069838166236877e-03 -2.327730320394039154e-02
1.763073354959487915e-02 -2.608815208077430725e-02
2.294260635972023010e-02 -2.737172506749629974e-02
3.277701884508132935e-02 -2.937667816877365112e-02
3.889225050806999207e-02 -3.045373782515525818e-02
4.784560948610305786e-02 -3.187182173132896423e-02
5.474451929330825806e-02 -3.287100419402122498e-02
6.114577129483222961e-02 -3.374485671520233154e-02
6.716083735227584839e-02 -3.452978283166885376e-02
7.253514230251312256e-02 -3.520729392766952515e-02
8.058317750692367554e-02 -3.618809580802917480e-02
9.083256870508193970e-02 -3.739035129547119141e-02
9.529206901788711548e-02 -3.789976611733436584e-02
1.068592593073844910e-01 -3.918753564357757568e-02
1.149795278906822205e-01 -4.006456583738327026e-02
1.238754540681838989e-01 -4.100058600306510925e-02
1.302113384008407593e-01 -4.165130108594894409e-02
1.426730901002883911e-01 -4.289101436734199524e-02
1.561534404754638672e-01 -4.416856542229652405e-02
1.704450100660324097e-01 -4.544481262564659119e-02
1.750889271497726440e-01 -4.584105312824249268e-02
1.840827018022537231e-01 -4.658127948641777039e-02
2.017782330513000488e-01 -4.792713373899459839e-02
2.052678316831588745e-01 -4.817434400320053101e-02
2.198481857776641846e-01 -4.913878813385963440e-02
2.255817949771881104e-01 -4.948674514889717102e-02
2.356176972389221191e-01 -5.005149915814399719e-02
2.444800436496734619e-01 -5.050180479884147644e-02
2.596237361431121826e-01 -5.116185173392295837e-02
2.697690427303314209e-01 -5.152374505996704102e-02
2.787019610404968262e-01 -5.178701505064964294e-02
2.867012321949005127e-01 -5.197753012180328369e-02
2.950569689273834229e-01 -5.212966725230216980e-02
2.976331114768981934e-01 -5.216675624251365662e-02
3.086602687835693359e-01 -5.227200314402580261e-02
3.167219460010528564e-01 -5.229299142956733704e-02
3.298653960227966309e-01 -5.222295597195625305e-02
3.378662765026092529e-01 -5.211550742387771606e-02
3.518292903900146484e-01 -5.180723965167999268e-02
3.713121116161346436e-01 -5.111301690340042114e-02
3.791360855102539062e-01 -5.074547603726387024e-02
3.839260339736938477e-01 -5.049492418766021729e-02
3.942249119281768799e-01 -4.988998919725418091e-02
4.070826768875122070e-01 -4.900671914219856262e-02
4.214206933975219727e-01 -4.785289615392684937e-02
4.314903616905212402e-01 -4.693617671728134155e-02
4.446016848087310791e-01 -4.561193659901618958e-02
4.484739899635314941e-01 -4.519291967153549194e-02
4.684368371963500977e-01 -4.283561557531356812e-02
4.763273298740386963e-01 -4.181563481688499451e-02
4.883864223957061768e-01 -4.016520828008651733e-02
4.944159984588623047e-01 -3.930023312568664551e-02
5.109483003616333008e-01 -3.680259361863136292e-02
5.309008955955505371e-01 -3.356996923685073853e-02
5.429029464721679688e-01 -3.152947127819061279e-02
5.578011274337768555e-01 -2.891756221652030945e-02
5.684107542037963867e-01 -2.701635472476482391e-02
5.816133022308349609e-01 -2.461780980229377747e-02
6.012330651283264160e-01 -2.102066390216350555e-02
6.198818087577819824e-01 -1.760868914425373077e-02
6.326751112937927246e-01 -1.529458910226821899e-02
6.461023092269897461e-01 -1.290467754006385803e-02
6.609246134757995605e-01 -1.032758504152297974e-02
6.704188585281372070e-01 -8.717266842722892761e-03
6.826642155647277832e-01 -6.693383213132619858e-03
7.017540931701660156e-01 -3.671064274385571480e-03
7.145884037017822266e-01 -1.738468883559107780e-03
7.373082637786865234e-01 1.471171155571937561e-03
7.457332611083984375e-01 2.589526586234569550e-03
7.565416097640991211e-01 3.965618554502725601e-03
7.940990328788757324e-01 8.221505209803581238e-03
8.050298690795898438e-01 9.304546751081943512e-03
8.181170225143432617e-01 1.050875335931777954e-02
8.237186670303344727e-01 1.099351514130830765e-02
8.408135771751403809e-01 1.236059516668319702e-02
8.470885157585144043e-01 1.282062102109193802e-02
8.630917668342590332e-01 1.389570720493793488e-02
8.729339838027954102e-01 1.449005678296089172e-02
8.928171992301940918e-01 1.555313076823949814e-02
9.042192101478576660e-01 1.609684713184833527e-02
9.173011779785156250e-01 1.669200509786605835e-02
9.240289330482482910e-01 1.700256764888763428e-02
9.386737942695617676e-01 1.777177862823009491e-02
9.505648612976074219e-01 1.866894215345382690e-02
9.566617608070373535e-01 1.935832388699054718e-02
9.629037976264953613e-01 2.039511129260063171e-02
9.650412201881408691e-01 2.087256498634815216e-02
9.659003615379333496e-01 2.108795754611492157e-02
