9.688596129417419434e-01 2.987760119140148163e-02
9.687031507492065430e-01 3.003612346947193146e-02
9.677510857582092285e-01 3.089912980794906616e-02
9.660918712615966797e-01 3.222801163792610168e-02
9.624319076538085938e-01 3.485894575715065002e-02
9.575587511062622070e-01 3.805380314588546753e-02
9.475759267807006836e-01 4.401407018303871155e-02
9.448619484901428223e-01 4.553993046283721924e-02
9.402725100517272949e-01 4.804822802543640137e-02
9.351884722709655762e-01 5.073390528559684753e-02
9.199987649917602539e-01 5.827869847416877747e-02
9.144020080566406250e-01 6.090507656335830688e-02
9.070269465446472168e-01 6.425638496875762939e-02
8.999300003051757812e-01 6.737333536148071289e-02
8.901606798171997070e-01 7.150506228208541870e-02
8.820089697837829590e-01 7.482235878705978394e-02
8.737650513648986816e-01 7.806477695703506470e-02
8.646511435508728027e-01 8.152575045824050903e-02
8.487734198570251465e-01 8.726551383733749390e-02
8.437821269035339355e-01 8.899787068367004395e-02
8.302149176597595215e-01 9.354230761528015137e-02
8.175988197326660156e-01 9.756167232990264893e-02
7.908598184585571289e-01 1.054638996720314026e-01
7.823007702827453613e-01 1.078249961137771606e-01
7.557545304298400879e-01 1.146574541926383972e-01
7.499102354049682617e-01 1.160650849342346191e-01
7.414911985397338867e-01 1.180332824587821960e-01
7.328187227249145508e-01 1.199884116649627686e-01
7.140937447547912598e-01 1.239643543958663940e-01
7.012526392936706543e-01 1.265013366937637329e-01
6.854784488677978516e-01 1.294113993644714355e-01
6.618265509605407715e-01 1.333576738834381104e-01
6.532409787178039551e-01 1.346683949232101440e-01
6.432783603668212891e-01 1.361091881990432739e-01
6.333845853805541992e-01 1.374553740024566650e-01
6.268796920776367188e-01 1.382948011159896851e-01
6.130700707435607910e-01 1.399573236703872681e-01
6.055975556373596191e-01 1.407895088195800781e-01
5.903251767158508301e-01 1.423436254262924194e-01
5.795319080352783203e-01 1.433234661817550659e-01
5.698492527008056641e-01 1.441190540790557861e-01
5.652232766151428223e-01 1.444713920354843140e-01
5.463026762008666992e-01 1.457247883081436157e-01
5.304535627365112305e-01 1.465425491333007812e-01
5.193262696266174316e-01 1.469898968935012817e-01
4.980408251285552979e-01 1.475531607866287231e-01
4.869104921817779541e-01 1.476943790912628174e-01
4.823712408542633057e-01 1.477216482162475586e-01
4.767287075519561768e-01 1.477310359477996826e-01
4.666754901409149170e-01 1.476804167032241821e-01
4.481519758701324463e-01 1.473609656095504761e-01
4.316120445728302002e-01 1.468280404806137085e-01
4.201070368289947510e-01 1.463195979595184326e-01
3.983185589313507080e-01 1.450482904911041260e-01
3.919316232204437256e-01 1.445993781089782715e-01
3.741092681884765625e-01 1.431649178266525269e-01
3.597789406776428223e-01 1.418183594942092896e-01
3.469202816486358643e-01 1.404646039009094238e-01
3.412655591964721680e-01 1.398259252309799194e-01
3.300039470195770264e-01 1.384755074977874756e-01
3.151405453681945801e-01 1.365339308977127075e-01
2.948271334171295166e-01 1.335892975330352783e-01
2.862183451652526855e-01 1.322403997182846069e-01
2.762139439582824707e-01 1.305975466966629028e-01
2.584198117256164551e-01 1.274756491184234619e-01
2.479311525821685791e-01 1.255154758691787720e-01
2.327073663473129272e-01 1.225111261010169983e-01
2.278639823198318481e-01 1.215154975652694702e-01
2.183202356100082397e-01 1.194970533251762390e-01
1.989468038082122803e-01 1.151653230190277100e-01
1.898350119590759277e-01 1.130173504352569580e-01
1.776157617568969727e-01 1.100225821137428284e-01
1.678417325019836426e-01 1.075305566191673279e-01
1.515648663043975830e-01 1.031821891665458679e-01
1.382670402526855469e-01 9.943657368421554565e-02
1.263996958732604980e-01 9.593791514635086060e-02
1.226071491837501526e-01 9.478718042373657227e-02
1.064413487911224365e-01 8.969303220510482788e-02
9.344007074832916260e-02 8.535578101873397827e-02
8.912015706300735474e-02 8.386291563510894775e-02
7.818917930126190186e-02 7.995978742837905884e-02
6.363341212272644043e-02 7.445214688777923584e-02
5.631941556930541992e-02 7.153262197971343994e-02
5.000546574592590332e-02 6.891971826553344727e-02
3.836001083254814148e-02 6.384409219026565552e-02
2.693567425012588501e-02 5.848015844821929932e-02
1.231120247393846512e-02 5.088409408926963806e-02
2.151625696569681168e-03 4.493613541126251221e-02
-3.308055689558386803e-03 4.141857102513313293e-02
-1.031589880585670471e-02 3.643830493092536926e-02
-1.553919445723295212e-02 3.223964571952819824e-02
-1.894391514360904694e-02 2.916844561696052551e-02
-2.169727906584739685e-02 2.640092186629772186e-02
-2.748699858784675598e-02 1.901019737124443054e-02
-2.938844263553619385e-02 1.548460870981216431e-02
-3.077904507517814636e-02 1.164485793560743332e-02
-3.138500452041625977e-02 8.299618028104305267e-03
-3.146989271044731140e-02 6.482415832579135895e-03
-3.089971654117107391e-02 1.913213171064853668e-03
-2.978018485009670258e-02 -1.360112219117581844e-03
-2.870906516909599304e-02 -3.509529866278171539e-03
-2.511438913643360138e-02 -8.510085754096508026e-03
-2.368029765784740448e-02 -1.003927923738956451e-02
-2.070132642984390259e-02 -1.274998672306537628e-02
-1.683194190263748169e-02 -1.563254185020923615e-02
-1.179943233728408813e-02 -1.866547949612140656e-02
-5.365887656807899475e-03 -2.173997648060321808e-02
2.195955021306872368e-03 -2.455096133053302765e-02
1.572222448885440826e-02 -2.812509797513484955e-02
2.449232339859008789e-02 -2.974785491824150085e-02
3.909986838698387146e-02 -3.162171691656112671e-02
4.396728053689002991e-02 -3.206910938024520874e-02
5.105362087488174438e-02 -3.259490057826042175e-02
5.593624338507652283e-02 -3.288158029317855835e-02
7.429815828800201416e-02 -3.351944312453269958e-02
8.231675624847412109e-02 -3.362355008721351624e-02
1.009255945682525635e-01 -3.356257453560829163e-02
1.097950115799903870e-01 -3.341367840766906738e-02
1.154864281415939331e-01 -3.328447416424751282e-02
1.209838911890983582e-01 -3.313724324107170105e-02
1.359494626522064209e-01 -3.263800218701362610e-02
1.497176438570022583e-01 -3.206952661275863647e-02
1.587752699851989746e-01 -3.164665400981903076e-02
1.722997575998306274e-01 -3.095172718167304993e-02
1.936618536710739136e-01 -2.971797250211238861e-02
2.028507888317108154e-01 -2.914133481681346893e-02
2.215043008327484131e-01 -2.789361588656902313e-02
2.304234951734542847e-01 -2.726242132484912872e-02
2.369505614042282104e-01 -2.678689546883106232e-02
2.420736253261566162e-01 -2.640573494136333466e-02
2.532135844230651855e-01 -2.555329352617263794e-02
2.721271812915802002e-01 -2.403309382498264313e-02
2.798427343368530273e-01 -2.338687889277935028e-02
2.936604619026184082e-01 -2.219188585877418518e-02
3.141239881515502930e-01 -2.033265493810176849e-02
3.202177882194519043e-01 -1.975811272859573364e-02
3.289301991462707520e-01 -1.891981437802314758e-02
3.325709104537963867e-01 -1.856357976794242859e-02
3.428731858730316162e-01 -1.753639802336692810e-02
3.602788150310516357e-01 -1.573586463928222656e-02
3.664377331733703613e-01 -1.507890596985816956e-02
3.752776980400085449e-01 -1.411761436611413956e-02
3.815407454967498779e-01 -1.342338882386684418e-02
3.954899907112121582e-01 -1.183793228119611740e-02
4.036692976951599121e-01 -1.088310964405536652e-02
4.102558493614196777e-01 -1.010081637650728226e-02
4.173069894313812256e-01 -9.250272996723651886e-03
4.231358766555786133e-01 -8.537075482308864594e-03
4.353719651699066162e-01 -7.011106237769126892e-03
4.494757652282714844e-01 -5.206250119954347610e-03
4.622816443443298340e-01 -3.528594970703125000e-03
4.698505103588104248e-01 -2.521523972973227501e-03
4.745160341262817383e-01 -1.895640627481043339e-03
4.870605766773223877e-01 -1.961231173481792212e-04
4.985343515872955322e-01 1.375083578750491142e-03
5.109247565269470215e-01 3.082923125475645065e-03
5.286426544189453125e-01 5.529100075364112854e-03
5.395653247833251953e-01 7.029400672763586044e-03
5.518922209739685059e-01 8.705885149538516998e-03
5.691291689872741699e-01 1.100310869514942169e-02
5.834224820137023926e-01 1.285010017454624176e-02
6.135429739952087402e-01 1.650670729577541351e-02
6.296182870864868164e-01 1.829675398766994476e-02
6.349388360977172852e-01 1.886096224188804626e-02
6.497012376785278320e-01 2.034747973084449768e-02
6.572661995887756348e-01 2.106220647692680359e-02
6.725546121597290039e-01 2.240430377423763275e-02
6.835557222366333008e-01 2.328215911984443665e-02
6.977942585945129395e-01 2.430521883070468903e-02
7.212657332420349121e-01 2.570398710668087006e-02
7.332264780998229980e-01 2.627559937536716461e-02
7.409403324127197266e-01 2.659286744892597198e-02
7.518828511238098145e-01 2.697320096194744110e-02
7.643598318099975586e-01 2.730631828308105469e-02
7.870365977287292480e-01 2.763525396585464478e-02
8.017074465751647949e-01 2.765675820410251617e-02
8.127090930938720703e-01 2.757392823696136475e-02
8.259799480438232422e-01 2.736103534698486328e-02
8.459520936012268066e-01 2.680853568017482758e-02
8.606401681900024414e-01 2.622610703110694885e-02
8.766428232192993164e-01 2.542621456086635590e-02
8.832612037658691406e-01 2.504697628319263458e-02
8.945887684822082520e-01 2.433643676340579987e-02
9.131842851638793945e-01 2.302599512040615082e-02
9.250268340110778809e-01 2.213207446038722992e-02
9.335628747940063477e-01 2.148959226906299591e-02
9.425423741340637207e-01 2.085840515792369843e-02
9.546433687210083008e-01 2.023492753505706787e-02
9.616044759750366211e-01 2.016905881464481354e-02
9.669602513313293457e-01 2.044444344937801361e-02
9.679423570632934570e-01 2.054349146783351898e-02
9.686189293861389160e-01 2.062247693538665771e-02
