9.623534083366394043e-01 3.913486376404762268e-02
9.621501564979553223e-01 3.929528966546058655e-02
9.615479111671447754e-01 3.974930197000503540e-02
9.596203565597534180e-01 4.106860980391502380e-02
9.520937800407409668e-01 4.536218568682670593e-02
9.489824175834655762e-01 4.691735282540321350e-02
9.416822791099548340e-01 5.025282502174377441e-02
9.383993744850158691e-01 5.163988471031188965e-02
9.278908371925354004e-01 5.571962893009185791e-02
9.230137467384338379e-01 5.745847150683403015e-02
9.075322151184082031e-01 6.246916577219963074e-02
9.047690033912658691e-01 6.329334527254104614e-02
8.944101333618164062e-01 6.622195988893508911e-02
8.851006627082824707e-01 6.865784525871276855e-02
8.752914071083068848e-01 7.104695588350296021e-02
8.660503029823303223e-01 7.314752787351608276e-02
8.545821309089660645e-01 7.557115703821182251e-02
8.450988531112670898e-01 7.743532955646514893e-02
8.377295136451721191e-01 7.880301028490066528e-02
8.294822573661804199e-01 8.025514334440231323e-02
8.113725781440734863e-01 8.317557722330093384e-02
8.083810806274414062e-01 8.362489193677902222e-02
7.898921370506286621e-01 8.621142059564590454e-02
7.821736931800842285e-01 8.720023930072784424e-02
7.671973109245300293e-01 8.897919952869415283e-02
7.625881433486938477e-01 8.949174731969833374e-02
7.443047165870666504e-01 9.137618541717529297e-02
7.345955967903137207e-01 9.228724241256713867e-02
7.293182015419006348e-01 9.275836497545242310e-02
7.232273817062377930e-01 9.328222274780273438e-02
7.017201185226440430e-01 9.497473388910293579e-02
6.947162151336669922e-01 9.547790139913558960e-02
6.736904978752136230e-01 9.686647355556488037e-02
6.645672321319580078e-01 9.741856157779693604e-02
6.502037048339843750e-01 9.823475778102874756e-02
6.431874036788940430e-01 9.861226379871368408e-02
6.282331347465515137e-01 9.937644004821777344e-02
6.217771172523498535e-01 9.969078004360198975e-02
6.037759780883789062e-01 1.005235537886619568e-01
5.958155393600463867e-01 1.008727774024009705e-01
5.731023550033569336e-01 1.018079146742820740e-01
5.650388002395629883e-01 1.021177172660827637e-01
5.478886961936950684e-01 1.027343869209289551e-01
5.408603549003601074e-01 1.029689237475395203e-01
5.304625630378723145e-01 1.032940223813056946e-01
5.222594141960144043e-01 1.035303249955177307e-01
5.068798065185546875e-01 1.039193272590637207e-01
5.012519359588623047e-01 1.040420606732368469e-01
4.840275347232818604e-01 1.043438985943794250e-01
4.762884676456451416e-01 1.044397279620170593e-01
4.597834646701812744e-01 1.045515835285186768e-01
4.498971700668334961e-01 1.045530438423156738e-01
4.396993517875671387e-01 1.044989228248596191e-01
4.324113428592681885e-01 1.044237241148948669e-01
4.219413995742797852e-01 1.042597219347953796e-01
4.027169048786163330e-01 1.037769317626953125e-01
3.965481519699096680e-01 1.035696938633918762e-01
3.888645768165588379e-01 1.032746434211730957e-01
3.651764392852783203e-01 1.020969748497009277e-01
3.583188354969024658e-01 1.016779094934463501e-01
3.474023640155792236e-01 1.009360998868942261e-01
3.387565016746520996e-01 1.002821698784828186e-01
3.187470734119415283e-01 9.853824228048324585e-02
3.032667338848114014e-01 9.696242213249206543e-02
2.766035497188568115e-01 9.376920014619827271e-02
2.664995789527893066e-01 9.239628911018371582e-02
2.511282861232757568e-01 9.013114124536514282e-02
2.483421117067337036e-01 8.969736844301223755e-02
2.317223101854324341e-01 8.695856481790542603e-02
2.198075205087661743e-01 8.483203500509262085e-02
2.080751657485961914e-01 8.260069787502288818e-02
1.856674104928970337e-01 7.794305682182312012e-02
1.798988282680511475e-01 7.665608823299407959e-02
1.683166176080703735e-01 7.395767420530319214e-02
1.618589311838150024e-01 7.238443195819854736e-02
1.526576876640319824e-01 7.005380094051361084e-02
1.336098313331604004e-01 6.487333029508590698e-02
1.191523894667625427e-01 6.058761104941368103e-02
1.078312397003173828e-01 5.699001997709274292e-02
1.028261855244636536e-01 5.532453954219818115e-02
9.390403330326080322e-02 5.222978815436363220e-02
8.031799644231796265e-02 4.716504365205764771e-02
7.409679889678955078e-02 4.468021541833877563e-02
6.207975745201110840e-02 3.951721638441085815e-02
4.906193166971206665e-02 3.321590647101402283e-02
4.562482237815856934e-02 3.138634189963340759e-02
3.635073453187942505e-02 2.594952844083309174e-02
2.920492365956306458e-02 2.100512199103832245e-02
2.601805888116359711e-02 1.843671128153800964e-02
2.182137966156005859e-02 1.440860517323017120e-02
1.806207932531833649e-02 9.171014651656150818e-03
1.684965193271636963e-02 5.496643483638763428e-03
1.679285988211631775e-02 3.774070180952548981e-03
1.718340255320072174e-02 1.913371263071894646e-03
1.828733272850513458e-02 -1.469903363613411784e-04
1.959978230297565460e-02 -1.599277020432054996e-03
2.093429863452911377e-02 -2.676707459613680840e-03
2.312363311648368835e-02 -4.008830059319734573e-03
3.198585659265518188e-02 -7.130709011107683182e-03
3.709644824266433716e-02 -8.183838799595832825e-03
4.216798022389411926e-02 -8.960080333054065704e-03
4.482193663716316223e-02 -9.292892180383205414e-03
5.521702021360397339e-02 -1.030222978442907333e-02
5.954480916261672974e-02 -1.064514368772506714e-02
6.924638897180557251e-02 -1.138459704816341400e-02
7.681061327457427979e-02 -1.202002447098493576e-02
8.134267479181289673e-02 -1.245444640517234802e-02
9.093146026134490967e-02 -1.355140190571546555e-02
9.916548430919647217e-02 -1.470279600471258163e-02
1.034009382128715515e-01 -1.536495052278041840e-02
1.073700636625289917e-01 -1.602140627801418304e-02
1.137213706970214844e-01 -1.712640561163425446e-02
1.177752166986465454e-01 -1.785424351692199707e-02
1.249309554696083069e-01 -1.915252208709716797e-02
1.352415531873703003e-01 -2.098312601447105408e-02
1.573715806007385254e-01 -2.441816963255405426e-02
1.690625548362731934e-01 -2.587022073566913605e-02
1.756414175033569336e-01 -2.657240070402622223e-02
1.878211796283721924e-01 -2.766194008290767670e-02
1.921962499618530273e-01 -2.798957750201225281e-02
2.077952623367309570e-01 -2.890313416719436646e-02
2.121309936046600342e-01 -2.909063734114170074e-02
2.148812413215637207e-01 -2.919544093310832977e-02
2.325277775526046753e-01 -2.962283231317996979e-02
2.575703263282775879e-01 -2.957651019096374512e-02
2.689908742904663086e-01 -2.933005243539810181e-02
2.815436422824859619e-01 -2.891116030514240265e-02
2.933056056499481201e-01 -2.838597260415554047e-02
2.992997467517852783e-01 -2.807104401290416718e-02
3.034485280513763428e-01 -2.783487550914287567e-02
3.136614263057708740e-01 -2.719142101705074310e-02
3.185217678546905518e-01 -2.685476094484329224e-02
3.271110057830810547e-01 -2.621266059577465057e-02
3.438912034034729004e-01 -2.478756383061408997e-02
3.530681133270263672e-01 -2.391393482685089111e-02
3.616411685943603516e-01 -2.303793653845787048e-02
3.786302506923675537e-01 -2.113085612654685974e-02
3.830083608627319336e-01 -2.060228958725929260e-02
4.004808068275451660e-01 -1.833929866552352905e-02
4.124156236648559570e-01 -1.664986647665500641e-02
4.185922443866729736e-01 -1.572879590094089508e-02
4.326093494892120361e-01 -1.351773552596569061e-02
4.447465240955352783e-01 -1.146494410932064056e-02
4.543821811676025391e-01 -9.741976857185363770e-03
4.755754470825195312e-01 -5.656979512423276901e-03
4.783388972282409668e-01 -5.094248335808515549e-03
4.855118095874786377e-01 -3.601367585361003876e-03
5.032976865768432617e-01 2.972307265736162663e-04
5.080208778381347656e-01 1.378052867949008942e-03
5.218778848648071289e-01 4.651521798223257065e-03
5.267292261123657227e-01 5.831150338053703308e-03
5.328144431114196777e-01 7.333060260862112045e-03
5.500628948211669922e-01 1.170341297984123230e-02
5.601008534431457520e-01 1.430332474410533905e-02
5.708535909652709961e-01 1.711212284862995148e-02
5.759289264678955078e-01 1.844027824699878693e-02
5.798269510269165039e-01 1.945920288562774658e-02
5.971907973289489746e-01 2.395544014871120453e-02
6.141908168792724609e-01 2.821866609156131744e-02
6.241330504417419434e-01 3.061250038444995880e-02
6.371148824691772461e-01 3.359621763229370117e-02
6.522064208984375000e-01 3.682743012905120850e-02
6.622596383094787598e-01 3.882146626710891724e-02
6.656672358512878418e-01 3.946682065725326538e-02
6.812136173248291016e-01 4.220657050609588623e-02
6.917086243629455566e-01 4.386074468493461609e-02
7.136349678039550781e-01 4.679545015096664429e-02
7.350789308547973633e-01 4.898067191243171692e-02
7.422724962234497070e-01 4.956335946917533875e-02
7.526900768280029297e-01 5.027510598301887512e-02
7.772964239120483398e-01 5.134730786085128784e-02
7.929577231407165527e-01 5.159472301602363586e-02
8.010462522506713867e-01 5.159298330545425415e-02
8.069939017295837402e-01 5.153610929846763611e-02
8.190230727195739746e-01 5.127862095832824707e-02
8.366612792015075684e-01 5.056023597717285156e-02
8.424014449119567871e-01 5.023976042866706848e-02
8.549817204475402832e-01 4.938934743404388428e-02
8.699632287025451660e-01 4.811118170619010925e-02
8.756445646286010742e-01 4.755067452788352966e-02
8.940951228141784668e-01 4.543873295187950134e-02
8.982943296432495117e-01 4.489467665553092957e-02
9.074417948722839355e-01 4.362571239471435547e-02
9.118385910987854004e-01 4.297397285699844360e-02
9.200652241706848145e-01 4.167870059609413147e-02
9.267258048057556152e-01 4.055407643318176270e-02
9.395787119865417480e-01 3.816979005932807922e-02
9.483616352081298828e-01 3.634126856923103333e-02
9.542275667190551758e-01 3.499004989862442017e-02
9.663241505622863770e-01 3.138506412506103516e-02
9.671399593353271484e-01 3.103260137140750885e-02
9.681637883186340332e-01 3.053624369204044342e-02
