9.620852470397949219e-01 3.486381843686103821e-02
9.619868397712707520e-01 3.498383983969688416e-02
9.615271091461181641e-01 3.549314662814140320e-02
9.579132199287414551e-01 3.844170644879341125e-02
9.445894360542297363e-01 4.588621109724044800e-02
9.408414959907531738e-01 4.763152450323104858e-02
9.239451289176940918e-01 5.456452071666717529e-02
9.211424589157104492e-01 5.560317635536193848e-02
9.173933863639831543e-01 5.695306882262229919e-02
9.124089479446411133e-01 5.868368223309516907e-02
9.033422470092773438e-01 6.166375800967216492e-02
8.989839553833007812e-01 6.302703171968460083e-02
8.902775645256042480e-01 6.562983989715576172e-02
8.857538104057312012e-01 6.692349165678024292e-02
8.746890425682067871e-01 6.993395090103149414e-02
8.675054311752319336e-01 7.178040593862533569e-02
8.559570312500000000e-01 7.458635419607162476e-02
8.490181565284729004e-01 7.618253678083419800e-02
8.382507562637329102e-01 7.853545248508453369e-02
8.247331380844116211e-01 8.129013329744338989e-02
8.043641448020935059e-01 8.505824953317642212e-02
7.955749034881591797e-01 8.655253797769546509e-02
7.790626883506774902e-01 8.916086703538894653e-02
7.750968933105468750e-01 8.975034952163696289e-02
7.608770132064819336e-01 9.175205230712890625e-02
7.556819319725036621e-01 9.244106709957122803e-02
7.406795024871826172e-01 9.430989623069763184e-02
7.349249720573425293e-01 9.498063474893569946e-02
7.265634536743164062e-01 9.591143578290939331e-02
7.063903212547302246e-01 9.795285761356353760e-02
6.939288377761840820e-01 9.907723218202590942e-02
6.826637387275695801e-01 1.000089496374130249e-01
6.609579920768737793e-01 1.015911400318145752e-01
6.534982919692993164e-01 1.020736917853355408e-01
6.416254639625549316e-01 1.027809306979179382e-01
6.363648772239685059e-01 1.030712649226188660e-01
6.183859109878540039e-01 1.039624139666557312e-01
6.084938049316406250e-01 1.043893843889236450e-01
6.005931496620178223e-01 1.046998798847198486e-01
5.962130427360534668e-01 1.048607900738716125e-01
5.823380351066589355e-01 1.053196340799331665e-01
5.699939727783203125e-01 1.056662201881408691e-01
5.597242116928100586e-01 1.059128195047378540e-01
5.492766499519348145e-01 1.061268225312232971e-01
5.402644276618957520e-01 1.062829047441482544e-01
5.290388464927673340e-01 1.064420491456985474e-01
5.158362388610839844e-01 1.065812930464744568e-01
4.993835389614105225e-01 1.066857576370239258e-01
4.885176420211791992e-01 1.067143678665161133e-01
4.761537015438079834e-01 1.067088395357131958e-01
4.525885581970214844e-01 1.065878942608833313e-01
4.449644982814788818e-01 1.065177470445632935e-01
4.365228414535522461e-01 1.064220964908599854e-01
4.325430393218994141e-01 1.063703522086143494e-01
4.235553145408630371e-01 1.062376052141189575e-01
4.202948212623596191e-01 1.061839088797569275e-01
4.093437790870666504e-01 1.059814468026161194e-01
3.968360126018524170e-01 1.057070121169090271e-01
3.749735057353973389e-01 1.051088199019432068e-01
3.702347576618194580e-01 1.049578934907913208e-01
3.689054846763610840e-01 1.049141213297843933e-01
3.593077659606933594e-01 1.045789048075675964e-01
3.420487940311431885e-01 1.038860753178596497e-01
3.336633443832397461e-01 1.035043373703956604e-01
3.201077878475189209e-01 1.028190106153488159e-01
3.140655755996704102e-01 1.024844869971275330e-01
3.079433739185333252e-01 1.021260917186737061e-01
2.956828474998474121e-01 1.013456657528877258e-01
2.928430736064910889e-01 1.011523082852363586e-01
2.767055034637451172e-01 9.995584934949874878e-02
2.687160968780517578e-01 9.929727017879486084e-02
2.629546523094177246e-01 9.879279136657714844e-02
2.495110929012298584e-01 9.751141816377639771e-02
2.399301230907440186e-01 9.650141745805740356e-02
2.356783449649810791e-01 9.602522850036621094e-02
2.293081432580947876e-01 9.527754783630371094e-02
2.125658988952636719e-01 9.309974312782287598e-02
1.928824186325073242e-01 9.008871018886566162e-02
1.876600086688995361e-01 8.919697254896163940e-02
1.733160018920898438e-01 8.652158826589584351e-02
1.670167148113250732e-01 8.523336797952651978e-02
1.566007882356643677e-01 8.293681591749191284e-02
1.329097300767898560e-01 7.684285193681716919e-02
1.245005503296852112e-01 7.435148954391479492e-02
1.194801703095436096e-01 7.277312874794006348e-02
1.039626374840736389e-01 6.742575019598007202e-02
9.764666855335235596e-02 6.502857059240341187e-02
8.657255023717880249e-02 6.047985330224037170e-02
7.211074978113174438e-02 5.377873778343200684e-02
6.264299899339675903e-02 4.882635176181793213e-02
5.313951149582862854e-02 4.327749088406562805e-02
3.749479725956916809e-02 3.221178799867630005e-02
2.676276676356792450e-02 2.140812389552593231e-02
2.488865889608860016e-02 1.865401118993759155e-02
2.240819670259952545e-02 1.271486096084117889e-02
2.221255935728549957e-02 9.481186978518962860e-03
2.241398207843303680e-02 8.276332169771194458e-03
2.356940321624279022e-02 5.573594942688941956e-03
2.434450201690196991e-02 4.527614917606115341e-03
2.494972944259643555e-02 3.870795480906963348e-03
2.760350890457630157e-02 1.824838225729763508e-03
3.582200780510902405e-02 -1.217841403558850288e-03
4.382793977856636047e-02 -2.287094248458743095e-03
4.682454466819763184e-02 -2.419700147584080696e-03
6.144578754901885986e-02 -1.698874868452548981e-03
7.162403315305709839e-02 -2.369187423028051853e-04
8.202672749757766724e-02 1.814766903407871723e-03
9.322211891412734985e-02 4.468526225537061691e-03
1.039494052529335022e-01 7.298311218619346619e-03
1.152727976441383362e-01 1.046074274927377701e-02
1.215784102678298950e-01 1.226032711565494537e-02
1.287563741207122803e-01 1.431827992200851440e-02
1.334678679704666138e-01 1.566610299050807953e-02
1.599915623664855957e-01 2.302088215947151184e-02
1.757431179285049438e-01 2.708226814866065979e-02
1.894567459821701050e-01 3.038456663489341736e-02
2.037599831819534302e-01 3.358293697237968445e-02
2.098083049058914185e-01 3.485884889960289001e-02
2.305762618780136108e-01 3.889723867177963257e-02
2.399303466081619263e-01 4.054677113890647888e-02
2.515898048877716064e-01 4.246110469102859497e-02
2.601896524429321289e-01 4.377559199929237366e-02
2.689658105373382568e-01 4.503476992249488831e-02
2.931986749172210693e-01 4.810427129268646240e-02
3.019862771034240723e-01 4.907865822315216064e-02
3.071102201938629150e-01 4.961480572819709778e-02
3.147256672382354736e-01 5.036967992782592773e-02
3.210648894309997559e-01 5.096108093857765198e-02
3.344519138336181641e-01 5.210506916046142578e-02
3.470694720745086670e-01 5.306113138794898987e-02
3.566783964633941650e-01 5.371556058526039124e-02
3.679680228233337402e-01 5.440917238593101501e-02
3.840127885341644287e-01 5.526768416166305542e-02
3.895216584205627441e-01 5.553108453750610352e-02
3.940365910530090332e-01 5.573592707514762878e-02
4.009513258934020996e-01 5.603149533271789551e-02
4.160659909248352051e-01 5.660823732614517212e-02
4.199478030204772949e-01 5.674258992075920105e-02
4.270016551017761230e-01 5.697390064597129822e-02
4.366893470287322998e-01 5.726751312613487244e-02
4.522317945957183838e-01 5.769084393978118896e-02
4.593102037906646729e-01 5.786839872598648071e-02
4.796054065227508545e-01 5.834354087710380554e-02
4.939110577106475830e-01 5.866348743438720703e-02
5.018834471702575684e-01 5.884144082665443420e-02
5.068580508232116699e-01 5.895334109663963318e-02
5.155617594718933105e-01 5.915188789367675781e-02
5.266740918159484863e-01 5.941248312592506409e-02
5.298036932945251465e-01 5.948754772543907166e-02
5.433456301689147949e-01 5.982155352830886841e-02
5.470032095909118652e-01 5.991426110267639160e-02
5.567620992660522461e-01 6.016613170504570007e-02
5.911704301834106445e-01 6.107262521982192993e-02
5.932435393333435059e-01 6.112574785947799683e-02
6.065810322761535645e-01 6.145424768328666687e-02
6.139715313911437988e-01 6.162271648645401001e-02
6.228682994842529297e-01 6.180801242589950562e-02
6.249159574508666992e-01 6.184749305248260498e-02
6.333321332931518555e-01 6.199542060494422913e-02
6.397246122360229492e-01 6.209063902497291565e-02
6.499454975128173828e-01 6.220748275518417358e-02
6.704451441764831543e-01 6.228714063763618469e-02
6.767854690551757812e-01 6.226416677236557007e-02
6.788519620895385742e-01 6.225140392780303955e-02
7.057089209556579590e-01 6.182930618524551392e-02
7.155187129974365234e-01 6.154776737093925476e-02
7.329335808753967285e-01 6.086653843522071838e-02
7.415567636489868164e-01 6.043979898095130920e-02
7.550302743911743164e-01 5.964992195367813110e-02
7.624740600585937500e-01 5.914751067757606506e-02
7.753767371177673340e-01 5.816240236163139343e-02
8.035517334938049316e-01 5.548811703920364380e-02
8.220783472061157227e-01 5.331864207983016968e-02
8.287163972854614258e-01 5.245780199766159058e-02
8.355246782302856445e-01 5.152744427323341370e-02
8.417025208473205566e-01 5.064057186245918274e-02
8.457560539245605469e-01 5.003606155514717102e-02
8.507589697837829590e-01 4.926469549536705017e-02
8.694813251495361328e-01 4.611770436167716980e-02
8.761547207832336426e-01 4.489029571413993835e-02
8.884729146957397461e-01 4.246456548571586609e-02
8.911190629005432129e-01 4.191458970308303833e-02
9.006174802780151367e-01 3.984888270497322083e-02
9.076043963432312012e-01 3.823053836822509766e-02
9.158124327659606934e-01 3.620891273021697998e-02
9.204484224319458008e-01 3.500279784202575684e-02
9.322506189346313477e-01 3.168286010622978210e-02
9.452462196350097656e-01 2.747590467333793640e-02
9.508029222488403320e-01 2.541708946228027344e-02
9.626567959785461426e-01 2.004366740584373474e-02
9.672415256500244141e-01 1.722306013107299805e-02
9.680225849151611328e-01 1.665720343589782715e-02
