9.611650705337524414e-01 3.519022837281227112e-02
9.610460400581359863e-01 3.532362729310989380e-02
9.605551958084106445e-01 3.581981360912322998e-02
9.591614603996276855e-01 3.700548410415649414e-02
9.539522528648376465e-01 4.054210335016250610e-02
9.512389898300170898e-01 4.216127470135688782e-02
9.459615349769592285e-01 4.509152844548225403e-02
9.448935985565185547e-01 4.565810784697532654e-02
9.428788423538208008e-01 4.670728370547294617e-02
9.401353001594543457e-01 4.809905216097831726e-02
9.353213906288146973e-01 5.045254901051521301e-02
9.328720569610595703e-01 5.161210894584655762e-02
9.276134371757507324e-01 5.402715876698493958e-02
9.239290356636047363e-01 5.566432327032089233e-02
9.181855916976928711e-01 5.813577771186828613e-02
9.144507050514221191e-01 5.969465523958206177e-02
9.102144241333007812e-01 6.142020225524902344e-02
9.065974950790405273e-01 6.285957992076873779e-02
9.004122614860534668e-01 6.525307893753051758e-02
8.975884318351745605e-01 6.631867587566375732e-02
8.856128454208374023e-01 7.066191732883453369e-02
8.771880269050598145e-01 7.355804741382598877e-02
8.658933043479919434e-01 7.725010067224502563e-02
8.643956184387207031e-01 7.772392034530639648e-02
8.544549345970153809e-01 8.078055828809738159e-02
8.498781323432922363e-01 8.213729411363601685e-02
8.306800723075866699e-01 8.749914169311523438e-02
8.236735463142395020e-01 8.932906389236450195e-02
8.074017167091369629e-01 9.333072602748870850e-02
7.980522513389587402e-01 9.547860175371170044e-02
7.909587621688842773e-01 9.703698754310607910e-02
7.726920247077941895e-01 1.007767319679260254e-01
7.561740875244140625e-01 1.038321182131767273e-01
7.481573224067687988e-01 1.052076593041419983e-01
7.386015057563781738e-01 1.067581176757812500e-01
7.310805916786193848e-01 1.079118475317955017e-01
7.187818884849548340e-01 1.096753627061843872e-01
7.088294625282287598e-01 1.109933853149414062e-01
6.907438635826110840e-01 1.131471693515777588e-01
6.844725012779235840e-01 1.138234585523605347e-01
6.671373844146728516e-01 1.155103817582130432e-01
6.536259651184082031e-01 1.166450455784797668e-01
6.357970237731933594e-01 1.179101392626762390e-01
6.254830360412597656e-01 1.185251176357269287e-01
6.214408278465270996e-01 1.187433749437332153e-01
6.157156229019165039e-01 1.190307810902595520e-01
5.894784331321716309e-01 1.200305074453353882e-01
5.759570002555847168e-01 1.203476712107658386e-01
5.568630695343017578e-01 1.205731406807899475e-01
5.451018214225769043e-01 1.205849125981330872e-01
5.236078500747680664e-01 1.203608959913253784e-01
5.197851061820983887e-01 1.202882006764411926e-01
5.105767250061035156e-01 1.200726032257080078e-01
4.993029832839965820e-01 1.197313666343688965e-01
4.818817377090454102e-01 1.190377771854400635e-01
4.706302285194396973e-01 1.184830665588378906e-01
4.574304521083831787e-01 1.177258789539337158e-01
4.462752938270568848e-01 1.169966161251068115e-01
4.383876025676727295e-01 1.164316013455390930e-01
4.349302947521209717e-01 1.161709949374198914e-01
4.246749877929687500e-01 1.153517290949821472e-01
3.893829286098480225e-01 1.120014116168022156e-01
3.686759471893310547e-01 1.096491813659667969e-01
3.602072000503540039e-01 1.086037904024124146e-01
3.490785956382751465e-01 1.071556806564331055e-01
3.341811299324035645e-01 1.050834059715270996e-01
3.121061623096466064e-01 1.017258316278457642e-01
2.998468577861785889e-01 9.970973432064056396e-02
2.965707778930664062e-01 9.915228188037872314e-02
2.841843962669372559e-01 9.697204828262329102e-02
2.679041028022766113e-01 9.392789006233215332e-02
2.551705539226531982e-01 9.140070527791976929e-02
2.464512139558792114e-01 8.959353715181350708e-02
2.353566288948059082e-01 8.720079809427261353e-02
2.283065617084503174e-01 8.562431484460830688e-02
2.134227305650711060e-01 8.214680105447769165e-02
1.939105987548828125e-01 7.726129144430160522e-02
1.851931959390640259e-01 7.494971156120300293e-02
1.759740710258483887e-01 7.241196930408477783e-02
1.624184399843215942e-01 6.849431246519088745e-02
1.490930169820785522e-01 6.440699100494384766e-02
1.383101046085357666e-01 6.090947985649108887e-02
1.297835111618041992e-01 5.801077559590339661e-02
1.194982677698135376e-01 5.434117466211318970e-02
1.107664406299591064e-01 5.106079205870628357e-02
1.016177386045455933e-01 4.744055494666099548e-02
9.200677275657653809e-02 4.340679571032524109e-02
8.468306064605712891e-02 4.014977067708969116e-02
7.943880558013916016e-02 3.770558908581733704e-02
7.160954922437667847e-02 3.385447710752487183e-02
6.130059435963630676e-02 2.832741662859916687e-02
5.578427389264106750e-02 2.509395033121109009e-02
4.537320137023925781e-02 1.821395196020603180e-02
3.809278458356857300e-02 1.238378416746854782e-02
3.394537046551704407e-02 8.284176699817180634e-03
3.056533634662628174e-02 3.907721955329179764e-03
2.925726398825645447e-02 1.514470903202891350e-03
2.891159616410732269e-02 6.983684143051505089e-04
2.848865091800689697e-02 -5.604611360467970371e-04
2.813510596752166748e-02 -4.165350925177335739e-03
2.876546047627925873e-02 -6.528282072395086288e-03
2.994162961840629578e-02 -8.431646972894668579e-03
3.338513150811195374e-02 -1.131320185959339142e-02
3.546861559152603149e-02 -1.239802129566669464e-02
3.966897726058959961e-02 -1.392533723264932632e-02
4.627813026309013367e-02 -1.535239443182945251e-02
5.470172688364982605e-02 -1.623034290969371796e-02
7.470395416021347046e-02 -1.620269939303398132e-02
8.226168900728225708e-02 -1.575472205877304077e-02
9.410754591226577759e-02 -1.477885618805885315e-02
1.048857495188713074e-01 -1.370214950293302536e-02
1.144811511039733887e-01 -1.265538018196821213e-02
1.223150342702865601e-01 -1.176760159432888031e-02
1.345576345920562744e-01 -1.036040298640727997e-02
1.398789137601852417e-01 -9.751183912158012390e-03
1.611257791519165039e-01 -7.396283559501171112e-03
1.813833862543106079e-01 -5.333700682967901230e-03
1.882742494344711304e-01 -4.681249149143695831e-03
1.959908604621887207e-01 -3.981695044785737991e-03
2.115746289491653442e-01 -2.669599372893571854e-03
2.190629541873931885e-01 -2.086384920403361320e-03
2.261160612106323242e-01 -1.564368139952421188e-03
2.366888821125030518e-01 -8.299180772155523300e-04
2.414577156305313110e-01 -5.168947973288595676e-04
2.494530230760574341e-01 -1.652913306315895170e-05
2.579176127910614014e-01 4.811209510080516338e-04
2.671580612659454346e-01 9.886078769341111183e-04
2.750337123870849609e-01 1.393257291056215763e-03
2.828382849693298340e-01 1.770357135683298111e-03
2.962490320205688477e-01 2.366645028814673424e-03
3.025277853012084961e-01 2.624929184094071388e-03
3.121377229690551758e-01 2.996486146003007889e-03
3.218428194522857666e-01 3.344672964885830879e-03
3.302212357521057129e-01 3.625266486778855324e-03
3.410421013832092285e-01 3.962823655456304550e-03
3.505580425262451172e-01 4.238924011588096619e-03
3.650093376636505127e-01 4.626040812581777573e-03
3.698276281356811523e-01 4.747584927827119827e-03
3.802600204944610596e-01 4.999742843210697174e-03
4.007591605186462402e-01 5.460253451019525528e-03
4.157196283340454102e-01 5.776377860456705093e-03
4.225650727748870850e-01 5.917740985751152039e-03
4.285730719566345215e-01 6.040872540324926376e-03
4.401692152023315430e-01 6.277784239500761032e-03
4.576534926891326904e-01 6.638922262936830521e-03
4.618110060691833496e-01 6.726413965225219727e-03
4.828173518180847168e-01 7.184140384197235107e-03
4.959885776042938232e-01 7.488524541258811951e-03
5.015245676040649414e-01 7.621263619512319565e-03
5.127301216125488281e-01 7.899492047727108002e-03
5.274549126625061035e-01 8.285728283226490021e-03
5.337709188461303711e-01 8.458836935460567474e-03
5.532118082046508789e-01 9.019741788506507874e-03
5.686926245689392090e-01 9.495450183749198914e-03
5.865170955657958984e-01 1.007160916924476624e-02
5.936378836631774902e-01 1.030915975570678711e-02
6.038161516189575195e-01 1.065487973392009735e-02
6.161745786666870117e-01 1.108274236321449280e-02
6.288453936576843262e-01 1.152833458036184311e-02
6.489016413688659668e-01 1.224187854677438736e-02
6.637017726898193359e-01 1.277020014822483063e-02
6.742122173309326172e-01 1.314423512667417526e-02
6.881307363510131836e-01 1.363616157323122025e-02
7.121113538742065430e-01 1.446966826915740967e-02
7.339691519737243652e-01 1.520939171314239502e-02
7.472785711288452148e-01 1.564944535493850708e-02
7.577649354934692383e-01 1.599062606692314148e-02
7.688588500022888184e-01 1.634650491178035736e-02
7.918696403503417969e-01 1.707020774483680725e-02
8.040096759796142578e-01 1.744606345891952515e-02
8.200371861457824707e-01 1.793925091624259949e-02
8.399010300636291504e-01 1.855286955833435059e-02
8.477356433868408203e-01 1.879829913377761841e-02
8.531371355056762695e-01 1.896949857473373413e-02
8.641621470451354980e-01 1.932607591152191162e-02
8.821204900741577148e-01 1.993856765329837799e-02
8.896066546440124512e-01 2.021127566695213318e-02
8.973311781883239746e-01 2.050786092877388000e-02
9.088940620422363281e-01 2.099057286977767944e-02
9.137461781501770020e-01 2.121121250092983246e-02
9.178895354270935059e-01 2.141029946506023407e-02
9.233981370925903320e-01 2.169315144419670105e-02
9.353588223457336426e-01 2.240215428173542023e-02
9.381188750267028809e-01 2.258998528122901917e-02
9.420564770698547363e-01 2.287837117910385132e-02
9.457252025604248047e-01 2.317234501242637634e-02
9.498739838600158691e-01 2.353999577462673187e-02
9.544042944908142090e-01 2.399276755750179291e-02
9.581741690635681152e-01 2.441737428307533264e-02
9.613502621650695801e-01 2.481098286807537079e-02
9.630895256996154785e-01 2.503885701298713684e-02
9.640059471130371094e-01 2.516141347587108612e-02
