9.632511734962463379e-01 2.256169356405735016e-02
9.630934596061706543e-01 2.279662527143955231e-02
9.624031186103820801e-01 2.368533611297607422e-02
9.605647921562194824e-01 2.556110732257366180e-02
9.557688832283020020e-01 2.933762222528457642e-02
9.523925185203552246e-01 3.159099072217941284e-02
9.448868632316589355e-01 3.601144999265670776e-02
9.414635300636291504e-01 3.784691914916038513e-02
9.373177289962768555e-01 3.995756432414054871e-02
9.325993061065673828e-01 4.223581030964851379e-02
9.261248707771301270e-01 4.518252611160278320e-02
9.234782457351684570e-01 4.633499309420585632e-02
9.177669286727905273e-01 4.873152077198028564e-02
9.135563969612121582e-01 5.042587965726852417e-02
8.983124494552612305e-01 5.611684545874595642e-02
8.932520747184753418e-01 5.787055194377899170e-02
8.853089213371276855e-01 6.050244346261024475e-02
8.773586153984069824e-01 6.299960613250732422e-02
8.699911236763000488e-01 6.520020961761474609e-02
8.619011640548706055e-01 6.749873608350753784e-02
8.499754667282104492e-01 7.067749649286270142e-02
8.410843014717102051e-01 7.289533317089080811e-02
8.189619779586791992e-01 7.789665460586547852e-02
8.132149577140808105e-01 7.908336073160171509e-02
8.007819652557373047e-01 8.150248229503631592e-02
7.842981815338134766e-01 8.441488444805145264e-02
7.727882862091064453e-01 8.626192808151245117e-02
7.629573941230773926e-01 8.772536367177963257e-02
7.453755140304565430e-01 9.009695053100585938e-02
7.362911105155944824e-01 9.120639413595199585e-02
7.214697003364562988e-01 9.285942465066909790e-02
7.014897465705871582e-01 9.480515122413635254e-02
6.842701435089111328e-01 9.624904394149780273e-02
6.790945529937744141e-01 9.664487838745117188e-02
6.642283201217651367e-01 9.769260138273239136e-02
6.579629778861999512e-01 9.809719771146774292e-02
6.351593732833862305e-01 9.940590709447860718e-02
6.185985803604125977e-01 1.002154052257537842e-01
6.109399199485778809e-01 1.005550473928451538e-01
5.924657583236694336e-01 1.012948378920555115e-01
5.847276449203491211e-01 1.015743464231491089e-01
5.671674013137817383e-01 1.021492630243301392e-01
5.516141057014465332e-01 1.025949567556381226e-01
5.453158020973205566e-01 1.027594357728958130e-01
5.332126617431640625e-01 1.030501872301101685e-01
5.226276516914367676e-01 1.032772138714790344e-01
5.093305706977844238e-01 1.035256981849670410e-01
4.942300617694854736e-01 1.037559881806373596e-01
4.810520410537719727e-01 1.039085462689399719e-01
4.724027514457702637e-01 1.039822846651077271e-01
4.502203762531280518e-01 1.040653362870216370e-01
4.393342733383178711e-01 1.040443331003189087e-01
4.314268529415130615e-01 1.040009409189224243e-01
4.249587357044219971e-01 1.039467155933380127e-01
4.057424664497375488e-01 1.036776006221771240e-01
4.016423523426055908e-01 1.035977900028228760e-01
3.890682160854339600e-01 1.032994836568832397e-01
3.744108676910400391e-01 1.028427183628082275e-01
3.638974428176879883e-01 1.024365946650505066e-01
3.535486757755279541e-01 1.019677743315696716e-01
3.444347679615020752e-01 1.014946699142456055e-01
3.351092040538787842e-01 1.009485870599746704e-01
3.219896256923675537e-01 1.000675633549690247e-01
3.091250061988830566e-01 9.906651079654693604e-02
3.025971055030822754e-01 9.850330650806427002e-02
2.967612743377685547e-01 9.796679764986038208e-02
2.881808578968048096e-01 9.711911529302597046e-02
2.741766273975372314e-01 9.557690471410751343e-02
2.626691460609436035e-01 9.415267407894134521e-02
2.434634417295455933e-01 9.143275767564773560e-02
2.337437719106674194e-01 8.987987041473388672e-02
2.266497462987899780e-01 8.866633474826812744e-02
2.160757482051849365e-01 8.672509342432022095e-02
2.068319022655487061e-01 8.489095419645309448e-02
2.004974633455276489e-01 8.355616778135299683e-02
1.963581740856170654e-01 8.264829218387603760e-02
1.866227388381958008e-01 8.039672672748565674e-02
1.715514808893203735e-01 7.656725496053695679e-02
1.651342362165451050e-01 7.479978352785110474e-02
1.489554047584533691e-01 6.994190812110900879e-02
1.406931132078170776e-01 6.721721589565277100e-02
1.330366432666778564e-01 6.452798843383789062e-02
1.168097183108329773e-01 5.823083966970443726e-02
1.097356379032135010e-01 5.518907681107521057e-02
1.045759096741676331e-01 5.283621326088905334e-02
9.547302871942520142e-02 4.836134985089302063e-02
8.998734503984451294e-02 4.542656242847442627e-02
8.310250937938690186e-02 4.142295569181442261e-02
7.474828511476516724e-02 3.591753169894218445e-02
6.853491067886352539e-02 3.112149611115455627e-02
6.407888978719711304e-02 2.705357410013675690e-02
5.717261508107185364e-02 1.791095547378063202e-02
5.613544210791587830e-02 1.522491779178380966e-02
5.572272092103958130e-02 1.306699123233556747e-02
5.598438531160354614e-02 9.856674820184707642e-03
5.691051110625267029e-02 7.769313175231218338e-03
5.890275910496711731e-02 5.546894390136003494e-03
6.093596294522285461e-02 4.198608454316854477e-03
6.169507652521133423e-02 3.815501462668180466e-03
6.255216151475906372e-02 3.438813146203756332e-03
6.474686414003372192e-02 2.682825084775686264e-03
6.658843904733657837e-02 2.224018331617116928e-03
7.022730261087417603e-02 1.651740050874650478e-03
7.343357801437377930e-02 1.418248866684734821e-03
8.194067329168319702e-02 1.609399449080228806e-03
8.833913505077362061e-02 2.266447991132736206e-03
9.505429118871688843e-02 3.253019647672772408e-03
1.092056781053543091e-01 5.891491193324327469e-03
1.208014413714408875e-01 8.305609226226806641e-03
1.333446949720382690e-01 1.096972264349460602e-02
1.466429382562637329e-01 1.374946068972349167e-02
1.553414762020111084e-01 1.551736798137426376e-02
1.639438420534133911e-01 1.721867360174655914e-02
1.834794431924819946e-01 2.089712955057621002e-02
1.940137147903442383e-01 2.277371473610401154e-02
2.069105654954910278e-01 2.497223578393459320e-02
2.194464802742004395e-01 2.700880169868469238e-02
2.305243462324142456e-01 2.872948721051216125e-02
2.380509823560714722e-01 2.985772490501403809e-02
2.425515651702880859e-01 3.051694855093955994e-02
2.564465403556823730e-01 3.248131275177001953e-02
2.651714384555816650e-01 3.366128355264663696e-02
2.772852480411529541e-01 3.523296117782592773e-02
2.863470613956451416e-01 3.635891899466514587e-02
2.973805963993072510e-01 3.767320886254310608e-02
3.090328574180603027e-01 3.899434208869934082e-02
3.183999955654144287e-01 4.000680148601531982e-02
3.255341947078704834e-01 4.074826464056968689e-02
3.438398241996765137e-01 4.253294318914413452e-02
3.533597290515899658e-01 4.339329525828361511e-02
3.676662147045135498e-01 4.459726810455322266e-02
3.779287934303283691e-01 4.539372399449348450e-02
3.878675401210784912e-01 4.611015692353248596e-02
3.909674882888793945e-01 4.632234945893287659e-02
4.022305905818939209e-01 4.704719781875610352e-02
4.077817201614379883e-01 4.737735539674758911e-02
4.213049411773681641e-01 4.810450971126556396e-02
4.268421530723571777e-01 4.836988821625709534e-02
4.337980449199676514e-01 4.867589846253395081e-02
4.427003562450408936e-01 4.902213066816329956e-02
4.515286087989807129e-01 4.931395500898361206e-02
4.590708613395690918e-01 4.952167719602584839e-02
4.707915782928466797e-01 4.976674914360046387e-02
4.758520722389221191e-01 4.984287172555923462e-02
4.888091087341308594e-01 4.995493590831756592e-02
4.947308897972106934e-01 4.996628686785697937e-02
5.080878138542175293e-01 4.990024119615554810e-02
5.246890783309936523e-01 4.964453727006912231e-02
5.315063595771789551e-01 4.948590323328971863e-02
5.432897806167602539e-01 4.914237186312675476e-02
5.504893660545349121e-01 4.889184236526489258e-02
5.612833499908447266e-01 4.846346750855445862e-02
5.752480030059814453e-01 4.782642424106597900e-02
5.811848640441894531e-01 4.753117635846138000e-02
5.905032157897949219e-01 4.704305529594421387e-02
6.098747253417968750e-01 4.595312848687171936e-02
6.227670311927795410e-01 4.518961533904075623e-02
6.277467608451843262e-01 4.488972201943397522e-02
6.340585350990295410e-01 4.450703412294387817e-02
6.434782147407531738e-01 4.393288493156433105e-02
6.515686511993408203e-01 4.343906417489051819e-02
6.641045212745666504e-01 4.267694056034088135e-02
6.733378767967224121e-01 4.212060570716857910e-02
6.793793439865112305e-01 4.175978153944015503e-02
6.943925023078918457e-01 4.087648540735244751e-02
7.130409479141235352e-01 3.980955854058265686e-02
7.280356287956237793e-01 3.897738456726074219e-02
7.479004263877868652e-01 3.790866956114768982e-02
7.540432810783386230e-01 3.758522495627403259e-02
7.646549344062805176e-01 3.703319281339645386e-02
7.745503187179565430e-01 3.652486205101013184e-02
7.883901000022888184e-01 3.582125157117843628e-02
8.040738105773925781e-01 3.502811118960380554e-02
8.086203932762145996e-01 3.479775041341781616e-02
8.228303194046020508e-01 3.407196328043937683e-02
8.301708698272705078e-01 3.369108214974403381e-02
8.410012125968933105e-01 3.311714902520179749e-02
8.484143018722534180e-01 3.271301835775375366e-02
8.712327480316162109e-01 3.137829154729843140e-02
8.831478953361511230e-01 3.059792518615722656e-02
8.956859707832336426e-01 2.967890910804271698e-02
9.029671549797058105e-01 2.908137068152427673e-02
9.146301150321960449e-01 2.798507921397686005e-02
9.179576039314270020e-01 2.763121761381626129e-02
9.299662113189697266e-01 2.613461762666702271e-02
9.333139657974243164e-01 2.563581056892871857e-02
9.394007325172424316e-01 2.459817007184028625e-02
9.503743648529052734e-01 2.206294238567352295e-02
9.567546844482421875e-01 1.987321674823760986e-02
9.612358808517456055e-01 1.772250235080718994e-02
9.624827504158020020e-01 1.698484644293785095e-02
9.630552530288696289e-01 1.662019826471805573e-02
