9.621641039848327637e-01 3.374718502163887024e-02
9.620634913444519043e-01 3.384382277727127075e-02
9.615802764892578125e-01 3.426449745893478394e-02
9.598372578620910645e-01 3.552129864692687988e-02
9.556441307067871094e-01 3.802549839019775391e-02
9.519239068031311035e-01 4.001266509294509888e-02
9.454768300056457520e-01 4.320164769887924194e-02
9.434052705764770508e-01 4.417926073074340820e-02
9.420745372772216797e-01 4.479738697409629822e-02
9.375722408294677734e-01 4.683891683816909790e-02
9.342989325523376465e-01 4.828048869967460632e-02
9.316794276237487793e-01 4.941122978925704956e-02
9.255852103233337402e-01 5.197127163410186768e-02
9.216910004615783691e-01 5.356017872691154480e-02
9.149564504623413086e-01 5.623044818639755249e-02
9.084898829460144043e-01 5.870942771434783936e-02
9.020029306411743164e-01 6.111924350261688232e-02
8.970614671707153320e-01 6.290628015995025635e-02
8.855903148651123047e-01 6.690304726362228394e-02
8.834972381591796875e-01 6.761042028665542603e-02
8.694953918457031250e-01 7.217870652675628662e-02
8.631042242050170898e-01 7.417266070842742920e-02
8.491786122322082520e-01 7.832956314086914062e-02
8.469430804252624512e-01 7.897362858057022095e-02
8.399561047554016113e-01 8.094619214534759521e-02
8.293026685714721680e-01 8.383885771036148071e-02
8.187101483345031738e-01 8.658111095428466797e-02
8.150376677513122559e-01 8.750144392251968384e-02
7.963034510612487793e-01 9.196008741855621338e-02
7.797788977622985840e-01 9.557626396417617798e-02
7.713389992713928223e-01 9.731319546699523926e-02
7.525522112846374512e-01 1.009229570627212524e-01
7.442923784255981445e-01 1.024016663432121277e-01
7.353283166885375977e-01 1.039342433214187622e-01
7.193042039871215820e-01 1.064927205443382263e-01
7.151944637298583984e-01 1.071126237511634827e-01
7.013555765151977539e-01 1.090954095125198364e-01
6.835564970970153809e-01 1.114180758595466614e-01
6.684318780899047852e-01 1.132019311189651489e-01
6.628870368003845215e-01 1.138144060969352722e-01
6.548323035240173340e-01 1.146657988429069519e-01
6.339691877365112305e-01 1.166697889566421509e-01
6.058809161186218262e-01 1.189425662159919739e-01
5.962597727775573730e-01 1.196168735623359680e-01
5.913677811622619629e-01 1.199403554201126099e-01
5.723637938499450684e-01 1.210772320628166199e-01
5.550392270088195801e-01 1.219537630677223206e-01
5.405828952789306641e-01 1.225726008415222168e-01
5.258104801177978516e-01 1.231013983488082886e-01
5.087019801139831543e-01 1.235843002796173096e-01
4.929484128952026367e-01 1.239059120416641235e-01
4.900248646736145020e-01 1.239525601267814636e-01
4.767332673072814941e-01 1.241121217608451843e-01
4.668063819408416748e-01 1.241745501756668091e-01
4.541693329811096191e-01 1.241822540760040283e-01
4.471571147441864014e-01 1.241509914398193359e-01
4.277573227882385254e-01 1.239279955625534058e-01
4.078336358070373535e-01 1.234802901744842529e-01
4.011173844337463379e-01 1.232768148183822632e-01
3.973272144794464111e-01 1.231499090790748596e-01
3.890105187892913818e-01 1.228401213884353638e-01
3.772307634353637695e-01 1.223254725337028503e-01
3.502053022384643555e-01 1.207870468497276306e-01
3.435685038566589355e-01 1.203280240297317505e-01
3.320485353469848633e-01 1.194503381848335266e-01
3.187955021858215332e-01 1.183070465922355652e-01
3.030668795108795166e-01 1.167524158954620361e-01
2.860496938228607178e-01 1.148093268275260925e-01
2.823510766029357910e-01 1.143487542867660522e-01
2.697031795978546143e-01 1.126639991998672485e-01
2.585983574390411377e-01 1.110371574759483337e-01
2.519870400428771973e-01 1.099990010261535645e-01
2.392096817493438721e-01 1.078357324004173279e-01
2.302495390176773071e-01 1.061876639723777771e-01
2.222659885883331299e-01 1.046218797564506531e-01
2.038062065839767456e-01 1.006197556853294373e-01
1.950313746929168701e-01 9.851372241973876953e-02
1.841123849153518677e-01 9.569133073091506958e-02
1.762836724519729614e-01 9.351973235607147217e-02
1.434734910726547241e-01 8.286769688129425049e-02
1.335869133472442627e-01 7.909219712018966675e-02
1.267911046743392944e-01 7.632239907979965210e-02
1.160040348768234253e-01 7.160933315753936768e-02
9.856171160936355591e-02 6.307522207498550415e-02
9.473562985658645630e-02 6.103652715682983398e-02
8.535974472761154175e-02 5.575983598828315735e-02
7.802556455135345459e-02 5.133159086108207703e-02
7.183904200792312622e-02 4.737002030014991760e-02
6.639713793992996216e-02 4.369669035077095032e-02
5.280051007866859436e-02 3.360182791948318481e-02
4.752996563911437988e-02 2.924636378884315491e-02
4.036509990692138672e-02 2.275772392749786377e-02
2.994539402425289154e-02 1.109325420111417770e-02
2.709804847836494446e-02 6.563330534845590591e-03
2.605405636131763458e-02 4.270639736205339432e-03
2.532840892672538757e-02 1.645527197979390621e-03
2.524775266647338867e-02 -2.333160955458879471e-04
2.539564855396747589e-02 -1.141256652772426605e-03
2.563826367259025574e-02 -1.884497469291090965e-03
2.665048651397228241e-02 -3.435708815231919289e-03
2.857945114374160767e-02 -4.811443388462066650e-03
3.268754482269287109e-02 -5.976117681711912155e-03
3.487153723835945129e-02 -6.190292071551084518e-03
3.724383562803268433e-02 -6.246709730476140976e-03
4.403606802225112915e-02 -5.780351348221302032e-03
5.487101897597312927e-02 -3.989979159086942673e-03
6.567832082509994507e-02 -1.568062230944633484e-03
7.502537220716476440e-02 7.818783051334321499e-04
8.706235885620117188e-02 3.964764066040515900e-03
9.895779937505722046e-02 7.150949444621801376e-03
1.129062175750732422e-01 1.081866212189197540e-02
1.243400797247886658e-01 1.371057610958814621e-02
1.369125396013259888e-01 1.673230528831481934e-02
1.518881022930145264e-01 2.008473500609397888e-02
1.638681441545486450e-01 2.256089635193347931e-02
1.791920661926269531e-01 2.545654587447643280e-02
2.045650929212570190e-01 2.959212847054004669e-02
2.130652964115142822e-01 3.080063313245773315e-02
2.261406630277633667e-01 3.249453753232955933e-02
2.391950041055679321e-01 3.399437293410301208e-02
2.501612007617950439e-01 3.511351346969604492e-02
2.602857053279876709e-01 3.603789210319519043e-02
2.745960056781768799e-01 3.717484325170516968e-02
2.817170321941375732e-01 3.766991943120956421e-02
2.877010107040405273e-01 3.805105388164520264e-02
2.923660576343536377e-01 3.832667693495750427e-02
2.986487448215484619e-01 3.866882994771003723e-02
3.067399263381958008e-01 3.906183317303657532e-02
3.203056454658508301e-01 3.960547968745231628e-02
3.393964171409606934e-01 4.014151543378829956e-02
3.461363017559051514e-01 4.027089849114418030e-02
3.583446145057678223e-01 4.043094068765640259e-02
3.654491603374481201e-01 4.048209264874458313e-02
3.724949359893798828e-01 4.050384461879730225e-02
3.800081014633178711e-01 4.049667343497276306e-02
3.885294795036315918e-01 4.045244306325912476e-02
3.976564705371856689e-01 4.036497697234153748e-02
4.020042717456817627e-01 4.030949249863624573e-02
4.171282052993774414e-01 4.005222022533416748e-02
4.256497919559478760e-01 3.986679017543792725e-02
4.407927095890045166e-01 3.947404772043228149e-02
4.457365274429321289e-01 3.933011367917060852e-02
4.519940316677093506e-01 3.913802653551101685e-02
4.614253938198089600e-01 3.882955759763717651e-02
4.780331254005432129e-01 3.823983669281005859e-02
4.873479902744293213e-01 3.788842260837554932e-02
4.999008476734161377e-01 3.739767149090766907e-02
5.132111907005310059e-01 3.686253353953361511e-02
5.183444023132324219e-01 3.665360808372497559e-02
5.264216661453247070e-01 3.632330521941184998e-02
5.414801239967346191e-01 3.570658713579177856e-02
5.542503595352172852e-01 3.518713638186454773e-02
5.669814348220825195e-01 3.467621654272079468e-02
5.757814645767211914e-01 3.432850167155265808e-02
5.951641201972961426e-01 3.358129784464836121e-02
6.103588342666625977e-01 3.301521763205528259e-02
6.207193732261657715e-01 3.263942524790763855e-02
6.235195398330688477e-01 3.253925964236259460e-02
6.340261101722717285e-01 3.216866776347160339e-02
6.467794179916381836e-01 3.172959759831428528e-02
6.679884195327758789e-01 3.102372400462627411e-02
6.971738934516906738e-01 3.009639121592044830e-02
7.081661224365234375e-01 2.975877001881599426e-02
7.171916961669921875e-01 2.948588505387306213e-02
7.384352684020996094e-01 2.885792031884193420e-02
7.561420798301696777e-01 2.834894694387912750e-02
7.641806006431579590e-01 2.812202088534832001e-02
7.737355232238769531e-01 2.785559557378292084e-02
8.011469244956970215e-01 2.711120992898941040e-02
8.096391558647155762e-01 2.688669227063655853e-02
8.162031769752502441e-01 2.671519853174686432e-02
8.349536657333374023e-01 2.623538486659526825e-02
8.454767465591430664e-01 2.597289532423019409e-02
8.500601053237915039e-01 2.586014382541179657e-02
8.560046553611755371e-01 2.571535296738147736e-02
8.659417629241943359e-01 2.547695674002170563e-02
8.757750988006591797e-01 2.524549700319766998e-02
8.844481706619262695e-01 2.504481375217437744e-02
8.996601700782775879e-01 2.469906583428382874e-02
9.062277078628540039e-01 2.455104142427444458e-02
9.146993756294250488e-01 2.435905858874320984e-02
9.208034873008728027e-01 2.421798929572105408e-02
9.301946759223937988e-01 2.398966997861862183e-02
9.381046891212463379e-01 2.377451770007610321e-02
9.422715306282043457e-01 2.364505827426910400e-02
9.462317228317260742e-01 2.350486069917678833e-02
9.532967805862426758e-01 2.318256534636020660e-02
9.584870934486389160e-01 2.283353731036186218e-02
9.618737697601318359e-01 2.250594086945056915e-02
9.647132754325866699e-01 2.212537825107574463e-02
9.667153358459472656e-01 2.176699042320251465e-02
9.672589302062988281e-01 2.165243960916996002e-02
