9.657242894172668457e-01 2.535028196871280670e-02
9.656572937965393066e-01 2.541362307965755463e-02
9.652393460273742676e-01 2.577888965606689453e-02
9.616440534591674805e-01 2.826607599854469299e-02
9.588724374771118164e-01 2.993055619299411774e-02
9.558232426643371582e-01 3.165513277053833008e-02
9.503827095031738281e-01 3.456277400255203247e-02
9.478115439414978027e-01 3.588242828845977783e-02
9.427159428596496582e-01 3.841864690184593201e-02
9.396057128906250000e-01 3.992281481623649597e-02
9.327071905136108398e-01 4.315894842147827148e-02
9.269431829452514648e-01 4.577071219682693481e-02
9.227420687675476074e-01 4.762752726674079895e-02
9.151569604873657227e-01 5.088911578059196472e-02
8.983594179153442383e-01 5.774335935711860657e-02
8.929992914199829102e-01 5.983373522758483887e-02
8.841606378555297852e-01 6.318654119968414307e-02
8.753905296325683594e-01 6.640279293060302734e-02
8.665663599967956543e-01 6.953289359807968140e-02
8.536076545715332031e-01 7.394509017467498779e-02
8.448791503906250000e-01 7.679793983697891235e-02
8.373122811317443848e-01 7.919592410326004028e-02
8.283845186233520508e-01 8.193764090538024902e-02
8.217343091964721680e-01 8.391933143138885498e-02
8.090725541114807129e-01 8.755255490541458130e-02
8.055374026298522949e-01 8.853468298912048340e-02
7.909101843833923340e-01 9.245149791240692139e-02
7.828938961029052734e-01 9.449918568134307861e-02
7.785112857818603516e-01 9.558963775634765625e-02
7.664949297904968262e-01 9.847480803728103638e-02
7.480663061141967773e-01 1.026075929403305054e-01
7.365627288818359375e-01 1.050118878483772278e-01
7.161242961883544922e-01 1.089595109224319458e-01
7.002511024475097656e-01 1.117466613650321960e-01
6.941536664962768555e-01 1.127541288733482361e-01
6.825509071350097656e-01 1.145762950181961060e-01
6.672822237014770508e-01 1.167887076735496521e-01
6.596454977989196777e-01 1.178179979324340820e-01
6.398081183433532715e-01 1.202584952116012573e-01
6.323775649070739746e-01 1.210881322622299194e-01
6.193872094154357910e-01 1.224313527345657349e-01
5.887504220008850098e-01 1.250798851251602173e-01
5.824171304702758789e-01 1.255397796630859375e-01
5.641729235649108887e-01 1.267038434743881226e-01
5.419277548789978027e-01 1.278095394372940063e-01
5.197163224220275879e-01 1.285815834999084473e-01
5.010886788368225098e-01 1.289800256490707397e-01
4.967960417270660400e-01 1.290400177240371704e-01
4.794859290122985840e-01 1.291619688272476196e-01
4.673061668872833252e-01 1.291325241327285767e-01
4.442397654056549072e-01 1.288149654865264893e-01
4.328440129756927490e-01 1.285302937030792236e-01
4.219147264957427979e-01 1.281766444444656372e-01
4.146023094654083252e-01 1.278953701257705688e-01
3.875641822814941406e-01 1.265369653701782227e-01
3.803251683712005615e-01 1.260859519243240356e-01
3.697734177112579346e-01 1.253603249788284302e-01
3.616636097431182861e-01 1.247465014457702637e-01
3.273569941520690918e-01 1.215843111276626587e-01
3.177224695682525635e-01 1.205231025815010071e-01
3.151561617851257324e-01 1.202269941568374634e-01
3.026858866214752197e-01 1.187053099274635315e-01
2.831053733825683594e-01 1.160269156098365784e-01
2.786722779273986816e-01 1.153690814971923828e-01
2.607460618019104004e-01 1.125043779611587524e-01
2.525824606418609619e-01 1.110859513282775879e-01
2.453640997409820557e-01 1.097693145275115967e-01
2.335142791271209717e-01 1.074749827384948730e-01
2.211870253086090088e-01 1.049031913280487061e-01
2.146829813718795776e-01 1.034658253192901611e-01
2.086970806121826172e-01 1.020914688706398010e-01
1.981641799211502075e-01 9.954746067523956299e-02
1.923404037952423096e-01 9.806865453720092773e-02
1.829659193754196167e-01 9.557378292083740234e-02
1.748801916837692261e-01 9.330192953348159790e-02
1.510424464941024780e-01 8.588153123855590820e-02
1.461788415908813477e-01 8.421979844570159912e-02
1.413135230541229248e-01 8.250170946121215820e-02
1.352709978818893433e-01 8.028561621904373169e-02
1.281093209981918335e-01 7.753249257802963257e-02
1.167938634753227234e-01 7.287159562110900879e-02
1.016619056463241577e-01 6.593462079763412476e-02
9.547457098960876465e-02 6.281781941652297974e-02
8.682177960872650146e-02 5.812228843569755554e-02
8.093919605016708374e-02 5.466200411319732666e-02
7.862015813589096069e-02 5.322752520442008972e-02
6.880737841129302979e-02 4.660852253437042236e-02
6.215157359838485718e-02 4.144296422600746155e-02
5.872400477528572083e-02 3.847346827387809753e-02
5.336829647421836853e-02 3.319806605577468872e-02
4.951813444495201111e-02 2.862734720110893250e-02
4.698106646537780762e-02 2.493742667138576508e-02
4.325796663761138916e-02 1.599235460162162781e-02
4.301789775490760803e-02 1.440435089170932770e-02
4.303582385182380676e-02 1.095477677881717682e-02
4.393960535526275635e-02 7.492749020457267761e-03
4.464270919561386108e-02 6.037031766027212143e-03
4.642575979232788086e-02 3.502202453091740608e-03
4.775705561041831970e-02 2.110056113451719284e-03
4.879419133067131042e-02 1.188943162560462952e-03
5.312390252947807312e-02 -1.805400708690285683e-03
5.628776550292968750e-02 -3.518491052091121674e-03
6.003304198384284973e-02 -5.282771307975053787e-03
6.450743228197097778e-02 -7.168481126427650452e-03
6.849834322929382324e-02 -8.716291747987270355e-03
7.124388962984085083e-02 -9.724326431751251221e-03
7.611310482025146484e-02 -1.141440868377685547e-02
8.047226071357727051e-02 -1.283123902976512909e-02
8.601760119199752808e-02 -1.451270654797554016e-02
9.443106502294540405e-02 -1.682595908641815186e-02
1.008472666144371033e-01 -1.841381564736366272e-02
1.146290227770805359e-01 -2.136957086622714996e-02
1.204798668622970581e-01 -2.245669439435005188e-02
1.344045251607894897e-01 -2.469434775412082672e-02
1.436612457036972046e-01 -2.593831904232501984e-02
1.538660675287246704e-01 -2.711023017764091492e-02
1.669529527425765991e-01 -2.833835594356060028e-02
1.869323849678039551e-01 -2.969108708202838898e-02
2.018107920885086060e-01 -3.033924475312232971e-02
2.096003592014312744e-01 -3.056877478957176208e-02
2.253099232912063599e-01 -3.082119300961494446e-02
2.337427437305450439e-01 -3.084811009466648102e-02
2.433771640062332153e-01 -3.079193085432052612e-02
2.671860158443450928e-01 -3.028333932161331177e-02
2.803302407264709473e-01 -2.979282103478908539e-02
2.862443327903747559e-01 -2.952627465128898621e-02
2.924977242946624756e-01 -2.921446785330772400e-02
3.021703660488128662e-01 -2.867287769913673401e-02
3.204383850097656250e-01 -2.745999582111835480e-02
3.342704772949218750e-01 -2.638177387416362762e-02
3.404463827610015869e-01 -2.585692517459392548e-02
3.486887216567993164e-01 -2.511520497500896454e-02
3.663807213306427002e-01 -2.336521446704864502e-02
3.742997348308563232e-01 -2.251236699521541595e-02
3.823104798793792725e-01 -2.160582318902015686e-02
3.874870538711547852e-01 -2.099643275141716003e-02
3.939997255802154541e-01 -2.020333334803581238e-02
3.976995646953582764e-01 -1.973957009613513947e-02
4.069061279296875000e-01 -1.854359544813632965e-02
4.161734282970428467e-01 -1.727849431335926056e-02
4.413848519325256348e-01 -1.351536624133586884e-02
4.637929201126098633e-01 -9.755470789968967438e-03
4.788931012153625488e-01 -6.988119333982467651e-03
4.860715270042419434e-01 -5.604187957942485809e-03
4.941034913063049316e-01 -4.002634901553392410e-03
4.994275867938995361e-01 -2.909998642280697823e-03
5.045948028564453125e-01 -1.825944054871797562e-03
5.086602568626403809e-01 -9.568096138536930084e-04
5.126188993453979492e-01 -9.688558930065482855e-05
5.515910387039184570e-01 9.018531069159507751e-03
5.556290745735168457e-01 1.001820713281631470e-02
5.636091828346252441e-01 1.201325282454490662e-02
5.692789554595947266e-01 1.344214472919702530e-02
5.748149156570434570e-01 1.484263874590396881e-02
5.829568505287170410e-01 1.690414920449256897e-02
5.925940275192260742e-01 1.933203823864459991e-02
6.023774743080139160e-01 2.176330611109733582e-02
6.128811836242675781e-01 2.431246452033519745e-02
6.253200769424438477e-01 2.721779607236385345e-02
6.292741894721984863e-01 2.811033278703689575e-02
6.354023218154907227e-01 2.946045063436031342e-02
6.585260629653930664e-01 3.414754197001457214e-02
6.698617339134216309e-01 3.618742153048515320e-02
6.726549267768859863e-01 3.666264936327934265e-02
6.889361739158630371e-01 3.921268507838249207e-02
6.957721114158630371e-01 4.017068073153495789e-02
7.135356664657592773e-01 4.234914109110832214e-02
7.277293205261230469e-01 4.377103596925735474e-02
7.502948045730590820e-01 4.546375572681427002e-02
7.619507312774658203e-01 4.607218503952026367e-02
7.831909060478210449e-01 4.672832414507865906e-02
7.923454046249389648e-01 4.683407396078109741e-02
8.045641779899597168e-01 4.681115597486495972e-02
8.089995980262756348e-01 4.675662517547607422e-02
8.184543251991271973e-01 4.655828326940536499e-02
8.285737037658691406e-01 4.622186720371246338e-02
8.427842855453491211e-01 4.553046077489852905e-02
8.570781350135803223e-01 4.457116499543190002e-02
8.759860396385192871e-01 4.287589341402053833e-02
8.870217800140380859e-01 4.164604470133781433e-02
8.989789485931396484e-01 4.009348526597023010e-02
9.050948619842529297e-01 3.920252621173858643e-02
9.162735342979431152e-01 3.738283738493919373e-02
9.233252406120300293e-01 3.609002009034156799e-02
9.280595779418945312e-01 3.514874354004859924e-02
9.327710270881652832e-01 3.414481878280639648e-02
9.504417777061462402e-01 2.953844331204891205e-02
9.582327604293823242e-01 2.675573714077472687e-02
9.627652764320373535e-01 2.463592030107975006e-02
9.654142856597900391e-01 2.303461171686649323e-02
9.664327502250671387e-01 2.229070663452148438e-02
9.671221375465393066e-01 2.172630466520786285e-02
