9.667879939079284668e-01 4.180889204144477844e-02
9.666606187820434570e-01 4.186327010393142700e-02
9.648571014404296875e-01 4.269423708319664001e-02
9.617311358451843262e-01 4.420947283506393433e-02
9.506573677062988281e-01 4.967537522315979004e-02
9.437993168830871582e-01 5.304107442498207092e-02
9.312351942062377930e-01 5.911287292838096619e-02
9.249219894409179688e-01 6.211174279451370239e-02
9.163683056831359863e-01 6.611716002225875854e-02
9.065905809402465820e-01 7.061309367418289185e-02
8.936623930931091309e-01 7.642223685979843140e-02
8.844252824783325195e-01 8.047889173030853271e-02
8.786550760269165039e-01 8.297342061996459961e-02
8.570299744606018066e-01 9.205421060323715210e-02
8.358501195907592773e-01 1.005412489175796509e-01
8.259766697883605957e-01 1.043609678745269775e-01
8.133868575096130371e-01 1.091060265898704529e-01
7.990429997444152832e-01 1.143409088253974915e-01
7.730389833450317383e-01 1.233660951256752014e-01
7.567225098609924316e-01 1.287216693162918091e-01
7.412287592887878418e-01 1.335868537425994873e-01
7.191942930221557617e-01 1.401332616806030273e-01
6.971406340599060059e-01 1.462431252002716064e-01
6.925465464591979980e-01 1.474596410989761353e-01
6.695410013198852539e-01 1.532573848962783813e-01
6.603745818138122559e-01 1.554294675588607788e-01
6.444577574729919434e-01 1.590123623609542847e-01
6.335884332656860352e-01 1.613202840089797974e-01
6.139768362045288086e-01 1.651953011751174927e-01
6.008973121643066406e-01 1.675705760717391968e-01
5.849292278289794922e-01 1.702403426170349121e-01
5.731645822525024414e-01 1.720433682203292847e-01
5.570592880249023438e-01 1.742829084396362305e-01
5.463719367980957031e-01 1.756213605403900146e-01
5.360019803047180176e-01 1.768057346343994141e-01
5.247362852096557617e-01 1.779636144638061523e-01
5.157693028450012207e-01 1.787881106138229370e-01
5.110036134719848633e-01 1.791910231113433838e-01
4.985835254192352295e-01 1.801246106624603271e-01
4.910280704498291016e-01 1.806095838546752930e-01
4.756458699703216553e-01 1.813999414443969727e-01
4.623964726924896240e-01 1.818661689758300781e-01
4.558860361576080322e-01 1.820214539766311646e-01
4.342115521430969238e-01 1.821823716163635254e-01
4.248204827308654785e-01 1.820795089006423950e-01
4.156981110572814941e-01 1.818780750036239624e-01
4.051032662391662598e-01 1.815171837806701660e-01
3.971970081329345703e-01 1.811580359935760498e-01
3.929853737354278564e-01 1.809351295232772827e-01
3.734205961227416992e-01 1.796075701713562012e-01
3.604103624820709229e-01 1.784550845623016357e-01
3.532220423221588135e-01 1.777244359254837036e-01
3.453031480312347412e-01 1.768413484096527100e-01
3.328898847103118896e-01 1.752900928258895874e-01
3.294569253921508789e-01 1.748247891664505005e-01
3.200694322586059570e-01 1.734710186719894409e-01
3.070234656333923340e-01 1.713897138833999634e-01
2.966434359550476074e-01 1.695649176836013794e-01
2.869973778724670410e-01 1.677327603101730347e-01
2.802163064479827881e-01 1.663649529218673706e-01
2.725561857223510742e-01 1.647394895553588867e-01
2.588486969470977783e-01 1.616140305995941162e-01
2.521661221981048584e-01 1.599876433610916138e-01
2.472048103809356689e-01 1.587357521057128906e-01
2.335408478975296021e-01 1.550884246826171875e-01
2.227220684289932251e-01 1.519874930381774902e-01
2.182178795337677002e-01 1.506393849849700928e-01
2.096725553274154663e-01 1.479871869087219238e-01
2.013760954141616821e-01 1.452908068895339966e-01
1.892360895872116089e-01 1.411217004060745239e-01
1.746153682470321655e-01 1.357303261756896973e-01
1.666452735662460327e-01 1.326114833354949951e-01
1.584901511669158936e-01 1.292814910411834717e-01
1.529887616634368896e-01 1.269525140523910522e-01
1.453597545623779297e-01 1.236075684428215027e-01
1.337900161743164062e-01 1.182643026113510132e-01
1.297016739845275879e-01 1.162935420870780945e-01
1.147060096263885498e-01 1.086624786257743835e-01
1.074203103780746460e-01 1.047068461775779724e-01
1.035296097397804260e-01 1.025217995047569275e-01
9.600134938955307007e-02 9.813976287841796875e-02
8.768420666456222534e-02 9.304176270961761475e-02
8.095428347587585449e-02 8.869791775941848755e-02
7.390378415584564209e-02 8.391246944665908813e-02
6.564385443925857544e-02 7.795958966016769409e-02
5.650605261325836182e-02 7.086303085088729858e-02
5.026322975754737854e-02 6.564681977033615112e-02
4.614917188882827759e-02 6.201661005616188049e-02
4.091380164027214050e-02 5.713926255702972412e-02
3.429737314581871033e-02 5.048008263111114502e-02
2.580433152616024017e-02 4.086080938577651978e-02
2.038975991308689117e-02 3.383737429976463318e-02
1.727226190268993378e-02 2.934215776622295380e-02
1.192283350974321365e-02 2.047091908752918243e-02
8.381605148315429688e-03 1.328188180923461914e-02
5.669367033988237381e-03 6.381336133927106857e-03
4.893397912383079529e-03 3.996123559772968292e-03
3.716963343322277069e-03 -2.956626995000988245e-04
3.057089634239673615e-03 -3.391644218936562538e-03
2.841104054823517799e-03 -4.637543112039566040e-03
2.485533244907855988e-03 -7.333537098020315170e-03
2.359780482947826385e-03 -1.231374312192201614e-02
2.877669408917427063e-03 -1.563424430787563324e-02
4.526636097580194473e-03 -1.942839100956916809e-02
7.435952778905630112e-03 -2.264786884188652039e-02
1.259971503168344498e-02 -2.580461464822292328e-02
1.468117162585258484e-02 -2.669605240225791931e-02
1.691910997033119202e-02 -2.751364186406135559e-02
1.917491853237152100e-02 -2.822529338300228119e-02
2.708651870489120483e-02 -3.011687286198139191e-02
3.753402456641197205e-02 -3.172507882118225098e-02
4.938248172402381897e-02 -3.282209113240242004e-02
5.940594524145126343e-02 -3.334490954875946045e-02
7.167899608612060547e-02 -3.361245244741439819e-02
8.592905104160308838e-02 -3.352082893252372742e-02
9.106487780809402466e-02 -3.339901193976402283e-02
1.068134456872940063e-01 -3.277533873915672302e-02
1.172073110938072205e-01 -3.218051791191101074e-02
1.285520642995834351e-01 -3.138503432273864746e-02
1.362645626068115234e-01 -3.076448477804660797e-02
1.468891799449920654e-01 -2.981235086917877197e-02
1.627756804227828979e-01 -2.819589897990226746e-02
1.693338900804519653e-01 -2.746642567217350006e-02
1.772726774215698242e-01 -2.653807401657104492e-02
1.978180259466171265e-01 -2.392216771841049194e-02
2.093896269798278809e-01 -2.232455834746360779e-02
2.249670624732971191e-01 -2.004615403711795807e-02
2.312925606966018677e-01 -1.908200420439243317e-02
2.485679984092712402e-01 -1.634361036121845245e-02
2.583851516246795654e-01 -1.472372468560934067e-02
2.685197293758392334e-01 -1.300702523440122604e-02
2.805529832839965820e-01 -1.091457530856132507e-02
2.892107069492340088e-01 -9.375504218041896820e-03
2.929348945617675781e-01 -8.705390617251396179e-03
3.070604801177978516e-01 -6.122885271906852722e-03
3.152373135089874268e-01 -4.600824788212776184e-03
3.251509964466094971e-01 -2.731665736064314842e-03
3.299101889133453369e-01 -1.825902378186583519e-03
3.391501605510711670e-01 -5.326551399775780737e-05
3.498409092426300049e-01 2.018145984038710594e-03
3.719006776809692383e-01 6.345421541482210159e-03
3.787617683410644531e-01 7.701511029154062271e-03
3.883862793445587158e-01 9.608407504856586456e-03
3.963100016117095947e-01 1.118029560893774033e-02
4.003801047801971436e-01 1.198774017393589020e-02
4.124977886676788330e-01 1.438889559358358383e-02
4.216101467609405518e-01 1.618846692144870758e-02
4.289969205856323242e-01 1.764104329049587250e-02
4.401152729988098145e-01 1.981293596327304840e-02
4.618107378482818604e-01 2.397981844842433929e-02
4.691738784313201904e-01 2.536606043577194214e-02
4.750002622604370117e-01 2.645091153681278229e-02
4.828272461891174316e-01 2.788961306214332581e-02
4.900205433368682861e-01 2.919125370681285858e-02
5.036607384681701660e-01 3.159884735941886902e-02
5.126703381538391113e-01 3.314077481627464294e-02
5.218214392662048340e-01 3.466349467635154724e-02
5.360803008079528809e-01 3.694077953696250916e-02
5.439332723617553711e-01 3.814149275422096252e-02
5.644799470901489258e-01 4.108648747205734253e-02
5.703996419906616211e-01 4.187887161970138550e-02
5.810824036598205566e-01 4.324159771203994751e-02
5.929582118988037109e-01 4.465109109878540039e-02
5.974221229553222656e-01 4.515131562948226929e-02
6.190877556800842285e-01 4.734087735414505005e-02
6.262470483779907227e-01 4.797528311610221863e-02
6.424576044082641602e-01 4.924346879124641418e-02
6.540105342864990234e-01 5.000247433781623840e-02
6.656287312507629395e-01 5.064249783754348755e-02
6.870509386062622070e-01 5.149511620402336121e-02
7.016927599906921387e-01 5.183181166648864746e-02
7.133021950721740723e-01 5.195624008774757385e-02
7.291756868362426758e-01 5.192210897803306580e-02
7.390113472938537598e-01 5.178249999880790710e-02
7.579299211502075195e-01 5.125923827290534973e-02
7.683725357055664062e-01 5.082684382796287537e-02
7.804780006408691406e-01 5.019767209887504578e-02
7.910711169242858887e-01 4.953429102897644043e-02
8.046645522117614746e-01 4.852835834026336670e-02
8.148559927940368652e-01 4.765973985195159912e-02
8.252155184745788574e-01 4.667580872774124146e-02
8.359409570693969727e-01 4.554925858974456787e-02
8.535058498382568359e-01 4.346543550491333008e-02
8.647606968879699707e-01 4.197287186980247498e-02
8.877730965614318848e-01 3.853535652160644531e-02
8.960709571838378906e-01 3.716894239187240601e-02
9.193412065505981445e-01 3.299448266625404358e-02
9.292505383491516113e-01 3.108397871255874634e-02
9.460982680320739746e-01 2.776723355054855347e-02
9.614119529724121094e-01 2.514914423227310181e-02
9.629094600677490234e-01 2.497063577175140381e-02
9.639309048652648926e-01 2.486315742135047913e-02
