9.596698284149169922e-01 3.463615849614143372e-02
9.595463871955871582e-01 3.473523259162902832e-02
9.591779112815856934e-01 3.501647338271141052e-02
9.571921229362487793e-01 3.632231429219245911e-02
9.529667496681213379e-01 3.862544521689414978e-02
9.503533244132995605e-01 3.989352658390998840e-02
9.458187222480773926e-01 4.192317277193069458e-02
9.445444941520690918e-01 4.246333241462707520e-02
9.409880042076110840e-01 4.391365125775337219e-02
9.373768568038940430e-01 4.531263560056686401e-02
9.300690293312072754e-01 4.795802384614944458e-02
9.274321198463439941e-01 4.886035621166229248e-02
9.174550771713256836e-01 5.206583440303802490e-02
9.126755595207214355e-01 5.349825695157051086e-02
9.045112133026123047e-01 5.581130087375640869e-02
8.973328471183776855e-01 5.771863088011741638e-02
8.910184502601623535e-01 5.930741503834724426e-02
8.847420215606689453e-01 6.081009283661842346e-02
8.756687641143798828e-01 6.285679340362548828e-02
8.699722290039062500e-01 6.407041102647781372e-02
8.559517860412597656e-01 6.683993339538574219e-02
8.442394137382507324e-01 6.893246620893478394e-02
8.299046158790588379e-01 7.124051451683044434e-02
8.258424997329711914e-01 7.184649258852005005e-02
8.203058242797851562e-01 7.263961434364318848e-02
8.096512556076049805e-01 7.406239211559295654e-02
7.972526550292968750e-01 7.555352151393890381e-02
7.908868193626403809e-01 7.625304162502288818e-02
7.722509503364562988e-01 7.805561274290084839e-02
7.609395384788513184e-01 7.897954434156417847e-02
7.455464601516723633e-01 8.004198968410491943e-02
7.223314046859741211e-01 8.124687522649765015e-02
7.097848057746887207e-01 8.171296864748001099e-02
6.991130113601684570e-01 8.201427012681961060e-02
6.852986216545104980e-01 8.228216320276260376e-02
6.750081181526184082e-01 8.239760249853134155e-02
6.595101952552795410e-01 8.244597911834716797e-02
6.404864192008972168e-01 8.231775462627410889e-02
6.154028177261352539e-01 8.187360316514968872e-02
6.079749464988708496e-01 8.168944716453552246e-02
5.992946624755859375e-01 8.144695311784744263e-02
5.735226273536682129e-01 8.057270944118499756e-02
5.598442554473876953e-01 8.002668619155883789e-02
5.499383807182312012e-01 7.960025966167449951e-02
5.391459465026855469e-01 7.910851389169692993e-02
5.223492383956909180e-01 7.829175889492034912e-02
5.062589645385742188e-01 7.745563983917236328e-02
4.881166815757751465e-01 7.645507901906967163e-02
4.746197760105133057e-01 7.567322999238967896e-02
4.657761752605438232e-01 7.514417916536331177e-02
4.451494216918945312e-01 7.385989278554916382e-02
4.355122148990631104e-01 7.323589920997619629e-02
4.219956994056701660e-01 7.233513146638870239e-02
4.151059091091156006e-01 7.186440378427505493e-02
4.013752043247222900e-01 7.090292125940322876e-02
3.936420083045959473e-01 7.034756988286972046e-02
3.842011094093322754e-01 6.965598464012145996e-02
3.708243966102600098e-01 6.865017861127853394e-02
3.488434255123138428e-01 6.693045049905776978e-02
3.402730524539947510e-01 6.623703986406326294e-02
3.357035815715789795e-01 6.586197763681411743e-02
3.195573389530181885e-01 6.450667977333068848e-02
3.026743531227111816e-01 6.303843855857849121e-02
2.916111350059509277e-01 6.204724311828613281e-02
2.769682109355926514e-01 6.069871410727500916e-02
2.649725675582885742e-01 5.956174433231353760e-02
2.555532157421112061e-01 5.864766240119934082e-02
2.492448240518569946e-01 5.802454799413681030e-02
2.419352233409881592e-01 5.729110911488533020e-02
2.295512557029724121e-01 5.601896718144416809e-02
2.132168561220169067e-01 5.427880957722663879e-02
2.053855359554290771e-01 5.341660603880882263e-02
1.950587928295135498e-01 5.224861577153205872e-02
1.809405833482742310e-01 5.058695375919342041e-02
1.682282835245132446e-01 4.901553317904472351e-02
1.569699347019195557e-01 4.755271598696708679e-02
1.472007781267166138e-01 4.621919617056846619e-02
1.339394450187683105e-01 4.429446533322334290e-02
1.246070042252540588e-01 4.284543544054031372e-02
1.131011843681335449e-01 4.092858731746673584e-02
9.814761579036712646e-02 3.817189484834671021e-02
9.017653018236160278e-02 3.655209392309188843e-02
7.731641083955764771e-02 3.366446122527122498e-02
6.153227761387825012e-02 2.953094989061355591e-02
5.041412264108657837e-02 2.610175684094429016e-02
4.281821101903915405e-02 2.343261428177356720e-02
3.856305032968521118e-02 2.179216593503952026e-02
3.372327238321304321e-02 1.977122202515602112e-02
2.605012618005275726e-02 1.612655632197856903e-02
1.924158819019794464e-02 1.220150571316480637e-02
1.545053254812955856e-02 9.505684487521648407e-03
1.240491587668657303e-02 6.770646665245294571e-03
1.020757853984832764e-02 3.884269855916500092e-03
9.620266035199165344e-03 2.561052795499563217e-03
9.346759878098964691e-03 1.106460695154964924e-03
9.386530146002769470e-03 3.309705061838030815e-04
9.805539622902870178e-03 -9.837354300543665886e-04
1.060955505818128586e-02 -2.135982038453221321e-03
1.129505224525928497e-02 -2.798180328682065010e-03
1.251552160829305649e-02 -3.682879498228430748e-03
1.471821870654821396e-02 -4.825492855161428452e-03
1.796875521540641785e-02 -6.015922408550977707e-03
2.144585177302360535e-02 -6.963637191802263260e-03
2.464346773922443390e-02 -7.666550576686859131e-03
3.088112361729145050e-02 -8.765979669988155365e-03
4.045101627707481384e-02 -1.006653252989053726e-02
6.091075763106346130e-02 -1.211838610470294952e-02
7.625106722116470337e-02 -1.328532863408327103e-02
8.842057734727859497e-02 -1.403401885181665421e-02
1.035447046160697937e-01 -1.476294826716184616e-02
1.114327907562255859e-01 -1.505898218601942062e-02
1.224091649055480957e-01 -1.538019813597202301e-02
1.271853595972061157e-01 -1.548846065998077393e-02
1.446763128042221069e-01 -1.573322154581546783e-02
1.555279344320297241e-01 -1.577463001012802124e-02
1.683642119169235229e-01 -1.572607271373271942e-02
1.757961511611938477e-01 -1.565391011536121368e-02
1.826605349779129028e-01 -1.556092500686645508e-02
1.993411332368850708e-01 -1.523977518081665039e-02
2.102385461330413818e-01 -1.496541220694780350e-02
2.212973982095718384e-01 -1.464173756539821625e-02
2.332919985055923462e-01 -1.424554362893104553e-02
2.488017082214355469e-01 -1.367376651614904404e-02
2.582369148731231689e-01 -1.329800859093666077e-02
2.693460583686828613e-01 -1.283269841223955154e-02
2.761269211769104004e-01 -1.253803260624408722e-02
2.875304222106933594e-01 -1.202680170536041260e-02
2.960675060749053955e-01 -1.163297705352306366e-02
3.066208362579345703e-01 -1.113509759306907654e-02
3.265343606472015381e-01 -1.016933843493461609e-02
3.320777118206024170e-01 -9.895654395222663879e-03
3.393501043319702148e-01 -9.534080512821674347e-03
3.477012217044830322e-01 -9.115755558013916016e-03
3.563041985034942627e-01 -8.681856095790863037e-03
3.711881339550018311e-01 -7.925170473754405975e-03
3.769188523292541504e-01 -7.632010616362094879e-03
3.927722275257110596e-01 -6.815792527049779892e-03
3.959669172763824463e-01 -6.650320719927549362e-03
4.081465005874633789e-01 -6.015914026647806168e-03
4.225581288337707520e-01 -5.256157834082841873e-03
4.336600899696350098e-01 -4.661798011511564255e-03
4.455699324607849121e-01 -4.012300632894039154e-03
4.554939270019531250e-01 -3.458983264863491058e-03
4.631413221359252930e-01 -3.023263299837708473e-03
4.746539592742919922e-01 -2.348687732592225075e-03
4.799436032772064209e-01 -2.029980299994349480e-03
4.886115193367004395e-01 -1.493945484980940819e-03
4.976177513599395752e-01 -9.164774091914296150e-04
5.038460493087768555e-01 -5.034529604017734528e-04
5.293250083923339844e-01 1.322564203292131424e-03
5.358041524887084961e-01 1.825960818678140640e-03
5.446584820747375488e-01 2.541505265980958939e-03
5.615755319595336914e-01 3.998816944658756256e-03
5.706938505172729492e-01 4.832484293729066849e-03
5.809919834136962891e-01 5.811946932226419449e-03
5.975011587142944336e-01 7.456318475306034088e-03
6.043611764907836914e-01 8.162243291735649109e-03
6.090185046195983887e-01 8.647738024592399597e-03
6.205387711524963379e-01 9.866380132734775543e-03
6.303699612617492676e-01 1.092106010764837265e-02
6.364604830741882324e-01 1.157877407968044281e-02
6.496406197547912598e-01 1.300681661814451218e-02
6.594066619873046875e-01 1.406376250088214874e-02
6.680672764778137207e-01 1.499637588858604431e-02
6.895074844360351562e-01 1.726931706070899963e-02
7.133337259292602539e-01 1.970368064939975739e-02
7.246087789535522461e-01 2.081207744777202606e-02
7.459874749183654785e-01 2.282245643436908722e-02
7.694946527481079102e-01 2.487642876803874969e-02
7.854898571968078613e-01 2.616860345005989075e-02
7.978475093841552734e-01 2.710265293717384338e-02
8.102670311927795410e-01 2.798038907349109650e-02
8.243266940116882324e-01 2.889409288763999939e-02
8.352047801017761230e-01 2.953756600618362427e-02
8.448512554168701172e-01 3.005751408636569977e-02
8.514870405197143555e-01 3.038527816534042358e-02
8.603553175926208496e-01 3.078199550509452820e-02
8.743540048599243164e-01 3.130066022276878357e-02
8.888925313949584961e-01 3.167458251118659973e-02
8.947672843933105469e-01 3.176865354180335999e-02
9.060360789299011230e-01 3.183646127581596375e-02
9.113562703132629395e-01 3.180729597806930542e-02
9.225141406059265137e-01 3.158127143979072571e-02
9.298339486122131348e-01 3.127365559339523315e-02
9.346071481704711914e-01 3.098005428910255432e-02
9.374769330024719238e-01 3.075848892331123352e-02
9.425640106201171875e-01 3.025936335325241089e-02
9.478327035903930664e-01 2.954765222966670990e-02
9.522885680198669434e-01 2.871382422745227814e-02
9.574372172355651855e-01 2.730654180049896240e-02
9.600377082824707031e-01 2.629016339778900146e-02
9.609131217002868652e-01 2.587689459323883057e-02
