9.491761326789855957e-01 -2.194293215870857239e-02
9.479776024818420410e-01 -2.188096940517425537e-02
9.433361291885375977e-01 -2.155587077140808105e-02
9.289028048515319824e-01 -2.012883871793746948e-02
9.009703397750854492e-01 -1.664257980883121490e-02
8.842318654060363770e-01 -1.431753765791654587e-02
8.674914836883544922e-01 -1.187693886458873749e-02
8.581683039665222168e-01 -1.047842204570770264e-02
8.488311171531677246e-01 -9.054994210600852966e-03
8.372979760169982910e-01 -7.271212991327047348e-03
8.228947520256042480e-01 -5.015179980546236038e-03
8.179354071617126465e-01 -4.233738407492637634e-03
8.025953769683837891e-01 -1.812638365663588047e-03
7.957062721252441406e-01 -7.279634010046720505e-04
7.857500910758972168e-01 8.303680806420743465e-04
7.794336080551147461e-01 1.810301910154521465e-03
7.709448337554931641e-01 3.112466074526309967e-03
7.647265791893005371e-01 4.053032491356134415e-03
7.549898028373718262e-01 5.498088430613279343e-03
7.477794289588928223e-01 6.542859133332967758e-03
7.338817715644836426e-01 8.484929800033569336e-03
7.247552871704101562e-01 9.702502749860286713e-03
7.042081952095031738e-01 1.225562859326601028e-02
6.991490125656127930e-01 1.284211035817861557e-02
6.854482293128967285e-01 1.434453576803207397e-02
6.781262159347534180e-01 1.509612426161766052e-02
6.610885262489318848e-01 1.670940779149532318e-02
6.531221270561218262e-01 1.740078255534172058e-02
6.397868990898132324e-01 1.847292855381965637e-02
6.293910145759582520e-01 1.923854835331439972e-02
6.201145052909851074e-01 1.987282186746597290e-02
6.082124114036560059e-01 2.062324993312358856e-02
5.969137549400329590e-01 2.127395756542682648e-02
5.882415771484375000e-01 2.173536270856857300e-02
5.734691023826599121e-01 2.245087176561355591e-02
5.665082931518554688e-01 2.275928296148777008e-02
5.529010295867919922e-01 2.331307157874107361e-02
5.448958277702331543e-01 2.361047640442848206e-02
5.345708727836608887e-01 2.396518550813198090e-02
5.259498953819274902e-01 2.423799224197864532e-02
5.187665224075317383e-01 2.445006743073463440e-02
5.083050131797790527e-01 2.473565191030502319e-02
4.923475086688995361e-01 2.512248419225215912e-02
4.853552579879760742e-01 2.527499757707118988e-02
4.784201383590698242e-01 2.541684173047542572e-02
4.714089632034301758e-01 2.555126324295997620e-02
4.543403983116149902e-01 2.584428712725639343e-02
4.456520080566406250e-01 2.597676217555999756e-02
4.338904321193695068e-01 2.614055760204792023e-02
4.200966656208038330e-01 2.631305716931819916e-02
4.115459322929382324e-01 2.641108818352222443e-02
4.068796038627624512e-01 2.646215446293354034e-02
3.959551155567169189e-01 2.657609619200229645e-02
3.896692693233489990e-01 2.663871645927429199e-02
3.785374462604522705e-01 2.674581296741962433e-02
3.748487830162048340e-01 2.678053453564643860e-02
3.645367026329040527e-01 2.687654644250869751e-02
3.510912954807281494e-01 2.700169570744037628e-02
3.430026173591613770e-01 2.707837894558906555e-02
3.371909558773040771e-01 2.713466063141822815e-02
3.276089131832122803e-01 2.723044343292713165e-02
3.173160254955291748e-01 2.733860537409782410e-02
3.082332909107208252e-01 2.743958495557308197e-02
3.025966286659240723e-01 2.750523574650287628e-02
2.892694175243377686e-01 2.767046168446540833e-02
2.814049124717712402e-01 2.777500823140144348e-02
2.724280655384063721e-01 2.790097147226333618e-02
2.589281499385833740e-01 2.810359187424182892e-02
2.510407269001007080e-01 2.822888456284999847e-02
2.399252951145172119e-01 2.841299958527088165e-02
2.301107048988342285e-01 2.858132869005203247e-02
2.186475545167922974e-01 2.878190204501152039e-02
2.071031332015991211e-01 2.898385375738143921e-02
1.980127990245819092e-01 2.913902699947357178e-02
1.851005256175994873e-01 2.934585884213447571e-02
1.705177724361419678e-01 2.954525128006935120e-02
1.638173013925552368e-01 2.961858920753002167e-02
1.529402285814285278e-01 2.970379404723644257e-02
1.443092226982116699e-01 2.973354049026966095e-02
1.255154162645339966e-01 2.963843569159507751e-02
1.160547584295272827e-01 2.948038280010223389e-02
1.038243174552917480e-01 2.912936545908451080e-02
9.113012999296188354e-02 2.854073606431484222e-02
7.935623079538345337e-02 2.772913314402103424e-02
7.079052925109863281e-02 2.693436108529567719e-02
6.306283175945281982e-02 2.603491581976413727e-02
5.192674323916435242e-02 2.435906603932380676e-02
4.486269876360893250e-02 2.300565689802169800e-02
3.380702808499336243e-02 2.028930746018886566e-02
2.686028368771076202e-02 1.809060946106910706e-02
1.919781230390071869e-02 1.504899282008409500e-02
1.196404546499252319e-02 1.130997017025947571e-02
3.678421955555677414e-03 5.090364720672369003e-03
8.991094655357301235e-04 1.932665356434881687e-03
-1.199747668579220772e-03 -1.672610756941139698e-03
-2.058176323771476746e-03 -4.757210612297058105e-03
-2.039742423221468925e-03 -7.375596556812524796e-03
-1.560073462314903736e-03 -9.224515408277511597e-03
-1.071867533028125763e-03 -1.032163109630346298e-02
-5.557615659199655056e-04 -1.121030841022729874e-02
1.087545882910490036e-03 -1.326214242726564407e-02
3.714901860803365707e-03 -1.552082598209381104e-02
5.517790559679269791e-03 -1.673094555735588074e-02
9.968678466975688934e-03 -1.911868527531623840e-02
1.735090091824531555e-02 -2.211425825953483582e-02
2.861874736845493317e-02 -2.563180401921272278e-02
3.468687459826469421e-02 -2.724555134773254395e-02
4.375041276216506958e-02 -2.943039871752262115e-02
5.644111335277557373e-02 -3.216931968927383423e-02
6.822264194488525391e-02 -3.446666896343231201e-02
8.181019127368927002e-02 -3.688795864582061768e-02
9.449625760316848755e-02 -3.896585479378700256e-02
1.053619310259819031e-01 -4.062524810433387756e-02
1.251539140939712524e-01 -4.340409860014915466e-02
1.331121921539306641e-01 -4.444368556141853333e-02
1.500479876995086670e-01 -4.652746021747589111e-02
1.655261516571044922e-01 -4.829634353518486023e-02
1.774140149354934692e-01 -4.957745969295501709e-02
1.858542412519454956e-01 -5.044984072446823120e-02
1.945224851369857788e-01 -5.131584033370018005e-02
2.085050195455551147e-01 -5.265293270349502563e-02
2.183110266923904419e-01 -5.354930087924003601e-02
2.316268086433410645e-01 -5.471530929207801819e-02
2.380068302154541016e-01 -5.525393784046173096e-02
2.520199716091156006e-01 -5.639315769076347351e-02
2.615623772144317627e-01 -5.713537335395812988e-02
2.738054692745208740e-01 -5.804874375462532043e-02
2.779898047447204590e-01 -5.835099145770072937e-02
2.951723337173461914e-01 -5.953952297568321228e-02
3.034609258174896240e-01 -6.008260324597358704e-02
3.141436576843261719e-01 -6.075328961014747620e-02
3.284475505352020264e-01 -6.159907951951026917e-02
3.385950922966003418e-01 -6.216220557689666748e-02
3.434962630271911621e-01 -6.242301315069198608e-02
3.562356233596801758e-01 -6.306621432304382324e-02
3.638846278190612793e-01 -6.342786550521850586e-02
3.780725002288818359e-01 -6.404860317707061768e-02
3.835520744323730469e-01 -6.427053362131118774e-02
3.903071284294128418e-01 -6.453020870685577393e-02
4.014449417591094971e-01 -6.492417305707931519e-02
4.139449298381805420e-01 -6.531453132629394531e-02
4.219716191291809082e-01 -6.553575396537780762e-02
4.327663779258728027e-01 -6.579630076885223389e-02
4.415256381034851074e-01 -6.597623974084854126e-02
4.538418948650360107e-01 -6.618107110261917114e-02
4.587725102901458740e-01 -6.624723225831985474e-02
4.697982370853424072e-01 -6.636250764131546021e-02
4.846051335334777832e-01 -6.644671410322189331e-02
4.991164505481719971e-01 -6.645228713750839233e-02
5.106722116470336914e-01 -6.640406697988510132e-02
5.249750018119812012e-01 -6.628267467021942139e-02
5.336763262748718262e-01 -6.617712229490280151e-02
5.413383245468139648e-01 -6.606539338827133179e-02
5.569686889648437500e-01 -6.578654795885086060e-02
5.727938413619995117e-01 -6.544088572263717651e-02
5.846211910247802734e-01 -6.514568626880645752e-02
5.963929295539855957e-01 -6.482414156198501587e-02
6.065141558647155762e-01 -6.452789902687072754e-02
6.154984831809997559e-01 -6.425112485885620117e-02
6.241723895072937012e-01 -6.397274136543273926e-02
6.356412172317504883e-01 -6.358929723501205444e-02
6.489506959915161133e-01 -6.312455981969833374e-02
6.582421660423278809e-01 -6.278862804174423218e-02
6.690549254417419434e-01 -6.238658353686332703e-02
6.810240745544433594e-01 -6.192809343338012695e-02
6.888616085052490234e-01 -6.162032112479209900e-02
6.987712383270263672e-01 -6.122246757149696350e-02
7.088967561721801758e-01 -6.080551445484161377e-02
7.155922651290893555e-01 -6.052365154027938843e-02
7.260299921035766602e-01 -6.007377803325653076e-02
7.397253513336181641e-01 -5.946195870637893677e-02
7.512854933738708496e-01 -5.892373993992805481e-02
7.610577344894409180e-01 -5.845075473189353943e-02
7.663074135780334473e-01 -5.818899348378181458e-02
7.776578068733215332e-01 -5.760229378938674927e-02
7.854860424995422363e-01 -5.717905983328819275e-02
7.971959710121154785e-01 -5.651293694972991943e-02
8.053810596466064453e-01 -5.602020770311355591e-02
8.189266920089721680e-01 -5.514629930257797241e-02
8.258069157600402832e-01 -5.466976016759872437e-02
8.342504501342773438e-01 -5.404964461922645569e-02
8.428159356117248535e-01 -5.337489023804664612e-02
8.580151796340942383e-01 -5.204034596681594849e-02
8.659064769744873047e-01 -5.126401782035827637e-02
8.774886131286621094e-01 -4.999935254454612732e-02
8.830398917198181152e-01 -4.933408647775650024e-02
8.983652591705322266e-01 -4.729273915290832520e-02
9.070724844932556152e-01 -4.603648558259010315e-02
9.220712780952453613e-01 -4.399100318551063538e-02
9.318822026252746582e-01 -4.296087473630905151e-02
9.382684826850891113e-01 -4.245920479297637939e-02
9.420878887176513672e-01 -4.221726208925247192e-02
