9.557362198829650879e-01 -5.085125099867582321e-03
9.545544981956481934e-01 -4.965710919350385666e-03
9.482166171073913574e-01 -4.323778208345174789e-03
9.308058023452758789e-01 -2.540182555094361305e-03
8.877216577529907227e-01 1.961757894605398178e-03
8.676501512527465820e-01 4.072835203260183334e-03
8.531599640846252441e-01 5.592052824795246124e-03
8.466051816940307617e-01 6.276467349380254745e-03
8.296324014663696289e-01 8.036628365516662598e-03
8.180676698684692383e-01 9.222880005836486816e-03
7.990105748176574707e-01 1.114718336611986160e-02
7.910990118980407715e-01 1.193269714713096619e-02
7.758487462997436523e-01 1.342085469514131546e-02
7.657713890075683594e-01 1.438324898481369019e-02
7.552757263183593750e-01 1.536602340638637543e-02
7.472146749496459961e-01 1.610627211630344391e-02
7.327257990837097168e-01 1.740288361907005310e-02
7.236992716789245605e-01 1.818740926682949066e-02
7.155565619468688965e-01 1.887912862002849579e-02
7.093603014945983887e-01 1.939506456255912781e-02
6.898859739303588867e-01 2.095628902316093445e-02
6.780316233634948730e-01 2.186093293130397797e-02
6.618521809577941895e-01 2.303925715386867523e-02
6.520534157752990723e-01 2.372135780751705170e-02
6.351888775825500488e-01 2.484036609530448914e-02
6.288009285926818848e-01 2.524638175964355469e-02
6.205301284790039062e-01 2.575783245265483856e-02
6.085951328277587891e-01 2.646806649863719940e-02
5.996702313423156738e-01 2.697825059294700623e-02
5.888243913650512695e-01 2.757488377392292023e-02
5.712214708328247070e-01 2.849060855805873871e-02
5.622656345367431641e-01 2.893250249326229095e-02
5.515109896659851074e-01 2.944261766970157623e-02
5.438333153724670410e-01 2.979346737265586853e-02
5.331835746765136719e-01 3.026237338781356812e-02
5.270992517471313477e-01 3.052125312387943268e-02
5.162745714187622070e-01 3.096609376370906830e-02
5.109786391258239746e-01 3.117657266557216644e-02
4.988607466220855713e-01 3.164102137088775635e-02
4.923890233039855957e-01 3.187951445579528809e-02
4.769297838211059570e-01 3.242320194840431213e-02
4.735500514507293701e-01 3.253731131553649902e-02
4.611692428588867188e-01 3.294114395976066589e-02
4.560396075248718262e-01 3.310205414891242981e-02
4.459685981273651123e-01 3.340732306241989136e-02
4.407140314579010010e-01 3.356109559535980225e-02
4.316775798797607422e-01 3.381685540080070496e-02
4.248449206352233887e-01 3.400307521224021912e-02
4.138591587543487549e-01 3.428975492715835571e-02
4.053504765033721924e-01 3.450117260217666626e-02
3.961063921451568604e-01 3.472048789262771606e-02
3.912901282310485840e-01 3.483053669333457947e-02
3.821249902248382568e-01 3.503193333745002747e-02
3.702634274959564209e-01 3.527713939547538757e-02
3.623463511466979980e-01 3.543108701705932617e-02
3.434454798698425293e-01 3.576694428920745850e-02
3.333057463169097900e-01 3.592837601900100708e-02
3.171578049659729004e-01 3.615747392177581787e-02
3.051990568637847900e-01 3.630394861102104187e-02
2.994211912155151367e-01 3.636730089783668518e-02
2.860328555107116699e-01 3.649447113275527954e-02
2.758271396160125732e-01 3.657182678580284119e-02
2.639380991458892822e-01 3.663877397775650024e-02
2.511645555496215820e-01 3.668026626110076904e-02
2.366758584976196289e-01 3.668453916907310486e-02
2.293405681848526001e-01 3.666739165782928467e-02
2.203521877527236938e-01 3.662676736712455750e-02
2.181374281644821167e-01 3.661321476101875305e-02
2.131647467613220215e-01 3.657739236950874329e-02
2.061075121164321899e-01 3.651302307844161987e-02
1.998631209135055542e-01 3.644188493490219116e-02
1.875018328428268433e-01 3.625769168138504028e-02
1.787243485450744629e-01 3.608781471848487854e-02
1.646301001310348511e-01 3.573634102940559387e-02
1.546484827995300293e-01 3.541978448629379272e-02
1.477379202842712402e-01 3.516288846731185913e-02
1.364140063524246216e-01 3.466574102640151978e-02
1.217613592743873596e-01 3.385732695460319519e-02
1.113442629575729370e-01 3.314606472849845886e-02
1.049680635333061218e-01 3.264448419213294983e-02
9.477976709604263306e-02 3.172118216753005981e-02
8.704525977373123169e-02 3.090424835681915283e-02
8.092270046472549438e-02 3.017478436231613159e-02
7.534004002809524536e-02 2.943686209619045258e-02
6.570938229560852051e-02 2.797279506921768188e-02
6.054598838090896606e-02 2.707076631486415863e-02
5.011115968227386475e-02 2.493604645133018494e-02
3.911409154534339905e-02 2.208938635885715485e-02
2.919806167483329773e-02 1.873696781694889069e-02
2.500818483531475067e-02 1.698300801217556000e-02
1.716834865510463715e-02 1.278786081820726395e-02
1.155851408839225769e-02 8.283919654786586761e-03
9.614170528948307037e-03 5.919014569371938705e-03
8.086523041129112244e-03 2.975591458380222321e-03
7.526134140789508820e-03 1.311786472797393799e-04
7.644571829587221146e-03 -1.721071545034646988e-03
7.898439653217792511e-03 -2.824350725859403610e-03
8.330445736646652222e-03 -4.020330496132373810e-03
9.809679351747035980e-03 -6.572576705366373062e-03
1.151135656982660294e-02 -8.568988181650638580e-03
1.621258817613124847e-02 -1.242414116859436035e-02
1.921747252345085144e-02 -1.430914830416440964e-02
2.350138500332832336e-02 -1.659250631928443909e-02
2.640135586261749268e-02 -1.795514300465583801e-02
3.464193269610404968e-02 -2.130190096795558929e-02
4.674817621707916260e-02 -2.532890439033508301e-02
5.154724791646003723e-02 -2.672782354056835175e-02
5.897488072514533997e-02 -2.872553281486034393e-02
7.000791281461715698e-02 -3.138171508908271790e-02
7.778776437044143677e-02 -3.306500241160392761e-02
8.317431062459945679e-02 -3.414870053529739380e-02
8.828632533550262451e-02 -3.511945530772209167e-02
9.643712639808654785e-02 -3.655766695737838745e-02
1.045087128877639771e-01 -3.785655274987220764e-02
1.176153197884559631e-01 -3.971751034259796143e-02
1.266391128301620483e-01 -4.083121940493583679e-02
1.316452175378799438e-01 -4.139335080981254578e-02
1.390102803707122803e-01 -4.215119034051895142e-02
1.449089646339416504e-01 -4.270103573799133301e-02
1.511943340301513672e-01 -4.323346167802810669e-02
1.634404212236404419e-01 -4.412128403782844543e-02
1.713783442974090576e-01 -4.459811747074127197e-02
1.765225827693939209e-01 -4.486849159002304077e-02
1.851096153259277344e-01 -4.525626823306083679e-02
1.984206289052963257e-01 -4.571273922920227051e-02
2.072978168725967407e-01 -4.592885449528694153e-02
2.298760265111923218e-01 -4.620578512549400330e-02
2.400776296854019165e-01 -4.622075334191322327e-02
2.485086470842361450e-01 -4.618900641798973083e-02
2.523941993713378906e-01 -4.616207629442214966e-02
2.600187063217163086e-01 -4.608839750289916992e-02
2.670170962810516357e-01 -4.599817097187042236e-02
2.746240198612213135e-01 -4.587765038013458252e-02
2.838868498802185059e-01 -4.570221528410911560e-02
2.901876270771026611e-01 -4.556646570563316345e-02
2.945376634597778320e-01 -4.546558856964111328e-02
3.034901916980743408e-01 -4.524093866348266602e-02
3.077608942985534668e-01 -4.512624442577362061e-02
3.209926187992095947e-01 -4.474302381277084351e-02
3.317356705665588379e-01 -4.440407082438468933e-02
3.401603102684020996e-01 -4.412288218736648560e-02
3.467227518558502197e-01 -4.389532655477523804e-02
3.556672632694244385e-01 -4.357416182756423950e-02
3.695966899394989014e-01 -4.305122792720794678e-02
3.797167837619781494e-01 -4.265578463673591614e-02
3.849183022975921631e-01 -4.244794696569442749e-02
3.921679258346557617e-01 -4.215341061353683472e-02
4.109368324279785156e-01 -4.136703908443450928e-02
4.330295622348785400e-01 -4.040298610925674438e-02
4.450313746929168701e-01 -3.986404836177825928e-02
4.524449110031127930e-01 -3.952626883983612061e-02
4.581227600574493408e-01 -3.926517441868782043e-02
4.767002463340759277e-01 -3.839698433876037598e-02
4.883761405944824219e-01 -3.784086927771568298e-02
4.981954991817474365e-01 -3.736709058284759521e-02
5.050819516181945801e-01 -3.703151270747184753e-02
5.156150460243225098e-01 -3.651296719908714294e-02
5.358536839485168457e-01 -3.549807891249656677e-02
5.493598580360412598e-01 -3.480652719736099243e-02
5.647445321083068848e-01 -3.400361165404319763e-02
5.847232937812805176e-01 -3.293412551283836365e-02
5.965362787246704102e-01 -3.228574246168136597e-02
6.074810624122619629e-01 -3.167316317558288574e-02
6.132166981697082520e-01 -3.134721517562866211e-02
6.267330050468444824e-01 -3.056458197534084320e-02
6.395692825317382812e-01 -2.980073168873786926e-02
6.519147157669067383e-01 -2.904511615633964539e-02
6.695784330368041992e-01 -2.792408317327499390e-02
6.765655279159545898e-01 -2.746643312275409698e-02
6.917108893394470215e-01 -2.644414082169532776e-02
7.035617828369140625e-01 -2.561304345726966858e-02
7.210083603858947754e-01 -2.433506958186626434e-02
7.313326001167297363e-01 -2.354599535465240479e-02
7.403008341789245605e-01 -2.283954620361328125e-02
7.533567547798156738e-01 -2.177464775741100311e-02
7.635463476181030273e-01 -2.091242000460624695e-02
7.707683444023132324e-01 -2.028438821434974670e-02
7.807109355926513672e-01 -1.939656026661396027e-02
7.995344996452331543e-01 -1.764260046184062958e-02
8.111654520034790039e-01 -1.651322469115257263e-02
8.201997876167297363e-01 -1.561442390084266663e-02
8.254026770591735840e-01 -1.508938055485486984e-02
8.352831006050109863e-01 -1.408035308122634888e-02
8.478825092315673828e-01 -1.278063282370567322e-02
8.600652813911437988e-01 -1.152911037206649780e-02
8.681933879852294922e-01 -1.071175094693899155e-02
8.869843482971191406e-01 -8.963595144450664520e-03
8.985509276390075684e-01 -8.080445230007171631e-03
9.196310639381408691e-01 -7.257362361997365952e-03
9.452889561653137207e-01 -8.740789256989955902e-03
9.501827359199523926e-01 -9.408924728631973267e-03
9.576400518417358398e-01 -1.063287816941738129e-02
