9.567258358001708984e-01 -2.354940166696906090e-03
9.556787610054016113e-01 -2.429223386570811272e-03
9.509019255638122559e-01 -2.688854234293103218e-03
9.370107054710388184e-01 -3.021996468305587769e-03
9.029514193534851074e-01 -2.696844283491373062e-03
8.885474801063537598e-01 -2.303098328411579132e-03
8.737431168556213379e-01 -1.793778734281659126e-03
8.632353544235229492e-01 -1.378466491587460041e-03
8.471695184707641602e-01 -6.693079485557973385e-04
8.372721076011657715e-01 -1.926222321344539523e-04
8.159800767898559570e-01 9.236730984412133694e-04
8.087211847305297852e-01 1.330194645561277866e-03
7.995311617851257324e-01 1.862382167018949986e-03
7.840492129325866699e-01 2.800774527713656425e-03
7.680333256721496582e-01 3.823325503617525101e-03
7.590018510818481445e-01 4.421856720000505447e-03
7.480318546295166016e-01 5.169167649000883102e-03
7.301757335662841797e-01 6.431157235056161880e-03
7.233057022094726562e-01 6.931161973625421524e-03
7.187415957450866699e-01 7.267644163221120834e-03
6.973701119422912598e-01 8.887622505426406860e-03
6.904498338699340820e-01 9.427346289157867432e-03
6.722700595855712891e-01 1.087895222008228302e-02
6.635885834693908691e-01 1.158880162984132767e-02
6.513870954513549805e-01 1.260383427143096924e-02
6.439435482025146484e-01 1.323268748819828033e-02
6.278027296066284180e-01 1.462014112621545792e-02
6.169418692588806152e-01 1.557109598070383072e-02
6.070255637168884277e-01 1.645072735846042633e-02
5.987192988395690918e-01 1.719534024596214294e-02
5.843277573585510254e-01 1.850110478699207306e-02
5.773670673370361328e-01 1.913911662995815277e-02
5.640705227851867676e-01 2.036822400987148285e-02
5.571743249893188477e-01 2.101044170558452606e-02
5.454893708229064941e-01 2.210491150617599487e-02
5.397424697875976562e-01 2.264562435448169708e-02
5.321500301361083984e-01 2.336200885474681854e-02
5.222812891006469727e-01 2.429581619799137115e-02
5.076358914375305176e-01 2.568477950990200043e-02
5.033801198005676270e-01 2.608861587941646576e-02
4.893343746662139893e-01 2.742031030356884003e-02
4.783679544925689697e-01 2.845691703259944916e-02
4.631938636302947998e-01 2.988293394446372986e-02
4.530801177024841309e-01 3.082570433616638184e-02
4.419107437133789062e-01 3.185738623142242432e-02
4.364462196826934814e-01 3.235783427953720093e-02
4.264043271541595459e-01 3.326900675892829895e-02
4.208937287330627441e-01 3.376382961869239807e-02
4.090855419635772705e-01 3.481004387140274048e-02
3.960246145725250244e-01 3.594191744923591614e-02
3.833879828453063965e-01 3.700786456465721130e-02
3.756164312362670898e-01 3.764748573303222656e-02
3.646903932094573975e-01 3.852402791380882263e-02
3.532457351684570312e-01 3.941112384200096130e-02
3.434924185276031494e-01 4.013974592089653015e-02
3.327110409736633301e-01 4.091327637434005737e-02
3.237875699996948242e-01 4.152631387114524841e-02
3.138943612575531006e-01 4.217508062720298767e-02
2.952561378479003906e-01 4.330150783061981201e-02
2.887365221977233887e-01 4.366364702582359314e-02
2.750676870346069336e-01 4.436485096812248230e-02
2.655048668384552002e-01 4.480581730604171753e-02
2.525989413261413574e-01 4.533145204186439514e-02
2.422160655260086060e-01 4.569255560636520386e-02
2.232738733291625977e-01 4.619709029793739319e-02
2.177953124046325684e-01 4.630320519208908081e-02
2.082769274711608887e-01 4.644205793738365173e-02
2.059369683265686035e-01 4.646702110767364502e-02
1.946136355400085449e-01 4.653397575020790100e-02
1.878079175949096680e-01 4.652926698327064514e-02
1.802215725183486938e-01 4.648179188370704651e-02
1.672995537519454956e-01 4.629123583436012268e-02
1.616068035364151001e-01 4.616033658385276794e-02
1.447817683219909668e-01 4.558801651000976562e-02
1.359172016382217407e-01 4.516386613249778748e-02
1.247604712843894958e-01 4.449434578418731689e-02
1.193005070090293884e-01 4.410635307431221008e-02
1.076577454805374146e-01 4.313131421804428101e-02
9.502658247947692871e-02 4.181553795933723450e-02
8.750810474157333374e-02 4.088501259684562683e-02
8.237466961145401001e-02 4.017808288335800171e-02
7.261965423822402954e-02 3.865385800600051880e-02
6.506007164716720581e-02 3.728641569614410400e-02
6.040202826261520386e-02 3.635071963071823120e-02
4.369940981268882751e-02 3.227136656641960144e-02
3.899098932743072510e-02 3.086689114570617676e-02
3.376314789056777954e-02 2.913877181708812714e-02
2.767017669975757599e-02 2.685456536710262299e-02
2.131859213113784790e-02 2.407837286591529846e-02
1.482799928635358810e-02 2.066327631473541260e-02
9.033464826643466949e-03 1.684943586587905884e-02
4.828803706914186478e-03 1.328507252037525177e-02
2.355896402150392532e-03 1.057870034128427505e-02
1.052354346029460430e-03 8.792364969849586487e-03
-5.401717498898506165e-04 5.821351427584886551e-03
-1.055745524354279041e-03 4.362923093140125275e-03
-1.492287032306194305e-03 2.161851618438959122e-03
-1.518017146736383438e-03 1.484968524891883135e-04
-5.788262351416051388e-04 -3.525150474160909653e-03
3.468348295427858829e-04 -5.264352541416883469e-03
3.458328545093536377e-03 -8.956204168498516083e-03
5.011339671909809113e-03 -1.029719319194555283e-02
7.753415498882532120e-03 -1.227363944053649902e-02
1.214554719626903534e-02 -1.481605414301156998e-02
1.752795465290546417e-02 -1.732072979211807251e-02
2.241152711212635040e-02 -1.923005841672420502e-02
2.799126692116260529e-02 -2.112439088523387909e-02
4.004265740513801575e-02 -2.451840788125991821e-02
5.637968704104423523e-02 -2.815362811088562012e-02
6.681089848279953003e-02 -3.008793108165264130e-02
7.530889660120010376e-02 -3.149619325995445251e-02
8.488498628139495850e-02 -3.293258696794509888e-02
9.685093909502029419e-02 -3.453598171472549438e-02
1.113553792238235474e-01 -3.623580187559127808e-02
1.208257228136062622e-01 -3.721942752599716187e-02
1.376289576292037964e-01 -3.874805197119712830e-02
1.514738947153091431e-01 -3.982020914554595947e-02
1.616204977035522461e-01 -4.050832241773605347e-02
1.685092300176620483e-01 -4.093151912093162537e-02
1.741504073143005371e-01 -4.125279188156127930e-02
1.972149461507797241e-01 -4.234583303332328796e-02
2.029466331005096436e-01 -4.256609454751014709e-02
2.070357352495193481e-01 -4.271152243018150330e-02
2.137399464845657349e-01 -4.292950034141540527e-02
2.351419925689697266e-01 -4.346558451652526855e-02
2.516691386699676514e-01 -4.372673109173774719e-02
2.659194767475128174e-01 -4.385527595877647400e-02
2.787932455539703369e-01 -4.390070587396621704e-02
2.864352464675903320e-01 -4.389801993966102600e-02
2.913363277912139893e-01 -4.388522729277610779e-02
2.991103827953338623e-01 -4.384789243340492249e-02
3.052601814270019531e-01 -4.380408674478530884e-02
3.112134933471679688e-01 -4.375015199184417725e-02
3.199401199817657471e-01 -4.365140572190284729e-02
3.338681757450103760e-01 -4.344810917973518372e-02
3.412312865257263184e-01 -4.331932961940765381e-02
3.566759526729583740e-01 -4.300500079989433289e-02
3.636398911476135254e-01 -4.284497350454330444e-02
3.758568167686462402e-01 -4.253901913762092590e-02
3.835304975509643555e-01 -4.233148694038391113e-02
3.950629830360412598e-01 -4.199920222163200378e-02
4.033401608467102051e-01 -4.174679145216941833e-02
4.184413850307464600e-01 -4.125954955816268921e-02
4.241272509098052979e-01 -4.106805473566055298e-02
4.367248415946960449e-01 -4.063007980585098267e-02
4.428277015686035156e-01 -4.041186347603797913e-02
4.502632617950439453e-01 -4.014133661985397339e-02
4.629743397235870361e-01 -3.966869786381721497e-02
4.788983166217803955e-01 -3.906258940696716309e-02
4.996664524078369141e-01 -3.825759142637252808e-02
5.101969838142395020e-01 -3.784651681780815125e-02
5.197891592979431152e-01 -3.747191652655601501e-02
5.322122573852539062e-01 -3.698801249265670776e-02
5.413939952850341797e-01 -3.663213178515434265e-02
5.564731955528259277e-01 -3.605235740542411804e-02
5.654792785644531250e-01 -3.570935875177383423e-02
5.745133161544799805e-01 -3.536793589591979980e-02
5.942813754081726074e-01 -3.462969139218330383e-02
6.149315834045410156e-01 -3.386835008859634399e-02
6.237728595733642578e-01 -3.354374691843986511e-02
6.311587691307067871e-01 -3.327235206961631775e-02
6.421911120414733887e-01 -3.286528587341308594e-02
6.541779041290283203e-01 -3.241841122508049011e-02
6.571992635726928711e-01 -3.230467811226844788e-02
6.686709523200988770e-01 -3.186724334955215454e-02
6.759808659553527832e-01 -3.158282116055488586e-02
6.870699524879455566e-01 -3.114059194922447205e-02
7.027086019515991211e-01 -3.048885799944400787e-02
7.082699537277221680e-01 -3.024748153984546661e-02
7.160711884498596191e-01 -2.989898808300495148e-02
7.373832464218139648e-01 -2.887742407619953156e-02
7.467885613441467285e-01 -2.838851511478424072e-02
7.591826915740966797e-01 -2.770246565341949463e-02
7.649843096733093262e-01 -2.736341953277587891e-02
7.760030627250671387e-01 -2.668507210910320282e-02
7.862069606781005859e-01 -2.601342275738716125e-02
7.956415414810180664e-01 -2.535211853682994843e-02
8.106703162193298340e-01 -2.421196177601814270e-02
8.277559280395507812e-01 -2.277527749538421631e-02
8.387742638587951660e-01 -2.176429517567157745e-02
8.527635335922241211e-01 -2.038247510790824890e-02
8.583012819290161133e-01 -1.980547234416007996e-02
8.695305585861206055e-01 -1.858649402856826782e-02
8.757517337799072266e-01 -1.788590848445892334e-02
8.834496140480041504e-01 -1.699953712522983551e-02
8.900130391120910645e-01 -1.623289100825786591e-02
9.026290774345397949e-01 -1.476421207189559937e-02
9.124203920364379883e-01 -1.368086598813533783e-02
9.306062459945678711e-01 -1.208380144089460373e-02
9.483788013458251953e-01 -1.157120242714881897e-02
9.527828097343444824e-01 -1.164504606276750565e-02
9.565716981887817383e-01 -1.176571846008300781e-02
