9.639927148818969727e-01 -2.093940041959285736e-03
9.630991220474243164e-01 -2.172036329284310341e-03
9.574440121650695801e-01 -2.473469357937574387e-03
9.425247907638549805e-01 -2.464495832100510597e-03
9.153912663459777832e-01 -1.186222420074045658e-03
8.860718011856079102e-01 1.095971674658358097e-03
8.656488656997680664e-01 3.035971894860267639e-03
8.517990708351135254e-01 4.477688111364841461e-03
8.263285756111145020e-01 7.348467130213975906e-03
8.178691267967224121e-01 8.356478996574878693e-03
8.031651377677917480e-01 1.016479916870594025e-02
7.957840561866760254e-01 1.109720487147569656e-02
7.861415147781372070e-01 1.233781408518552780e-02
7.727023959159851074e-01 1.410571020096540451e-02
7.427788972854614258e-01 1.817729882895946503e-02
7.380270361900329590e-01 1.883807219564914703e-02
7.311373353004455566e-01 1.980178616940975189e-02
7.063944935798645020e-01 2.330832928419113159e-02
6.964633464813232422e-01 2.473091334104537964e-02
6.845467090606689453e-01 2.644546702504158020e-02
6.646680235862731934e-01 2.931588701903820038e-02
6.560492515563964844e-01 3.056157566606998444e-02
6.315823793411254883e-01 3.409060835838317871e-02
6.254534125328063965e-01 3.497119247913360596e-02
6.100705265998840332e-01 3.717198967933654785e-02
6.001756191253662109e-01 3.857898712158203125e-02
5.883662700653076172e-01 4.024745523929595947e-02
5.803379416465759277e-01 4.137425497174263000e-02
5.678275227546691895e-01 4.311665147542953491e-02
5.598980188369750977e-01 4.421177506446838379e-02
5.421425104141235352e-01 4.663489758968353271e-02
5.340682864189147949e-01 4.772243648767471313e-02
5.114437341690063477e-01 5.071632936596870422e-02
5.074406862258911133e-01 5.123727023601531982e-02
4.977307021617889404e-01 5.248894914984703064e-02
4.922542870044708252e-01 5.318718031048774719e-02
4.802603423595428467e-01 5.469603464007377625e-02
4.657360017299652100e-01 5.648324638605117798e-02
4.547779560089111328e-01 5.780047550797462463e-02
4.478604197502136230e-01 5.861738324165344238e-02
4.348404407501220703e-01 6.012221053242683411e-02
4.294530153274536133e-01 6.073179468512535095e-02
4.227821230888366699e-01 6.147546321153640747e-02
4.086272120475769043e-01 6.301054358482360840e-02
4.001250863075256348e-01 6.390293687582015991e-02
3.928719162940979004e-01 6.464561820030212402e-02
3.834869265556335449e-01 6.557980924844741821e-02
3.765710294246673584e-01 6.624811887741088867e-02
3.724097311496734619e-01 6.664162129163742065e-02
3.618691265583038330e-01 6.760841608047485352e-02
3.416104614734649658e-01 6.933715194463729858e-02
3.290505707263946533e-01 7.031613588333129883e-02
3.258437812328338623e-01 7.055393606424331665e-02
3.159438967704772949e-01 7.125516980886459351e-02
3.095341622829437256e-01 7.168181985616683960e-02
3.017116487026214600e-01 7.217194139957427979e-02
2.931002676486968994e-01 7.267093658447265625e-02
2.833764255046844482e-01 7.318084686994552612e-02
2.766109108924865723e-01 7.350041717290878296e-02
2.695300579071044922e-01 7.380263507366180420e-02
2.533480226993560791e-01 7.436206191778182983e-02
2.448059916496276855e-01 7.457921653985977173e-02
2.383548617362976074e-01 7.470529526472091675e-02
2.298218756914138794e-01 7.481955736875534058e-02
2.207834720611572266e-01 7.487232238054275513e-02
2.152243256568908691e-01 7.486825436353683472e-02
2.097485959529876709e-01 7.483597844839096069e-02
2.038231343030929565e-01 7.476831972599029541e-02
1.920403838157653809e-01 7.452777773141860962e-02
1.684415936470031738e-01 7.358232140541076660e-02
1.615631431341171265e-01 7.317881286144256592e-02
1.539564281702041626e-01 7.265901565551757812e-02
1.462956815958023071e-01 7.205303758382797241e-02
1.395777016878128052e-01 7.144945114850997925e-02
1.335710287094116211e-01 7.084938138723373413e-02
1.305800229310989380e-01 7.052837312221527100e-02
1.250037401914596558e-01 6.988866627216339111e-02
1.124371886253356934e-01 6.823714077472686768e-02
1.004146188497543335e-01 6.635633856058120728e-02
9.423992037773132324e-02 6.526294350624084473e-02
8.919891715049743652e-02 6.430028378963470459e-02
8.247579634189605713e-02 6.291101127862930298e-02
7.546970248222351074e-02 6.132422387599945068e-02
7.101718336343765259e-02 6.023568660020828247e-02
6.202255561947822571e-02 5.782663449645042419e-02
5.221198126673698425e-02 5.483611673116683960e-02
4.762029275298118591e-02 5.328765884041786194e-02
3.140701353549957275e-02 4.688965156674385071e-02
2.626170963048934937e-02 4.449096322059631348e-02
2.119838818907737732e-02 4.191440343856811523e-02
1.467007794417440891e-03 2.896758727729320526e-02
-5.089009180665016174e-03 2.299120835959911346e-02
-6.203269585967063904e-03 2.182959951460361481e-02
-1.033224631100893021e-02 1.695794239640235901e-02
-1.304376963526010513e-02 1.299672573804855347e-02
-1.518003363162279129e-02 8.981410413980484009e-03
-1.637632399797439575e-02 5.885295569896697998e-03
-1.742826029658317566e-02 -7.539284415543079376e-04
-1.676468737423419952e-02 -5.193297751247882843e-03
-1.624701917171478271e-02 -6.701400503516197205e-03
-1.517647597938776016e-02 -8.939657360315322876e-03
-1.316287368535995483e-02 -1.189886964857578278e-02
-9.670520201325416565e-03 -1.553529873490333557e-02
-5.221394356340169907e-03 -1.899339631199836731e-02
1.170330215245485306e-03 -2.287374436855316162e-02
9.360082447528839111e-03 -2.685833908617496490e-02
1.386665832251310349e-02 -2.875606343150138855e-02
1.935498043894767761e-02 -3.086553514003753662e-02
2.630734816193580627e-02 -3.328827396035194397e-02
4.508075863122940063e-02 -3.883513435721397400e-02
6.647842377424240112e-02 -4.393770173192024231e-02
7.302890717983245850e-02 -4.530581459403038025e-02
9.044805914163589478e-02 -4.858690127730369568e-02
1.010258644819259644e-01 -5.035835877060890198e-02
1.207537427544593811e-01 -5.328473821282386780e-02
1.287444829940795898e-01 -5.434623733162879944e-02
1.494746357202529907e-01 -5.681075900793075562e-02
1.577209234237670898e-01 -5.768588557839393616e-02
1.739963144063949585e-01 -5.925599113106727600e-02
1.772514879703521729e-01 -5.954653397202491760e-02
1.999455243349075317e-01 -6.137332320213317871e-02
2.052120417356491089e-01 -6.175049021840095520e-02
2.100986242294311523e-01 -6.208564713597297668e-02
2.190154343843460083e-01 -6.266162544488906860e-02
2.426130622625350952e-01 -6.397682428359985352e-02
2.533242404460906982e-01 -6.447979062795639038e-02
2.684708535671234131e-01 -6.509703397750854492e-02
2.753444314002990723e-01 -6.534218043088912964e-02
2.905945181846618652e-01 -6.581118702888488770e-02
3.010570406913757324e-01 -6.607507169246673584e-02
3.153662383556365967e-01 -6.636238098144531250e-02
3.223459124565124512e-01 -6.647244840860366821e-02
3.302681148052215576e-01 -6.657405942678451538e-02
3.346129953861236572e-01 -6.661940366029739380e-02
3.521311879158020020e-01 -6.672911345958709717e-02
3.606145381927490234e-01 -6.674102693796157837e-02
3.785199820995330811e-01 -6.668058037757873535e-02
3.842763900756835938e-01 -6.663703918457031250e-02
3.959864974021911621e-01 -6.651315093040466309e-02
4.034435153007507324e-01 -6.641003489494323730e-02
4.227356314659118652e-01 -6.605865806341171265e-02
4.286525547504425049e-01 -6.592714041471481323e-02
4.386287033557891846e-01 -6.568102538585662842e-02
4.436850547790527344e-01 -6.554487347602844238e-02
4.515987336635589600e-01 -6.531679630279541016e-02
4.580363333225250244e-01 -6.511811167001724243e-02
4.716654419898986816e-01 -6.466004252433776855e-02
4.858609735965728760e-01 -6.413181871175765991e-02
4.998108744621276855e-01 -6.356579065322875977e-02
5.171968936920166016e-01 -6.280145794153213501e-02
5.285314917564392090e-01 -6.227177754044532776e-02
5.384139418601989746e-01 -6.179200857877731323e-02
5.490573644638061523e-01 -6.125859916210174561e-02
5.559775829315185547e-01 -6.090347096323966980e-02
5.668889284133911133e-01 -6.033166870474815369e-02
5.735054016113281250e-01 -5.997866764664649963e-02
5.933523178100585938e-01 -5.889622494578361511e-02
6.115958094596862793e-01 -5.787649005651473999e-02
6.147005558013916016e-01 -5.770105496048927307e-02
6.259515285491943359e-01 -5.706129595637321472e-02
6.377296447753906250e-01 -5.638518556952476501e-02
6.460295915603637695e-01 -5.590493977069854736e-02
6.553954482078552246e-01 -5.535901710391044617e-02
6.582183837890625000e-01 -5.519356951117515564e-02
6.728772521018981934e-01 -5.432675778865814209e-02
6.780346632003784180e-01 -5.401827394962310791e-02
6.863737702369689941e-01 -5.351481959223747253e-02
7.060427069664001465e-01 -5.229857563972473145e-02
7.081977128982543945e-01 -5.216231197118759155e-02
7.221527695655822754e-01 -5.126187577843666077e-02
7.330254912376403809e-01 -5.053460597991943359e-02
7.403408885002136230e-01 -5.003000795841217041e-02
7.504507303237915039e-01 -4.930898919701576233e-02
7.573665976524353027e-01 -4.879775270819664001e-02
7.757061123847961426e-01 -4.735701531171798706e-02
7.869185209274291992e-01 -4.640345647931098938e-02
7.936977148056030273e-01 -4.579529166221618652e-02
7.991251349449157715e-01 -4.528922587633132935e-02
8.149443268775939941e-01 -4.370389878749847412e-02
8.251280188560485840e-01 -4.258316010236740112e-02
8.363459110260009766e-01 -4.124142602086067200e-02
8.438664674758911133e-01 -4.027023538947105408e-02
8.602213859558105469e-01 -3.792444616556167603e-02
8.671345710754394531e-01 -3.682164475321769714e-02
8.811365365982055664e-01 -3.434577956795692444e-02
8.859943747520446777e-01 -3.340086340904235840e-02
9.028095006942749023e-01 -2.972367219626903534e-02
9.248352050781250000e-01 -2.376617304980754852e-02
9.406692385673522949e-01 -1.866036280989646912e-02
9.576981067657470703e-01 -1.284407358616590500e-02
9.606298208236694336e-01 -1.186014059931039810e-02
9.644190073013305664e-01 -1.060602813959121704e-02
