9.621917605400085449e-01 -1.499464036896824837e-03
9.611757397651672363e-01 -1.655517495237290859e-03
9.565843343734741211e-01 -2.213647821918129921e-03
9.425630569458007812e-01 -3.100802889093756676e-03
9.244453310966491699e-01 -3.364618634805083275e-03
9.111576080322265625e-01 -3.207557136192917824e-03
8.910449147224426270e-01 -2.601925516501069069e-03
8.876380920410156250e-01 -2.464768243953585625e-03
8.711151480674743652e-01 -1.685071387328207493e-03
8.622975349426269531e-01 -1.201095641590654850e-03
8.448418378829956055e-01 -1.276008260902017355e-04
8.414659500122070312e-01 9.564018546370789409e-05
8.315632939338684082e-01 7.762395543977618217e-04
8.130240440368652344e-01 2.141365781426429749e-03
8.016660213470458984e-01 3.027272410690784454e-03
7.953507304191589355e-01 3.533722599968314171e-03
7.752163410186767578e-01 5.203492008149623871e-03
7.674772739410400391e-01 5.863844882696866989e-03
7.536741495132446289e-01 7.061198819428682327e-03
7.460610866546630859e-01 7.730177138000726700e-03
7.250052094459533691e-01 9.601010009646415710e-03
7.184851765632629395e-01 1.018393225967884064e-02
7.106059193611145020e-01 1.088912691920995712e-02
7.051656842231750488e-01 1.137604378163814545e-02
6.943854689598083496e-01 1.233948674052953720e-02
6.861239075660705566e-01 1.307545229792594910e-02
6.680400371551513672e-01 1.467475760728120804e-02
6.642237901687622070e-01 1.500971615314483643e-02
6.547318100929260254e-01 1.583835855126380920e-02
6.419699788093566895e-01 1.694167591631412506e-02
6.337451338768005371e-01 1.764598116278648376e-02
6.166747212409973145e-01 1.909109950065612793e-02
6.015956997871398926e-01 2.035095728933811188e-02
5.942953228950500488e-01 2.095634117722511292e-02
5.897665619850158691e-01 2.133071050047874451e-02
5.852706432342529297e-01 2.170165441930294037e-02
5.687002539634704590e-01 2.306519448757171631e-02
5.539462566375732422e-01 2.427987940609455109e-02
5.448912978172302246e-01 2.502869814634323120e-02
5.412175655364990234e-01 2.533367834985256195e-02
5.239086747169494629e-01 2.678397111594676971e-02
5.175669193267822266e-01 2.732233889400959015e-02
5.011792778968811035e-01 2.873601950705051422e-02
4.914907813072204590e-01 2.958968468010425568e-02
4.831341505050659180e-01 3.033808059990406036e-02
4.798978567123413086e-01 3.063115850090980530e-02
4.623939692974090576e-01 3.224916756153106689e-02
4.513709843158721924e-01 3.329799324274063110e-02
4.407836496829986572e-01 3.432765230536460876e-02
4.346940815448760986e-01 3.492970392107963562e-02
4.239460229873657227e-01 3.600936755537986755e-02
4.184830486774444580e-01 3.656615316867828369e-02
4.053169488906860352e-01 3.792851045727729797e-02
3.909312784671783447e-01 3.944573178887367249e-02
3.833525478839874268e-01 4.025459662079811096e-02
3.781156837940216064e-01 4.081642627716064453e-02
3.643558621406555176e-01 4.229971393942832947e-02
3.577555418014526367e-01 4.301250725984573364e-02
3.511497378349304199e-01 4.372497648000717163e-02
3.420424759387969971e-01 4.470308497548103333e-02
3.335352241992950439e-01 4.560927301645278931e-02
3.255550563335418701e-01 4.644952341914176941e-02
3.121763467788696289e-01 4.782849177718162537e-02
3.016484081745147705e-01 4.887888580560684204e-02
2.932578027248382568e-01 4.968841746449470520e-02
2.830976247787475586e-01 5.062951892614364624e-02
2.718950808048248291e-01 5.160884931683540344e-02
2.582799494266510010e-01 5.270208418369293213e-02
2.539666295051574707e-01 5.302333086729049683e-02
2.398924231529235840e-01 5.397685244679450989e-02
2.380942404270172119e-01 5.408748239278793335e-02
2.308373302221298218e-01 5.450600013136863708e-02
2.214727699756622314e-01 5.497612059116363525e-02
2.014054507017135620e-01 5.568769946694374084e-02
1.938303858041763306e-01 5.584022775292396545e-02
1.835092455148696899e-01 5.593514069914817810e-02
1.685388088226318359e-01 5.582194402813911438e-02
1.512543857097625732e-01 5.528260767459869385e-02
1.351018249988555908e-01 5.433619022369384766e-02
1.266827881336212158e-01 5.365655571222305298e-02
1.197467595338821411e-01 5.299360677599906921e-02
1.078948453068733215e-01 5.163120105862617493e-02
1.020106822252273560e-01 5.084061995148658752e-02
9.607177227735519409e-02 4.996124655008316040e-02
8.872206509113311768e-02 4.875395819544792175e-02
8.104234188795089722e-02 4.734356328845024109e-02
7.313516736030578613e-02 4.572151228785514832e-02
6.400181353092193604e-02 4.361594468355178833e-02
4.789312183856964111e-02 3.921760246157646179e-02
4.307971149682998657e-02 3.771037235856056213e-02
2.495297603309154510e-02 3.103661537170410156e-02
1.409711688756942749e-02 2.603663876652717590e-02
3.978340886533260345e-03 2.027425915002822876e-02
-3.330324252601712942e-04 1.728451997041702271e-02
-5.151843652129173279e-03 1.325272675603628159e-02
-9.480667300522327423e-03 8.309660479426383972e-03
-1.068679336458444595e-02 6.379076279699802399e-03
-1.176721416413784027e-02 4.055560566484928131e-03
-1.247273012995719910e-02 1.521299127489328384e-03
-1.267152838408946991e-02 -1.055834465660154819e-03
-1.212704554200172424e-02 -4.403558094054460526e-03
-9.652511216700077057e-03 -9.283293969929218292e-03
-4.538680892437696457e-03 -1.463481318205595016e-02
-2.206051954999566078e-03 -1.644869148731231689e-02
3.123439848423004150e-03 -1.989872194826602936e-02
7.158263586461544037e-03 -2.209115773439407349e-02
1.381752733141183853e-02 -2.519319206476211548e-02
1.775523088872432709e-02 -2.680124342441558838e-02
5.023971945047378540e-02 -3.624729067087173462e-02
7.050377875566482544e-02 -3.998845443129539490e-02
7.350395619869232178e-02 -4.044727608561515808e-02
8.450123667716979980e-02 -4.195714369416236877e-02
9.389728307723999023e-02 -4.305852949619293213e-02
1.067481935024261475e-01 -4.432927817106246948e-02
1.241751015186309814e-01 -4.569857940077781677e-02
1.309259980916976929e-01 -4.613867402076721191e-02
1.458077579736709595e-01 -4.696257784962654114e-02
1.519891470670700073e-01 -4.725330322980880737e-02
1.605045944452285767e-01 -4.761092737317085266e-02
1.817397922277450562e-01 -4.831995442509651184e-02
1.962437629699707031e-01 -4.868184030055999756e-02
2.024746984243392944e-01 -4.881216213107109070e-02
2.055408358573913574e-01 -4.887128993868827820e-02
2.291932255029678345e-01 -4.923101887106895447e-02
2.502199113368988037e-01 -4.943274334073066711e-02
2.579542398452758789e-01 -4.948434233665466309e-02
2.903989255428314209e-01 -4.959527775645256042e-02
3.056173026561737061e-01 -4.959896579384803772e-02
3.132144808769226074e-01 -4.959122836589813232e-02
3.224447369575500488e-01 -4.957405477762222290e-02
3.326471447944641113e-01 -4.954592511057853699e-02
3.394055962562561035e-01 -4.952238500118255615e-02
3.493272364139556885e-01 -4.948120564222335815e-02
3.544978499412536621e-01 -4.945679754018783569e-02
3.597923815250396729e-01 -4.942981153726577759e-02
3.670807480812072754e-01 -4.938950017094612122e-02
4.067229926586151123e-01 -4.911215975880622864e-02
4.114898145198822021e-01 -4.907275736331939697e-02
4.204542040824890137e-01 -4.899534955620765686e-02
4.248124957084655762e-01 -4.895621165633201599e-02
4.488947689533233643e-01 -4.872229695320129395e-02
4.534102082252502441e-01 -4.867516085505485535e-02
4.570777118206024170e-01 -4.863612726330757141e-02
4.700937867164611816e-01 -4.849202185869216919e-02
4.970315396785736084e-01 -4.816530272364616394e-02
5.042289495468139648e-01 -4.807114601135253906e-02
5.126284956932067871e-01 -4.795729741454124451e-02
5.286123752593994141e-01 -4.772806167602539062e-02
5.362960696220397949e-01 -4.761147499084472656e-02
5.435903072357177734e-01 -4.749662056565284729e-02
5.508043766021728516e-01 -4.737871140241622925e-02
5.636429786682128906e-01 -4.715735465288162231e-02
5.767603516578674316e-01 -4.691399633884429932e-02
5.824182629585266113e-01 -4.680301249027252197e-02
6.035056710243225098e-01 -4.635230824351310730e-02
6.063621640205383301e-01 -4.628619924187660217e-02
6.217160820960998535e-01 -4.590705037117004395e-02
6.287396550178527832e-01 -4.571881517767906189e-02
6.474500894546508789e-01 -4.516439139842987061e-02
6.580928564071655273e-01 -4.480977728962898254e-02
6.706182360649108887e-01 -4.435016587376594543e-02
6.850242614746093750e-01 -4.375727847218513489e-02
7.046128511428833008e-01 -4.282278940081596375e-02
7.066552639007568359e-01 -4.271584376692771912e-02
7.294192314147949219e-01 -4.138553142547607422e-02
7.417203783988952637e-01 -4.054948315024375916e-02
7.464273571968078613e-01 -4.020545631647109985e-02
7.517661452293395996e-01 -3.979813680052757263e-02
7.597348690032958984e-01 -3.915486857295036316e-02
7.657629251480102539e-01 -3.863883763551712036e-02
7.752171158790588379e-01 -3.777559101581573486e-02
7.857198715209960938e-01 -3.673489764332771301e-02
7.964225411415100098e-01 -3.557987138628959656e-02
8.026909828186035156e-01 -3.485657274723052979e-02
8.146508336067199707e-01 -3.337519615888595581e-02
8.185006380081176758e-01 -3.286891803145408630e-02
8.226820826530456543e-01 -3.230223432183265686e-02
8.260973095893859863e-01 -3.182614967226982117e-02
8.467358946800231934e-01 -2.868628315627574921e-02
8.554489612579345703e-01 -2.722047641873359680e-02
8.652613162994384766e-01 -2.546811103820800781e-02
8.692358136177062988e-01 -2.472793683409690857e-02
8.748830556869506836e-01 -2.364696189761161804e-02
8.800004124641418457e-01 -2.263881452381610870e-02
8.948526382446289062e-01 -1.957911998033523560e-02
9.001827239990234375e-01 -1.844507455825805664e-02
9.106674194335937500e-01 -1.620029285550117493e-02
9.212578535079956055e-01 -1.400100626051425934e-02
9.384542107582092285e-01 -1.104119140654802322e-02
9.505642056465148926e-01 -9.884005412459373474e-03
9.586792588233947754e-01 -9.638879448175430298e-03
9.627507925033569336e-01 -9.650892578065395355e-03
