9.622650146484375000e-01 -6.002610549330711365e-03
9.610030055046081543e-01 -5.896905902773141861e-03
9.547277688980102539e-01 -5.350663326680660248e-03
9.400244355201721191e-01 -3.961981274187564850e-03
9.132040143013000488e-01 -1.116671599447727203e-03
8.985463380813598633e-01 5.865844432264566422e-04
8.799679875373840332e-01 2.883657114580273628e-03
8.712691664695739746e-01 4.009822849184274673e-03
8.602492213249206543e-01 5.480796564370393753e-03
8.482720851898193359e-01 7.133177481591701508e-03
8.326337337493896484e-01 9.369350038468837738e-03
8.241639137268066406e-01 1.061483751982450485e-02
8.151110410690307617e-01 1.197044085711240768e-02
8.057636618614196777e-01 1.339421793818473816e-02
7.966852188110351562e-01 1.479793153703212738e-02
7.915803194046020508e-01 1.559531409293413162e-02
7.790102362632751465e-01 1.757975108921527863e-02
7.645097970962524414e-01 1.989815011620521545e-02
7.548162937164306641e-01 2.145994827151298523e-02
7.456424236297607422e-01 2.294312790036201477e-02
7.216572761535644531e-01 2.682429924607276917e-02
7.155801057815551758e-01 2.780445478856563568e-02
6.998715996742248535e-01 3.032455034554004669e-02
6.885213255882263184e-01 3.212888538837432861e-02
6.665874719619750977e-01 3.556369245052337646e-02
6.626245975494384766e-01 3.617580980062484741e-02
6.477240920066833496e-01 3.845125809311866760e-02
6.411556601524353027e-01 3.944042325019836426e-02
6.357442140579223633e-01 4.024865105748176575e-02
6.184170842170715332e-01 4.279367625713348389e-02
6.065906882286071777e-01 4.449140280485153198e-02
5.992246866226196289e-01 4.553192108869552612e-02
5.890458226203918457e-01 4.694776237010955811e-02
5.803085565567016602e-01 4.814210906624794006e-02
5.705146193504333496e-01 4.945723339915275574e-02
5.621562600135803223e-01 5.055931210517883301e-02
5.510040521621704102e-01 5.199983716011047363e-02
5.463049411773681641e-01 5.259633064270019531e-02
5.300970077514648438e-01 5.460453033447265625e-02
5.227230191230773926e-01 5.549226701259613037e-02
5.109837055206298828e-01 5.687078461050987244e-02
5.045723319053649902e-01 5.760519951581954956e-02
4.967545866966247559e-01 5.848254263401031494e-02
4.843085110187530518e-01 5.983689427375793457e-02
4.735434055328369141e-01 6.096481904387474060e-02
4.636407792568206787e-01 6.196530535817146301e-02
4.546286463737487793e-01 6.284383684396743774e-02
4.500397443771362305e-01 6.327913701534271240e-02
4.430196583271026611e-01 6.392885744571685791e-02
4.282090663909912109e-01 6.523318588733673096e-02
4.123861789703369141e-01 6.652205437421798706e-02
4.057209193706512451e-01 6.703088432550430298e-02
3.950188457965850830e-01 6.780372560024261475e-02
3.883425295352935791e-01 6.825730204582214355e-02
3.765740990638732910e-01 6.900109350681304932e-02
3.680729568004608154e-01 6.949240714311599731e-02
3.587652146816253662e-01 6.998412311077117920e-02
3.492591977119445801e-01 7.043442130088806152e-02
3.393621742725372314e-01 7.084511965513229370e-02
3.323299586772918701e-01 7.109943032264709473e-02
3.239273428916931152e-01 7.136083394289016724e-02
3.116154074668884277e-01 7.165680825710296631e-02
3.054890334606170654e-01 7.176390290260314941e-02
2.970000803470611572e-01 7.186629623174667358e-02
2.817023694515228271e-01 7.190954685211181641e-02
2.731745839118957520e-01 7.185066491365432739e-02
2.631752490997314453e-01 7.170181721448898315e-02
2.535048723220825195e-01 7.147210091352462769e-02
2.467949092388153076e-01 7.126100361347198486e-02
2.375126928091049194e-01 7.089608162641525269e-02
2.314211577177047729e-01 7.060889899730682373e-02
2.118288278579711914e-01 6.941254436969757080e-02
1.997683346271514893e-01 6.845473498106002808e-02
1.932251900434494019e-01 6.785929948091506958e-02
1.843864321708679199e-01 6.696557253599166870e-02
1.658532768487930298e-01 6.473360210657119751e-02
1.610281616449356079e-01 6.406716257333755493e-02
1.460826694965362549e-01 6.175806000828742981e-02
1.336217820644378662e-01 5.952551215887069702e-02
1.229731589555740356e-01 5.737183615565299988e-02
1.167284622788429260e-01 5.599383637309074402e-02
1.077745556831359863e-01 5.385672673583030701e-02
1.009083837270736694e-01 5.207898840308189392e-02
9.391277283430099487e-02 5.013269558548927307e-02
8.417691290378570557e-02 4.717449098825454712e-02
7.859541475772857666e-02 4.533412680029869080e-02
6.866502016782760620e-02 4.176549240946769714e-02
5.821676924824714661e-02 3.753992170095443726e-02
5.165676772594451904e-02 3.459314629435539246e-02
4.692905768752098083e-02 3.230351209640502930e-02
3.282362222671508789e-02 2.439847774803638458e-02
2.681410126388072968e-02 2.034188620746135712e-02
2.187734469771385193e-02 1.651551015675067902e-02
1.739531569182872772e-02 1.243023388087749481e-02
1.388138718903064728e-02 8.508541621267795563e-03
1.160280406475067139e-02 5.299504846334457397e-03
1.070744916796684265e-02 3.762845182791352272e-03
8.975255303084850311e-03 -2.648340305313467979e-04
8.095070719718933105e-03 -4.837518557906150818e-03
8.221813477575778961e-03 -8.603845722973346710e-03
1.011208444833755493e-02 -1.505077444016933441e-02
1.453989278525114059e-02 -2.236219868063926697e-02
1.896015554666519165e-02 -2.752396278083324432e-02
2.883694879710674286e-02 -3.636141121387481689e-02
3.436424955725669861e-02 -4.041980579495429993e-02
4.186270385980606079e-02 -4.526808485388755798e-02
4.625479131937026978e-02 -4.782724753022193909e-02
5.361657217144966125e-02 -5.173426866531372070e-02
6.830007582902908325e-02 -5.836554616689682007e-02
7.439183443784713745e-02 -6.074227392673492432e-02
8.703126013278961182e-02 -6.509950757026672363e-02
9.614506363868713379e-02 -6.782668083906173706e-02
1.032290905714035034e-01 -6.973890215158462524e-02
1.130104064941406250e-01 -7.211515307426452637e-02
1.252286285161972046e-01 -7.470540702342987061e-02
1.398735642433166504e-01 -7.733620703220367432e-02
1.547256112098693848e-01 -7.955723255872726440e-02
1.635034382343292236e-01 -8.068677037954330444e-02
1.715980023145675659e-01 -8.162069320678710938e-02
1.759794652462005615e-01 -8.208614587783813477e-02
1.985032111406326294e-01 -8.408109843730926514e-02
2.034915387630462646e-01 -8.444118499755859375e-02
2.088698595762252808e-01 -8.479925245046615601e-02
2.229409366846084595e-01 -8.559746295213699341e-02
2.462911307811737061e-01 -8.652464300394058228e-02
2.626136839389801025e-01 -8.691290766000747681e-02
2.762456536293029785e-01 -8.709084987640380859e-02
2.839461565017700195e-01 -8.713664859533309937e-02
2.936399877071380615e-01 -8.714120835065841675e-02
3.027029037475585938e-01 -8.709426224231719971e-02
3.142119646072387695e-01 -8.696674555540084839e-02
3.263106942176818848e-01 -8.675473928451538086e-02
3.343734443187713623e-01 -8.657109737396240234e-02
3.450000286102294922e-01 -8.627943694591522217e-02
3.545905649662017822e-01 -8.596956729888916016e-02
3.667656779289245605e-01 -8.551500737667083740e-02
3.772774040699005127e-01 -8.506964147090911865e-02
3.811160624027252197e-01 -8.489514142274856567e-02
3.930865824222564697e-01 -8.431170135736465454e-02
4.037819206714630127e-01 -8.374147862195968628e-02
4.276657104492187500e-01 -8.231066167354583740e-02
4.352173507213592529e-01 -8.181527256965637207e-02
4.471619129180908203e-01 -8.099181950092315674e-02
4.558628499507904053e-01 -8.036234974861145020e-02
4.710779786109924316e-01 -7.920464873313903809e-02
4.754901230335235596e-01 -7.885592430830001831e-02
4.828102588653564453e-01 -7.826500385999679565e-02
5.018100738525390625e-01 -7.666304707527160645e-02
5.143699049949645996e-01 -7.555373013019561768e-02
5.316863656044006348e-01 -7.396486401557922363e-02
5.422970056533813477e-01 -7.296027988195419312e-02
5.489822030067443848e-01 -7.231619954109191895e-02
5.600309967994689941e-01 -7.123423367738723755e-02
5.698856711387634277e-01 -7.025218755006790161e-02
5.878955125808715820e-01 -6.842038780450820923e-02
5.933274626731872559e-01 -6.785940378904342651e-02
6.052355170249938965e-01 -6.661713868379592896e-02
6.239432096481323242e-01 -6.463417410850524902e-02
6.355109810829162598e-01 -6.339053809642791748e-02
6.444658041000366211e-01 -6.241915747523307800e-02
6.588294506072998047e-01 -6.084526702761650085e-02
6.798240542411804199e-01 -5.850760638713836670e-02
6.955531239509582520e-01 -5.672267079353332520e-02
6.978619694709777832e-01 -5.645785108208656311e-02
7.136087417602539062e-01 -5.462920293211936951e-02
7.186133265495300293e-01 -5.403882637619972229e-02
7.290665507316589355e-01 -5.278893560171127319e-02
7.378050684928894043e-01 -5.172443017363548279e-02
7.464298009872436523e-01 -5.065362527966499329e-02
7.556541562080383301e-01 -4.948305338621139526e-02
7.708731293678283691e-01 -4.748475179076194763e-02
7.842884063720703125e-01 -4.564083367586135864e-02
7.923330068588256836e-01 -4.449163377285003662e-02
7.974863052368164062e-01 -4.373634979128837585e-02
8.098310232162475586e-01 -4.185959324240684509e-02
8.176984190940856934e-01 -4.060884937644004822e-02
8.220758438110351562e-01 -3.989277780055999756e-02
8.286042809486389160e-01 -3.879621252417564392e-02
8.388332724571228027e-01 -3.700435161590576172e-02
8.464604020118713379e-01 -3.560519590973854065e-02
8.602977991104125977e-01 -3.291783854365348816e-02
8.676420450210571289e-01 -3.140922263264656067e-02
8.754580020904541016e-01 -2.973947860300540924e-02
8.830369710922241211e-01 -2.805823832750320435e-02
8.921979069709777832e-01 -2.595087513327598572e-02
8.975315690040588379e-01 -2.469218336045742035e-02
9.154149293899536133e-01 -2.040790580213069916e-02
9.244723916053771973e-01 -1.831829547882080078e-02
9.414345026016235352e-01 -1.505336072295904160e-02
9.532914161682128906e-01 -1.366684585809707642e-02
9.596787691116333008e-01 -1.328059658408164978e-02
9.650363922119140625e-01 -1.312803383916616440e-02
