9.656655788421630859e-01 -2.549968659877777100e-03
9.650484323501586914e-01 -2.603843109682202339e-03
9.574812650680541992e-01 -2.934883348643779755e-03
9.402895569801330566e-01 -2.664283383637666702e-03
8.876944184303283691e-01 1.285371021367609501e-03
8.681671619415283203e-01 3.376278327777981758e-03
8.436254858970642090e-01 6.306098308414220810e-03
8.381708860397338867e-01 6.994577124714851379e-03
8.273772001266479492e-01 8.390646427869796753e-03
8.174120783805847168e-01 9.714808315038681030e-03
7.890363931655883789e-01 1.363065000623464584e-02
7.851911783218383789e-01 1.417406555265188217e-02
7.714702486991882324e-01 1.613041758537292480e-02
7.662459015846252441e-01 1.688092201948165894e-02
7.553436756134033203e-01 1.845372095704078674e-02
7.492685317993164062e-01 1.933265477418899536e-02
7.318717241287231445e-01 2.185120619833469391e-02
7.208868265151977539e-01 2.343684062361717224e-02
7.078606486320495605e-01 2.530591748654842377e-02
6.991502642631530762e-01 2.654613368213176727e-02
6.823922991752624512e-01 2.890398353338241577e-02
6.715815067291259766e-01 3.040160611271858215e-02
6.528760194778442383e-01 3.294243291020393372e-02
6.465775966644287109e-01 3.378240019083023071e-02
6.294492483139038086e-01 3.602425381541252136e-02
6.209943890571594238e-01 3.710743412375450134e-02
6.096180677413940430e-01 3.853988274931907654e-02
6.068475246429443359e-01 3.888437151908874512e-02
5.898159146308898926e-01 4.096469655632972717e-02
5.744692683219909668e-01 4.278476163744926453e-02
5.629459023475646973e-01 4.411830753087997437e-02
5.400939583778381348e-01 4.668195173144340515e-02
5.315328240394592285e-01 4.761571064591407776e-02
5.276389718055725098e-01 4.803578183054924011e-02
5.218415856361389160e-01 4.865593090653419495e-02
5.152592062950134277e-01 4.935244470834732056e-02
5.051417350769042969e-01 5.040763318538665771e-02
4.940926432609558105e-01 5.153911560773849487e-02
4.872038066387176514e-01 5.223374068737030029e-02
4.845429062843322754e-01 5.249983444809913635e-02
4.731898009777069092e-01 5.362138152122497559e-02
4.694751799106597900e-01 5.398349836468696594e-02
4.549362659454345703e-01 5.537785589694976807e-02
4.462397694587707520e-01 5.619410425424575806e-02
4.388681352138519287e-01 5.687535926699638367e-02
4.306381046772003174e-01 5.762406066060066223e-02
4.221801757812500000e-01 5.837995931506156921e-02
4.157043397426605225e-01 5.894909799098968506e-02
4.104612469673156738e-01 5.940349772572517395e-02
3.968789577484130859e-01 6.055258587002754211e-02
3.898774385452270508e-01 6.112808734178543091e-02
3.839621841907501221e-01 6.160468235611915588e-02
3.692852556705474854e-01 6.274614483118057251e-02
3.619254827499389648e-01 6.329452991485595703e-02
3.545775711536407471e-01 6.382450461387634277e-02
3.476490080356597900e-01 6.430703401565551758e-02
3.376412689685821533e-01 6.497213989496231079e-02
3.320807814598083496e-01 6.532419472932815552e-02
3.276077806949615479e-01 6.559771299362182617e-02
3.239229321479797363e-01 6.581623852252960205e-02
3.155062794685363770e-01 6.629116833209991455e-02
2.995986640453338623e-01 6.708810478448867798e-02
2.933485209941864014e-01 6.736164540052413940e-02
2.845136523246765137e-01 6.770651042461395264e-02
2.689269781112670898e-01 6.818453222513198853e-02
2.590546607971191406e-01 6.839264184236526489e-02
2.552710771560668945e-01 6.845139712095260620e-02
2.349533140659332275e-01 6.855016201734542847e-02
2.334759831428527832e-01 6.854222714900970459e-02
2.234164476394653320e-01 6.842935830354690552e-02
2.148095071315765381e-01 6.824801117181777954e-02
2.065940350294113159e-01 6.799782812595367432e-02
2.002612948417663574e-01 6.775115430355072021e-02
1.808174848556518555e-01 6.668183207511901855e-02
1.705338954925537109e-01 6.591334939002990723e-02
1.495408415794372559e-01 6.387008726596832275e-02
1.464281082153320312e-01 6.350985169410705566e-02
1.355895698070526123e-01 6.213364005088806152e-02
1.292395740747451782e-01 6.123658269643783569e-02
1.200828552246093750e-01 5.982002988457679749e-02
1.179990768432617188e-01 5.947681143879890442e-02
1.070243567228317261e-01 5.753688886761665344e-02
9.597015380859375000e-02 5.534881353378295898e-02
8.089257776737213135e-02 5.195868387818336487e-02
7.250146567821502686e-02 4.985399916768074036e-02
6.510766595602035522e-02 4.786006361246109009e-02
6.022981926798820496e-02 4.646872356534004211e-02
5.468374490737915039e-02 4.480895772576332092e-02
4.387577250599861145e-02 4.131548851728439331e-02
3.901166096329689026e-02 3.961990401148796082e-02
2.736817859113216400e-02 3.519576042890548706e-02
2.124719880521297455e-02 3.262507170438766479e-02
1.322303898632526398e-02 2.892889454960823059e-02
6.517602130770683289e-03 2.547204680740833282e-02
-9.911804227158427238e-04 2.102901972830295563e-02
-9.184872731566429138e-03 1.500962767750024796e-02
-1.275361329317092896e-02 1.166104059666395187e-02
-1.730069331824779510e-02 5.783249624073505402e-03
-1.859305053949356079e-02 3.237507306039333344e-03
-1.977602019906044006e-02 -5.985700991004705429e-04
-2.005486190319061279e-02 -4.443181678652763367e-03
-1.390900183469057083e-02 -1.828835345804691315e-02
-1.032507512718439102e-02 -2.212743461132049561e-02
-2.422014949843287468e-03 -2.865300327539443970e-02
5.895014386624097824e-03 -3.406237438321113586e-02
1.190547551959753036e-02 -3.741524368524551392e-02
2.087952196598052979e-02 -4.181046038866043091e-02
2.660199813544750214e-02 -4.431027173995971680e-02
4.770918563008308411e-02 -5.200300738215446472e-02
5.522512644529342651e-02 -5.427689850330352783e-02
6.263822317123413086e-02 -5.632368475198745728e-02
6.820975989103317261e-02 -5.774602293968200684e-02
8.126470446586608887e-02 -6.073213741183280945e-02
9.586464613676071167e-02 -6.357243657112121582e-02
1.068586260080337524e-01 -6.541466712951660156e-02
1.160405427217483521e-01 -6.678315997123718262e-02
1.284510344266891479e-01 -6.841532140970230103e-02
1.370790451765060425e-01 -6.941802054643630981e-02
1.424229145050048828e-01 -6.998960673809051514e-02
1.539346724748611450e-01 -7.110302150249481201e-02
1.688707023859024048e-01 -7.233085483312606812e-02
1.754630655050277710e-01 -7.280251383781433105e-02
1.849233955144882202e-01 -7.341076433658599854e-02
1.914963126182556152e-01 -7.378865033388137817e-02
2.046585679054260254e-01 -7.444349676370620728e-02
2.157117426395416260e-01 -7.489624619483947754e-02
2.469173222780227661e-01 -7.575301826000213623e-02
2.529760301113128662e-01 -7.585427165031433105e-02
2.600308954715728760e-01 -7.594767212867736816e-02
2.679640352725982666e-01 -7.602249830961227417e-02
2.783288061618804932e-01 -7.607398927211761475e-02
2.866573929786682129e-01 -7.607904076576232910e-02
2.931339144706726074e-01 -7.606144994497299194e-02
2.979016602039337158e-01 -7.603679597377777100e-02
3.213419914245605469e-01 -7.577822357416152954e-02
3.383533954620361328e-01 -7.545576244592666626e-02
3.544287681579589844e-01 -7.505384832620620728e-02
3.571284115314483643e-01 -7.497747242450714111e-02
3.652772903442382812e-01 -7.473186403512954712e-02
3.705808520317077637e-01 -7.456013560295104980e-02
4.069182872772216797e-01 -7.314468920230865479e-02
4.125055968761444092e-01 -7.289208471775054932e-02
4.161038994789123535e-01 -7.272475212812423706e-02
4.226282238960266113e-01 -7.241218537092208862e-02
4.367879331111907959e-01 -7.169465720653533936e-02
4.397581517696380615e-01 -7.153755426406860352e-02
4.468098878860473633e-01 -7.115580886602401733e-02
4.681246280670166016e-01 -6.993031501770019531e-02
4.804627299308776855e-01 -6.917534768581390381e-02
4.965112209320068359e-01 -6.814824789762496948e-02
5.136967897415161133e-01 -6.699783354997634888e-02
5.236349701881408691e-01 -6.631135940551757812e-02
5.367653965950012207e-01 -6.538345664739608765e-02
5.494418144226074219e-01 -6.446755677461624146e-02
5.612462162971496582e-01 -6.359922140836715698e-02
5.704805254936218262e-01 -6.291072815656661987e-02
5.795277357101440430e-01 -6.222913414239883423e-02
5.887051820755004883e-01 -6.153120473027229309e-02
6.135459542274475098e-01 -5.961160361766815186e-02
6.282688975334167480e-01 -5.845309421420097351e-02
6.417341828346252441e-01 -5.737849324941635132e-02
6.662886142730712891e-01 -5.537258088588714600e-02
6.789519786834716797e-01 -5.430790781974792480e-02
6.848390698432922363e-01 -5.380419269204139709e-02
6.975955367088317871e-01 -5.269036069512367249e-02
7.067718505859375000e-01 -5.186741799116134644e-02
7.141823768615722656e-01 -5.118758231401443481e-02
7.201143503189086914e-01 -5.063251405954360962e-02
7.261047959327697754e-01 -5.006134510040283203e-02
7.359246611595153809e-01 -4.909963533282279968e-02
7.464955449104309082e-01 -4.802526161074638367e-02
7.523683309555053711e-01 -4.740903154015541077e-02
7.588718533515930176e-01 -4.670909792184829712e-02
7.708051204681396484e-01 -4.537276551127433777e-02
7.862929105758666992e-01 -4.352609440684318542e-02
7.919576764106750488e-01 -4.281558841466903687e-02
7.983688712120056152e-01 -4.198688641190528870e-02
8.022094964981079102e-01 -4.147740826010704041e-02
8.161996006965637207e-01 -3.953295946121215820e-02
8.260227441787719727e-01 -3.807830065488815308e-02
8.382297754287719727e-01 -3.615820035338401794e-02
8.426070213317871094e-01 -3.543735668063163757e-02
8.485596776008605957e-01 -3.442833572626113892e-02
8.689334988594055176e-01 -3.070811182260513306e-02
8.962975740432739258e-01 -2.501990832388401031e-02
9.023115634918212891e-01 -2.366667799651622772e-02
9.140710830688476562e-01 -2.093848958611488342e-02
9.224113225936889648e-01 -1.896764896810054779e-02
9.370052814483642578e-01 -1.559071335941553116e-02
9.451330900192260742e-01 -1.385217905044555664e-02
9.600973129272460938e-01 -1.111772935837507248e-02
9.665166139602661133e-01 -1.013363525271415710e-02
