9.575949907302856445e-01 -5.309830885380506516e-03
9.566860795021057129e-01 -5.314788781106472015e-03
9.526997804641723633e-01 -5.292486865073442459e-03
9.373046755790710449e-01 -4.804176278412342072e-03
9.029425382614135742e-01 -2.620429731905460358e-03
8.880911469459533691e-01 -1.407450414262712002e-03
8.671644330024719238e-01 4.915581084787845612e-04
8.558711409568786621e-01 1.592527725733816624e-03
8.443367481231689453e-01 2.763557247817516327e-03
8.322442173957824707e-01 4.035403952002525330e-03
8.135200738906860352e-01 6.079689133912324905e-03
8.071126937866210938e-01 6.796884350478649139e-03
7.959094643592834473e-01 8.068753406405448914e-03
7.844515442848205566e-01 9.389189071953296661e-03
7.610808610916137695e-01 1.212542690336704254e-02
7.532554268836975098e-01 1.304951310157775879e-02
7.414536476135253906e-01 1.444597914814949036e-02
7.313790321350097656e-01 1.563797146081924438e-02
7.166094779968261719e-01 1.737963780760765076e-02
7.056661844253540039e-01 1.866182498633861542e-02
6.875475645065307617e-01 2.076118998229503632e-02
6.759979128837585449e-01 2.207996882498264313e-02
6.572428345680236816e-01 2.418215759098529816e-02
6.509531140327453613e-01 2.487503737211227417e-02
6.364414691925048828e-01 2.644836157560348511e-02
6.219152212142944336e-01 2.798585221171379089e-02
6.116714477539062500e-01 2.904651314020156860e-02
6.018534898757934570e-01 3.004415147006511688e-02
5.862246155738830566e-01 3.159306570887565613e-02
5.776393413543701172e-01 3.242305293679237366e-02
5.643638968467712402e-01 3.367694467306137085e-02
5.467411279678344727e-01 3.528513759374618530e-02
5.273534655570983887e-01 3.697903826832771301e-02
5.231286287307739258e-01 3.733754158020019531e-02
5.123721957206726074e-01 3.823293745517730713e-02
5.067923069000244141e-01 3.868752717971801758e-02
4.936140179634094238e-01 3.973395004868507385e-02
4.782736599445343018e-01 4.090304672718048096e-02
4.686542749404907227e-01 4.160863533616065979e-02
4.558411240577697754e-01 4.251471534371376038e-02
4.489632546901702881e-01 4.298477992415428162e-02
4.380780458450317383e-01 4.370485246181488037e-02
4.271472990512847900e-01 4.439774900674819946e-02
4.205076992511749268e-01 4.480338841676712036e-02
4.112076461315155029e-01 4.535165429115295410e-02
4.048662483692169189e-01 4.571186006069183350e-02
3.895974457263946533e-01 4.653199389576911926e-02
3.793060481548309326e-01 4.704566672444343567e-02
3.723613917827606201e-01 4.737371578812599182e-02
3.625122904777526855e-01 4.781235009431838989e-02
3.500837981700897217e-01 4.831942170858383179e-02
3.418044447898864746e-01 4.862716421484947205e-02
3.361231982707977295e-01 4.882388561964035034e-02
3.291150629520416260e-01 4.904982075095176697e-02
3.214946985244750977e-01 4.927381873130798340e-02
3.160560131072998047e-01 4.941948503255844116e-02
3.073976337909698486e-01 4.962608218193054199e-02
2.995528280735015869e-01 4.978547245264053345e-02
2.916579544544219971e-01 4.991815611720085144e-02
2.835611104965209961e-01 5.002415925264358521e-02
2.774316966533660889e-01 5.008341372013092041e-02
2.641949355602264404e-01 5.014669895172119141e-02
2.528202831745147705e-01 5.012663453817367554e-02
2.445520162582397461e-01 5.006629601120948792e-02
2.371119260787963867e-01 4.997743293642997742e-02
2.321750521659851074e-01 4.989970102906227112e-02
2.261872738599777222e-01 4.978464171290397644e-02
2.174514681100845337e-01 4.957434535026550293e-02
2.095220685005187988e-01 4.933788999915122986e-02
1.892561018466949463e-01 4.852113872766494751e-02
1.798267364501953125e-01 4.802834242582321167e-02
1.710158735513687134e-01 4.749734699726104736e-02
1.638584733009338379e-01 4.701275750994682312e-02
1.526200473308563232e-01 4.614877700805664062e-02
1.465768516063690186e-01 4.562869668006896973e-02
1.417213380336761475e-01 4.518097639083862305e-02
1.368850469589233398e-01 4.470740631222724915e-02
1.238766387104988098e-01 4.328710213303565979e-02
1.153756976127624512e-01 4.223363474011421204e-02
1.050935611128807068e-01 4.081238433718681335e-02
9.857182949781417847e-02 3.981959447264671326e-02
8.908665925264358521e-02 3.823584690690040588e-02
7.483671605587005615e-02 3.550281375646591187e-02
6.744173169136047363e-02 3.389161825180053711e-02
5.957907438278198242e-02 3.201073035597801208e-02
4.839827492833137512e-02 2.898820675909519196e-02
4.550493136048316956e-02 2.812926657497882843e-02
3.980355337262153625e-02 2.632956765592098236e-02
3.250396624207496643e-02 2.378599718213081360e-02
2.687247097492218018e-02 2.160031348466873169e-02
1.840085536241531372e-02 1.782140880823135376e-02
1.085831038653850555e-02 1.369536668062210083e-02
8.439653553068637848e-03 1.212065666913986206e-02
6.051525473594665527e-03 1.036801747977733612e-02
3.574022091925144196e-03 8.218819275498390198e-03
1.115372637286782265e-03 5.391155369579792023e-03
-4.667477332986891270e-04 2.197061432525515556e-03
-4.422754282131791115e-04 -1.768158632330596447e-03
-1.327220797975314781e-05 -2.853432670235633850e-03
2.950436319224536419e-04 -3.433722537010908127e-03
1.472394098527729511e-03 -5.073638632893562317e-03
2.592679113149642944e-03 -6.240468472242355347e-03
4.555612802505493164e-03 -7.865584455430507660e-03
7.591615896672010422e-03 -9.843507781624794006e-03
1.716604456305503845e-02 -1.432513352483510971e-02
2.660780400037765503e-02 -1.760545372962951660e-02
3.188619390130043030e-02 -1.917615905404090881e-02
4.329970851540565491e-02 -2.214727923274040222e-02
5.566431954503059387e-02 -2.489107660949230194e-02
6.604815274477005005e-02 -2.691100910305976868e-02
7.789500057697296143e-02 -2.896348387002944946e-02
8.403608947992324829e-02 -2.993725426495075226e-02
9.751457720994949341e-02 -3.188932314515113831e-02
1.117478534579277039e-01 -3.371252864599227905e-02
1.252228468656539917e-01 -3.524780273437500000e-02
1.366038471460342407e-01 -3.641958907246589661e-02
1.494125574827194214e-01 -3.761820495128631592e-02
1.611112505197525024e-01 -3.861379250884056091e-02
1.689530760049819946e-01 -3.923298045992851257e-02
1.740472614765167236e-01 -3.961587324738502502e-02
1.883885413408279419e-01 -4.061745479702949524e-02
1.973441094160079956e-01 -4.118945449590682983e-02
2.103861570358276367e-01 -4.195445775985717773e-02
2.167098373174667358e-01 -4.229791462421417236e-02
2.296368777751922607e-01 -4.294713959097862244e-02
2.398358732461929321e-01 -4.341146722435951233e-02
2.540432810783386230e-01 -4.399123042821884155e-02
2.603543996810913086e-01 -4.422459378838539124e-02
2.754082083702087402e-01 -4.472321644425392151e-02
2.840366959571838379e-01 -4.497304186224937439e-02
2.979314625263214111e-01 -4.532164335250854492e-02
3.125087320804595947e-01 -4.561760649085044861e-02
3.218230903148651123e-01 -4.576996713876724243e-02
3.243739604949951172e-01 -4.580675065517425537e-02
3.346931636333465576e-01 -4.593399539589881897e-02
3.423806726932525635e-01 -4.600650444626808167e-02
3.576340079307556152e-01 -4.609458148479461670e-02
3.644086718559265137e-01 -4.611013829708099365e-02
3.735218048095703125e-01 -4.610842838883399963e-02
3.832947611808776855e-01 -4.607801139354705811e-02
3.976485133171081543e-01 -4.598049074411392212e-02
4.051731824874877930e-01 -4.590461775660514832e-02
4.154869318008422852e-01 -4.577352851629257202e-02
4.208680093288421631e-01 -4.569291695952415466e-02
4.308859109878540039e-01 -4.552096873521804810e-02
4.367091357707977295e-01 -4.540823400020599365e-02
4.456504285335540771e-01 -4.521733522415161133e-02
4.583280086517333984e-01 -4.491112008690834045e-02
4.748274087905883789e-01 -4.445398971438407898e-02
4.909109473228454590e-01 -4.395053163170814514e-02
4.982975423336029053e-01 -4.370215535163879395e-02
5.109251737594604492e-01 -4.325549304485321045e-02
5.244752764701843262e-01 -4.274939000606536865e-02
5.313794016838073730e-01 -4.248256981372833252e-02
5.455969572067260742e-01 -4.191809892654418945e-02
5.583211183547973633e-01 -4.140027239918708801e-02
5.757752060890197754e-01 -4.067956656217575073e-02
5.810741186141967773e-01 -4.045995697379112244e-02
5.877936482429504395e-01 -4.018175229430198669e-02
5.987234115600585938e-01 -3.973130509257316589e-02
6.059911847114562988e-01 -3.943412005901336670e-02
6.206309795379638672e-01 -3.884381428360939026e-02
6.299350857734680176e-01 -3.847577050328254700e-02
6.371488571166992188e-01 -3.819473087787628174e-02
6.525291800498962402e-01 -3.760907053947448730e-02
6.609978079795837402e-01 -3.729459643363952637e-02
6.708729267120361328e-01 -3.693480417132377625e-02
6.841521263122558594e-01 -3.646166622638702393e-02
6.886457800865173340e-01 -3.630398213863372803e-02
7.031016945838928223e-01 -3.580299392342567444e-02
7.144067883491516113e-01 -3.541536256670951843e-02
7.232505083084106445e-01 -3.511256352066993713e-02
7.427024245262145996e-01 -3.443869575858116150e-02
7.492440342903137207e-01 -3.420673683285713196e-02
7.692742943763732910e-01 -3.346560895442962646e-02
7.792500257492065430e-01 -3.307172283530235291e-02
7.885026335716247559e-01 -3.268625959753990173e-02
7.993168830871582031e-01 -3.220539167523384094e-02
8.137684464454650879e-01 -3.149879723787307739e-02
8.234806060791015625e-01 -3.097311034798622131e-02
8.354439735412597656e-01 -3.025637008249759674e-02
8.424557447433471680e-01 -2.979450672864913940e-02
8.565112352371215820e-01 -2.875673025846481323e-02
8.616984486579895020e-01 -2.832997776567935944e-02
8.868947625160217285e-01 -2.582297287881374359e-02
8.924985527992248535e-01 -2.514506690204143524e-02
9.030198454856872559e-01 -2.372380904853343964e-02
9.190946817398071289e-01 -2.111521176993846893e-02
9.346420764923095703e-01 -1.804400235414505005e-02
9.474976062774658203e-01 -1.520430669188499451e-02
9.532331228256225586e-01 -1.391628012061119080e-02
9.558910131454467773e-01 -1.332531776279211044e-02
