9.765126705169677734e-01 -3.131589386612176895e-03
9.763524532318115234e-01 -3.154317848384380341e-03
9.747822880744934082e-01 -3.315250156447291374e-03
9.680901765823364258e-01 -3.296114504337310791e-03
9.532573223114013672e-01 -1.602182048372924328e-03
9.447399973869323730e-01 -1.422620116500183940e-04
9.395549297332763672e-01 8.550108177587389946e-04
9.361572861671447754e-01 1.544446800835430622e-03
9.224427342414855957e-01 4.555217456072568893e-03
9.161008000373840332e-01 6.044189445674419403e-03
9.081414341926574707e-01 7.976944558322429657e-03
9.023154973983764648e-01 9.427552111446857452e-03
8.948457837104797363e-01 1.132109202444553375e-02
8.889936208724975586e-01 1.282419543713331223e-02
8.742216825485229492e-01 1.666027680039405823e-02
8.722658157348632812e-01 1.716991327702999115e-02
8.646666407585144043e-01 1.914818398654460907e-02
8.609378933906555176e-01 2.011600509285926819e-02
8.497936725616455078e-01 2.298671752214431763e-02
8.397715687751770020e-01 2.552751265466213226e-02
8.273026347160339355e-01 2.861503511667251587e-02
8.092567324638366699e-01 3.290517255663871765e-02
7.966887950897216797e-01 3.575193509459495544e-02
7.940415143966674805e-01 3.633603081107139587e-02
7.777861952781677246e-01 3.980225324630737305e-02
7.662791013717651367e-01 4.213155806064605713e-02
7.576621770858764648e-01 4.380989074707031250e-02
7.512121200561523438e-01 4.503044113516807556e-02
7.341124415397644043e-01 4.812448471784591675e-02
7.293503880500793457e-01 4.895133525133132935e-02
7.090581655502319336e-01 5.231768265366554260e-02
7.016463875770568848e-01 5.348812416195869446e-02
6.855522394180297852e-01 5.593090131878852844e-02
6.746892333030700684e-01 5.750894546508789062e-02
6.699865460395812988e-01 5.817567557096481323e-02
6.590101122856140137e-01 5.969543382525444031e-02
6.438162326812744141e-01 6.172047555446624756e-02
6.332015991210937500e-01 6.308507174253463745e-02
6.261513233184814453e-01 6.396999955177307129e-02
6.116735935211181641e-01 6.573665887117385864e-02
5.930469632148742676e-01 6.791559606790542603e-02
5.753913521766662598e-01 6.988923251628875732e-02
5.644394755363464355e-01 7.107046991586685181e-02
5.556811094284057617e-01 7.199190557003021240e-02
5.415908098220825195e-01 7.343126833438873291e-02
5.276251435279846191e-01 7.480546087026596069e-02
5.131848454475402832e-01 7.617062330245971680e-02
5.038419365882873535e-01 7.702295482158660889e-02
4.960224628448486328e-01 7.771716266870498657e-02
4.851610660552978516e-01 7.865161448717117310e-02
4.723344147205352783e-01 7.970885187387466431e-02
4.668675959110260010e-01 8.014367520809173584e-02
4.478535056114196777e-01 8.157866448163986206e-02
4.353902637958526611e-01 8.245049417018890381e-02
4.249169230461120605e-01 8.313827961683273315e-02
4.203112423419952393e-01 8.342721313238143921e-02
4.081301689147949219e-01 8.414974063634872437e-02
4.013892114162445068e-01 8.452267199754714966e-02
3.929585218429565430e-01 8.496087044477462769e-02
3.814121186733245850e-01 8.550794422626495361e-02
3.740575313568115234e-01 8.582304418087005615e-02
3.534298539161682129e-01 8.655926585197448730e-02
3.315939307212829590e-01 8.708268404006958008e-02
3.194431066513061523e-01 8.725011348724365234e-02
3.169022202491760254e-01 8.727329969406127930e-02
3.060409426689147949e-01 8.732466399669647217e-02
2.993924319744110107e-01 8.731670677661895752e-02
2.611247599124908447e-01 8.663979917764663696e-02
2.536264061927795410e-01 8.637122809886932373e-02
2.329435348510742188e-01 8.537627011537551880e-02
2.203151583671569824e-01 8.457385003566741943e-02
1.972520947456359863e-01 8.269241452217102051e-02
1.907417923212051392e-01 8.205723762512207031e-02
1.872811019420623779e-01 8.169989287853240967e-02
1.775238960981369019e-01 8.061622083187103271e-02
1.700903028249740601e-01 7.971230149269104004e-02
1.623371243476867676e-01 7.869395613670349121e-02
1.365802735090255737e-01 7.470995932817459106e-02
1.243114471435546875e-01 7.245407998561859131e-02
1.000008434057235718e-01 6.719086319208145142e-02
9.084814786911010742e-02 6.489974260330200195e-02
7.472970336675643921e-02 6.038410216569900513e-02
6.308121979236602783e-02 5.668390169739723206e-02
4.826745390892028809e-02 5.134393647313117981e-02
4.253509640693664551e-02 4.905413091182708740e-02
3.901155665516853333e-02 4.757587239146232605e-02
2.553301677107810974e-02 4.134002700448036194e-02
1.663429662585258484e-02 3.659937530755996704e-02
1.279778219759464264e-02 3.435896709561347961e-02
8.810945786535739899e-03 3.187740221619606018e-02
5.644494667649269104e-03 2.977579832077026367e-02
-7.485073525458574295e-03 1.917574740946292877e-02
-1.135276630520820618e-02 1.499538868665695190e-02
-1.353611983358860016e-02 1.215533912181854248e-02
-1.562911830842494965e-02 8.793429471552371979e-03
-1.777056232094764709e-02 3.429486183449625969e-03
-1.820498332381248474e-02 1.047053025104105473e-03
-1.808492839336395264e-02 -3.324604360386729240e-03
-1.783025078475475311e-02 -4.523133393377065659e-03
-1.707849279046058655e-02 -6.771782413125038147e-03
-1.572581566870212555e-02 -9.401335380971431732e-03
-1.217638421803712845e-02 -1.387906260788440704e-02
-9.469626471400260925e-03 -1.638444699347019196e-02
-3.913220949470996857e-03 -2.045405283570289612e-02
-6.927424110472202301e-04 -2.242109552025794983e-02
1.121514104306697845e-02 -2.833077125251293182e-02
2.019677869975566864e-02 -3.191404789686203003e-02
3.655370697379112244e-02 -3.730592876672744751e-02
4.915047436952590942e-02 -4.078192263841629028e-02
6.870255619287490845e-02 -4.538583755493164062e-02
8.567228913307189941e-02 -4.881358519196510315e-02
1.044333502650260925e-01 -5.215076357126235962e-02
1.153145208954811096e-01 -5.391266569495201111e-02
1.384224295616149902e-01 -5.731585249304771423e-02
1.459826678037643433e-01 -5.834395438432693481e-02
1.530725210905075073e-01 -5.927463620901107788e-02
1.648829579353332520e-01 -6.075880303978919983e-02
1.863410323858261108e-01 -6.326676905155181885e-02
1.981330364942550659e-01 -6.455283612012863159e-02
2.184609472751617432e-01 -6.663387268781661987e-02
2.332487404346466064e-01 -6.804887950420379639e-02
2.464183717966079712e-01 -6.924421340227127075e-02
2.595109343528747559e-01 -7.037525624036788940e-02
2.709845602512359619e-01 -7.132143527269363403e-02
2.831892669200897217e-01 -7.228329032659530640e-02
2.950606048107147217e-01 -7.317581772804260254e-02
3.152299225330352783e-01 -7.459718734025955200e-02
3.185621201992034912e-01 -7.482066005468368530e-02
3.450455665588378906e-01 -7.648287713527679443e-02
3.542010486125946045e-01 -7.701048254966735840e-02
3.674420118331909180e-01 -7.773049175739288330e-02
3.728829622268676758e-01 -7.801147550344467163e-02
4.023109078407287598e-01 -7.937803864479064941e-02
4.047076404094696045e-01 -7.947773486375808716e-02
4.215209782123565674e-01 -8.012648671865463257e-02
4.331280887126922607e-01 -8.052156120538711548e-02
4.490958452224731445e-01 -8.099213242530822754e-02
4.545082151889801025e-01 -8.113197982311248779e-02
4.694753289222717285e-01 -8.146519213914871216e-02
4.734799861907958984e-01 -8.154071122407913208e-02
4.825332462787628174e-01 -8.168978244066238403e-02
4.944600164890289307e-01 -8.183915168046951294e-02
4.980710446834564209e-01 -8.187360316514968872e-02
5.122233033180236816e-01 -8.195906132459640503e-02
5.334714055061340332e-01 -8.193379640579223633e-02
5.388965010643005371e-01 -8.189679682254791260e-02
5.617054700851440430e-01 -8.159969747066497803e-02
5.796084403991699219e-01 -8.120122551918029785e-02
5.937808752059936523e-01 -8.077935874462127686e-02
6.001548767089843750e-01 -8.055841922760009766e-02
6.132947206497192383e-01 -8.004108816385269165e-02
6.186858415603637695e-01 -7.980457693338394165e-02
6.379937529563903809e-01 -7.884085923433303833e-02
6.419916152954101562e-01 -7.861843705177307129e-02
6.653495430946350098e-01 -7.716170698404312134e-02
6.767520308494567871e-01 -7.635285705327987671e-02
6.846124529838562012e-01 -7.575772702693939209e-02
6.897492408752441406e-01 -7.535223662853240967e-02
6.944862008094787598e-01 -7.496657967567443848e-02
7.020178437232971191e-01 -7.433015853166580200e-02
7.118282914161682129e-01 -7.345789670944213867e-02
7.245128154754638672e-01 -7.225604355335235596e-02
7.368453741073608398e-01 -7.100516557693481445e-02
7.514672279357910156e-01 -6.941181421279907227e-02
7.591091990470886230e-01 -6.852916628122329712e-02
7.676494717597961426e-01 -6.750015169382095337e-02
7.737623453140258789e-01 -6.673491001129150391e-02
7.817386388778686523e-01 -6.569870561361312866e-02
7.860563397407531738e-01 -6.511938571929931641e-02
7.999042868614196777e-01 -6.316876411437988281e-02
8.089000582695007324e-01 -6.182127818465232849e-02
8.122072815895080566e-01 -6.130896136164665222e-02
8.192809224128723145e-01 -6.018117442727088928e-02
8.241587877273559570e-01 -5.937702581286430359e-02
8.344868421554565430e-01 -5.759883671998977661e-02
8.382283449172973633e-01 -5.692799389362335205e-02
8.628354668617248535e-01 -5.212057381868362427e-02
8.642344474792480469e-01 -5.182472616434097290e-02
8.757331967353820801e-01 -4.928903654217720032e-02
8.924869298934936523e-01 -4.522749409079551697e-02
9.008805155754089355e-01 -4.300578311085700989e-02
9.093042612075805664e-01 -4.063398391008377075e-02
9.180571436882019043e-01 -3.800368309020996094e-02
9.218882918357849121e-01 -3.679529204964637756e-02
9.381735920906066895e-01 -3.124517761170864105e-02
9.411728978157043457e-01 -3.015075065195560455e-02
9.503344893455505371e-01 -2.669559232890605927e-02
9.566402435302734375e-01 -2.426432445645332336e-02
9.672648310661315918e-01 -2.026301808655261993e-02
9.723323583602905273e-01 -1.846983470022678375e-02
9.758242368698120117e-01 -1.728838309645652771e-02
9.764381051063537598e-01 -1.708509586751461029e-02
