9.664296507835388184e-01 -5.084725096821784973e-03
9.659013152122497559e-01 -5.113580264151096344e-03
9.613728523254394531e-01 -5.165711976587772369e-03
9.473574161529541016e-01 -4.357943776994943619e-03
9.358639717102050781e-01 -3.219208447262644768e-03
9.228538274765014648e-01 -1.657508895732462406e-03
9.045652747154235840e-01 8.513288921676576138e-04
8.951861858367919922e-01 2.238258952274918556e-03
8.885903358459472656e-01 3.244765102863311768e-03
8.815382122993469238e-01 4.344684071838855743e-03
8.631115555763244629e-01 7.308786734938621521e-03
8.572443723678588867e-01 8.273235522210597992e-03
8.449449539184570312e-01 1.031654980033636093e-02
8.331249356269836426e-01 1.229768246412277222e-02
8.218668699264526367e-01 1.419075857847929001e-02
8.151953220367431641e-01 1.531195640563964844e-02
7.996209263801574707e-01 1.791732385754585266e-02
7.889296412467956543e-01 1.968885213136672974e-02
7.805695533752441406e-01 2.106070891022682190e-02
7.737488746643066406e-01 2.216949313879013062e-02
7.519412636756896973e-01 2.563993632793426514e-02
7.450681328773498535e-01 2.670711651444435120e-02
7.331608533859252930e-01 2.852237224578857422e-02
7.243813872337341309e-01 2.983216010034084320e-02
7.032812833786010742e-01 3.287488222122192383e-02
6.961857676506042480e-01 3.386348485946655273e-02
6.823797225952148438e-01 3.573558107018470764e-02
6.737696528434753418e-01 3.686816990375518799e-02
6.510319113731384277e-01 3.972818702459335327e-02
6.395602822303771973e-01 4.109815135598182678e-02
6.254799962043762207e-01 4.271218180656433105e-02
6.109014153480529785e-01 4.430437460541725159e-02
6.039031147956848145e-01 4.503995180130004883e-02
5.956130027770996094e-01 4.588706418871879578e-02
5.772394537925720215e-01 4.766998812556266785e-02
5.715923905372619629e-01 4.819155856966972351e-02
5.527033209800720215e-01 4.984476044774055481e-02
5.386418700218200684e-01 5.098271742463111877e-02
5.220400094985961914e-01 5.222224444150924683e-02
5.060409307479858398e-01 5.330779775977134705e-02
4.991346597671508789e-01 5.374262481927871704e-02
4.872128963470458984e-01 5.444434285163879395e-02
4.740996062755584717e-01 5.514334514737129211e-02
4.646721482276916504e-01 5.559768527746200562e-02
4.505351483821868896e-01 5.620165541768074036e-02
4.449803829193115234e-01 5.641303583979606628e-02
4.282036721706390381e-01 5.696057528257369995e-02
4.194481968879699707e-01 5.719091370701789856e-02
4.054299890995025635e-01 5.747838690876960754e-02
3.919416069984436035e-01 5.765816941857337952e-02
3.818689584732055664e-01 5.772897601127624512e-02
3.729663193225860596e-01 5.774543434381484985e-02
3.630596995353698730e-01 5.771200358867645264e-02
3.505427241325378418e-01 5.759038403630256653e-02
3.386775255203247070e-01 5.739176273345947266e-02
3.343023955821990967e-01 5.729775503277778625e-02
3.241512179374694824e-01 5.703603848814964294e-02
3.165082633495330811e-01 5.679840967059135437e-02
3.066860735416412354e-01 5.644127354025840759e-02
2.961227595806121826e-01 5.599155649542808533e-02
2.875856757164001465e-01 5.557800456881523132e-02
2.775901556015014648e-01 5.503647029399871826e-02
2.718867659568786621e-01 5.469956994056701660e-02
2.652084529399871826e-01 5.427919328212738037e-02
2.504830658435821533e-01 5.325306951999664307e-02
2.425517290830612183e-01 5.264340341091156006e-02
2.331276386976242065e-01 5.186668783426284790e-02
2.275533974170684814e-01 5.138031765818595886e-02
2.155593186616897583e-01 5.026505142450332642e-02
2.112746536731719971e-01 4.984360933303833008e-02
2.050784081220626831e-01 4.921234399080276489e-02
1.966827213764190674e-01 4.831517860293388367e-02
1.855726838111877441e-01 4.705182462930679321e-02
1.722875088453292847e-01 4.542174562811851501e-02
1.574638187885284424e-01 4.343751817941665649e-02
1.433459222316741943e-01 4.136795178055763245e-02
1.410399824380874634e-01 4.101167619228363037e-02
1.364657133817672729e-01 4.028876870870590210e-02
1.284100860357284546e-01 3.896046802401542664e-02
1.211333572864532471e-01 3.769553825259208679e-02
1.137621924281120300e-01 3.634546697139739990e-02
1.026444360613822937e-01 3.416391462087631226e-02
8.827193826436996460e-02 3.104553371667861938e-02
7.810993492603302002e-02 2.860261872410774231e-02
6.605532020330429077e-02 2.540018036961555481e-02
5.335275456309318542e-02 2.159481681883335114e-02
4.347696900367736816e-02 1.825747638940811157e-02
4.149740934371948242e-02 1.754071936011314392e-02
3.371788561344146729e-02 1.453729346394538879e-02
2.609407715499401093e-02 1.123146526515483856e-02
2.061679959297180176e-02 8.536670356988906860e-03
1.668168418109416962e-02 6.344013847410678864e-03
1.198865659534931183e-02 3.221302526071667671e-03
1.027966011315584183e-02 1.818672637455165386e-03
8.696861565113067627e-03 2.395539631834253669e-04
7.981314323842525482e-03 -6.486973143182694912e-04
6.825661286711692810e-03 -2.819617511704564095e-03
6.690978072583675385e-03 -5.403102375566959381e-03
7.691430859267711639e-03 -7.501238957047462463e-03
8.700949139893054962e-03 -8.666771464049816132e-03
9.942967444658279419e-03 -9.757974185049533844e-03
1.181054580956697464e-02 -1.106883399188518524e-02
1.300685200840234756e-02 -1.178868860006332397e-02
1.830758154392242432e-02 -1.439710054546594620e-02
2.889017574489116669e-02 -1.832753606140613556e-02
3.575121238827705383e-02 -2.044837176799774170e-02
5.563618987798690796e-02 -2.564795687794685364e-02
5.972093343734741211e-02 -2.659713290631771088e-02
7.762992382049560547e-02 -3.042217157781124115e-02
8.967147767543792725e-02 -3.274090215563774109e-02
1.061760187149047852e-01 -3.565222024917602539e-02
1.195737794041633606e-01 -3.782092034816741943e-02
1.287100315093994141e-01 -3.921146690845489502e-02
1.381028890609741211e-01 -4.057282581925392151e-02
1.555360108613967896e-01 -4.293201863765716553e-02
1.711793839931488037e-01 -4.488100856542587280e-02
1.817521452903747559e-01 -4.611618444323539734e-02
1.960182338953018188e-01 -4.768566787242889404e-02
2.093331217765808105e-01 -4.905618354678153992e-02
2.174253612756729126e-01 -4.984707012772560120e-02
2.400768995285034180e-01 -5.190174281597137451e-02
2.461898922920227051e-01 -5.241783335804939270e-02
2.717891633510589600e-01 -5.441135168075561523e-02
2.759702801704406738e-01 -5.471202731132507324e-02
2.913945615291595459e-01 -5.576249212026596069e-02
2.961449027061462402e-01 -5.606763809919357300e-02
3.057366013526916504e-01 -5.665781721472740173e-02
3.116025924682617188e-01 -5.700173601508140564e-02
3.295415341854095459e-01 -5.797403678297996521e-02
3.356930315494537354e-01 -5.827997624874114990e-02
3.491853475570678711e-01 -5.890198796987533569e-02
3.628775775432586670e-01 -5.946413427591323853e-02
3.710151016712188721e-01 -5.976503342390060425e-02
3.792463243007659912e-01 -6.004403531551361084e-02
4.006673395633697510e-01 -6.064883619546890259e-02
4.118598401546478271e-01 -6.089388579130172729e-02
4.246040880680084229e-01 -6.111222505569458008e-02
4.305632710456848145e-01 -6.119175255298614502e-02
4.385530650615692139e-01 -6.127546727657318115e-02
4.518450200557708740e-01 -6.135559827089309692e-02
4.592838883399963379e-01 -6.136763468384742737e-02
4.770995080471038818e-01 -6.129838898777961731e-02
4.875471293926239014e-01 -6.119203194975852966e-02
4.908110499382019043e-01 -6.114868819713592529e-02
5.049844384193420410e-01 -6.090364232659339905e-02
5.129972696304321289e-01 -6.072384864091873169e-02
5.187950730323791504e-01 -6.057496741414070129e-02
5.287888050079345703e-01 -6.028106063604354858e-02
5.486372113227844238e-01 -5.955675244331359863e-02
5.550166368484497070e-01 -5.928425863385200500e-02
5.617439150810241699e-01 -5.897604301571846008e-02
5.694714188575744629e-01 -5.859582871198654175e-02
5.743498802185058594e-01 -5.834148824214935303e-02
5.797043442726135254e-01 -5.804971605539321899e-02
5.971615314483642578e-01 -5.700861290097236633e-02
6.126837134361267090e-01 -5.597154796123504639e-02
6.182199716567993164e-01 -5.557742342352867126e-02
6.264302134513854980e-01 -5.497043952345848083e-02
6.394652128219604492e-01 -5.395384505391120911e-02
6.453014612197875977e-01 -5.347863584756851196e-02
6.491821408271789551e-01 -5.315604805946350098e-02
6.557166576385498047e-01 -5.260139703750610352e-02
6.657868027687072754e-01 -5.171950533986091614e-02
6.684894561767578125e-01 -5.147743225097656250e-02
6.893483400344848633e-01 -4.953784495592117310e-02
6.958509087562561035e-01 -4.890892654657363892e-02
7.050193548202514648e-01 -4.800397530198097229e-02
7.205941081047058105e-01 -4.642056673765182495e-02
7.253148555755615234e-01 -4.592972993850708008e-02
7.401799559593200684e-01 -4.435238614678382874e-02
7.708808779716491699e-01 -4.094912111759185791e-02
7.754256725311279297e-01 -4.042901098728179932e-02
7.832429409027099609e-01 -3.952454775571823120e-02
7.902371883392333984e-01 -3.870467096567153931e-02
8.024392724037170410e-01 -3.725001960992813110e-02
8.082985281944274902e-01 -3.654031455516815186e-02
8.205550312995910645e-01 -3.503171354532241821e-02
8.331049084663391113e-01 -3.345233947038650513e-02
8.452301621437072754e-01 -3.189200907945632935e-02
8.539360165596008301e-01 -3.075031004846096039e-02
8.662373423576354980e-01 -2.910628914833068848e-02
8.700869679450988770e-01 -2.858438901603221893e-02
8.757896423339843750e-01 -2.780494093894958496e-02
8.862025737762451172e-01 -2.636304311454296112e-02
9.044690132141113281e-01 -2.378627285361289978e-02
9.128715991973876953e-01 -2.259119227528572083e-02
9.258588552474975586e-01 -2.076196111738681793e-02
9.341199994087219238e-01 -1.963650807738304138e-02
9.470362067222595215e-01 -1.800943911075592041e-02
9.589808583259582520e-01 -1.672345213592052460e-02
9.642013907432556152e-01 -1.623120903968811035e-02
9.669991135597229004e-01 -1.598196476697921753e-02
