9.628792405128479004e-01 -4.736738745123147964e-03
9.617337584495544434e-01 -4.690050613135099411e-03
9.581888318061828613e-01 -4.478650167584419250e-03
9.487600326538085938e-01 -3.643864765763282776e-03
9.281322360038757324e-01 -1.210011076182126999e-03
9.163678884506225586e-01 3.660281654447317123e-04
9.010074734687805176e-01 2.541329944506287575e-03
8.949443697929382324e-01 3.426180221140384674e-03
8.853902220726013184e-01 4.842376802116632462e-03
8.767560124397277832e-01 6.139724515378475189e-03
8.632774949073791504e-01 8.186240680515766144e-03
8.532776832580566406e-01 9.713026694953441620e-03
8.372241854667663574e-01 1.216261833906173706e-02
8.230041861534118652e-01 1.431566383689641953e-02
8.054901957511901855e-01 1.692496985197067261e-02
8.004936575889587402e-01 1.765800081193447113e-02
7.919616699218750000e-01 1.889580301940441132e-02
7.841083407402038574e-01 2.001837082207202911e-02
7.722595334053039551e-01 2.167881838977336884e-02
7.627965807914733887e-01 2.297424711287021637e-02
7.517976164817810059e-01 2.444411814212799072e-02
7.424182891845703125e-01 2.566626109182834625e-02
7.262353301048278809e-01 2.770679630339145660e-02
7.186866402626037598e-01 2.862934581935405731e-02
7.053450942039489746e-01 3.021551296114921570e-02
7.002969384193420410e-01 3.080130927264690399e-02
6.896658539772033691e-01 3.201008215546607971e-02
6.788331866264343262e-01 3.320844098925590515e-02
6.674760580062866211e-01 3.443054109811782837e-02
6.586476564407348633e-01 3.535761684179306030e-02
6.507368683815002441e-01 3.617212548851966858e-02
6.327934265136718750e-01 3.796631842851638794e-02
6.240470409393310547e-01 3.881565481424331665e-02
6.152406930923461914e-01 3.965505585074424744e-02
6.087219119071960449e-01 4.026657342910766602e-02
5.873360633850097656e-01 4.221674427390098572e-02
5.732447504997253418e-01 4.345660284161567688e-02
5.662872791290283203e-01 4.405590146780014038e-02
5.476347208023071289e-01 4.562087357044219971e-02
5.377094745635986328e-01 4.642864316701889038e-02
5.274616479873657227e-01 4.724416509270668030e-02
5.181668996810913086e-01 4.796710237860679626e-02
5.089865922927856445e-01 4.866507276892662048e-02
5.036737918853759766e-01 4.906148463487625122e-02
4.941385686397552490e-01 4.975875467061996460e-02
4.739594459533691406e-01 5.117070302367210388e-02
4.538361132144927979e-01 5.248560011386871338e-02
4.496987760066986084e-01 5.274351686239242554e-02
4.377263188362121582e-01 5.346451699733734131e-02
4.236835539340972900e-01 5.425960570573806763e-02
4.110577106475830078e-01 5.492471158504486084e-02
4.077038168907165527e-01 5.509307235479354858e-02
3.937129676342010498e-01 5.575582757592201233e-02
3.786700069904327393e-01 5.639361217617988586e-02
3.690719902515411377e-01 5.675759911537170410e-02
3.551896214485168457e-01 5.722151696681976318e-02
3.445330858230590820e-01 5.752498656511306763e-02
3.219615519046783447e-01 5.800692737102508545e-02
3.123253881931304932e-01 5.814234912395477295e-02
3.017956316471099854e-01 5.823947489261627197e-02
2.970300614833831787e-01 5.826544389128684998e-02
2.814079821109771729e-01 5.826876312494277954e-02
2.676417231559753418e-01 5.816313996911048889e-02
2.610740065574645996e-01 5.807521566748619080e-02
2.568766474723815918e-01 5.800586566329002380e-02
2.452208697795867920e-01 5.775800719857215881e-02
2.307308316230773926e-01 5.733126401901245117e-02
2.201370894908905029e-01 5.693136155605316162e-02
2.085171043872833252e-01 5.640218034386634827e-02
1.956441998481750488e-01 5.569837987422943115e-02
1.825339496135711670e-01 5.484536662697792053e-02
1.710481643676757812e-01 5.397607758641242981e-02
1.623525470495223999e-01 5.323639884591102600e-02
1.566897928714752197e-01 5.271451547741889954e-02
1.436981409788131714e-01 5.138862878084182739e-02
1.318134963512420654e-01 5.000477656722068787e-02
1.169775500893592834e-01 4.801797494292259216e-02
1.075862124562263489e-01 4.659169912338256836e-02
1.005766913294792175e-01 4.543117433786392212e-02
9.408675134181976318e-02 4.427614435553550720e-02
8.201962709426879883e-02 4.189651831984519958e-02
6.465087831020355225e-02 3.782851621508598328e-02
6.036088988184928894e-02 3.668065741658210754e-02
5.383596569299697876e-02 3.480274602770805359e-02
4.912630096077919006e-02 3.333505988121032715e-02
4.223230108618736267e-02 3.098687902092933655e-02
2.652006037533283234e-02 2.442240342497825623e-02
1.643594540655612946e-02 1.874902658164501190e-02
1.398689299821853638e-02 1.706956326961517334e-02
1.057126093655824661e-02 1.440995745360851288e-02
5.790217779576778412e-03 9.632397443056106567e-03
3.745554480701684952e-03 6.796556990593671799e-03
2.485873876139521599e-03 4.432067275047302246e-03
1.462149550206959248e-03 1.381875365041196346e-03
1.138832885771989822e-03 -1.084290328435599804e-03
1.533190021291375160e-03 -4.798462148755788803e-03
3.323463490232825279e-03 -9.005358442664146423e-03
4.269551020115613937e-03 -1.043273974210023880e-02
5.562383681535720825e-03 -1.205910556018352509e-02
8.132666349411010742e-03 -1.467977836728096008e-02
1.125604100525379181e-02 -1.726381853222846985e-02
1.584242284297943115e-02 -2.041598036885261536e-02
2.040422149002552032e-02 -2.310595102608203888e-02
2.460406161844730377e-02 -2.532969601452350616e-02
3.117237798869609833e-02 -2.847326546907424927e-02
3.886032477021217346e-02 -3.178242221474647522e-02
4.420170560479164124e-02 -3.390246257185935974e-02
5.199753120541572571e-02 -3.678279370069503784e-02
5.706190690398216248e-02 -3.853525593876838684e-02
6.978112459182739258e-02 -4.257896915078163147e-02
8.272796869277954102e-02 -4.623216018080711365e-02
8.918960392475128174e-02 -4.789862409234046936e-02
9.359208494424819946e-02 -4.897821322083473206e-02
1.000278666615486145e-01 -5.047871544957160950e-02
1.091888397932052612e-01 -5.246333405375480652e-02
1.138334423303604126e-01 -5.340502783656120300e-02
1.228372007608413696e-01 -5.511367321014404297e-02
1.379426270723342896e-01 -5.765717476606369019e-02
1.487470120191574097e-01 -5.924835056066513062e-02
1.545910090208053589e-01 -6.003562733530998230e-02
1.611933708190917969e-01 -6.086654588580131531e-02
1.723284125328063965e-01 -6.213505566120147705e-02
1.839219331741333008e-01 -6.329070031642913818e-02
1.921667754650115967e-01 -6.401749700307846069e-02
2.013189792633056641e-01 -6.473799794912338257e-02
2.106787711381912231e-01 -6.538678705692291260e-02
2.276014834642410278e-01 -6.635182350873947144e-02
2.338795214891433716e-01 -6.664668768644332886e-02
2.461703717708587646e-01 -6.713277846574783325e-02
2.526190280914306641e-01 -6.734214723110198975e-02
2.642861902713775635e-01 -6.764622777700424194e-02
2.761949896812438965e-01 -6.786351650953292847e-02
2.893532514572143555e-01 -6.800225377082824707e-02
3.022260367870330811e-01 -6.804255396127700806e-02
3.136850893497467041e-01 -6.800451129674911499e-02
3.234535753726959229e-01 -6.792050600051879883e-02
3.311117589473724365e-01 -6.782309710979461670e-02
3.349854648113250732e-01 -6.776364147663116455e-02
3.465484678745269775e-01 -6.754703819751739502e-02
3.644899725914001465e-01 -6.710080802440643311e-02
3.791947066783905029e-01 -6.664161384105682373e-02
3.943226337432861328e-01 -6.608706712722778320e-02
4.047958552837371826e-01 -6.565684080123901367e-02
4.217026233673095703e-01 -6.488640606403350830e-02
4.274130165576934814e-01 -6.460578739643096924e-02
4.319103956222534180e-01 -6.437774002552032471e-02
4.404090046882629395e-01 -6.393019855022430420e-02
4.525631964206695557e-01 -6.325335800647735596e-02
4.621755778789520264e-01 -6.268823891878128052e-02
4.773692786693572998e-01 -6.174303591251373291e-02
4.914630949497222900e-01 -6.081119179725646973e-02
4.975735545158386230e-01 -6.039117649197578430e-02
5.135623216629028320e-01 -5.924749374389648438e-02
5.333772897720336914e-01 -5.774300545454025269e-02
5.515475869178771973e-01 -5.628135055303573608e-02
5.565397143363952637e-01 -5.586633086204528809e-02
5.674393773078918457e-01 -5.494033545255661011e-02
5.782366394996643066e-01 -5.399646982550621033e-02
5.889908671379089355e-01 -5.303030088543891907e-02
6.040686964988708496e-01 -5.163208767771720886e-02
6.214214563369750977e-01 -4.995992034673690796e-02
6.340423822402954102e-01 -4.870103299617767334e-02
6.521625518798828125e-01 -4.682951420545578003e-02
6.624933481216430664e-01 -4.572784900665283203e-02
6.753361821174621582e-01 -4.432205110788345337e-02
6.828315258026123047e-01 -4.348251223564147949e-02
6.962348222732543945e-01 -4.194489866495132446e-02
7.060086727142333984e-01 -4.079324752092361450e-02
7.189685702323913574e-01 -3.922495245933532715e-02
7.326686382293701172e-01 -3.751363605260848999e-02
7.438316941261291504e-01 -3.607674315571784973e-02
7.611668109893798828e-01 -3.376609832048416138e-02
7.672422528266906738e-01 -3.293263167142868042e-02
7.778487801551818848e-01 -3.144733607769012451e-02
7.943260669708251953e-01 -2.906213514506816864e-02
8.070279955863952637e-01 -2.715851552784442902e-02
8.218386769294738770e-01 -2.486938051879405975e-02
8.285055160522460938e-01 -2.381597645580768585e-02
8.371481895446777344e-01 -2.243127115070819855e-02
8.501945734024047852e-01 -2.030736394226551056e-02
8.598608970642089844e-01 -1.871705427765846252e-02
8.667314052581787109e-01 -1.758504472672939301e-02
8.856435418128967285e-01 -1.452111173421144485e-02
8.963842988014221191e-01 -1.287977769970893860e-02
9.036090970039367676e-01 -1.185739133507013321e-02
9.083771705627441406e-01 -1.123530883342027664e-02
9.205886125564575195e-01 -9.921415708959102631e-03
9.330410957336425781e-01 -9.199807420372962952e-03
9.434449076652526855e-01 -9.276655502617359161e-03
9.530389904975891113e-01 -9.981803596019744873e-03
9.585451483726501465e-01 -1.064642332494258881e-02
9.627949595451354980e-01 -1.126916985958814621e-02
