9.622260332107543945e-01 -4.734455142170190811e-03
9.616069793701171875e-01 -4.675420001149177551e-03
9.583798050880432129e-01 -4.368575755506753922e-03
9.476647377014160156e-01 -3.348161000758409500e-03
9.221029281616210938e-01 -8.590840152464807034e-04
9.086868762969970703e-01 4.786386271007359028e-04
8.873510360717773438e-01 2.641409169882535934e-03
8.776845932006835938e-01 3.632726380601525307e-03
8.677936196327209473e-01 4.652973264455795288e-03
8.534951806068420410e-01 6.136039737612009048e-03
8.383907079696655273e-01 7.710132747888565063e-03
8.331241607666015625e-01 8.260147646069526672e-03
8.188894391059875488e-01 9.748162701725959778e-03
8.122923374176025391e-01 1.043791603296995163e-02
7.980052232742309570e-01 1.193039119243621826e-02
7.907564640045166016e-01 1.268623955547809601e-02
7.812727689743041992e-01 1.367306150496006012e-02
7.704707384109497070e-01 1.479336433112621307e-02
7.567893266677856445e-01 1.620516739785671234e-02
7.506528496742248535e-01 1.683532074093818665e-02
7.326745986938476562e-01 1.866882108151912689e-02
7.185029387474060059e-01 2.009893208742141724e-02
6.970151066780090332e-01 2.223819307982921600e-02
6.930696368217468262e-01 2.262686938047409058e-02
6.834880709648132324e-01 2.356523461639881134e-02
6.745447516441345215e-01 2.443381398916244507e-02
6.623084545135498047e-01 2.561044320464134216e-02
6.559232473373413086e-01 2.621893398463726044e-02
6.360359787940979004e-01 2.808963693678379059e-02
6.227837204933166504e-01 2.931544184684753418e-02
6.135659217834472656e-01 3.015820868313312531e-02
5.943257212638854980e-01 3.189142048358917236e-02
5.822190046310424805e-01 3.296414762735366821e-02
5.770357251167297363e-01 3.341922909021377563e-02
5.607196688652038574e-01 3.483541309833526611e-02
5.564247965812683105e-01 3.520404547452926636e-02
5.426921248435974121e-01 3.637117147445678711e-02
5.325252413749694824e-01 3.722377121448516846e-02
5.163438916206359863e-01 3.856031224131584167e-02
5.100103616714477539e-01 3.907643258571624756e-02
5.037354230880737305e-01 3.958383947610855103e-02
4.931181371212005615e-01 4.043307900428771973e-02
4.747388362884521484e-01 4.187440499663352966e-02
4.682599008083343506e-01 4.237331077456474304e-02
4.621165692806243896e-01 4.284174740314483643e-02
4.548369646072387695e-01 4.339072480797767639e-02
4.422449171543121338e-01 4.432390630245208740e-02
4.316356778144836426e-01 4.509290680289268494e-02
4.239307940006256104e-01 4.564084112644195557e-02
4.152046144008636475e-01 4.624997079372406006e-02
4.026180803775787354e-01 4.710565134882926941e-02
3.982637822628021240e-01 4.739496111869812012e-02
3.901253044605255127e-01 4.792592674493789673e-02
3.835751116275787354e-01 4.834351688623428345e-02
3.719799220561981201e-01 4.906000196933746338e-02
3.678330481052398682e-01 4.930879175662994385e-02
3.554562926292419434e-01 5.002626776695251465e-02
3.354327380657196045e-01 5.109990760684013367e-02
3.266114890575408936e-01 5.153505131602287292e-02
3.224748075008392334e-01 5.173047631978988647e-02
3.133094608783721924e-01 5.214273557066917419e-02
3.067649006843566895e-01 5.241877213120460510e-02
2.966579198837280273e-01 5.281309038400650024e-02
2.896988689899444580e-01 5.306070670485496521e-02
2.794345915317535400e-01 5.338793992996215820e-02
2.731032371520996094e-01 5.356593430042266846e-02
2.666587233543395996e-01 5.372732132673263550e-02
2.610188424587249756e-01 5.385144054889678955e-02
2.535852193832397461e-01 5.398946255445480347e-02
2.352369129657745361e-01 5.419569090008735657e-02
2.243980616331100464e-01 5.421914160251617432e-02
2.166575938463211060e-01 5.418690666556358337e-02
2.025471925735473633e-01 5.401398986577987671e-02
1.920948624610900879e-01 5.378245562314987183e-02
1.774528622627258301e-01 5.329362303018569946e-02
1.687671244144439697e-01 5.290394276380538940e-02
1.499536037445068359e-01 5.177149921655654907e-02
1.341718882322311401e-01 5.047266930341720581e-02
1.265456527471542358e-01 4.971380904316902161e-02
1.053276360034942627e-01 4.707167297601699829e-02
9.894160181283950806e-02 4.610048606991767883e-02
9.524897485971450806e-02 4.549649730324745178e-02
7.849276065826416016e-02 4.231161251664161682e-02
7.135355472564697266e-02 4.069961979985237122e-02
6.702233850955963135e-02 3.963492438197135925e-02
5.629444494843482971e-02 3.667348250746726990e-02
4.983473196625709534e-02 3.463155776262283325e-02
4.005614668130874634e-02 3.108345344662666321e-02
2.994234859943389893e-02 2.666949480772018433e-02
2.216040156781673431e-02 2.255928888916969299e-02
1.726532541215419769e-02 1.952122338116168976e-02
1.079127099364995956e-02 1.466869283467531204e-02
7.869493216276168823e-03 1.196579728275537491e-02
5.004721693694591522e-03 8.694387972354888916e-03
3.499350976198911667e-03 6.441541947424411774e-03
2.415399067103862762e-03 4.122957587242126465e-03
1.956425607204437256e-03 2.227313118055462837e-03
1.932471990585327148e-03 7.800608873367309570e-04
2.070442307740449905e-03 -2.460698851791676134e-05
2.245947252959012985e-03 -5.949488258920609951e-04
2.945923479273915291e-03 -1.905368408188223839e-03
3.800188191235065460e-03 -2.873059595003724098e-03
5.501478910446166992e-03 -4.118500743061304092e-03
7.108661346137523651e-03 -4.915367811918258667e-03
1.362685672938823700e-02 -6.683878134936094284e-03
2.040989138185977936e-02 -7.483471184968948364e-03
2.573120221495628357e-02 -7.776501588523387909e-03
3.355661407113075256e-02 -7.918252609670162201e-03
4.495054110884666443e-02 -7.800412829965353012e-03
5.642597004771232605e-02 -7.517747115343809128e-03
6.908953189849853516e-02 -7.171534467488527298e-03
7.702451944351196289e-02 -6.977246142923831940e-03
8.756282180547714233e-02 -6.772109773010015488e-03
1.050210222601890564e-01 -6.599768530577421188e-03
1.128283143043518066e-01 -6.595620885491371155e-03
1.269589215517044067e-01 -6.701951846480369568e-03
1.352238357067108154e-01 -6.829371675848960876e-03
1.422324329614639282e-01 -6.973017007112503052e-03
1.527737528085708618e-01 -7.246883120387792587e-03
1.572387814521789551e-01 -7.382649462670087814e-03
1.656627207994461060e-01 -7.668702863156795502e-03
1.746849864721298218e-01 -8.015660569071769714e-03
1.898950040340423584e-01 -8.686105720698833466e-03
1.958307921886444092e-01 -8.974006399512290955e-03
2.038315385580062866e-01 -9.383072145283222198e-03
2.164549529552459717e-01 -1.007278822362422943e-02
2.314714491367340088e-01 -1.095446012914180756e-02
2.356137186288833618e-01 -1.120785810053348541e-02
2.583082020282745361e-01 -1.266017090529203415e-02
2.711311876773834229e-01 -1.351940259337425232e-02
2.892796993255615234e-01 -1.476888824254274368e-02
3.014561533927917480e-01 -1.562221441417932510e-02
3.125034570693969727e-01 -1.640253141522407532e-02
3.208296895027160645e-01 -1.699251309037208557e-02
3.313060700893402100e-01 -1.773497276008129120e-02
3.399820923805236816e-01 -1.834835670888423920e-02
3.562906682491302490e-01 -1.949274912476539612e-02
3.631519079208374023e-01 -1.996922865509986877e-02
3.727439343929290771e-01 -2.062881179153919220e-02
3.862975835800170898e-01 -2.154503390192985535e-02
3.953576087951660156e-01 -2.214532904326915741e-02
4.001387655735015869e-01 -2.245771139860153198e-02
4.137926399707794189e-01 -2.333127893507480621e-02
4.245703220367431641e-01 -2.399961464107036591e-02
4.398070871829986572e-01 -2.490909770131111145e-02
4.452852010726928711e-01 -2.522524073719978333e-02
4.591779112815856934e-01 -2.599960193037986755e-02
4.779804348945617676e-01 -2.698147110641002655e-02
4.866722524166107178e-01 -2.740837074816226959e-02
4.947077929973602295e-01 -2.778735011816024780e-02
5.070008635520935059e-01 -2.833740971982479095e-02
5.187687277793884277e-01 -2.882977388799190521e-02
5.403918623924255371e-01 -2.964619919657707214e-02
5.507039427757263184e-01 -2.999518439173698425e-02
5.717706680297851562e-01 -3.062755987048149109e-02
5.832166671752929688e-01 -3.092623315751552582e-02
5.933574438095092773e-01 -3.116475045680999756e-02
6.006200909614562988e-01 -3.132061660289764404e-02
6.071494221687316895e-01 -3.145015984773635864e-02
6.177706122398376465e-01 -3.163953870534896851e-02
6.324355006217956543e-01 -3.185770660638809204e-02
6.443101763725280762e-01 -3.199746832251548767e-02
6.562886834144592285e-01 -3.210464864969253540e-02
6.641003489494323730e-01 -3.215599432587623596e-02
6.767935752868652344e-01 -3.220748156309127808e-02
6.892711520195007324e-01 -3.221835568547248840e-02
6.982390880584716797e-01 -3.220089524984359741e-02
7.149047255516052246e-01 -3.210927173495292664e-02
7.217548489570617676e-01 -3.204813972115516663e-02
7.307484149932861328e-01 -3.194590657949447632e-02
7.369640469551086426e-01 -3.186005726456642151e-02
7.525358796119689941e-01 -3.158693015575408936e-02
7.639019489288330078e-01 -3.133127093315124512e-02
7.701933383941650391e-01 -3.116773255169391632e-02
7.842363715171813965e-01 -3.074152208864688873e-02
7.932428717613220215e-01 -3.042025491595268250e-02
8.045032024383544922e-01 -2.996084280312061310e-02
8.120413422584533691e-01 -2.961451187729835510e-02
8.305053114891052246e-01 -2.861939370632171631e-02
8.444830179214477539e-01 -2.770845033228397369e-02
8.571609258651733398e-01 -2.674523927271366119e-02
8.663250803947448730e-01 -2.595643140375614166e-02
8.844836354255676270e-01 -2.412387914955615997e-02
8.909103274345397949e-01 -2.337613888084888458e-02
8.979726433753967285e-01 -2.248560450971126556e-02
9.032213091850280762e-01 -2.177280932664871216e-02
9.161890149116516113e-01 -1.980223320424556732e-02
9.278496503829956055e-01 -1.774094626307487488e-02
9.447075724601745605e-01 -1.423016563057899475e-02
9.568074941635131836e-01 -1.139857247471809387e-02
9.600909948348999023e-01 -1.061289198696613312e-02
9.626995325088500977e-01 -9.990489110350608826e-03
