9.701929688453674316e-01 -1.058670599013566971e-02
9.695801138877868652e-01 -1.057539135217666626e-02
9.667282104492187500e-01 -1.044902950525283813e-02
9.604493975639343262e-01 -9.901837445795536041e-03
9.464734792709350586e-01 -8.038083091378211975e-03
9.355686902999877930e-01 -6.268717348575592041e-03
9.248719215393066406e-01 -4.380417522042989731e-03
9.217759370803833008e-01 -3.813333343714475632e-03
9.025027155876159668e-01 -1.393292186548933387e-04
8.923850059509277344e-01 1.859344542026519775e-03
8.839160799980163574e-01 3.556005191057920456e-03
8.750014305114746094e-01 5.358053836971521378e-03
8.642151951789855957e-01 7.552274968475103378e-03
8.497034907341003418e-01 1.051379740238189697e-02
8.121804594993591309e-01 1.811187341809272766e-02
8.065967559814453125e-01 1.922512613236904144e-02
7.956838607788085938e-01 2.138231880962848663e-02
7.857336401939392090e-01 2.332505583763122559e-02
7.639707326889038086e-01 2.748143114149570465e-02
7.520419955253601074e-01 2.969945035874843597e-02
7.417796850204467773e-01 3.157076984643936157e-02
7.271568775177001953e-01 3.417535126209259033e-02
7.170186042785644531e-01 3.593694046139717102e-02
7.139825820922851562e-01 3.645727410912513733e-02
6.968312263488769531e-01 3.933343663811683655e-02
6.892660260200500488e-01 4.056748375296592712e-02
6.757535934448242188e-01 4.271853715181350708e-02
6.592909097671508789e-01 4.524691402912139893e-02
6.398243308067321777e-01 4.810588806867599487e-02
6.331548094749450684e-01 4.905296862125396729e-02
6.244518160820007324e-01 5.026407167315483093e-02
6.152002215385437012e-01 5.152080580592155457e-02
5.963334441184997559e-01 5.398615449666976929e-02
5.855862498283386230e-01 5.533206090331077576e-02
5.754535198211669922e-01 5.656218528747558594e-02
5.685897469520568848e-01 5.737397447228431702e-02
5.617240071296691895e-01 5.816853418946266174e-02
5.562264919281005859e-01 5.879218503832817078e-02
5.431341528892517090e-01 6.023178622126579285e-02
5.381684303283691406e-01 6.076087430119514465e-02
5.267199277877807617e-01 6.194480508565902710e-02
5.074747204780578613e-01 6.381975114345550537e-02
5.014712810516357422e-01 6.437440216541290283e-02
4.839289486408233643e-01 6.591004878282546997e-02
4.776354134082794189e-01 6.642936915159225464e-02
4.722467064857482910e-01 6.686043739318847656e-02
4.525069296360015869e-01 6.832911074161529541e-02
4.361627399921417236e-01 6.940874457359313965e-02
4.224613010883331299e-01 7.021389156579971313e-02
4.080920815467834473e-01 7.095592468976974487e-02
3.984496593475341797e-01 7.139292359352111816e-02
3.957017958164215088e-01 7.150823622941970825e-02
3.816974163055419922e-01 7.203083485364913940e-02
3.745661675930023193e-01 7.225409895181655884e-02
3.639222681522369385e-01 7.253197580575942993e-02
3.603332042694091797e-01 7.261038571596145630e-02
3.544211387634277344e-01 7.272246479988098145e-02
3.404405415058135986e-01 7.290095090866088867e-02
3.250220119953155518e-01 7.295218855142593384e-02
3.216113150119781494e-01 7.294229418039321899e-02
3.181059360504150391e-01 7.292395085096359253e-02
3.068765997886657715e-01 7.280849665403366089e-02
2.998391985893249512e-01 7.269135117530822754e-02
2.951452732086181641e-01 7.259361445903778076e-02
2.889116108417510986e-01 7.243928313255310059e-02
2.807325124740600586e-01 7.219351828098297119e-02
2.706918716430664062e-01 7.182341068983078003e-02
2.556472718715667725e-01 7.112384587526321411e-02
2.465151846408843994e-01 7.061187177896499634e-02
2.277416735887527466e-01 6.934449821710586548e-02
2.143838852643966675e-01 6.826010346412658691e-02
2.011005580425262451e-01 6.702460348606109619e-02
1.902351081371307373e-01 6.589296460151672363e-02
1.837025731801986694e-01 6.515838205814361572e-02
1.679916083812713623e-01 6.321828067302703857e-02
1.592885255813598633e-01 6.203374639153480530e-02
1.523911356925964355e-01 6.103684008121490479e-02
1.365477144718170166e-01 5.854205042123794556e-02
1.288689076900482178e-01 5.722443759441375732e-02
1.207319796085357666e-01 5.574587360024452209e-02
1.082765907049179077e-01 5.330748111009597778e-02
9.893508255481719971e-02 5.132846906781196594e-02
9.042172878980636597e-02 4.940230399370193481e-02
7.781100273132324219e-02 4.631048440933227539e-02
6.965488195419311523e-02 4.414049908518791199e-02
6.220085546374320984e-02 4.202423244714736938e-02
4.866235703229904175e-02 3.779894113540649414e-02
3.943381085991859436e-02 3.457468003034591675e-02
2.434235624969005585e-02 2.847537398338317871e-02
1.758527755737304688e-02 2.527720481157302856e-02
9.572952054440975189e-03 2.090734988451004028e-02
4.365435801446437836e-03 1.756067201495170593e-02
-7.760195876471698284e-04 1.359457802027463913e-02
-4.357228521257638931e-03 1.012229640036821365e-02
-8.600244298577308655e-03 3.813421819359064102e-03
-9.706182405352592468e-03 -4.544082621578127146e-04
-9.716240689158439636e-03 -2.137933392077684402e-03
-9.377581067383289337e-03 -4.187917336821556091e-03
-8.849804289638996124e-03 -5.738946143537759781e-03
-8.587298914790153503e-03 -6.323014851659536362e-03
-7.424628362059593201e-03 -8.301327005028724670e-03
-5.458502098917961121e-03 -1.064856350421905518e-02
4.492254811339080334e-05 -1.496762409806251526e-02
5.360495764762163162e-03 -1.789573207497596741e-02
1.084361691027879715e-02 -2.032368443906307220e-02
1.869812980294227600e-02 -2.321716025471687317e-02
2.726378478109836578e-02 -2.591067180037498474e-02
3.410480543971061707e-02 -2.784622088074684143e-02
3.837684169411659241e-02 -2.898605726659297943e-02
6.627141684293746948e-02 -3.562681004405021667e-02
8.378934115171432495e-02 -3.933854401111602783e-02
9.687956422567367554e-02 -4.194450750946998596e-02
1.021349504590034485e-01 -4.295431822538375854e-02
1.401827186346054077e-01 -4.969920963048934937e-02
1.530949622392654419e-01 -5.177755653858184814e-02
1.656520813703536987e-01 -5.370294675230979919e-02
1.726106554269790649e-01 -5.473040044307708740e-02
1.901864409446716309e-01 -5.720393732190132141e-02
2.136303633451461792e-01 -6.024181842803955078e-02
2.223631292581558228e-01 -6.129952520132064819e-02
2.318213582038879395e-01 -6.240096315741539001e-02
2.419458329677581787e-01 -6.352984905242919922e-02
2.563406229019165039e-01 -6.504698842763900757e-02
2.645193636417388916e-01 -6.586359441280364990e-02
2.762963771820068359e-01 -6.698226928710937500e-02
2.889041900634765625e-01 -6.810568273067474365e-02
2.974183857440948486e-01 -6.882115453481674194e-02
3.029471933841705322e-01 -6.926720589399337769e-02
3.252385556697845459e-01 -7.091747224330902100e-02
3.373028039932250977e-01 -7.171151787042617798e-02
3.457417786121368408e-01 -7.222542166709899902e-02
3.570871055126190186e-01 -7.286210358142852783e-02
3.859625160694122314e-01 -7.419859617948532104e-02
3.938933908939361572e-01 -7.449315488338470459e-02
4.051995277404785156e-01 -7.485800236463546753e-02
4.121325910091400146e-01 -7.504930347204208374e-02
4.268042445182800293e-01 -7.537151873111724854e-02
4.304769635200500488e-01 -7.543438673019409180e-02
4.384036064147949219e-01 -7.554540783166885376e-02
4.438442885875701904e-01 -7.560191303491592407e-02
4.549113810062408447e-01 -7.566665112972259521e-02
4.697130918502807617e-01 -7.564593106508255005e-02
4.844976067543029785e-01 -7.549953460693359375e-02
4.925765991210937500e-01 -7.536517083644866943e-02
4.975796639919281006e-01 -7.526237517595291138e-02
5.012949109077453613e-01 -7.517623156309127808e-02
5.113735795021057129e-01 -7.490009814500808716e-02
5.163673162460327148e-01 -7.474005222320556641e-02
5.254720449447631836e-01 -7.440808415412902832e-02
5.532694458961486816e-01 -7.306810468435287476e-02
5.681686997413635254e-01 -7.214447855949401855e-02
5.735400915145874023e-01 -7.177618145942687988e-02
5.824314951896667480e-01 -7.112551480531692505e-02
5.987865924835205078e-01 -6.979680061340332031e-02
6.083415150642395020e-01 -6.894317269325256348e-02
6.175177097320556641e-01 -6.807141005992889404e-02
6.224635839462280273e-01 -6.758105009794235229e-02
6.358371973037719727e-01 -6.618642061948776245e-02
6.439378857612609863e-01 -6.529540568590164185e-02
6.564410328865051270e-01 -6.385724991559982300e-02
6.595145463943481445e-01 -6.349284946918487549e-02
6.665325164794921875e-01 -6.264589726924896240e-02
6.760948896408081055e-01 -6.146106496453285217e-02
6.836881041526794434e-01 -6.049757450819015503e-02
6.997095942497253418e-01 -5.840960144996643066e-02
7.051895260810852051e-01 -5.768122524023056030e-02
7.193629741668701172e-01 -5.577200651168823242e-02
7.266004085540771484e-01 -5.478620901703834534e-02
7.333557009696960449e-01 -5.386136099696159363e-02
7.440184950828552246e-01 -5.239522457122802734e-02
7.539115548133850098e-01 -5.103101953864097595e-02
7.650455832481384277e-01 -4.949459061026573181e-02
7.820473909378051758e-01 -4.715212807059288025e-02
7.887755632400512695e-01 -4.622748121619224548e-02
8.156986236572265625e-01 -4.254186898469924927e-02
8.234664201736450195e-01 -4.148120805621147156e-02
8.330303430557250977e-01 -4.017478227615356445e-02
8.396604061126708984e-01 -3.926754370331764221e-02
8.518339991569519043e-01 -3.759446367621421814e-02
8.563009500503540039e-01 -3.697683289647102356e-02
8.641119003295898438e-01 -3.588982298970222473e-02
8.719089627265930176e-01 -3.479297831654548645e-02
8.810230493545532227e-01 -3.349041193723678589e-02
8.855361938476562500e-01 -3.283493965864181519e-02
8.934605717658996582e-01 -3.166257217526435852e-02
8.998382687568664551e-01 -3.069448471069335938e-02
9.221169352531433105e-01 -2.705145813524723053e-02
9.307976365089416504e-01 -2.546595968306064606e-02
9.496567845344543457e-01 -2.148374915122985840e-02
9.658392667770385742e-01 -1.724862307310104370e-02
9.676736593246459961e-01 -1.671551540493965149e-02
9.698039293289184570e-01 -1.608365401625633240e-02
