9.676215052604675293e-01 -6.590962875634431839e-03
9.669080972671508789e-01 -6.650840863585472107e-03
9.637900590896606445e-01 -6.821626331657171249e-03
9.572297930717468262e-01 -6.873662117868661880e-03
9.360570311546325684e-01 -5.745581351220607758e-03
9.245741963386535645e-01 -4.704259335994720459e-03
9.044368863105773926e-01 -2.458543283864855766e-03
8.974643349647521973e-01 -1.586800673976540565e-03
8.802827596664428711e-01 7.213271455839276314e-04
8.719231486320495605e-01 1.914435648359358311e-03
8.667333126068115234e-01 2.675239695236086845e-03
8.600446581840515137e-01 3.676453838124871254e-03
8.486149311065673828e-01 5.436657927930355072e-03
8.379848003387451172e-01 7.123448885977268219e-03
8.201200366020202637e-01 1.005036756396293640e-02
8.160189390182495117e-01 1.073664333671331406e-02
8.057577013969421387e-01 1.247419603168964386e-02
7.972201108932495117e-01 1.394028868526220322e-02
7.877575159072875977e-01 1.558420620858669281e-02
7.683610916137695312e-01 1.900659687817096710e-02
7.567477822303771973e-01 2.108324319124221802e-02
7.491774559020996094e-01 2.244587428867816925e-02
7.415313720703125000e-01 2.382807992398738861e-02
7.358016371726989746e-01 2.486728876829147339e-02
7.204572558403015137e-01 2.766158990561962128e-02
7.148636579513549805e-01 2.868344448506832123e-02
6.993312835693359375e-01 3.152666613459587097e-02
6.781992912292480469e-01 3.540059551596641541e-02
6.651902198791503906e-01 3.778385743498802185e-02
6.568208336830139160e-01 3.931495919823646545e-02
6.517707109451293945e-01 4.023760557174682617e-02
6.349269747734069824e-01 4.330614581704139709e-02
6.251331567764282227e-01 4.508238658308982849e-02
6.148394346237182617e-01 4.694106802344322205e-02
6.072582006454467773e-01 4.830375686287879944e-02
5.975393652915954590e-01 5.004157871007919312e-02
5.824860334396362305e-01 5.270952358841896057e-02
5.753491520881652832e-01 5.396266281604766846e-02
5.549810528755187988e-01 5.748896300792694092e-02
5.494369864463806152e-01 5.843402072787284851e-02
5.404261350631713867e-01 5.995460972189903259e-02
5.248140096664428711e-01 6.253865361213684082e-02
5.203428268432617188e-01 6.326566636562347412e-02
5.042146444320678711e-01 6.583358347415924072e-02
4.969789683818817139e-01 6.695552170276641846e-02
4.776898622512817383e-01 6.984356045722961426e-02
4.625843763351440430e-01 7.198876142501831055e-02
4.531827569007873535e-01 7.326656579971313477e-02
4.444447159767150879e-01 7.441179454326629639e-02
4.340287148952484131e-01 7.572028040885925293e-02
4.261867105960845947e-01 7.666267454624176025e-02
4.201947450637817383e-01 7.735680788755416870e-02
4.111905395984649658e-01 7.835602015256881714e-02
3.994044661521911621e-01 7.958065718412399292e-02
3.860162198543548584e-01 8.085095882415771484e-02
3.794002234935760498e-01 8.142902702093124390e-02
3.732620179653167725e-01 8.193489164113998413e-02
3.521232306957244873e-01 8.344262093305587769e-02
3.446784615516662598e-01 8.388330042362213135e-02
3.256684243679046631e-01 8.478323370218276978e-02
3.194889128208160400e-01 8.500347286462783813e-02
3.129659295082092285e-01 8.519612997770309448e-02
3.048384487628936768e-01 8.537766337394714355e-02
2.978725135326385498e-01 8.548051118850708008e-02
2.948474287986755371e-01 8.550971746444702148e-02
2.882432043552398682e-01 8.554036915302276611e-02
2.685113847255706787e-01 8.535328507423400879e-02
2.565628588199615479e-01 8.502879738807678223e-02
2.481614202260971069e-01 8.470106869935989380e-02
2.202173322439193726e-01 8.298626542091369629e-02
2.079151272773742676e-01 8.190809935331344604e-02
1.979451924562454224e-01 8.087934553623199463e-02
1.908204108476638794e-01 8.005543798208236694e-02
1.846410334110260010e-01 7.927872240543365479e-02
1.757256388664245605e-01 7.805253565311431885e-02
1.631164848804473877e-01 7.609437406063079834e-02
1.495900601148605347e-01 7.368098944425582886e-02
1.217979267239570618e-01 6.756912171840667725e-02
1.068414747714996338e-01 6.352871656417846680e-02
9.848905354738235474e-02 6.100190058350563049e-02
8.925521373748779297e-02 5.795187875628471375e-02
8.455165475606918335e-02 5.628388375043869019e-02
7.569169998168945312e-02 5.290701240301132202e-02
6.923773139715194702e-02 5.023116618394851685e-02
6.481403112411499023e-02 4.827842116355895996e-02
5.414794757962226868e-02 4.310784861445426941e-02
4.200887680053710938e-02 3.621969744563102722e-02
3.288291022181510925e-02 3.005618229508399963e-02
2.369675412774085999e-02 2.252229116857051849e-02
2.091959118843078613e-02 1.984541676938533783e-02
1.675520278513431549e-02 1.528379227966070175e-02
1.489279046654701233e-02 1.294048130512237549e-02
1.206169743090867996e-02 8.791264146566390991e-03
1.076128520071506500e-02 6.501275114715099335e-03
8.881974034011363983e-03 2.288082847371697426e-03
7.843760773539543152e-03 -1.307429512962698936e-03
7.480341009795665741e-03 -3.591848071664571762e-03
7.400594651699066162e-03 -6.853198632597923279e-03
7.670656777918338776e-03 -9.086363948881626129e-03
8.665250614285469055e-03 -1.255501061677932739e-02
9.905404411256313324e-03 -1.515727210789918900e-02
1.332962419837713242e-02 -1.991396583616733551e-02
1.786978356540203094e-02 -2.434591390192508698e-02
2.035037428140640259e-02 -2.636267431080341339e-02
2.646248973906040192e-02 -3.066469170153141022e-02
2.936104685068130493e-02 -3.247703984379768372e-02
3.365294262766838074e-02 -3.496817499399185181e-02
4.057325795292854309e-02 -3.861003741621971130e-02
4.471620172262191772e-02 -4.061341658234596252e-02
6.509049981832504272e-02 -4.906355589628219604e-02
7.545565813779830933e-02 -5.267701297998428345e-02
9.078548103570938110e-02 -5.737856030464172363e-02
1.019535362720489502e-01 -6.039846315979957581e-02
1.128290519118309021e-01 -6.305847316980361938e-02
1.233360469341278076e-01 -6.539520621299743652e-02
1.344310492277145386e-01 -6.764005869626998901e-02
1.486409604549407959e-01 -7.021634280681610107e-02
1.690146774053573608e-01 -7.339562475681304932e-02
1.824359297752380371e-01 -7.519762217998504639e-02
1.905203312635421753e-01 -7.618176937103271484e-02
2.011375427246093750e-01 -7.736644148826599121e-02
2.150537669658660889e-01 -7.874601334333419800e-02
2.330700755119323730e-01 -8.026314526796340942e-02
2.420084327459335327e-01 -8.091119676828384399e-02
2.498868703842163086e-01 -8.142814040184020996e-02
2.622887194156646729e-01 -8.214353024959564209e-02
2.710073292255401611e-01 -8.257749676704406738e-02
2.764794230461120605e-01 -8.282183855772018433e-02
2.917669117450714111e-01 -8.339437842369079590e-02
2.983570098876953125e-01 -8.359283208847045898e-02
3.081214427947998047e-01 -8.383537083864212036e-02
3.257265686988830566e-01 -8.412270247936248779e-02
3.533159196376800537e-01 -8.420549333095550537e-02
3.598108589649200439e-01 -8.416264504194259644e-02
3.777466416358947754e-01 -8.392590284347534180e-02
3.891255855560302734e-01 -8.368764817714691162e-02
4.009501934051513672e-01 -8.336954563856124878e-02
4.034729003906250000e-01 -8.329247683286666870e-02
4.122158885002136230e-01 -8.300072699785232544e-02
4.186994135379791260e-01 -8.275989443063735962e-02
4.371021986007690430e-01 -8.196424692869186401e-02
4.444301426410675049e-01 -8.160188794136047363e-02
4.740556478500366211e-01 -7.987812161445617676e-02
4.920070767402648926e-01 -7.863529771566390991e-02
4.999113380908966064e-01 -7.804148644208908081e-02
5.032756328582763672e-01 -7.778020203113555908e-02
5.175472497940063477e-01 -7.661546021699905396e-02
5.310223102569580078e-01 -7.543307542800903320e-02
5.369692444801330566e-01 -7.488612830638885498e-02
5.436490774154663086e-01 -7.425361126661300659e-02
5.676157474517822266e-01 -7.182952761650085449e-02
5.767524838447570801e-01 -7.084342837333679199e-02
5.935594439506530762e-01 -6.894367933273315430e-02
5.993876457214355469e-01 -6.825975328683853149e-02
6.089821457862854004e-01 -6.710670143365859985e-02
6.140691041946411133e-01 -6.648197770118713379e-02
6.190831661224365234e-01 -6.585742533206939697e-02
6.299530267715454102e-01 -6.447429209947586060e-02
6.367723345756530762e-01 -6.358694285154342651e-02
6.435576081275939941e-01 -6.268963962793350220e-02
6.476672291755676270e-01 -6.213939189910888672e-02
6.649388074874877930e-01 -5.977405607700347900e-02
6.750154495239257812e-01 -5.835707485675811768e-02
6.803440451622009277e-01 -5.759748071432113647e-02
6.969344019889831543e-01 -5.519006028771400452e-02
7.030858993530273438e-01 -5.428208038210868835e-02
7.168567180633544922e-01 -5.222159251570701599e-02
7.297501564025878906e-01 -5.025986954569816589e-02
7.420784831047058105e-01 -4.835695028305053711e-02
7.533963322639465332e-01 -4.658817127346992493e-02
7.619283795356750488e-01 -4.524179920554161072e-02
7.750177383422851562e-01 -4.315588623285293579e-02
7.818475365638732910e-01 -4.205822572112083435e-02
7.850888371467590332e-01 -4.153522476553916931e-02
8.065615296363830566e-01 -3.803863376379013062e-02
8.107370734214782715e-01 -3.735281527042388916e-02
8.207852244377136230e-01 -3.569570556282997131e-02
8.239279985427856445e-01 -3.517559170722961426e-02
8.377297520637512207e-01 -3.288305550813674927e-02
8.479111790657043457e-01 -3.118515573441982269e-02
8.597189784049987793e-01 -2.921264059841632843e-02
8.660417795181274414e-01 -2.815648913383483887e-02
8.826879262924194336e-01 -2.538462541997432709e-02
8.895679116249084473e-01 -2.424643933773040771e-02
8.982628583908081055e-01 -2.281832695007324219e-02
9.061815738677978516e-01 -2.153111249208450317e-02
9.207855463027954102e-01 -1.920239627361297607e-02
9.362693428993225098e-01 -1.680964790284633636e-02
9.483834505081176758e-01 -1.497455127537250519e-02
9.593752622604370117e-01 -1.327770948410034180e-02
9.640740752220153809e-01 -1.252010185271501541e-02
9.662104249000549316e-01 -1.216586120426654816e-02
