9.673197865486145020e-01 -6.976310163736343384e-03
9.665259718894958496e-01 -6.997132208198308945e-03
9.615578651428222656e-01 -6.998268421739339828e-03
9.490365982055664062e-01 -6.424685008823871613e-03
9.175498485565185547e-01 -3.347520716488361359e-03
9.032479524612426758e-01 -1.530820620246231556e-03
8.887100219726562500e-01 4.898090846836566925e-04
8.808059692382812500e-01 1.648390083573758602e-03
8.665548563003540039e-01 3.825957421213388443e-03
8.605602383613586426e-01 4.771654494106769562e-03
8.325834870338439941e-01 9.370116516947746277e-03
8.247165679931640625e-01 1.070769038051366806e-02
7.969147562980651855e-01 1.554502360522747040e-02
7.814795374870300293e-01 1.828356087207794189e-02
7.675900459289550781e-01 2.076716721057891846e-02
7.570470571517944336e-01 2.265948243439197540e-02
7.448270916938781738e-01 2.485582791268825531e-02
7.312015295028686523e-01 2.730325236916542053e-02
7.225210666656494141e-01 2.885893173515796661e-02
7.153562903404235840e-01 3.013968095183372498e-02
6.942139267921447754e-01 3.389455750584602356e-02
6.803036928176879883e-01 3.633878752589225769e-02
6.675600409507751465e-01 3.855531290173530579e-02
6.620340347290039062e-01 3.950889781117439270e-02
6.402893662452697754e-01 4.321199655532836914e-02
6.247965693473815918e-01 4.579762369394302368e-02
6.139189004898071289e-01 4.758435860276222229e-02
6.061275601387023926e-01 4.884882643818855286e-02
5.950426459312438965e-01 5.062485858798027039e-02
5.753640532493591309e-01 5.370793119072914124e-02
5.578690171241760254e-01 5.636947602033615112e-02
5.508664846420288086e-01 5.741273611783981323e-02
5.220201015472412109e-01 6.156895682215690613e-02
5.188930034637451172e-01 6.200515851378440857e-02
5.064207911491394043e-01 6.371555477380752563e-02
5.022239685058593750e-01 6.428021192550659180e-02
4.922588467597961426e-01 6.559824198484420776e-02
4.805437624454498291e-01 6.710532307624816895e-02
4.664273560047149658e-01 6.885710358619689941e-02
4.633558690547943115e-01 6.922855973243713379e-02
4.552059769630432129e-01 7.019665092229843140e-02
4.507664442062377930e-01 7.071310281753540039e-02
4.361681640148162842e-01 7.235423475503921509e-02
4.307009577751159668e-01 7.294544577598571777e-02
4.200255572795867920e-01 7.406121492385864258e-02
4.125327467918395996e-01 7.481250911951065063e-02
4.032966196537017822e-01 7.570073753595352173e-02
3.963910639286041260e-01 7.633633911609649658e-02
3.847729563713073730e-01 7.734810560941696167e-02
3.691472411155700684e-01 7.858785241842269897e-02
3.606599569320678711e-01 7.919933646917343140e-02
3.518399596214294434e-01 7.978601753711700439e-02
3.452423810958862305e-01 8.019098639488220215e-02
3.394503295421600342e-01 8.052172511816024780e-02
3.328952491283416748e-01 8.086724579334259033e-02
3.255026638507843018e-01 8.121901750564575195e-02
3.195424973964691162e-01 8.147238940000534058e-02
3.117471635341644287e-01 8.176167309284210205e-02
3.056585788726806641e-01 8.195334672927856445e-02
2.965460419654846191e-01 8.218202739953994751e-02
2.845336794853210449e-01 8.237243443727493286e-02
2.700922191143035889e-01 8.242505043745040894e-02
2.622219920158386230e-01 8.236854523420333862e-02
2.506847381591796875e-01 8.217173814773559570e-02
2.410967051982879639e-01 8.190084248781204224e-02
2.373992353677749634e-01 8.176945149898529053e-02
2.283850461244583130e-01 8.138434588909149170e-02
2.216704934835433960e-01 8.103616535663604736e-02
2.139825522899627686e-01 8.057119697332382202e-02
2.068815529346466064e-01 8.007690310478210449e-02
1.998801827430725098e-01 7.952681928873062134e-02
1.934929043054580688e-01 7.896901667118072510e-02
1.883959621191024780e-01 7.848463207483291626e-02
1.601046472787857056e-01 7.512430101633071899e-02
1.498773992061614990e-01 7.361028343439102173e-02
1.419904977083206177e-01 7.232581079006195068e-02
1.323736160993576050e-01 7.061506807804107666e-02
1.245494261384010315e-01 6.910040974617004395e-02
1.173245385289192200e-01 6.759905070066452026e-02
1.047264263033866882e-01 6.473086029291152954e-02
1.005923449993133545e-01 6.371647119522094727e-02
8.923691511154174805e-02 6.073051318526268005e-02
7.666206359863281250e-02 5.705463513731956482e-02
6.524488329887390137e-02 5.334188416600227356e-02
5.632003396749496460e-02 5.015987157821655273e-02
3.978823497891426086e-02 4.350475594401359558e-02
3.472780808806419373e-02 4.123663529753684998e-02
3.061134554445743561e-02 3.929854556918144226e-02
1.949949748814105988e-02 3.358105942606925964e-02
1.487680897116661072e-02 3.095354884862899780e-02
6.133421324193477631e-03 2.545939572155475616e-02
1.804383471608161926e-03 2.241077646613121033e-02
-1.788155524991452694e-03 1.965758576989173889e-02
-6.288855802267789841e-03 1.581995375454425812e-02
-1.037575490772724152e-02 1.177241839468479156e-02
-1.337802782654762268e-02 8.211792446672916412e-03
-1.559207029640674591e-02 4.967596847563982010e-03
-1.811738498508930206e-02 -6.792559288442134857e-04
-1.865361630916595459e-02 -3.397039603441953659e-03
-1.868301071226596832e-02 -6.206844933331012726e-03
-1.830030046403408051e-02 -8.407899178564548492e-03
-1.743185892701148987e-02 -1.083663012832403183e-02
-1.548990886658430099e-02 -1.408102735877037048e-02
-1.320065744221210480e-02 -1.673370786011219025e-02
-9.677016176283359528e-03 -1.985088922083377838e-02
-6.158811971545219421e-03 -2.237654291093349457e-02
1.818777294829487801e-03 -2.702176384627819061e-02
5.302777048200368881e-03 -2.876904234290122986e-02
2.538074739277362823e-02 -3.714234754443168640e-02
3.547660633921623230e-02 -4.067921265959739685e-02
4.060278832912445068e-02 -4.235603287816047668e-02
4.385328665375709534e-02 -4.338282346725463867e-02
5.803929641842842102e-02 -4.757103696465492249e-02
6.645253300666809082e-02 -4.985492676496505737e-02
8.244360238313674927e-02 -5.384228006005287170e-02
1.030187681317329407e-01 -5.838338285684585571e-02
1.107737272977828979e-01 -5.994427204132080078e-02
1.241711750626564026e-01 -6.246758624911308289e-02
1.378197371959686279e-01 -6.483157724142074585e-02
1.436796486377716064e-01 -6.578743457794189453e-02
1.635259091854095459e-01 -6.878294795751571655e-02
1.668837219476699829e-01 -6.925498694181442261e-02
1.719644814729690552e-01 -6.995110958814620972e-02
1.748685240745544434e-01 -7.033938169479370117e-02
1.868052482604980469e-01 -7.186452299356460571e-02
1.998423337936401367e-01 -7.340566813945770264e-02
2.303647100925445557e-01 -7.654276490211486816e-02
2.370647192001342773e-01 -7.714816927909851074e-02
2.443017065525054932e-01 -7.776991277933120728e-02
2.511352002620697021e-01 -7.832685112953186035e-02
2.706081867218017578e-01 -7.975739240646362305e-02
2.788981795310974121e-01 -8.029756695032119751e-02
2.864466905593872070e-01 -8.075442910194396973e-02
2.941095232963562012e-01 -8.118443191051483154e-02
3.092858791351318359e-01 -8.193677663803100586e-02
3.219307661056518555e-01 -8.246406167745590210e-02
3.458605408668518066e-01 -8.321738988161087036e-02
3.534866869449615479e-01 -8.339075744152069092e-02
3.575390875339508057e-01 -8.346986770629882812e-02
3.764497637748718262e-01 -8.371964842081069946e-02
4.074036777019500732e-01 -8.370671421289443970e-02
4.131840169429779053e-01 -8.364655822515487671e-02
4.265906214714050293e-01 -8.343751728534698486e-02
4.309599995613098145e-01 -8.334846049547195435e-02
4.356063008308410645e-01 -8.324252068996429443e-02
4.373199343681335449e-01 -8.320052921772003174e-02
4.409183859825134277e-01 -8.310725539922714233e-02
4.596513509750366211e-01 -8.251040428876876831e-02
4.892423748970031738e-01 -8.119357377290725708e-02
5.089102387428283691e-01 -8.007239550352096558e-02
5.158492326736450195e-01 -7.963150739669799805e-02
5.305743217468261719e-01 -7.862010598182678223e-02
5.418668389320373535e-01 -7.777673751115798950e-02
5.449766516685485840e-01 -7.753445208072662354e-02
5.559995770454406738e-01 -7.664194703102111816e-02
5.629968643188476562e-01 -7.604875415563583374e-02
5.798580050468444824e-01 -7.453846931457519531e-02
5.929214954376220703e-01 -7.329413294792175293e-02
6.027179360389709473e-01 -7.232131808996200562e-02
6.129608750343322754e-01 -7.126994431018829346e-02
6.185384392738342285e-01 -7.068347185850143433e-02
6.360968947410583496e-01 -6.877675652503967285e-02
6.450510621070861816e-01 -6.777126342058181763e-02
6.468802094459533691e-01 -6.756327301263809204e-02
6.629678606986999512e-01 -6.569740921258926392e-02
6.719084382057189941e-01 -6.463333964347839355e-02
6.795857548713684082e-01 -6.370478123426437378e-02
6.911534667015075684e-01 -6.228030100464820862e-02
6.937109231948852539e-01 -6.196128576993942261e-02
7.050228118896484375e-01 -6.053261831402778625e-02
7.256358265876770020e-01 -5.785362422466278076e-02
7.308923006057739258e-01 -5.715421587228775024e-02
7.444270253181457520e-01 -5.532093718647956848e-02
7.559567689895629883e-01 -5.372007191181182861e-02
7.814898490905761719e-01 -5.003077536821365356e-02
7.957090735435485840e-01 -4.787844419479370117e-02
8.125334978103637695e-01 -4.522795975208282471e-02
8.228000998497009277e-01 -4.354964569211006165e-02
8.350540995597839355e-01 -4.148056358098983765e-02
8.508896827697753906e-01 -3.869194909930229187e-02
8.648713231086730957e-01 -3.611399233341217041e-02
8.674474358558654785e-01 -3.562658280134201050e-02
8.772092461585998535e-01 -3.374341502785682678e-02
8.831851482391357422e-01 -3.256196156144142151e-02
9.009748101234436035e-01 -2.891582623124122620e-02
9.071223735809326172e-01 -2.761238999664783478e-02
9.127777814865112305e-01 -2.639526315033435822e-02
9.224641323089599609e-01 -2.427614852786064148e-02
9.489321708679199219e-01 -1.841625943779945374e-02
9.583690166473388672e-01 -1.640171743929386139e-02
9.652413129806518555e-01 -1.498903334140777588e-02
9.675601720809936523e-01 -1.452234759926795959e-02
