9.576045274734497070e-01 -3.628578502684831619e-03
9.565903544425964355e-01 -3.594539128243923187e-03
9.489008784294128418e-01 -3.246015869081020355e-03
9.367081522941589355e-01 -2.504095202311873436e-03
9.119191765785217285e-01 -6.886387709528207779e-04
8.940821290016174316e-01 7.275463431142270565e-04
8.734360337257385254e-01 2.411064924672245979e-03
8.676908016204833984e-01 2.883127424865961075e-03
8.438400030136108398e-01 4.843683913350105286e-03
8.317958116531372070e-01 5.828722380101680756e-03
8.089195489883422852e-01 7.680443115532398224e-03
8.013314604759216309e-01 8.287698030471801758e-03
7.885029911994934082e-01 9.305290877819061279e-03
7.751492857933044434e-01 1.035170629620552063e-02
7.585667967796325684e-01 1.163210067898035049e-02
7.533926367759704590e-01 1.202722918242216110e-02
7.310033440589904785e-01 1.371317449957132339e-02
7.141016125679016113e-01 1.496111787855625153e-02
7.040379643440246582e-01 1.569467037916183472e-02
6.957327723503112793e-01 1.629500091075897217e-02
6.865903139114379883e-01 1.695090904831886292e-02
6.705318689346313477e-01 1.809143088757991791e-02
6.595257520675659180e-01 1.886541210114955902e-02
6.499361395835876465e-01 1.953522861003875732e-02
6.327185034751892090e-01 2.072835154831409454e-02
6.242718696594238281e-01 2.130972407758235931e-02
6.074406504631042480e-01 2.246129326522350311e-02
5.992102622985839844e-01 2.302129194140434265e-02
5.911705493927001953e-01 2.356637828052043915e-02
5.777053833007812500e-01 2.447506040334701538e-02
5.668816566467285156e-01 2.520139329135417938e-02
5.538004636764526367e-01 2.607380226254463196e-02
5.402765274047851562e-01 2.696857601404190063e-02
5.346436500549316406e-01 2.733877301216125488e-02
5.242949724197387695e-01 2.801449783146381378e-02
5.147647857666015625e-01 2.863115631043910980e-02
5.012860894203186035e-01 2.949246577918529510e-02
4.951095283031463623e-01 2.988233417272567749e-02
4.770186543464660645e-01 3.100367821753025055e-02
4.671566784381866455e-01 3.160016611218452454e-02
4.592054784297943115e-01 3.207242116332054138e-02
4.487454891204833984e-01 3.268067538738250732e-02
4.392499327659606934e-01 3.321886807680130005e-02
4.327473640441894531e-01 3.357908502221107483e-02
4.172395765781402588e-01 3.440841287374496460e-02
4.068386852741241455e-01 3.493908047676086426e-02
3.940554559230804443e-01 3.556057438254356384e-02
3.874482214450836182e-01 3.586765378713607788e-02
3.766970038414001465e-01 3.634547814726829529e-02
3.657402992248535156e-01 3.680315986275672913e-02
3.557532131671905518e-01 3.719323128461837769e-02
3.438301682472229004e-01 3.762335330247879028e-02
3.347921073436737061e-01 3.792248293757438660e-02
3.264418542385101318e-01 3.817746043205261230e-02
3.175891637802124023e-01 3.842465579509735107e-02
3.098740875720977783e-01 3.862012177705764771e-02
3.045417368412017822e-01 3.874409198760986328e-02
2.969824373722076416e-01 3.890391811728477478e-02
2.843807339668273926e-01 3.912782296538352966e-02
2.767585217952728271e-01 3.923670202493667603e-02
2.699614465236663818e-01 3.931646794080734253e-02
2.500654458999633789e-01 3.945270553231239319e-02
2.363158315420150757e-01 3.945830091834068298e-02
2.326966226100921631e-01 3.944721072912216187e-02
2.231935113668441772e-01 3.939226269721984863e-02
2.162162959575653076e-01 3.932740911841392517e-02
2.092104107141494751e-01 3.924067318439483643e-02
2.028675377368927002e-01 3.914277628064155579e-02
1.945592463016510010e-01 3.898562490940093994e-02
1.875219941139221191e-01 3.882572799921035767e-02
1.766938269138336182e-01 3.852893784642219543e-02
1.610964089632034302e-01 3.798396512866020203e-02
1.576798558235168457e-01 3.784454241394996643e-02
1.417519897222518921e-01 3.708870708942413330e-02
1.324018687009811401e-01 3.655540943145751953e-02
1.199277639389038086e-01 3.572484105825424194e-02
1.119092106819152832e-01 3.510934486985206604e-02
1.048154085874557495e-01 3.450440615415573120e-02
9.482650458812713623e-02 3.354316949844360352e-02
9.122943133115768433e-02 3.316197916865348816e-02
8.248072862625122070e-02 3.214646130800247192e-02
7.232775539159774780e-02 3.078598156571388245e-02
6.212978810071945190e-02 2.917688898742198944e-02
5.525321140885353088e-02 2.792089432477951050e-02
4.368533194065093994e-02 2.539918199181556702e-02
3.583811968564987183e-02 2.329295314848423004e-02
2.849915996193885803e-02 2.089980617165565491e-02
2.469922229647636414e-02 1.943358965218067169e-02
1.763684488832950592e-02 1.605723612010478973e-02
1.439235359430313110e-02 1.403819303959608078e-02
1.070651039481163025e-02 1.099473889917135239e-02
8.739643730223178864e-03 8.609416894614696503e-03
7.204881403595209122e-03 5.119778215885162354e-03
7.006253581494092941e-03 3.167383139953017235e-03
7.567373104393482208e-03 2.203428302891552448e-04
8.289919234812259674e-03 -1.370102749206125736e-03
9.681860916316509247e-03 -3.466736525297164917e-03
1.172249391674995422e-02 -5.719414912164211273e-03
1.379351504147052765e-02 -7.555924821645021439e-03
1.473560836166143417e-02 -8.300908841192722321e-03
1.623575575649738312e-02 -9.403442963957786560e-03
2.228885516524314880e-02 -1.317426376044750214e-02
2.633130177855491638e-02 -1.531580463051795959e-02
3.609209135174751282e-02 -1.979582756757736206e-02
4.056874662637710571e-02 -2.163220010697841644e-02
5.139712244272232056e-02 -2.569927275180816650e-02
5.942323803901672363e-02 -2.845578081905841827e-02
7.011313736438751221e-02 -3.186663985252380371e-02
7.866533845663070679e-02 -3.441558778285980225e-02
8.826214820146560669e-02 -3.710886836051940918e-02
9.479792416095733643e-02 -3.884961083531379700e-02
1.017250046133995056e-01 -4.061613231897354126e-02
1.085361540317535400e-01 -4.227701947093009949e-02
1.189355328679084778e-01 -4.467155784368515015e-02
1.303047388792037964e-01 -4.709876701235771179e-02
1.432804018259048462e-01 -4.963082447648048401e-02
1.499914824962615967e-01 -5.084235593676567078e-02
1.642123013734817505e-01 -5.319216102361679077e-02
1.676645427942276001e-01 -5.371855944395065308e-02
1.761308908462524414e-01 -5.493774265050888062e-02
1.856767088174819946e-01 -5.619172006845474243e-02
2.018397003412246704e-01 -5.803040787577629089e-02
2.083319574594497681e-01 -5.867090821266174316e-02
2.132881581783294678e-01 -5.912300199270248413e-02
2.234880179166793823e-01 -5.995513126254081726e-02
2.313547283411026001e-01 -6.050886213779449463e-02
2.494974732398986816e-01 -6.150564178824424744e-02
2.558062076568603516e-01 -6.176429986953735352e-02
2.627642154693603516e-01 -6.199909374117851257e-02
2.697654664516448975e-01 -6.218337267637252808e-02
2.761566638946533203e-01 -6.230734661221504211e-02
2.876219153404235840e-01 -6.242762133479118347e-02
2.977316975593566895e-01 -6.242921575903892517e-02
3.063173294067382812e-01 -6.235707178711891174e-02
3.150086700916290283e-01 -6.221805885434150696e-02
3.215849399566650391e-01 -6.207028403878211975e-02
3.364827632904052734e-01 -6.160604208707809448e-02
3.425354063510894775e-01 -6.136823073029518127e-02
3.498585224151611328e-01 -6.104415655136108398e-02
3.558001518249511719e-01 -6.075281649827957153e-02
3.722569346427917480e-01 -5.981927737593650818e-02
3.805612027645111084e-01 -5.928099155426025391e-02
3.883520662784576416e-01 -5.873712897300720215e-02
3.968630433082580566e-01 -5.810178443789482117e-02
4.034359157085418701e-01 -5.758281797170639038e-02
4.105024635791778564e-01 -5.699844658374786377e-02
4.227416515350341797e-01 -5.592455714941024780e-02
4.295756518840789795e-01 -5.529254302382469177e-02
4.440489709377288818e-01 -5.388255044817924500e-02
4.663084447383880615e-01 -5.154235661029815674e-02
4.726110994815826416e-01 -5.084588378667831421e-02
4.855874478816986084e-01 -4.937029257416725159e-02
4.950251281261444092e-01 -4.826512932777404785e-02
5.100314617156982422e-01 -4.645993933081626892e-02
5.171279311180114746e-01 -4.558854177594184875e-02
5.253635048866271973e-01 -4.456517100334167480e-02
5.431717038154602051e-01 -4.231687262654304504e-02
5.526863932609558105e-01 -4.110119864344596863e-02
5.692319273948669434e-01 -3.897437825798988342e-02
5.828188061714172363e-01 -3.722504898905754089e-02
5.904137492179870605e-01 -3.624950721859931946e-02
6.040692329406738281e-01 -3.450498729944229126e-02
6.196922659873962402e-01 -3.253231570124626160e-02
6.282292604446411133e-01 -3.146826848387718201e-02
6.409107446670532227e-01 -2.990954369306564331e-02
6.455376148223876953e-01 -2.934803441166877747e-02
6.618035435676574707e-01 -2.740763127803802490e-02
6.764665246009826660e-01 -2.570672519505023956e-02
6.812922358512878418e-01 -2.515748515725135803e-02
6.926662325859069824e-01 -2.388427779078483582e-02
7.046379446983337402e-01 -2.257714420557022095e-02
7.126765251159667969e-01 -2.171874977648258209e-02
7.280538082122802734e-01 -2.012050338089466095e-02
7.350531220436096191e-01 -1.941234432160854340e-02
7.525041103363037109e-01 -1.770054735243320465e-02
7.591418623924255371e-01 -1.707012206315994263e-02
7.720692753791809082e-01 -1.587653532624244690e-02
7.831447720527648926e-01 -1.489166636019945145e-02
7.939544320106506348e-01 -1.396653149276971817e-02
8.002340197563171387e-01 -1.344666630029678345e-02
8.167988657951354980e-01 -1.214397605508565903e-02
8.218415975570678711e-01 -1.176917739212512970e-02
8.355500102043151855e-01 -1.080931723117828369e-02
8.425959944725036621e-01 -1.035352423787117004e-02
8.601663112640380859e-01 -9.350567124783992767e-03
8.720691204071044922e-01 -8.802470751106739044e-03
8.874533176422119141e-01 -8.296134881675243378e-03
9.084601998329162598e-01 -8.096176199615001678e-03
9.223757982254028320e-01 -8.380072191357612610e-03
9.432425498962402344e-01 -9.587077423930168152e-03
9.480667114257812500e-01 -1.000199187546968460e-02
9.580873847007751465e-01 -1.099447533488273621e-02
