9.578478932380676270e-01 -2.754011191427707672e-03
9.572933912277221680e-01 -2.754666609689593315e-03
9.546202421188354492e-01 -2.750181593000888824e-03
9.447096586227416992e-01 -2.650665584951639175e-03
9.212403893470764160e-01 -2.120148623362183571e-03
8.995557427406311035e-01 -1.441949629224836826e-03
8.735502958297729492e-01 -5.144847673363983631e-04
8.658628463745117188e-01 -2.272305282531306148e-04
8.464376926422119141e-01 5.115082021802663803e-04
8.359341621398925781e-01 9.143003262579441071e-04
8.194541931152343750e-01 1.544797909446060658e-03
8.112605214118957520e-01 1.855817157775163651e-03
7.993335127830505371e-01 2.303702058270573616e-03
7.742500305175781250e-01 3.219111822545528412e-03
7.381731271743774414e-01 4.447928629815578461e-03
7.348039150238037109e-01 4.556297790259122849e-03
7.175674438476562500e-01 5.091559141874313354e-03
7.101994156837463379e-01 5.310135893523693085e-03
6.999862790107727051e-01 5.602517630904912949e-03
6.959378719329833984e-01 5.714929196983575821e-03
6.797562241554260254e-01 6.143906153738498688e-03
6.509582400321960449e-01 6.824810523539781570e-03
6.386607289314270020e-01 7.083043921738862991e-03
6.327688097953796387e-01 7.199943996965885162e-03
6.104394793510437012e-01 7.604062091559171677e-03
5.964890122413635254e-01 7.826950401067733765e-03
5.765200853347778320e-01 8.110790513455867767e-03
5.700470209121704102e-01 8.194993250072002411e-03
5.535139441490173340e-01 8.395956829190254211e-03
5.432549118995666504e-01 8.512680418789386749e-03
5.293921828269958496e-01 8.664483204483985901e-03
5.189399719238281250e-01 8.777258917689323425e-03
5.075652003288269043e-01 8.901528082787990570e-03
4.950383305549621582e-01 9.044310078024864197e-03
4.793648719787597656e-01 9.239267557859420776e-03
4.742582440376281738e-01 9.308328852057456970e-03
4.674088656902313232e-01 9.406330063939094543e-03
4.496483504772186279e-01 9.695622138679027557e-03
4.424856603145599365e-01 9.829540736973285675e-03
4.349887967109680176e-01 9.982158429920673370e-03
4.245403409004211426e-01 1.021851133555173874e-02
4.154542684555053711e-01 1.044882368296384811e-02
4.054211080074310303e-01 1.073267217725515366e-02
3.970612585544586182e-01 1.099476963281631470e-02
3.855294883251190186e-01 1.139737572520971298e-02
3.823889493942260742e-01 1.151568442583084106e-02
3.744770288467407227e-01 1.183081977069377899e-02
3.667955696582794189e-01 1.216083485633134842e-02
3.587493300437927246e-01 1.253272406756877899e-02
3.554139435291290283e-01 1.269488036632537842e-02
3.361541926860809326e-01 1.372428797185420990e-02
3.274165689945220947e-01 1.424374990165233612e-02
3.195848166942596436e-01 1.473673805594444275e-02
3.083516657352447510e-01 1.548760477453470230e-02
3.029825687408447266e-01 1.586396247148513794e-02
3.010980486869812012e-01 1.599862053990364075e-02
2.923728227615356445e-01 1.663870364427566528e-02
2.889806330204010010e-01 1.689456775784492493e-02
2.762247323989868164e-01 1.788812130689620972e-02
2.519611120223999023e-01 1.988144032657146454e-02
2.427800595760345459e-01 2.065489627420902252e-02
2.405209243297576904e-01 2.084559947252273560e-02
2.335213571786880493e-01 2.143557928502559662e-02
2.235364615917205811e-01 2.226954326033592224e-02
2.223396003246307373e-01 2.236849255859851837e-02
2.129890173673629761e-01 2.313028462231159210e-02
2.086139619350433350e-01 2.347815968096256256e-02
2.052154541015625000e-01 2.374372631311416626e-02
1.879383027553558350e-01 2.501214109361171722e-02
1.851554960012435913e-01 2.520081028342247009e-02
1.789103448390960693e-01 2.560508064925670624e-02
1.668534576892852783e-01 2.629948407411575317e-02
1.631833761930465698e-01 2.648522332310676575e-02
1.474951654672622681e-01 2.711981162428855896e-02
1.329159885644912720e-01 2.743709273636341095e-02
1.202098727226257324e-01 2.745609730482101440e-02
1.132164150476455688e-01 2.734927833080291748e-02
1.068638339638710022e-01 2.717248536646366119e-02
1.010977849364280701e-01 2.694137394428253174e-02
9.604192525148391724e-02 2.667967230081558228e-02
8.707931637763977051e-02 2.606968581676483154e-02
8.424134552478790283e-02 2.583500929176807404e-02
7.282732427120208740e-02 2.467013522982597351e-02
6.296102702617645264e-02 2.334797382354736328e-02
5.586965009570121765e-02 2.219314686954021454e-02
4.453370347619056702e-02 1.993753761053085327e-02
3.651607036590576172e-02 1.798569597303867340e-02
3.454439714550971985e-02 1.745310425758361816e-02
2.396636083722114563e-02 1.416350342333316803e-02
1.951832883059978485e-02 1.250863261520862579e-02
1.633591204881668091e-02 1.119009684771299362e-02
1.178459171205759048e-02 9.035399183630943298e-03
5.915808957070112228e-03 5.396947730332612991e-03
4.640373401343822479e-03 4.318080376833677292e-03
2.664889441803097725e-03 1.925503136590123177e-03
2.122258767485618591e-03 5.717849708162248135e-04
2.040549879893660545e-03 1.081606460502371192e-04
2.033001976087689400e-03 -7.134249317459762096e-04
2.109134336933493614e-03 -1.179426675662398338e-03
2.209531608968973160e-03 -1.541467616334557533e-03
2.792747458443045616e-03 -2.719340147450566292e-03
3.798739286139607430e-03 -3.915305715054273605e-03
5.920059047639369965e-03 -5.584451369941234589e-03
8.355453610420227051e-03 -6.986281834542751312e-03
1.220917794853448868e-02 -8.726428262889385223e-03
2.262659370899200439e-02 -1.219009235501289368e-02
2.770761959254741669e-02 -1.353926770389080048e-02
3.134053945541381836e-02 -1.441637240350246429e-02
4.022479057312011719e-02 -1.632464118301868439e-02
4.614065587520599365e-02 -1.744518056511878967e-02
5.050174891948699951e-02 -1.820746809244155884e-02
6.216339021921157837e-02 -2.002120018005371094e-02
7.718665152788162231e-02 -2.196156978607177734e-02
9.132390469312667847e-02 -2.346066199243068695e-02
9.933119267225265503e-02 -2.419192902743816376e-02
1.129799783229827881e-01 -2.526987157762050629e-02
1.332072913646697998e-01 -2.653562650084495544e-02
1.373258233070373535e-01 -2.675133384764194489e-02
1.436204314231872559e-01 -2.705644071102142334e-02
1.608856469392776489e-01 -2.775467000901699066e-02
1.730244606733322144e-01 -2.813771553337574005e-02
1.877516657114028931e-01 -2.849890105426311493e-02
1.933808177709579468e-01 -2.860991843044757843e-02
2.005013525485992432e-01 -2.873068861663341522e-02
2.257428020238876343e-01 -2.900050953030586243e-02
2.316236943006515503e-01 -2.903165295720100403e-02
2.430029064416885376e-01 -2.906178310513496399e-02
2.544543445110321045e-01 -2.905501052737236023e-02
2.622385919094085693e-01 -2.903085947036743164e-02
2.748863399028778076e-01 -2.896056324243545532e-02
2.822640240192413330e-01 -2.890303544700145721e-02
2.851910591125488281e-01 -2.887702919542789459e-02
3.144048452377319336e-01 -2.852774970233440399e-02
3.199558854103088379e-01 -2.844456024467945099e-02
3.242965340614318848e-01 -2.837610431015491486e-02
3.292840421199798584e-01 -2.829390764236450195e-02
3.423665165901184082e-01 -2.806121855974197388e-02
3.545056581497192383e-01 -2.782476507127285004e-02
3.590547442436218262e-01 -2.773143537342548370e-02
3.657993078231811523e-01 -2.758859843015670776e-02
3.733274638652801514e-01 -2.742317318916320801e-02
3.884136676788330078e-01 -2.707412466406822205e-02
4.044544994831085205e-01 -2.668004110455513000e-02
4.121311306953430176e-01 -2.648408338427543640e-02
4.271544516086578369e-01 -2.608860656619071960e-02
4.363519549369812012e-01 -2.583963423967361450e-02
4.449017345905303955e-01 -2.560422196984291077e-02
4.535590708255767822e-01 -2.536247670650482178e-02
4.789331257343292236e-01 -2.463928610086441040e-02
4.883093535900115967e-01 -2.436830848455429077e-02
4.923734068870544434e-01 -2.425047755241394043e-02
4.984674155712127686e-01 -2.407350391149520874e-02
5.044651031494140625e-01 -2.389908023178577423e-02
5.052971243858337402e-01 -2.387488447129726410e-02
5.232185721397399902e-01 -2.335345745086669922e-02
5.403447747230529785e-01 -2.285636961460113525e-02
5.472823977470397949e-01 -2.265558019280433655e-02
5.606566071510314941e-01 -2.226947247982025146e-02
5.788416266441345215e-01 -2.174583449959754944e-02
5.871268510818481445e-01 -2.150728367269039154e-02
5.898865461349487305e-01 -2.142775990068912506e-02
6.018841266632080078e-01 -2.108123525977134705e-02
6.078473329544067383e-01 -2.090829238295555115e-02
6.133983731269836426e-01 -2.074669115245342255e-02
6.281230449676513672e-01 -2.031425572931766510e-02
6.399508118629455566e-01 -1.996160484850406647e-02
6.546557545661926270e-01 -1.951443031430244446e-02
6.603721380233764648e-01 -1.933749578893184662e-02
6.793345808982849121e-01 -1.873580738902091980e-02
6.890879273414611816e-01 -1.841636747121810913e-02
7.051755785942077637e-01 -1.787276193499565125e-02
7.112875580787658691e-01 -1.766038686037063599e-02
7.209769487380981445e-01 -1.731674186885356903e-02
7.258723378181457520e-01 -1.713977381587028503e-02
7.336755990982055664e-01 -1.685293205082416534e-02
7.382396459579467773e-01 -1.668241620063781738e-02
7.701137065887451172e-01 -1.543410494923591614e-02
7.759784460067749023e-01 -1.519355829805135727e-02
7.880152463912963867e-01 -1.468977052718400955e-02
8.090903162956237793e-01 -1.377795170992612839e-02
8.226926922798156738e-01 -1.317314524203538895e-02
8.267335295677185059e-01 -1.299172639846801758e-02
8.332397937774658203e-01 -1.269851252436637878e-02
8.370488286018371582e-01 -1.252646837383508682e-02
8.620601892471313477e-01 -1.140473596751689911e-02
8.774755597114562988e-01 -1.074426062405109406e-02
8.932694196701049805e-01 -1.013006363064050674e-02
9.142321348190307617e-01 -9.508260525763034821e-03
9.323747754096984863e-01 -9.282071143388748169e-03
9.481676220893859863e-01 -9.404337033629417419e-03
9.499026536941528320e-01 -9.435009211301803589e-03
9.559362530708312988e-01 -9.561962448060512543e-03
