9.349661469459533691e-01 -2.402451075613498688e-02
9.332641363143920898e-01 -2.412544377148151398e-02
9.283531904220581055e-01 -2.435129508376121521e-02
9.059849977493286133e-01 -2.477326244115829468e-02
8.878220319747924805e-01 -2.474759519100189209e-02
8.703964948654174805e-01 -2.453805133700370789e-02
8.481615185737609863e-01 -2.407269179821014404e-02
8.375890254974365234e-01 -2.378581278026103973e-02
8.162389397621154785e-01 -2.309386804699897766e-02
7.992640137672424316e-01 -2.244600467383861542e-02
7.812327742576599121e-01 -2.167159691452980042e-02
7.722749114036560059e-01 -2.125604264438152313e-02
7.606046199798583984e-01 -2.068577706813812256e-02
7.421377897262573242e-01 -1.972079649567604065e-02
7.273585200309753418e-01 -1.889771781861782074e-02
7.199562191963195801e-01 -1.846996881067752838e-02
6.987688541412353516e-01 -1.719482988119125366e-02
6.859712600708007812e-01 -1.639304682612419128e-02
6.743782758712768555e-01 -1.565011963248252869e-02
6.670915484428405762e-01 -1.517653372138738632e-02
6.475092172622680664e-01 -1.388585381209850311e-02
6.362240314483642578e-01 -1.313528418540954590e-02
6.236893534660339355e-01 -1.230111066251993179e-02
6.142079830169677734e-01 -1.167267840355634689e-02
6.002404093742370605e-01 -1.075583137571811676e-02
5.922227501869201660e-01 -1.023662555962800980e-02
5.733876824378967285e-01 -9.045309387147426605e-03
5.679052472114562988e-01 -8.707574568688869476e-03
5.560516715049743652e-01 -7.993674837052822113e-03
5.390352606773376465e-01 -7.012348156422376633e-03
5.254423618316650391e-01 -6.269006058573722839e-03
5.001801848411560059e-01 -4.989675246179103851e-03
4.951075911521911621e-01 -4.749037325382232666e-03
4.777309000492095947e-01 -3.964791074395179749e-03
4.686947762966156006e-01 -3.580493154004216194e-03
4.637673497200012207e-01 -3.377310698851943016e-03
4.523448348045349121e-01 -2.922401996329426765e-03
4.358023405075073242e-01 -2.298752078786492348e-03
4.204925298690795898e-01 -1.750678289681673050e-03
4.090952575206756592e-01 -1.354781095869839191e-03
4.037042558193206787e-01 -1.169593306258320808e-03
3.909554779529571533e-01 -7.328285137191414833e-04
3.771664500236511230e-01 -2.544844464864581823e-04
3.638384342193603516e-01 2.244269708171486855e-04
3.539152741432189941e-01 5.986096803098917007e-04
3.485716581344604492e-01 8.084230357781052589e-04
3.339129984378814697e-01 1.422288827598094940e-03
3.288297355175018311e-01 1.650820253416895866e-03
3.179516196250915527e-01 2.172459615394473076e-03
3.118498921394348145e-01 2.486935816705226898e-03
3.026254475116729736e-01 2.996123628690838814e-03
2.969779670238494873e-01 3.329766215756535530e-03
2.881443500518798828e-01 3.887949511408805847e-03
2.792359292507171631e-01 4.499013070017099380e-03
2.727917432785034180e-01 4.973031114786863327e-03
2.692478895187377930e-01 5.245540291070938110e-03
2.599896788597106934e-01 5.998148582875728607e-03
2.500311136245727539e-01 6.874081213027238846e-03
2.467650324106216431e-01 7.176256272941827774e-03
2.354458868503570557e-01 8.278662338852882385e-03
2.275811731815338135e-01 9.092021733522415161e-03
2.234314978122711182e-01 9.535431861877441406e-03
2.160923928022384644e-01 1.034101657569408417e-02
2.135708779096603394e-01 1.062341127544641495e-02
2.079412341117858887e-01 1.126265060156583786e-02
1.985857337713241577e-01 1.234540250152349472e-02
1.892340183258056641e-01 1.344066020101308823e-02
1.844985336065292358e-01 1.399505790323019028e-02
1.758126765489578247e-01 1.500183343887329102e-02
1.697935461997985840e-01 1.568506471812725067e-02
1.666686385869979858e-01 1.603299379348754883e-02
1.603111773729324341e-01 1.672247610986232758e-02
1.559646725654602051e-01 1.717681251466274261e-02
1.442935764789581299e-01 1.830856688320636749e-02
1.350805908441543579e-01 1.908725127577781677e-02
1.238432526588439941e-01 1.986130699515342712e-02
1.157331466674804688e-01 2.027461864054203033e-02
1.092261001467704773e-01 2.050306275486946106e-02
1.032593697309494019e-01 2.062151581048965454e-02
9.753891080617904663e-02 2.064440399408340454e-02
9.186054766178131104e-02 2.057024277746677399e-02
8.265924453735351562e-02 2.021931111812591553e-02
7.535913586616516113e-02 1.970908045768737793e-02
6.730205565690994263e-02 1.886757276952266693e-02
6.259867548942565918e-02 1.822106726467609406e-02
5.467531830072402954e-02 1.682708971202373505e-02
4.692409932613372803e-02 1.501473877578973770e-02
4.310740903019905090e-02 1.392003800719976425e-02
3.903092071413993835e-02 1.256826426833868027e-02
3.449791669845581055e-02 1.079007890075445175e-02
3.074904158711433411e-02 9.032388217747211456e-03
2.713644877076148987e-02 6.990349385887384415e-03
2.321868762373924255e-02 4.143876023590564728e-03
2.144285663962364197e-02 2.455997513607144356e-03
1.980376429855823517e-02 4.116684431210160255e-04
1.892340369522571564e-02 -1.148860901594161987e-03
1.829267665743827820e-02 -3.026522928848862648e-03
1.814094558358192444e-02 -4.201850853860378265e-03
1.820958033204078674e-02 -5.590193904936313629e-03
1.848922856152057648e-02 -6.784604396671056747e-03
1.911653764545917511e-02 -8.245408535003662109e-03
2.005555294454097748e-02 -9.692165069282054901e-03
2.103382721543312073e-02 -1.084358710795640945e-02
2.256247028708457947e-02 -1.229396089911460876e-02
2.652756124734878540e-02 -1.513476017862558365e-02
2.908876724541187286e-02 -1.660494878888130188e-02
3.345688059926033020e-02 -1.875159889459609985e-02
3.557163476943969727e-02 -1.967685297131538391e-02
4.898973181843757629e-02 -2.451229281723499298e-02
6.076299399137496948e-02 -2.783744968473911285e-02
6.707742065191268921e-02 -2.938399277627468109e-02
8.171132951974868774e-02 -3.248121961951255798e-02
9.227965772151947021e-02 -3.437108919024467468e-02
1.011316627264022827e-01 -3.576815128326416016e-02
1.171334013342857361e-01 -3.793068602681159973e-02
1.252220869064331055e-01 -3.887068852782249451e-02
1.352792084217071533e-01 -3.991620615124702454e-02
1.469199210405349731e-01 -4.097622260451316833e-02
1.543667763471603394e-01 -4.157968610525131226e-02
1.660387367010116577e-01 -4.242277145385742188e-02
1.770846694707870483e-01 -4.311878234148025513e-02
1.860753297805786133e-01 -4.362136498093605042e-02
1.900824308395385742e-01 -4.382869228720664978e-02
2.115178406238555908e-01 -4.478657990694046021e-02
2.244149446487426758e-01 -4.525860026478767395e-02
2.292889654636383057e-01 -4.541981220245361328e-02
2.439687103033065796e-01 -4.585603624582290649e-02
2.545937001705169678e-01 -4.613134637475013733e-02
2.626523375511169434e-01 -4.632071778178215027e-02
2.695862650871276855e-01 -4.647173359990119934e-02
2.797766029834747314e-01 -4.667592793703079224e-02
2.882950901985168457e-01 -4.683227092027664185e-02
2.960504591464996338e-01 -4.696461930871009827e-02
3.054339289665222168e-01 -4.711352661252021790e-02
3.149401247501373291e-01 -4.725345596671104431e-02
3.227868080139160156e-01 -4.736167564988136292e-02
3.358970284461975098e-01 -4.752989858388900757e-02
3.435943722724914551e-01 -4.762229695916175842e-02
3.511555790901184082e-01 -4.770902544260025024e-02
3.597121834754943848e-01 -4.780279844999313354e-02
3.715221285820007324e-01 -4.792534559965133667e-02
3.796981275081634521e-01 -4.800584167242050171e-02
3.864069283008575439e-01 -4.806936532258987427e-02
4.003948569297790527e-01 -4.819456860423088074e-02
4.174817204475402832e-01 -4.833367839455604553e-02
4.315463602542877197e-01 -4.843549057841300964e-02
4.381494820117950439e-01 -4.847880825400352478e-02
4.457731842994689941e-01 -4.852486029267311096e-02
4.577965736389160156e-01 -4.858793318271636963e-02
4.627004563808441162e-01 -4.860996827483177185e-02
4.694502651691436768e-01 -4.863646626472473145e-02
4.802448749542236328e-01 -4.866877943277359009e-02
4.870945215225219727e-01 -4.868232458829879761e-02
4.936712086200714111e-01 -4.868979007005691528e-02
5.108783841133117676e-01 -4.868114739656448364e-02
5.169836282730102539e-01 -4.866740107536315918e-02
5.263126492500305176e-01 -4.863465204834938049e-02
5.323708057403564453e-01 -4.860537871718406677e-02
5.459536314010620117e-01 -4.851531609892845154e-02
5.508598685264587402e-01 -4.847408086061477661e-02
5.594464540481567383e-01 -4.839020222425460815e-02
5.788087844848632812e-01 -4.814335703849792480e-02
6.004726290702819824e-01 -4.776541143655776978e-02
6.036144495010375977e-01 -4.770116508007049561e-02
6.273137331008911133e-01 -4.713527485728263855e-02
6.384329199790954590e-01 -4.681841284036636353e-02
6.496555805206298828e-01 -4.646390303969383240e-02
6.595420241355895996e-01 -4.612189903855323792e-02
6.673556566238403320e-01 -4.583144187927246094e-02
6.758491396903991699e-01 -4.549503326416015625e-02
6.875909566879272461e-01 -4.499374702572822571e-02
6.954007744789123535e-01 -4.463648423552513123e-02
7.128977179527282715e-01 -4.376478120684623718e-02
7.186675071716308594e-01 -4.345516487956047058e-02
7.325628995895385742e-01 -4.266284033656120300e-02
7.367820739746093750e-01 -4.240893945097923279e-02
7.470847964286804199e-01 -4.176220670342445374e-02
7.550228834152221680e-01 -4.123750329017639160e-02
7.716981172561645508e-01 -4.005801305174827576e-02
7.834280729293823242e-01 -3.916360065340995789e-02
7.992081642150878906e-01 -3.787321969866752625e-02
8.037077188491821289e-01 -3.748666495084762573e-02
8.139865398406982422e-01 -3.657251968979835510e-02
8.214237093925476074e-01 -3.588444367051124573e-02
8.370341658592224121e-01 -3.437191620469093323e-02
8.459538817405700684e-01 -3.347235172986984253e-02
8.609070777893066406e-01 -3.193553537130355835e-02
8.765892982482910156e-01 -3.037747927010059357e-02
8.911345601081848145e-01 -2.917562238872051239e-02
9.116180539131164551e-01 -2.833675220608711243e-02
9.191535711288452148e-01 -2.830792032182216644e-02
9.260261654853820801e-01 -2.838435396552085876e-02
