9.633384346961975098e-01 -8.503883145749568939e-04
9.622544646263122559e-01 -8.858921937644481659e-04
9.582616090774536133e-01 -9.554082644172012806e-04
9.456464052200317383e-01 -7.701054564677178860e-04
9.292505979537963867e-01 -2.854874219337943941e-05
9.141389727592468262e-01 9.327834704890847206e-04
8.958054184913635254e-01 2.323523163795471191e-03
8.859567642211914062e-01 3.144707763567566872e-03
8.738753795623779297e-01 4.207537975162267685e-03
8.638421297073364258e-01 5.129695404320955276e-03
8.494624495506286621e-01 6.504260469228029251e-03
8.402751088142395020e-01 7.411038037389516830e-03
8.257140517234802246e-01 8.887939155101776123e-03
8.144395947456359863e-01 1.006151176989078522e-02
7.860959172248840332e-01 1.311210915446281433e-02
7.807515859603881836e-01 1.370189245790243149e-02
7.694675326347351074e-01 1.496119517832994461e-02
7.624905705451965332e-01 1.574903354048728943e-02
7.463750243186950684e-01 1.759490557014942169e-02
7.277955412864685059e-01 1.976689323782920837e-02
7.144316434860229492e-01 2.135796099901199341e-02
7.014127373695373535e-01 2.293135784566402435e-02
6.862037181854248047e-01 2.479925751686096191e-02
6.793467402458190918e-01 2.565219625830650330e-02
6.597808599472045898e-01 2.812440320849418640e-02
6.469033956527709961e-01 2.978358045220375061e-02
6.356155872344970703e-01 3.125974535942077637e-02
6.288336515426635742e-01 3.215664625167846680e-02
6.138552427291870117e-01 3.416466712951660156e-02
6.049991846084594727e-01 3.536956384778022766e-02
5.964030623435974121e-01 3.655162453651428223e-02
5.834364891052246094e-01 3.835761547088623047e-02
5.767151117324829102e-01 3.930432349443435669e-02
5.670786499977111816e-01 4.067362099885940552e-02
5.618306398391723633e-01 4.142500087618827820e-02
5.499034523963928223e-01 4.314643889665603638e-02
5.329554677009582520e-01 4.562087729573249817e-02
5.249002575874328613e-01 4.680622741580009460e-02
5.151923894882202148e-01 4.824050888419151306e-02
5.027759075164794922e-01 5.008040741086006165e-02
4.945152997970581055e-01 5.130535364151000977e-02
4.800031483173370361e-01 5.345269292593002319e-02
4.727654457092285156e-01 5.451869592070579529e-02
4.637179970741271973e-01 5.584382265806198120e-02
4.549635946750640869e-01 5.711553990840911865e-02
4.446481168270111084e-01 5.859711393713951111e-02
4.317794442176818848e-01 6.041280552744865417e-02
4.274471402168273926e-01 6.101443991065025330e-02
4.182229936122894287e-01 6.227660924196243286e-02
4.073252677917480469e-01 6.373077630996704102e-02
3.973911404609680176e-01 6.501638144254684448e-02
3.934304118156433105e-01 6.551724672317504883e-02
3.827373087406158447e-01 6.683278083801269531e-02
3.667002022266387939e-01 6.869444996118545532e-02
3.593834936618804932e-01 6.949445605278015137e-02
3.544989824295043945e-01 7.000982761383056641e-02
3.454518318176269531e-01 7.092256098985671997e-02
3.361658751964569092e-01 7.179929316043853760e-02
3.288002312183380127e-01 7.244867086410522461e-02
3.175406754016876221e-01 7.335718721151351929e-02
3.078296482563018799e-01 7.405375689268112183e-02
2.977038919925689697e-01 7.468850165605545044e-02
2.878997325897216797e-01 7.520845532417297363e-02
2.819023728370666504e-01 7.547833025455474854e-02
2.790306806564331055e-01 7.559408992528915405e-02
2.634071707725524902e-01 7.606462389230728149e-02
2.534487843513488770e-01 7.621663808822631836e-02
2.443294376134872437e-01 7.624852657318115234e-02
2.286582291126251221e-01 7.604879885911941528e-02
2.138872295618057251e-01 7.554509490728378296e-02
2.069179862737655640e-01 7.519409805536270142e-02
1.967819333076477051e-01 7.454649358987808228e-02
1.869419068098068237e-01 7.375464588403701782e-02
1.841861009597778320e-01 7.350281625986099243e-02
1.726081818342208862e-01 7.229460030794143677e-02
1.627079993486404419e-01 7.105939835309982300e-02
1.545044928789138794e-01 6.988590955734252930e-02
1.436005383729934692e-01 6.810187548398971558e-02
1.364348977804183960e-01 6.678132712841033936e-02
1.285792440176010132e-01 6.518954783678054810e-02
1.199882030487060547e-01 6.326481699943542480e-02
1.083380877971649170e-01 6.032091751694679260e-02
9.757716208696365356e-02 5.722302198410034180e-02
8.635121583938598633e-02 5.355004593729972839e-02
8.216519653797149658e-02 5.205097049474716187e-02
7.517448067665100098e-02 4.937170445919036865e-02
5.874882265925407410e-02 4.204295203089714050e-02
4.794624075293540955e-02 3.617765381932258606e-02
4.474870488047599792e-02 3.422375395894050598e-02
4.027971997857093811e-02 3.127676621079444885e-02
3.508838266134262085e-02 2.744984813034534454e-02
2.745206840336322784e-02 2.056958712637424469e-02
2.529000490903854370e-02 1.814939454197883606e-02
2.275208756327629089e-02 1.477409433573484421e-02
2.059909328818321228e-02 1.095894258469343185e-02
1.904103346168994904e-02 5.654142703860998154e-03
1.897695474326610565e-02 3.296127310022711754e-03
1.931329071521759033e-02 1.165710156783461571e-03
1.987075060606002808e-02 -4.953382303938269615e-04
2.068521827459335327e-02 -2.095402218401432037e-03
2.183928713202476501e-02 -3.733776975423097610e-03
2.420878596603870392e-02 -6.127237342298030853e-03
2.683754637837409973e-02 -8.061464875936508179e-03
3.143560513854026794e-02 -1.056435517966747284e-02
3.677433356642723083e-02 -1.271719392389059067e-02
4.321478679776191711e-02 -1.471076905727386475e-02
4.832448810338973999e-02 -1.599340513348579407e-02
5.524744093418121338e-02 -1.744467020034790039e-02
6.343216449022293091e-02 -1.885838061571121216e-02
7.493309676647186279e-02 -2.046447061002254486e-02
8.902289718389511108e-02 -2.202423848211765289e-02
1.003852784633636475e-01 -2.305766008794307709e-02
1.045904010534286499e-01 -2.340154722332954407e-02
1.199538409709930420e-01 -2.452058158814907074e-02
1.355541497468948364e-01 -2.548754215240478516e-02
1.387939006090164185e-01 -2.567180432379245758e-02
1.492188274860382080e-01 -2.623323909938335419e-02
1.735275685787200928e-01 -2.739624492824077606e-02
1.848489046096801758e-01 -2.788574807345867157e-02
1.965375542640686035e-01 -2.836504578590393066e-02
2.102317065000534058e-01 -2.889907360076904297e-02
2.229601740837097168e-01 -2.937345765531063080e-02
2.307685762643814087e-01 -2.965551614761352539e-02
2.391964793205261230e-01 -2.995310351252555847e-02
2.491165101528167725e-01 -3.029506467282772064e-02
2.576535344123840332e-01 -3.058265708386898041e-02
2.769946753978729248e-01 -3.121286258101463318e-02
2.825766205787658691e-01 -3.138945251703262329e-02
3.005079030990600586e-01 -3.194083645939826965e-02
3.087485432624816895e-01 -3.218601644039154053e-02
3.198038041591644287e-01 -3.250653296709060669e-02
3.256383538246154785e-01 -3.267167881131172180e-02
3.411898314952850342e-01 -3.309763595461845398e-02
3.448907434940338135e-01 -3.319582715630531311e-02
3.687461614608764648e-01 -3.379696607589721680e-02
3.775665462017059326e-01 -3.400431573390960693e-02
3.873330354690551758e-01 -3.422375768423080444e-02
3.962903618812561035e-01 -3.441512584686279297e-02
4.061132371425628662e-01 -3.461357578635215759e-02
4.128047227859497070e-01 -3.474159911274909973e-02
4.273439347743988037e-01 -3.499879315495491028e-02
4.342017769813537598e-01 -3.510969132184982300e-02
4.415074288845062256e-01 -3.522018343210220337e-02
4.552536308765411377e-01 -3.540592268109321594e-02
4.674760997295379639e-01 -3.554579988121986389e-02
4.787580072879791260e-01 -3.565300628542900085e-02
4.900310933589935303e-01 -3.573847562074661255e-02
5.001067519187927246e-01 -3.579613193869590759e-02
5.118923783302307129e-01 -3.584074601531028748e-02
5.171279311180114746e-01 -3.585257753729820251e-02
5.271998643875122070e-01 -3.586144000291824341e-02
5.347832441329956055e-01 -3.585596755146980286e-02
5.467134714126586914e-01 -3.582624346017837524e-02
5.565894246101379395e-01 -3.578210249543190002e-02
5.782981514930725098e-01 -3.562322631478309631e-02
5.842394232749938965e-01 -3.556502982974052429e-02
5.941342115402221680e-01 -3.545412793755531311e-02
5.992677807807922363e-01 -3.538974374532699585e-02
6.079177260398864746e-01 -3.527065739035606384e-02
6.128495931625366211e-01 -3.519679233431816101e-02
6.275486946105957031e-01 -3.495088592171669006e-02
6.408277153968811035e-01 -3.469506651163101196e-02
6.576310396194458008e-01 -3.432408720254898071e-02
6.670987010002136230e-01 -3.409085050225257874e-02
6.818934679031372070e-01 -3.368943184614181519e-02
6.896616816520690918e-01 -3.345967456698417664e-02
7.012645602226257324e-01 -3.309062123298645020e-02
7.097497582435607910e-01 -3.280000761151313782e-02
7.190353870391845703e-01 -3.246070817112922668e-02
7.279847860336303711e-01 -3.211139515042304993e-02
7.356579899787902832e-01 -3.179347142577171326e-02
7.443819046020507812e-01 -3.141019493341445923e-02
7.521936297416687012e-01 -3.104617260396480560e-02
7.588787674903869629e-01 -3.071820177137851715e-02
7.715638279914855957e-01 -3.005153685808181763e-02
7.752270698547363281e-01 -2.984761446714401245e-02
7.872768044471740723e-01 -2.913840301334857941e-02
7.909083962440490723e-01 -2.891255542635917664e-02
8.154998421669006348e-01 -2.722062170505523682e-02
8.329496979713439941e-01 -2.582701481878757477e-02
8.453007340431213379e-01 -2.472861111164093018e-02
8.541763424873352051e-01 -2.387511171400547028e-02
8.736701607704162598e-01 -2.178508602082729340e-02
8.818592429161071777e-01 -2.080627717077732086e-02
8.990563750267028809e-01 -1.851703971624374390e-02
9.055457711219787598e-01 -1.755747944116592407e-02
9.241410493850708008e-01 -1.444114744663238525e-02
9.368886947631835938e-01 -1.190240588039159775e-02
9.474696516990661621e-01 -9.459356777369976044e-03
9.573997259140014648e-01 -6.813497748225927353e-03
9.614363312721252441e-01 -5.626005120575428009e-03
9.626129269599914551e-01 -5.267303902655839920e-03
