9.570255875587463379e-01 -2.112571819452568889e-04
9.559153318405151367e-01 -3.054294211324304342e-04
9.524549841880798340e-01 -5.568523774854838848e-04
9.308221936225891113e-01 -1.225921791046857834e-03
9.112913012504577637e-01 -1.087474171072244644e-03
9.038214683532714844e-01 -9.210890857502818108e-04
8.820540308952331543e-01 -1.795693970052525401e-04
8.736403584480285645e-01 1.903842639876529574e-04
8.638830184936523438e-01 6.674746400676667690e-04
8.527079224586486816e-01 1.270115957595407963e-03
8.408476710319519043e-01 1.967855030670762062e-03
8.297411799430847168e-01 2.669553039595484734e-03
8.216028809547424316e-01 3.210576483979821205e-03
8.100484609603881836e-01 4.014275968074798584e-03
7.894074916839599609e-01 5.542870145291090012e-03
7.788956165313720703e-01 6.362070329487323761e-03
7.587268352508544922e-01 8.000786416232585907e-03
7.486565113067626953e-01 8.848534896969795227e-03
7.351162433624267578e-01 1.001576706767082214e-02
7.281751036643981934e-01 1.062524132430553436e-02
7.116990089416503906e-01 1.209872588515281677e-02
7.041054964065551758e-01 1.278922334313392639e-02
6.786684989929199219e-01 1.514524128288030624e-02
6.746875047683715820e-01 1.551900897175073624e-02
6.647446751594543457e-01 1.645723171532154083e-02
6.559957861900329590e-01 1.728766225278377533e-02
6.387408375740051270e-01 1.893529482185840607e-02
6.331532001495361328e-01 1.947084069252014160e-02
6.202763915061950684e-01 2.070695720613002777e-02
6.031193137168884277e-01 2.235487103462219238e-02
5.892317891120910645e-01 2.368615195155143738e-02
5.720914602279663086e-01 2.532201260328292847e-02
5.672160983085632324e-01 2.578527480363845825e-02
5.561558604240417480e-01 2.683220803737640381e-02
5.441766381263732910e-01 2.795886620879173279e-02
5.382089018821716309e-01 2.851697988808155060e-02
5.270496010780334473e-01 2.955438569188117981e-02
5.158437490463256836e-01 3.058730065822601318e-02
5.019418597221374512e-01 3.185520693659782410e-02
4.892972111701965332e-01 3.299420326948165894e-02
4.811705946922302246e-01 3.371847048401832581e-02
4.648012220859527588e-01 3.515710309147834778e-02
4.561226963996887207e-01 3.590794652700424194e-02
4.452391266822814941e-01 3.683672845363616943e-02
4.361931979656219482e-01 3.759696334600448608e-02
4.214167892932891846e-01 3.881337866187095642e-02
4.077471196651458740e-01 3.990731015801429749e-02
4.025945365428924561e-01 4.031098261475563049e-02
3.917814493179321289e-01 4.114114120602607727e-02
3.798319399356842041e-01 4.202937334775924683e-02
3.663421571254730225e-01 4.299075901508331299e-02
3.621147871017456055e-01 4.328213632106781006e-02
3.514260947704315186e-01 4.399580880999565125e-02
3.444956541061401367e-01 4.443967714905738831e-02
3.368944525718688965e-01 4.490803554654121399e-02
3.318246901035308838e-01 4.520902410149574280e-02
3.193289935588836670e-01 4.590890184044837952e-02
3.076230883598327637e-01 4.650548473000526428e-02
3.028993904590606689e-01 4.672865197062492371e-02
2.912404239177703857e-01 4.723260179162025452e-02
2.802951633930206299e-01 4.764022305607795715e-02
2.734879255294799805e-01 4.785911738872528076e-02
2.603379189968109131e-01 4.820029437541961670e-02
2.563890814781188965e-01 4.828039184212684631e-02
2.474903315305709839e-01 4.842038825154304504e-02
2.343128174543380737e-01 4.851759970188140869e-02
2.262487113475799561e-01 4.850719496607780457e-02
2.205774486064910889e-01 4.846589267253875732e-02
2.032338678836822510e-01 4.815159365534782410e-02
1.939429640769958496e-01 4.785704612731933594e-02
1.846317648887634277e-01 4.746546596288681030e-02
1.801223307847976685e-01 4.723912477493286133e-02
1.709179282188415527e-01 4.669841378927230835e-02
1.643226593732833862e-01 4.624259844422340393e-02
1.556344181299209595e-01 4.554942250251770020e-02
1.434017270803451538e-01 4.438140615820884705e-02
1.331401616334915161e-01 4.321324080228805542e-02
1.225791946053504944e-01 4.181402921676635742e-02
1.116163358092308044e-01 4.012915864586830139e-02
1.004653349518775940e-01 3.814541921019554138e-02
9.261118620634078979e-02 3.656662255525588989e-02
8.304437249898910522e-02 3.441681712865829468e-02
7.535283267498016357e-02 3.248659148812294006e-02
6.375439465045928955e-02 2.918102405965328217e-02
5.934159830212593079e-02 2.777940407395362854e-02
5.388407409191131592e-02 2.591788209974765778e-02
3.955021873116493225e-02 2.017139084637165070e-02
3.254565596580505371e-02 1.671326346695423126e-02
2.986446209251880646e-02 1.521315798163414001e-02
2.432567812502384186e-02 1.161471474915742874e-02
2.126222290098667145e-02 9.113840758800506592e-03
1.944647356867790222e-02 7.252670358866453171e-03
1.755951903760433197e-02 4.415517672896385193e-03
1.697042770683765411e-02 1.829079003073275089e-03
1.714390330016613007e-02 6.655747420154511929e-04
1.793359592556953430e-02 -9.314921335317194462e-04
1.910652592778205872e-02 -2.193381078541278839e-03
1.972746290266513824e-02 -2.690072637051343918e-03
2.103985659778118134e-02 -3.543016267940402031e-03
2.226822450757026672e-02 -4.187791142612695694e-03
2.379094809293746948e-02 -4.855211358517408371e-03
2.591003105044364929e-02 -5.620605312287807465e-03
2.769561298191547394e-02 -6.161856930702924728e-03
3.099552541971206665e-02 -6.989177782088518143e-03
3.619188815355300903e-02 -7.986984215676784515e-03
4.454178735613822937e-02 -9.117206558585166931e-03
5.105390399694442749e-02 -9.747793897986412048e-03
5.636539682745933533e-02 -1.015332061797380447e-02
6.364472955465316772e-02 -1.059408672153949738e-02
7.779321074485778809e-02 -1.119407173246145248e-02
8.870374411344528198e-02 -1.150934863835573196e-02
9.867665171623229980e-02 -1.172854378819465637e-02
1.087064817547798157e-01 -1.190584432333707809e-02
1.228173971176147461e-01 -1.211106125265359879e-02
1.356655508279800415e-01 -1.227426063269376755e-02
1.409602016210556030e-01 -1.233852561563253403e-02
1.491481810808181763e-01 -1.243680343031883240e-02
1.618716716766357422e-01 -1.259077992290258408e-02
1.805348694324493408e-01 -1.282790396362543106e-02
1.871360093355178833e-01 -1.291634980589151382e-02
1.958850175142288208e-01 -1.303772907704114914e-02
2.048844397068023682e-01 -1.316762343049049377e-02
2.117779552936553955e-01 -1.327055413275957108e-02
2.222930192947387695e-01 -1.343304477632045746e-02
2.304677218198776245e-01 -1.356362830847501755e-02
2.344996631145477295e-01 -1.362930610775947571e-02
2.443747222423553467e-01 -1.379332132637500763e-02
2.654796838760375977e-01 -1.415590755641460419e-02
2.780108451843261719e-01 -1.437629014253616333e-02
2.951779365539550781e-01 -1.468033809214830399e-02
3.066669702529907227e-01 -1.488302182406187057e-02
3.107445538043975830e-01 -1.495448034256696701e-02
3.197734653949737549e-01 -1.511132530868053436e-02
3.306417465209960938e-01 -1.529682241380214691e-02
3.383789062500000000e-01 -1.542607881128787994e-02
3.467322289943695068e-01 -1.556248124688863754e-02
3.549265861511230469e-01 -1.569266058504581451e-02
3.648540079593658447e-01 -1.584490761160850525e-02
3.780642747879028320e-01 -1.603703014552593231e-02
3.961372077465057373e-01 -1.627791859209537506e-02
4.046874344348907471e-01 -1.638218574225902557e-02
4.115511775016784668e-01 -1.646110415458679199e-02
4.256893396377563477e-01 -1.660971902310848236e-02
4.355079233646392822e-01 -1.670161075890064240e-02
4.445630311965942383e-01 -1.677801832556724548e-02
4.616017639636993408e-01 -1.690023019909858704e-02
4.696405529975891113e-01 -1.694837585091590881e-02
4.810388684272766113e-01 -1.700667664408683777e-02
4.885401725769042969e-01 -1.703902706503868103e-02
4.948703944683074951e-01 -1.706288196146488190e-02
5.048349499702453613e-01 -1.709457114338874817e-02
5.133033394813537598e-01 -1.711647212505340576e-02
5.286614894866943359e-01 -1.714671403169631958e-02
5.333054065704345703e-01 -1.715399697422981262e-02
5.505450963973999023e-01 -1.717655546963214874e-02
5.587204098701477051e-01 -1.718626171350479126e-02
5.637441277503967285e-01 -1.719239540398120880e-02
5.691140294075012207e-01 -1.719932444393634796e-02
5.808837413787841797e-01 -1.721690222620964050e-02
5.895670056343078613e-01 -1.723293401300907135e-02
6.003251671791076660e-01 -1.725761219859123230e-02
6.108998060226440430e-01 -1.728808134794235229e-02
6.254585981369018555e-01 -1.734137907624244690e-02
6.274985074996948242e-01 -1.734994538128376007e-02
6.458309888839721680e-01 -1.743874512612819672e-02
6.622588634490966797e-01 -1.753437891602516174e-02
6.765228509902954102e-01 -1.762591116130352020e-02
6.907623410224914551e-01 -1.772020384669303894e-02
7.100117802619934082e-01 -1.784130930900573730e-02
7.154518365859985352e-01 -1.787202805280685425e-02
7.241064310073852539e-01 -1.791583187878131866e-02
7.321404814720153809e-01 -1.794946007430553436e-02
7.446712851524353027e-01 -1.798444241285324097e-02
7.484874129295349121e-01 -1.799005083739757538e-02
7.619332671165466309e-01 -1.798709109425544739e-02
7.700875401496887207e-01 -1.796543039381504059e-02
7.855845689773559570e-01 -1.787456311285495758e-02
7.985048890113830566e-01 -1.774024777114391327e-02
8.185589313507080078e-01 -1.740361936390399933e-02
8.290733695030212402e-01 -1.715384982526302338e-02
8.452053070068359375e-01 -1.665464788675308228e-02
8.499746918678283691e-01 -1.647694781422615051e-02
8.645259141921997070e-01 -1.583799533545970917e-02
8.769207000732421875e-01 -1.516378577798604965e-02
8.840624094009399414e-01 -1.471317932009696960e-02
8.911550045013427734e-01 -1.421538554131984711e-02
9.056233763694763184e-01 -1.302314084023237228e-02
9.228902459144592285e-01 -1.122609619051218033e-02
9.371767640113830566e-01 -9.354691021144390106e-03
9.520165324211120605e-01 -6.971330381929874420e-03
9.554346799850463867e-01 -6.358170881867408752e-03
9.576546549797058105e-01 -5.948577541857957840e-03
