9.599798321723937988e-01 1.790362410247325897e-03
9.586051106452941895e-01 1.732353004626929760e-03
9.524235725402832031e-01 1.596767688170075417e-03
9.366051554679870605e-01 1.869791536591947079e-03
9.169407486915588379e-01 2.941141137853264809e-03
9.021087288856506348e-01 4.085754044353961945e-03
8.704336881637573242e-01 7.167216390371322632e-03
8.630948662757873535e-01 7.975032553076744080e-03
8.326063156127929688e-01 1.161152403801679611e-02
8.202266097068786621e-01 1.319454330950975418e-02
8.025028109550476074e-01 1.554620545357465744e-02
7.975956201553344727e-01 1.621284894645214081e-02
7.835781574249267578e-01 1.814947091042995453e-02
7.703459858894348145e-01 2.001612447202205658e-02
7.520724534988403320e-01 2.264446951448917389e-02
7.447100877761840820e-01 2.371710352599620819e-02
7.207137942314147949e-01 2.725395001471042633e-02
7.103953957557678223e-01 2.878897264599800110e-02
7.018633484840393066e-01 3.006242029368877411e-02
6.853714585304260254e-01 3.253030404448509216e-02
6.583515405654907227e-01 3.657457232475280762e-02
6.496306657791137695e-01 3.787596523761749268e-02
6.428087353706359863e-01 3.889160230755805969e-02
6.312581300735473633e-01 4.060532525181770325e-02
6.160633563995361328e-01 4.284581542015075684e-02
6.058955788612365723e-01 4.433454573154449463e-02
5.822696089744567871e-01 4.775552079081535339e-02
5.747392177581787109e-01 4.883331805467605591e-02
5.695515871047973633e-01 4.957193508744239807e-02
5.613112449645996094e-01 5.073844641447067261e-02
5.445402860641479492e-01 5.308522284030914307e-02
5.344866514205932617e-01 5.447312071919441223e-02
5.234218239784240723e-01 5.598271638154983521e-02
5.176383852958679199e-01 5.676380917429924011e-02
5.088998675346374512e-01 5.793303251266479492e-02
5.037813782691955566e-01 5.861140042543411255e-02
4.876079261302947998e-01 6.072059646248817444e-02
4.814255833625793457e-01 6.151197478175163269e-02
4.670779109001159668e-01 6.331300735473632812e-02
4.583448767662048340e-01 6.438265740871429443e-02
4.479848742485046387e-01 6.562250107526779175e-02
4.438909590244293213e-01 6.610305607318878174e-02
4.339707791805267334e-01 6.724385172128677368e-02
4.252700805664062500e-01 6.821458041667938232e-02
4.170705974102020264e-01 6.910167634487152100e-02
4.113734364509582520e-01 6.970108300447463989e-02
3.961625397205352783e-01 7.122707366943359375e-02
3.895767629146575928e-01 7.185139507055282593e-02
3.812144994735717773e-01 7.260966300964355469e-02
3.753853738307952881e-01 7.311411947011947632e-02
3.691765666007995605e-01 7.362848520278930664e-02
3.624976277351379395e-01 7.415401935577392578e-02
3.576204478740692139e-01 7.451884448528289795e-02
3.452318310737609863e-01 7.536936551332473755e-02
3.380389809608459473e-01 7.581019401550292969e-02
3.333019912242889404e-01 7.607813179492950439e-02
3.216257393360137939e-01 7.665891945362091064e-02
3.031992614269256592e-01 7.732890546321868896e-02
2.982588708400726318e-01 7.745392620563507080e-02
2.838844060897827148e-01 7.767782360315322876e-02
2.760631740093231201e-01 7.770840823650360107e-02
2.687793374061584473e-01 7.767655700445175171e-02
2.635846436023712158e-01 7.761721312999725342e-02
2.522398233413696289e-01 7.737820595502853394e-02
2.431829720735549927e-01 7.707595080137252808e-02
2.349499911069869995e-01 7.671213895082473755e-02
2.254276126623153687e-01 7.618203014135360718e-02
2.103535532951354980e-01 7.509326934814453125e-02
1.997626870870590210e-01 7.413734495639801025e-02
1.921345740556716919e-01 7.334709167480468750e-02
1.896629333496093750e-01 7.307228446006774902e-02
1.768515855073928833e-01 7.149619609117507935e-02
1.700981110334396362e-01 7.055992633104324341e-02
1.584867388010025024e-01 6.877208501100540161e-02
1.523045748472213745e-01 6.772475689649581909e-02
1.451643556356430054e-01 6.642906367778778076e-02
1.352173686027526855e-01 6.446342915296554565e-02
1.240433230996131897e-01 6.201891601085662842e-02
1.113471314311027527e-01 5.891235545277595520e-02
1.073308512568473816e-01 5.785098671913146973e-02
9.957441687583923340e-02 5.568560585379600525e-02
9.053204953670501709e-02 5.295348912477493286e-02
8.559384942054748535e-02 5.135801434516906738e-02
7.933758199214935303e-02 4.922107607126235962e-02
7.156202197074890137e-02 4.636456072330474854e-02
6.161596253514289856e-02 4.232927039265632629e-02
5.462888628244400024e-02 3.918051719665527344e-02
4.912150278687477112e-02 3.646926954388618469e-02
4.271187633275985718e-02 3.298923373222351074e-02
4.036064445972442627e-02 3.160370513796806335e-02
3.198392316699028015e-02 2.599787525832653046e-02
2.848743461072444916e-02 2.321189828217029572e-02
2.436392381787300110e-02 1.935286633670330048e-02
2.042032033205032349e-02 1.460347604006528854e-02
1.867217570543289185e-02 1.180795580148696899e-02
1.703494042158126831e-02 8.218387141823768616e-03
1.638255082070827484e-02 6.104897242039442062e-03
1.591969095170497894e-02 3.746879985556006432e-03
1.585902832448482513e-02 -1.548364176414906979e-03
1.678509637713432312e-02 -5.948495119810104370e-03
1.811115629971027374e-02 -9.433547966182231903e-03
2.177944220602512360e-02 -1.575342193245887756e-02
2.669600211083889008e-02 -2.174073457717895508e-02
2.934244088828563690e-02 -2.441897988319396973e-02
3.844548389315605164e-02 -3.205933421850204468e-02
4.628236591815948486e-02 -3.741468489170074463e-02
4.991583526134490967e-02 -3.963476419448852539e-02
5.323944985866546631e-02 -4.154660180211067200e-02
6.451583653688430786e-02 -4.733592644333839417e-02
7.316708564758300781e-02 -5.118444561958312988e-02
7.713679969310760498e-02 -5.280718579888343811e-02
8.489197492599487305e-02 -5.574948713183403015e-02
9.149617701768875122e-02 -5.804103985428810120e-02
9.810773283243179321e-02 -6.015815958380699158e-02
1.170193180441856384e-01 -6.536691635847091675e-02
1.261498034000396729e-01 -6.749054789543151855e-02
1.349014788866043091e-01 -6.931687146425247192e-02
1.425087749958038330e-01 -7.075129449367523193e-02
1.552748233079910278e-01 -7.286541163921356201e-02
1.645953059196472168e-01 -7.419580221176147461e-02
1.778501719236373901e-01 -7.580587267875671387e-02
1.846328079700469971e-01 -7.651092112064361572e-02
1.877778917551040649e-01 -7.681204378604888916e-02
2.037593126296997070e-01 -7.810447365045547485e-02
2.155649363994598389e-01 -7.882125675678253174e-02
2.232721149921417236e-01 -7.918823510408401489e-02
2.449137717485427856e-01 -7.982780039310455322e-02
2.527334392070770264e-01 -7.992738485336303711e-02
2.623732388019561768e-01 -7.996135205030441284e-02
2.672173380851745605e-01 -7.994296401739120483e-02
2.724897265434265137e-01 -7.989703118801116943e-02
2.781161367893218994e-01 -7.981907576322555542e-02
2.931376397609710693e-01 -7.947167754173278809e-02
2.973808348178863525e-01 -7.933851331472396851e-02
3.016127943992614746e-01 -7.919102907180786133e-02
3.081300854682922363e-01 -7.893598824739456177e-02
3.223956227302551270e-01 -7.826510071754455566e-02
3.269517123699188232e-01 -7.801979035139083862e-02
3.345182836055755615e-01 -7.758078724145889282e-02
3.424353897571563721e-01 -7.708081603050231934e-02
3.605223000049591064e-01 -7.579260319471359253e-02
3.642422556877136230e-01 -7.550390809774398804e-02
3.733517527580261230e-01 -7.476479560136795044e-02
3.814241290092468262e-01 -7.407332956790924072e-02
3.917474448680877686e-01 -7.314183562994003296e-02
3.985320329666137695e-01 -7.250235974788665771e-02
4.047140777111053467e-01 -7.190176099538803101e-02
4.344158768653869629e-01 -6.880068778991699219e-02
4.469909667968750000e-01 -6.739253550767898560e-02
4.528632462024688721e-01 -6.671796739101409912e-02
4.577708840370178223e-01 -6.614644825458526611e-02
4.663376212120056152e-01 -6.513281166553497314e-02
4.761192202568054199e-01 -6.395237147808074951e-02
4.795253872871398926e-01 -6.353595852851867676e-02
4.966819286346435547e-01 -6.140064075589179993e-02
5.000647306442260742e-01 -6.097280979156494141e-02
5.100654959678649902e-01 -5.969640985131263733e-02
5.261512398719787598e-01 -5.761155486106872559e-02
5.400049686431884766e-01 -5.579013749957084656e-02
5.474474430084228516e-01 -5.480365827679634094e-02
5.594592690467834473e-01 -5.320208519697189331e-02
5.687218308448791504e-01 -5.196061357855796814e-02
5.862158536911010742e-01 -4.960522428154945374e-02
5.882005691528320312e-01 -4.933736100792884827e-02
6.092439293861389160e-01 -4.649348184466362000e-02
6.217833161354064941e-01 -4.479810222983360291e-02
6.337440013885498047e-01 -4.318242892622947693e-02
6.459261775016784668e-01 -4.153960943222045898e-02
6.549677252769470215e-01 -4.032276570796966553e-02
6.640815734863281250e-01 -3.909872844815254211e-02
6.754731535911560059e-01 -3.757268935441970825e-02
6.867004036903381348e-01 -3.607339039444923401e-02
6.969527602195739746e-01 -3.470857813954353333e-02
7.047346830368041992e-01 -3.367546945810317993e-02
7.447585463523864746e-01 -2.840077690780162811e-02
7.502942085266113281e-01 -2.767626196146011353e-02
7.604339718818664551e-01 -2.635219134390354156e-02
7.646815776824951172e-01 -2.579868212342262268e-02
7.814784646034240723e-01 -2.361635304987430573e-02
7.901372313499450684e-01 -2.249534241855144501e-02
8.068562746047973633e-01 -2.033846639096736908e-02
8.121660351753234863e-01 -1.965560764074325562e-02
8.200275301933288574e-01 -1.864658296108245850e-02
8.266583085060119629e-01 -1.779745332896709442e-02
8.495001196861267090e-01 -1.488760020583868027e-02
8.618571758270263672e-01 -1.332537643611431122e-02
8.778655529022216797e-01 -1.131827011704444885e-02
9.054221510887145996e-01 -7.929352112114429474e-03
9.295369386672973633e-01 -5.075584165751934052e-03
9.487472772598266602e-01 -2.901594853028655052e-03
9.540985822677612305e-01 -2.303955843672156334e-03
9.573256969451904297e-01 -1.941126887686550617e-03
