9.646609425544738770e-01 1.370565150864422321e-03
9.639248251914978027e-01 1.366387936286628246e-03
9.584579467773437500e-01 1.448621274903416634e-03
9.517517089843750000e-01 1.734883873723447323e-03
9.381137490272521973e-01 2.679419470950961113e-03
9.272259473800659180e-01 3.652334446087479591e-03
9.101125001907348633e-01 5.438631866127252579e-03
9.050031900405883789e-01 6.019547581672668457e-03
8.927298784255981445e-01 7.488609757274389267e-03
8.860613107681274414e-01 8.325932547450065613e-03
8.693044781684875488e-01 1.053627021610736847e-02
8.650755286216735840e-01 1.111618615686893463e-02
8.589547276496887207e-01 1.197007670998573303e-02
8.501467704772949219e-01 1.322782598435878754e-02
8.380415439605712891e-01 1.500895712524652481e-02
8.336889743804931641e-01 1.566355675458908081e-02
8.229343891143798828e-01 1.731125824153423309e-02
8.068478703498840332e-01 1.985246688127517700e-02
7.972290515899658203e-01 2.141302265226840973e-02
7.879979610443115234e-01 2.293764241039752960e-02
7.732416391372680664e-01 2.542622014880180359e-02
7.678817510604858398e-01 2.634476497769355774e-02
7.554667592048645020e-01 2.849985659122467041e-02
7.488151192665100098e-01 2.966920845210552216e-02
7.374811172485351562e-01 3.168294951319694519e-02
7.332005500793457031e-01 3.244978561997413635e-02
7.236677408218383789e-01 3.416874259710311890e-02
7.183256745338439941e-01 3.513802587985992432e-02
7.106927037239074707e-01 3.652951121330261230e-02
7.020778656005859375e-01 3.810761496424674988e-02
6.919841766357421875e-01 3.996465355157852173e-02
6.810504794120788574e-01 4.198242351412773132e-02
6.679385900497436523e-01 4.440503939986228943e-02
6.643488407135009766e-01 4.506794363260269165e-02
6.568660140037536621e-01 4.644830897450447083e-02
6.505374908447265625e-01 4.761336371302604675e-02
6.409164667129516602e-01 4.937840253114700317e-02
6.306862235069274902e-01 5.124428123235702515e-02
6.175902485847473145e-01 5.361114069819450378e-02
6.128761172294616699e-01 5.445593968033790588e-02
5.965043902397155762e-01 5.735435709357261658e-02
5.908821225166320801e-01 5.833531171083450317e-02
5.783532857894897461e-01 6.049101799726486206e-02
5.611951351165771484e-01 6.336675584316253662e-02
5.499945282936096191e-01 6.519013643264770508e-02
5.410755276679992676e-01 6.660863012075424194e-02
5.293352603912353516e-01 6.842701137065887451e-02
5.222260355949401855e-01 6.949952244758605957e-02
5.146386623382568359e-01 7.061912119388580322e-02
5.036126375198364258e-01 7.219769060611724854e-02
4.896391034126281738e-01 7.411096245050430298e-02
4.765744805335998535e-01 7.580605894327163696e-02
4.685690999031066895e-01 7.679750025272369385e-02
4.543905556201934814e-01 7.846101373434066772e-02
4.391522407531738281e-01 8.011056482791900635e-02
4.316489100456237793e-01 8.086770027875900269e-02
4.237570762634277344e-01 8.162337541580200195e-02
4.165867865085601807e-01 8.227289468050003052e-02
4.077743589878082275e-01 8.302157372236251831e-02
3.929480314254760742e-01 8.415371179580688477e-02
3.836925327777862549e-01 8.477661758661270142e-02
3.700481951236724854e-01 8.557289838790893555e-02
3.611671924591064453e-01 8.601061999797821045e-02
3.404042720794677734e-01 8.677555620670318604e-02
3.253694474697113037e-01 8.709356933832168579e-02
3.159810602664947510e-01 8.718707412481307983e-02
3.003230392932891846e-01 8.715601265430450439e-02
2.825142145156860352e-01 8.682323992252349854e-02
2.733893990516662598e-01 8.652414381504058838e-02
2.438969463109970093e-01 8.491931110620498657e-02
2.347549647092819214e-01 8.421096950769424438e-02
2.164231538772583008e-01 8.246353268623352051e-02
2.107816338539123535e-01 8.183309435844421387e-02
2.003042846918106079e-01 8.053899556398391724e-02
1.896060258150100708e-01 7.904361188411712646e-02
1.751417070627212524e-01 7.672003656625747681e-02
1.693489998579025269e-01 7.568490505218505859e-02
1.521619260311126709e-01 7.222560048103332520e-02
1.293846368789672852e-01 6.661104410886764526e-02
1.237309500575065613e-01 6.500442326068878174e-02
1.199915632605552673e-01 6.388894468545913696e-02
1.130730956792831421e-01 6.170570477843284607e-02
1.059172227978706360e-01 5.926950275897979736e-02
1.004945635795593262e-01 5.728959664702415466e-02
8.463688939809799194e-02 5.070897191762924194e-02
7.932750880718231201e-02 4.818705841898918152e-02
7.376786321401596069e-02 4.533272609114646912e-02
6.807815283536911011e-02 4.214419797062873840e-02
6.002813577651977539e-02 3.704945743083953857e-02
5.636432766914367676e-02 3.444040566682815552e-02
4.734914004802703857e-02 2.687612734735012054e-02
4.467200487852096558e-02 2.417138591408729553e-02
4.101304337382316589e-02 1.991622895002365112e-02
3.684858232736587524e-02 1.370970811694860458e-02
3.517537936568260193e-02 1.038357801735401154e-02
3.343585506081581116e-02 5.580612458288669586e-03
3.263696283102035522e-02 1.882999786175787449e-03
3.234860301017761230e-02 -4.359879996627569199e-03
3.288044780492782593e-02 -8.453767746686935425e-03
3.416813537478446960e-02 -1.308061461895704269e-02
3.652370721101760864e-02 -1.835085637867450714e-02
4.206452891230583191e-02 -2.652345784008502960e-02
4.795354232192039490e-02 -3.283717855811119080e-02
5.549675971269607544e-02 -3.929233178496360779e-02
6.169010698795318604e-02 -4.376595839858055115e-02
6.683418154716491699e-02 -4.708311706781387329e-02
7.943415641784667969e-02 -5.409431457519531250e-02
8.703760057687759399e-02 -5.773724988102912903e-02
9.967289865016937256e-02 -6.304279714822769165e-02
1.141364127397537231e-01 -6.819370388984680176e-02
1.240237355232238770e-01 -7.124850898981094360e-02
1.298707425594329834e-01 -7.289959490299224854e-02
1.387257725000381470e-01 -7.520072162151336670e-02
1.461574733257293701e-01 -7.696109265089035034e-02
1.547722071409225464e-01 -7.882257550954818726e-02
1.640617996454238892e-01 -8.063124865293502808e-02
1.812305003404617310e-01 -8.348534256219863892e-02
1.888464540243148804e-01 -8.456697314977645874e-02
1.969785541296005249e-01 -8.560735732316970825e-02
2.018358856439590454e-01 -8.617523312568664551e-02
2.163913547992706299e-01 -8.765270560979843140e-02
2.198797911405563354e-01 -8.795949816703796387e-02
2.308791577816009521e-01 -8.881489932537078857e-02
2.375770211219787598e-01 -8.925630897283554077e-02
2.535618841648101807e-01 -9.008360654115676880e-02
2.666723728179931641e-01 -9.054114669561386108e-02
2.784754335880279541e-01 -9.079609811305999756e-02
2.882436513900756836e-01 -9.090178459882736206e-02
2.953834831714630127e-01 -9.092184156179428101e-02
3.028474748134613037e-01 -9.089341014623641968e-02
3.141577541828155518e-01 -9.075831621885299683e-02
3.212959468364715576e-01 -9.061848372220993042e-02
3.308814764022827148e-01 -9.036726504564285278e-02
3.381898701190948486e-01 -9.012875705957412720e-02
3.591993153095245361e-01 -8.922987431287765503e-02
3.678897023200988770e-01 -8.877064287662506104e-02
3.878223896026611328e-01 -8.753779530525207520e-02
3.916214406490325928e-01 -8.727575093507766724e-02
4.024547040462493896e-01 -8.648319542407989502e-02
4.092131853103637695e-01 -8.595573902130126953e-02
4.343336820602416992e-01 -8.378560096025466919e-02
4.458844661712646484e-01 -8.268319815397262573e-02
4.559029638767242432e-01 -8.167702704668045044e-02
4.623236060142517090e-01 -8.100866526365280151e-02
4.822807908058166504e-01 -7.881975173950195312e-02
4.859987795352935791e-01 -7.839410752058029175e-02
4.993818104267120361e-01 -7.681795954704284668e-02
5.183970332145690918e-01 -7.446634769439697266e-02
5.258660912513732910e-01 -7.350882142782211304e-02
5.406468510627746582e-01 -7.156150043010711670e-02
5.505023598670959473e-01 -7.022644579410552979e-02
5.658584833145141602e-01 -6.809207797050476074e-02
5.780206918716430664e-01 -6.635804474353790283e-02
5.897325277328491211e-01 -6.465473026037216187e-02
6.015979051589965820e-01 -6.289797276258468628e-02
6.072202324867248535e-01 -6.205528974533081055e-02
6.198603510856628418e-01 -6.013828516006469727e-02
6.311560273170471191e-01 -5.840046331286430359e-02
6.417604684829711914e-01 -5.674922466278076172e-02
6.546195149421691895e-01 -5.472289770841598511e-02
6.679010987281799316e-01 -5.260384455323219299e-02
6.862795948982238770e-01 -4.962978884577751160e-02
7.090709805488586426e-01 -4.587519913911819458e-02
7.124183177947998047e-01 -4.531747102737426758e-02
7.277429103851318359e-01 -4.274265095591545105e-02
7.336981296539306641e-01 -4.173228517174720764e-02
7.398487329483032227e-01 -4.068275913596153259e-02
7.528989315032958984e-01 -3.843525424599647522e-02
7.584566473960876465e-01 -3.746927157044410706e-02
7.693592905998229980e-01 -3.555852174758911133e-02
7.880907058715820312e-01 -3.222624585032463074e-02
7.956964373588562012e-01 -3.085545077919960022e-02
8.021664619445800781e-01 -2.968155033886432648e-02
8.082252144813537598e-01 -2.857605740427970886e-02
8.166904449462890625e-01 -2.702211402356624603e-02
8.236747384071350098e-01 -2.573260292410850525e-02
8.327573537826538086e-01 -2.404735237360000610e-02
8.384892344474792480e-01 -2.298008464276790619e-02
8.574032187461853027e-01 -1.945096626877784729e-02
8.648034930229187012e-01 -1.807403936982154846e-02
8.788410425186157227e-01 -1.548664271831512451e-02
8.837902545928955078e-01 -1.458719093352556229e-02
8.907414078712463379e-01 -1.334074791520833969e-02
8.990675806999206543e-01 -1.188221387565135956e-02
9.125585556030273438e-01 -9.634796530008316040e-03
9.168967604637145996e-01 -8.953684009611606598e-03
9.225608110427856445e-01 -8.104269392788410187e-03
9.302403926849365234e-01 -7.040942087769508362e-03
9.445552825927734375e-01 -5.429523065686225891e-03
9.569758176803588867e-01 -4.578143358230590820e-03
9.626200199127197266e-01 -4.394024144858121872e-03
9.655864834785461426e-01 -4.345456603914499283e-03
