9.656995534896850586e-01 1.977584557607769966e-03
9.653599262237548828e-01 1.974413171410560608e-03
9.623788595199584961e-01 1.964647788554430008e-03
9.492660760879516602e-01 2.177651505917310715e-03
9.024160504341125488e-01 4.365402739495038986e-03
8.906806707382202148e-01 5.087643396109342575e-03
8.482037186622619629e-01 8.032353594899177551e-03
8.435312509536743164e-01 8.381861262023448944e-03
8.353088498115539551e-01 9.007430635392665863e-03
8.246372342109680176e-01 9.838313795626163483e-03
8.051565289497375488e-01 1.140648778527975082e-02
7.947115302085876465e-01 1.227303687483072281e-02
7.787206172943115234e-01 1.363271754235029221e-02
7.582364082336425781e-01 1.543082017451524734e-02
7.326058149337768555e-01 1.776773110032081604e-02
7.203956246376037598e-01 1.891495659947395325e-02
7.068694233894348145e-01 2.021182700991630554e-02
6.986040472984313965e-01 2.101789787411689758e-02
6.562508344650268555e-01 2.531728893518447876e-02
6.496031284332275391e-01 2.601888403296470642e-02
6.359640955924987793e-01 2.748212218284606934e-02
6.228532791137695312e-01 2.891965396702289581e-02
6.111972332000732422e-01 3.022376634180545807e-02
6.095576286315917969e-01 3.040920570492744446e-02
5.951199531555175781e-01 3.206366673111915588e-02
5.886967778205871582e-01 3.281221166253089905e-02
5.754639506340026855e-01 3.437873348593711853e-02
5.710557103157043457e-01 3.490785136818885803e-02
5.638546943664550781e-01 3.577989712357521057e-02
5.472247600555419922e-01 3.782990202307701111e-02
5.298277139663696289e-01 4.002606868743896484e-02
5.186915993690490723e-01 4.145758226513862610e-02
5.058903098106384277e-01 4.312550649046897888e-02
5.000822544097900391e-01 4.388939589262008667e-02
4.885549247264862061e-01 4.541701823472976685e-02
4.847032725811004639e-01 4.593047127127647400e-02
4.746352136135101318e-01 4.727856069803237915e-02
4.692879021167755127e-01 4.799747467041015625e-02
4.597110152244567871e-01 4.928866401314735413e-02
4.577162861824035645e-01 4.955803602933883667e-02
4.441368877887725830e-01 5.139328911900520325e-02
4.353267550468444824e-01 5.258314311504364014e-02
4.299512207508087158e-01 5.330776795744895935e-02
4.171154499053955078e-01 5.503054708242416382e-02
4.086116850376129150e-01 5.616344884037971497e-02
3.940187394618988037e-01 5.808493122458457947e-02
3.866135179996490479e-01 5.904606729745864868e-02
3.610537648200988770e-01 6.226686388254165649e-02
3.529343008995056152e-01 6.325128674507141113e-02
3.473708033561706543e-01 6.391303241252899170e-02
3.344511687755584717e-01 6.540534645318984985e-02
3.284760713577270508e-01 6.607256829738616943e-02
3.217110931873321533e-01 6.680887192487716675e-02
3.171214163303375244e-01 6.729619950056076050e-02
3.140416443347930908e-01 6.761741638183593750e-02
3.095207512378692627e-01 6.808023154735565186e-02
3.006649911403656006e-01 6.895522773265838623e-02
2.894392311573028564e-01 7.000007480382919312e-02
2.826898097991943359e-01 7.059109956026077271e-02
2.793665528297424316e-01 7.087125629186630249e-02
2.769331037998199463e-01 7.107175886631011963e-02
2.674335539340972900e-01 7.181508094072341919e-02
2.570566833019256592e-01 7.255170494318008423e-02
2.523163557052612305e-01 7.286046445369720459e-02
2.378844022750854492e-01 7.368594408035278320e-02
2.289012968540191650e-01 7.410701364278793335e-02
2.252099961042404175e-01 7.425815612077713013e-02
2.177837938070297241e-01 7.452181726694107056e-02
2.164161354303359985e-01 7.456433027982711792e-02
2.056200504302978516e-01 7.483088970184326172e-02
1.989330649375915527e-01 7.493193447589874268e-02
1.950766742229461670e-01 7.496683299541473389e-02
1.877766102552413940e-01 7.498413324356079102e-02
1.715362221002578735e-01 7.477818429470062256e-02
1.670147329568862915e-01 7.465660572052001953e-02
1.594053059816360474e-01 7.438404858112335205e-02
1.436359137296676636e-01 7.352662086486816406e-02
1.307968199253082275e-01 7.250436395406723022e-02
1.254516690969467163e-01 7.198341190814971924e-02
1.089382693171501160e-01 6.997360289096832275e-02
9.696317464113235474e-02 6.808313727378845215e-02
9.211804717779159546e-02 6.719876825809478760e-02
7.626391202211380005e-02 6.373617798089981079e-02
7.014147192239761353e-02 6.212659180164337158e-02
6.536739319562911987e-02 6.074659898877143860e-02
5.201185867190361023e-02 5.618501082062721252e-02
4.781967028975486755e-02 5.449490249156951904e-02
4.324899986386299133e-02 5.247804895043373108e-02
3.610181063413619995e-02 4.888565093278884888e-02
2.272692695260047913e-02 4.007430374622344971e-02
1.764113456010818481e-02 3.556929528713226318e-02
1.126293651759624481e-02 2.816075272858142853e-02
6.826425436884164810e-03 2.045132219791412354e-02
6.023026537150144577e-03 1.849274151027202606e-02
4.549330100417137146e-03 1.347268372774124146e-02
4.180152900516986847e-03 1.130870450288057327e-02
4.032555036246776581e-03 9.928742423653602600e-03
3.950066864490509033e-03 7.393511012196540833e-03
4.052617587149143219e-03 5.571702495217323303e-03
4.331763368099927902e-03 3.598605049774050713e-03
5.161513108760118484e-03 5.334503366611897945e-04
7.424384355545043945e-03 -3.868877654895186424e-03
1.102353725582361221e-02 -7.818450219929218292e-03
1.209130138158798218e-02 -8.678442798554897308e-03
1.679602824151515961e-02 -1.157219149172306061e-02
2.322408370673656464e-02 -1.415286771953105927e-02
2.698151580989360809e-02 -1.523722242563962936e-02
3.000015951693058014e-02 -1.595536805689334869e-02
3.670311719179153442e-02 -1.719676330685615540e-02
4.941542074084281921e-02 -1.869294792413711548e-02
5.431399494409561157e-02 -1.907772384583950043e-02
5.981438606977462769e-02 -1.942371577024459839e-02
6.854809075593948364e-02 -1.983261480927467346e-02
8.889825642108917236e-02 -2.037070319056510925e-02
9.588798880577087402e-02 -2.047641202807426453e-02
1.073114648461341858e-01 -2.060233801603317261e-02
1.272807717323303223e-01 -2.075155451893806458e-02
1.308177858591079712e-01 -2.077425085008144379e-02
1.630059331655502319e-01 -2.099737338721752167e-02
1.794113069772720337e-01 -2.114352211356163025e-02
1.893264651298522949e-01 -2.124573849141597748e-02
1.994028836488723755e-01 -2.136038616299629211e-02
2.078310549259185791e-01 -2.146429941058158875e-02
2.257083356380462646e-01 -2.170668169856071472e-02
2.330115884542465210e-01 -2.181324362754821777e-02
2.388986349105834961e-01 -2.190186642110347748e-02
2.439228892326354980e-01 -2.197921834886074066e-02
2.517953217029571533e-01 -2.210316248238086700e-02
2.636387050151824951e-01 -2.229472063481807709e-02
2.777805626392364502e-01 -2.252855151891708374e-02
2.862207591533660889e-01 -2.266924269497394562e-02
2.933870851993560791e-01 -2.278858795762062073e-02
3.028367161750793457e-01 -2.294491231441497803e-02
3.094707131385803223e-01 -2.305336482822895050e-02
3.144372999668121338e-01 -2.313359081745147705e-02
3.233338296413421631e-01 -2.327466383576393127e-02
3.338949680328369141e-01 -2.343663759529590607e-02
3.373774886131286621e-01 -2.348850481212139130e-02
3.437072932720184326e-01 -2.358054183423519135e-02
3.568169474601745605e-01 -2.376087009906768799e-02
3.747261166572570801e-01 -2.398071065545082092e-02
3.834959268569946289e-01 -2.407553233206272125e-02
4.050234258174896240e-01 -2.426745183765888214e-02
4.225184321403503418e-01 -2.437622658908367157e-02
4.258123338222503662e-01 -2.439163625240325928e-02
4.311343729496002197e-01 -2.441304363310337067e-02
4.411845803260803223e-01 -2.444147132337093353e-02
4.516305625438690186e-01 -2.445409446954727173e-02
4.559060633182525635e-01 -2.445422671735286713e-02
4.717857241630554199e-01 -2.442912384867668152e-02
4.749906957149505615e-01 -2.441918849945068359e-02
4.834833741188049316e-01 -2.438505366444587708e-02
5.207301378250122070e-01 -2.410923130810260773e-02
5.216875076293945312e-01 -2.409965358674526215e-02
5.346379876136779785e-01 -2.395948022603988647e-02
5.421128273010253906e-01 -2.387025021016597748e-02
5.475010871887207031e-01 -2.380253560841083527e-02
5.494657158851623535e-01 -2.377719432115554810e-02
5.570155978202819824e-01 -2.367683313786983490e-02
5.706183910369873047e-01 -2.348573133349418640e-02
5.751578211784362793e-01 -2.341956272721290588e-02
5.945534706115722656e-01 -2.312775515019893646e-02
6.005145907402038574e-01 -2.303620986640453339e-02
6.018460988998413086e-01 -2.301570400595664978e-02
6.203994750976562500e-01 -2.272958680987358093e-02
6.320359706878662109e-01 -2.255167439579963684e-02
6.397663354873657227e-01 -2.243489399552345276e-02
6.485565900802612305e-01 -2.230380289256572723e-02
6.779204607009887695e-01 -2.187970839440822601e-02
6.850110292434692383e-01 -2.177987992763519287e-02
6.952821016311645508e-01 -2.163607999682426453e-02
7.116541266441345215e-01 -2.140596322715282440e-02
7.365448474884033203e-01 -2.104056999087333679e-02
7.407400608062744141e-01 -2.097542956471443176e-02
7.472725510597229004e-01 -2.087105438113212585e-02
7.515270709991455078e-01 -2.080088853836059570e-02
7.559552788734436035e-01 -2.072577923536300659e-02
7.607061266899108887e-01 -2.064259350299835205e-02
7.789238095283508301e-01 -2.029335871338844299e-02
7.865222096443176270e-01 -2.013056911528110504e-02
7.918379306793212891e-01 -2.000954374670982361e-02
7.958111166954040527e-01 -1.991489157080650330e-02
8.045540452003479004e-01 -1.969274319708347321e-02
8.171517252922058105e-01 -1.933462731540203094e-02
8.406316637992858887e-01 -1.851837337017059326e-02
8.526924848556518555e-01 -1.800481230020523071e-02
8.684513568878173828e-01 -1.721085049211978912e-02
8.893834948539733887e-01 -1.587908901274204254e-02
9.112052321434020996e-01 -1.401746552437543869e-02
9.492176175117492676e-01 -8.642645552754402161e-03
9.627584218978881836e-01 -5.478089675307273865e-03
9.649806022644042969e-01 -4.863913636654615402e-03
