9.595482945442199707e-01 -2.980600111186504364e-03
9.586027264595031738e-01 -3.035519970580935478e-03
9.557492136955261230e-01 -3.181144129484891891e-03
9.482620954513549805e-01 -3.447182942181825638e-03
9.308012723922729492e-01 -3.630795516073703766e-03
9.232310056686401367e-01 -3.580661723390221596e-03
9.038360714912414551e-01 -3.208384849131107330e-03
8.978017568588256836e-01 -3.035311587154865265e-03
8.914611935615539551e-01 -2.829117467626929283e-03
8.824271559715270996e-01 -2.496525412425398827e-03
8.693737983703613281e-01 -1.944711548276245594e-03
8.626313209533691406e-01 -1.630188897252082825e-03
8.467150330543518066e-01 -8.169781067408621311e-04
8.329905271530151367e-01 -4.384169733384624124e-05
8.101752400398254395e-01 1.371662132441997528e-03
8.052942156791687012e-01 1.693960628472268581e-03
7.896582484245300293e-01 2.769558457657694817e-03
7.766152620315551758e-01 3.714982653036713600e-03
7.660045027732849121e-01 4.515174776315689087e-03
7.605926394462585449e-01 4.933787975460290909e-03
7.477061748504638672e-01 5.958526395261287689e-03
7.327162027359008789e-01 7.199291605502367020e-03
7.190945744514465332e-01 8.371762000024318695e-03
7.142783403396606445e-01 8.796506561338901520e-03
6.986341476440429688e-01 1.021283864974975586e-02
6.844176650047302246e-01 1.154866348952054977e-02
6.654966473579406738e-01 1.339908502995967865e-02
6.532458662986755371e-01 1.464180648326873779e-02
6.392955183982849121e-01 1.610004156827926636e-02
6.304654479026794434e-01 1.704689487814903259e-02
6.148714423179626465e-01 1.876435801386833191e-02
5.995854735374450684e-01 2.050384506583213806e-02
5.847871303558349609e-01 2.223993092775344849e-02
5.735626220703125000e-01 2.359009906649589539e-02
5.511043071746826172e-01 2.637347392737865448e-02
5.468268990516662598e-01 2.691521681845188141e-02
5.376614332199096680e-01 2.808771654963493347e-02
5.253860354423522949e-01 2.968097105622291565e-02
5.185580253601074219e-01 3.057742305099964142e-02
5.099892020225524902e-01 3.171139955520629883e-02
4.980702698230743408e-01 3.330263867974281311e-02
4.833447039127349854e-01 3.528467938303947449e-02
4.729667007923126221e-01 3.668716549873352051e-02
4.649367034435272217e-01 3.777272626757621765e-02
4.533852934837341309e-01 3.933067619800567627e-02
4.483344256877899170e-01 4.000917077064514160e-02
4.361396133899688721e-01 4.163626208901405334e-02
4.266372323036193848e-01 4.288918897509574890e-02
4.143610000610351562e-01 4.448157921433448792e-02
4.086843132972717285e-01 4.520568251609802246e-02
3.894279301166534424e-01 4.758947715163230896e-02
3.852639794349670410e-01 4.808781668543815613e-02
3.779770433902740479e-01 4.894312098622322083e-02
3.712853491306304932e-01 4.970816522836685181e-02
3.614274859428405762e-01 5.079630389809608459e-02
3.572235405445098877e-01 5.124515295028686523e-02
3.422162234783172607e-01 5.276590958237648010e-02
3.343667685985565186e-01 5.350621417164802551e-02
3.268490731716156006e-01 5.417663976550102234e-02
3.074236512184143066e-01 5.571759119629859924e-02
2.951006889343261719e-01 5.653819441795349121e-02
2.877314984798431396e-01 5.696555972099304199e-02
2.803257405757904053e-01 5.734452232718467712e-02
2.718026936054229736e-01 5.771510675549507141e-02
2.659813463687896729e-01 5.792616307735443115e-02
2.563468515872955322e-01 5.819710716605186462e-02
2.475328296422958374e-01 5.835555121302604675e-02
2.420828044414520264e-01 5.840890854597091675e-02
2.266885638236999512e-01 5.836566537618637085e-02
2.207621335983276367e-01 5.826893821358680725e-02
2.121437340974807739e-01 5.804454907774925232e-02
1.980409175157546997e-01 5.745195597410202026e-02
1.901452094316482544e-01 5.699086561799049377e-02
1.736632138490676880e-01 5.570594221353530884e-02
1.621165424585342407e-01 5.452583357691764832e-02
1.519533544778823853e-01 5.327920243144035339e-02
1.433919370174407959e-01 5.206624045968055725e-02
1.337592899799346924e-01 5.050938203930854797e-02
1.276870369911193848e-01 4.941562935709953308e-02
1.107611060142517090e-01 4.585577547550201416e-02
9.978456795215606689e-02 4.308912903070449829e-02
9.594818204641342163e-02 4.202482104301452637e-02
8.575323224067687988e-02 3.891813009977340698e-02
7.629393041133880615e-02 3.561931848526000977e-02
6.788623332977294922e-02 3.227803856134414673e-02
5.817891284823417664e-02 2.780974656343460083e-02
5.117342248558998108e-02 2.404430694878101349e-02
4.873729869723320007e-02 2.259521000087261200e-02
4.241792485117912292e-02 1.837594248354434967e-02
3.779762983322143555e-02 1.467027980834245682e-02
3.603514283895492554e-02 1.302874181419610977e-02
3.219306468963623047e-02 8.514530025422573090e-03
3.041627630591392517e-02 4.634070210158824921e-03
3.029553405940532684e-02 3.685800125822424889e-03
3.106237947940826416e-02 1.004554796963930130e-03
3.203013166785240173e-02 -1.364693252980941907e-05
3.282328695058822632e-02 -5.727692041546106339e-04
3.341625630855560303e-02 -9.068575454875826836e-04
3.393595665693283081e-02 -1.158836763352155685e-03
3.467595204710960388e-02 -1.467987895011901855e-03
3.576986864209175110e-02 -1.845479244366288185e-03
3.669785708189010620e-02 -2.110356464982032776e-03
3.871402516961097717e-02 -2.562351990491151810e-03
4.190475866198539734e-02 -3.049295628443360329e-03
4.603224992752075195e-02 -3.427271498367190361e-03
5.208732932806015015e-02 -3.684051567688584328e-03
5.793653428554534912e-02 -3.733270568773150444e-03
6.380587071180343628e-02 -3.663791576400399208e-03
7.257756590843200684e-02 -3.428901312872767448e-03
8.345779031515121460e-02 -3.027794416993856430e-03
9.146920591592788696e-02 -2.704777289181947708e-03
1.018958762288093567e-01 -2.288726856932044029e-03
1.117937490344047546e-01 -1.921539311297237873e-03
1.381554454565048218e-01 -1.160277985036373138e-03
1.436094194650650024e-01 -1.047389232553541660e-03
1.623769253492355347e-01 -7.765721529722213745e-04
1.833073049783706665e-01 -6.771683692932128906e-04
1.932919174432754517e-01 -6.983196362853050232e-04
2.053698450326919556e-01 -7.776102283969521523e-04
2.155555337667465210e-01 -8.866775315254926682e-04
2.314275801181793213e-01 -1.126356306485831738e-03
2.419705837965011597e-01 -1.328043057583272457e-03
2.499733716249465942e-01 -1.501657650806009769e-03
2.557277381420135498e-01 -1.636687782593071461e-03
2.691108882427215576e-01 -1.981104025617241859e-03
2.758723795413970947e-01 -2.169998129829764366e-03
2.814351320266723633e-01 -2.332295756787061691e-03
2.950507402420043945e-01 -2.753586741164326668e-03
3.083335459232330322e-01 -3.193885553628206253e-03
3.198348879814147949e-01 -3.595313988626003265e-03
3.291490972042083740e-01 -3.932292573153972626e-03
3.342162072658538818e-01 -4.119584336876869202e-03
3.473675549030303955e-01 -4.617081489413976669e-03
3.522667288780212402e-01 -4.806116223335266113e-03
3.571856617927551270e-01 -4.997672047466039658e-03
3.613145649433135986e-01 -5.159714259207248688e-03
3.754866123199462891e-01 -5.723181646317243576e-03
3.857670426368713379e-01 -6.137469783425331116e-03
3.907434344291687012e-01 -6.339232437312602997e-03
4.031916856765747070e-01 -6.846238393336534500e-03
4.123582243919372559e-01 -7.220745086669921875e-03
4.237313270568847656e-01 -7.685422897338867188e-03
4.401476979255676270e-01 -8.353557437658309937e-03
4.469228684902191162e-01 -8.627634495496749878e-03
4.566288292407989502e-01 -9.017899632453918457e-03
4.625318646430969238e-01 -9.253660216927528381e-03
4.769823551177978516e-01 -9.824848733842372894e-03
4.865937232971191406e-01 -1.019952725619077682e-02
5.013973116874694824e-01 -1.076759397983551025e-02
5.131902098655700684e-01 -1.121190469712018967e-02
5.222774744033813477e-01 -1.154917851090431213e-02
5.298822522163391113e-01 -1.182803418487310410e-02
5.368874073028564453e-01 -1.208219770342111588e-02
5.384018421173095703e-01 -1.213680859655141830e-02
5.536013841629028320e-01 -1.267846859991550446e-02
5.762642025947570801e-01 -1.346559077501296997e-02
5.859713554382324219e-01 -1.379576325416564941e-02
5.995756387710571289e-01 -1.425183657556772232e-02
6.133092045783996582e-01 -1.470437739044427872e-02
6.225430965423583984e-01 -1.500400621443986893e-02
6.262825727462768555e-01 -1.512421853840351105e-02
6.360399127006530762e-01 -1.543458271771669388e-02
6.421190500259399414e-01 -1.562532968819141388e-02
6.463515758514404297e-01 -1.575683988630771637e-02
6.625942587852478027e-01 -1.625026203691959381e-02
6.798147559165954590e-01 -1.674964278936386108e-02
6.955147981643676758e-01 -1.717752777040004730e-02
7.025045156478881836e-01 -1.735781319439411163e-02
7.138419151306152344e-01 -1.763457991182804108e-02
7.196236848831176758e-01 -1.776742935180664062e-02
7.361851334571838379e-01 -1.811225898563861847e-02
7.443349361419677734e-01 -1.826001703739166260e-02
7.632007002830505371e-01 -1.853679120540618896e-02
7.659990191459655762e-01 -1.856921985745429993e-02
7.785854935646057129e-01 -1.868415623903274536e-02
7.850074172019958496e-01 -1.872183382511138916e-02
8.047798275947570801e-01 -1.873682253062725067e-02
8.132504224777221680e-01 -1.869102008640766144e-02
8.271266818046569824e-01 -1.853837631642818451e-02
8.402108550071716309e-01 -1.829498820006847382e-02
8.527559638023376465e-01 -1.795762032270431519e-02
8.571640253067016602e-01 -1.781213097274303436e-02
8.695263862609863281e-01 -1.732044853270053864e-02
8.740406036376953125e-01 -1.710740476846694946e-02
8.878809809684753418e-01 -1.632686331868171692e-02
8.987660408020019531e-01 -1.555861905217170715e-02
9.070407748222351074e-01 -1.486800517886877060e-02
9.260846972465515137e-01 -1.285182777792215347e-02
9.428374171257019043e-01 -1.046859472990036011e-02
9.547165632247924805e-01 -8.398974314332008362e-03
9.562798738479614258e-01 -8.107450790703296661e-03
9.588196277618408203e-01 -7.627739105373620987e-03
