9.629272222518920898e-01 -6.605024682357907295e-04
9.622597694396972656e-01 -6.689706933684647083e-04
9.594324231147766113e-01 -6.722706602886319160e-04
9.468462467193603516e-01 -2.688766981009393930e-04
9.301308393478393555e-01 8.529623155482113361e-04
9.093078970909118652e-01 2.769452519714832306e-03
8.925594687461853027e-01 4.591910168528556824e-03
8.865705132484436035e-01 5.291988607496023178e-03
8.727936744689941406e-01 6.986188702285289764e-03
8.627561926841735840e-01 8.287061005830764771e-03
8.384611010551452637e-01 1.163703761994838715e-02
8.295398354530334473e-01 1.293088588863611221e-02
8.132998943328857422e-01 1.536345016211271286e-02
8.025968074798583984e-01 1.701635494828224182e-02
7.843768000602722168e-01 1.991042122244834900e-02
7.732447385787963867e-01 2.172260545194149017e-02
7.680525183677673340e-01 2.257796004414558411e-02
7.540874481201171875e-01 2.490677498281002045e-02
7.333642840385437012e-01 2.842534519731998444e-02
7.258641719818115234e-01 2.971308678388595581e-02
7.085828781127929688e-01 3.269962966442108154e-02
6.889260411262512207e-01 3.611396253108978271e-02
6.685843467712402344e-01 3.964364901185035706e-02
6.588052511215209961e-01 4.133215546607971191e-02
6.443959474563598633e-01 4.380293563008308411e-02
6.369787454605102539e-01 4.506449773907661438e-02
6.280735731124877930e-01 4.656798392534255981e-02
6.229196786880493164e-01 4.743190109729766846e-02
6.085365414619445801e-01 4.981540888547897339e-02
5.972654223442077637e-01 5.165157094597816467e-02
5.831291675567626953e-01 5.390981212258338928e-02
5.727753043174743652e-01 5.552909150719642639e-02
5.607790946960449219e-01 5.736521258950233459e-02
5.507102608680725098e-01 5.887082219123840332e-02
5.389137864112854004e-01 6.059081852436065674e-02
5.326621532440185547e-01 6.148215383291244507e-02
5.236454606056213379e-01 6.274194270372390747e-02
5.147938728332519531e-01 6.394796073436737061e-02
4.999588131904602051e-01 6.589752435684204102e-02
4.929526746273040771e-01 6.678560376167297363e-02
4.881638586521148682e-01 6.738019734621047974e-02
4.796821177005767822e-01 6.840768456459045410e-02
4.701686501502990723e-01 6.952015310525894165e-02
4.575105011463165283e-01 7.093203812837600708e-02
4.447746276855468750e-01 7.227040082216262817e-02
4.358116686344146729e-01 7.316070795059204102e-02
4.256267547607421875e-01 7.411863654851913452e-02
4.180231392383575439e-01 7.479526102542877197e-02
4.109477698802947998e-01 7.539436966180801392e-02
4.030619263648986816e-01 7.602658867835998535e-02
3.894674479961395264e-01 7.702530920505523682e-02
3.781752884387969971e-01 7.776374369859695435e-02
3.656260371208190918e-01 7.848289608955383301e-02
3.512002825736999512e-01 7.917150855064392090e-02
3.477832973003387451e-01 7.931221276521682739e-02
3.417518138885498047e-01 7.953897118568420410e-02
3.344607651233673096e-01 7.977558672428131104e-02
3.270627558231353760e-01 7.997270673513412476e-02
3.147101104259490967e-01 8.020211756229400635e-02
3.099812865257263184e-01 8.025598526000976562e-02
3.048430979251861572e-01 8.029257506132125854e-02
2.968606650829315186e-01 8.030319958925247192e-02
2.864123880863189697e-01 8.022959530353546143e-02
2.754465341567993164e-01 8.004176616668701172e-02
2.611126601696014404e-01 7.961763441562652588e-02
2.516891062259674072e-01 7.922354340553283691e-02
2.461298108100891113e-01 7.894651591777801514e-02
2.398280799388885498e-01 7.859141379594802856e-02
2.334500402212142944e-01 7.818640768527984619e-02
2.134561687707901001e-01 7.660562545061111450e-02
2.058103829622268677e-01 7.587009668350219727e-02
1.969213634729385376e-01 7.491863518953323364e-02
1.833302974700927734e-01 7.325354218482971191e-02
1.726577132940292358e-01 7.175726443529129028e-02
1.612891107797622681e-01 6.996829062700271606e-02
1.544466167688369751e-01 6.878874450922012329e-02
1.492144763469696045e-01 6.783201545476913452e-02
1.368705332279205322e-01 6.537564843893051147e-02
1.275562494993209839e-01 6.332395970821380615e-02
1.205280423164367676e-01 6.165375933051109314e-02
1.095911636948585510e-01 5.882769823074340820e-02
1.013665050268173218e-01 5.650340393185615540e-02
8.919393271207809448e-02 5.270931497216224670e-02
7.639598846435546875e-02 4.818994179368019104e-02
6.858060508966445923e-02 4.511162266135215759e-02
6.173564493656158447e-02 4.217939823865890503e-02
5.719149485230445862e-02 4.009225964546203613e-02
4.849868640303611755e-02 3.572625294327735901e-02
4.129569604992866516e-02 3.164610266685485840e-02
3.343530371785163879e-02 2.653653174638748169e-02
2.864910289645195007e-02 2.295008487999439240e-02
2.456393279135227203e-02 1.946950890123844147e-02
2.160889841616153717e-02 1.660129241645336151e-02
1.852009072899818420e-02 1.311233732849359512e-02
1.588119938969612122e-02 9.431809186935424805e-03
1.453065779060125351e-02 7.053770590573549271e-03
1.315101888030767441e-02 3.757055616006255150e-03
1.235103607177734375e-02 5.512419738806784153e-05
1.255575660616159439e-02 -4.149805288761854172e-03
1.296273060142993927e-02 -5.652425810694694519e-03
1.393965724855661392e-02 -7.876110263168811798e-03
1.620652340352535248e-02 -1.101685315370559692e-02
1.870452612638473511e-02 -1.335181575268507004e-02
2.274665609002113342e-02 -1.609535142779350281e-02
2.857527509331703186e-02 -1.895455084741115570e-02
4.642893373966217041e-02 -2.443778701126575470e-02
6.049155443906784058e-02 -2.724914439022541046e-02
7.055101543664932251e-02 -2.886256203055381775e-02
8.490396291017532349e-02 -3.081370703876018524e-02
9.428138285875320435e-02 -3.193588554859161377e-02
1.071534007787704468e-01 -3.334126248955726624e-02
1.165888831019401550e-01 -3.429784998297691345e-02
1.263220459222793579e-01 -3.523555397987365723e-02
1.435718536376953125e-01 -3.680552914738655090e-02
1.583509445190429688e-01 -3.808043897151947021e-02
1.691435575485229492e-01 -3.897904977202415466e-02
1.793616116046905518e-01 -3.980766609311103821e-02
1.851655989885330200e-01 -4.026927798986434937e-02
1.973839402198791504e-01 -4.122004285454750061e-02
2.003508210182189941e-01 -4.144661501049995422e-02
2.123101651668548584e-01 -4.234255105257034302e-02
2.309861481189727783e-01 -4.368323460221290588e-02
2.390915900468826294e-01 -4.424133524298667908e-02
2.517031133174896240e-01 -4.507878795266151428e-02
2.667941451072692871e-01 -4.602772369980812073e-02
2.776697278022766113e-01 -4.667292535305023193e-02
2.906174361705780029e-01 -4.739578068256378174e-02
2.932935655117034912e-01 -4.753879085183143616e-02
3.021315932273864746e-01 -4.799487069249153137e-02
3.102322816848754883e-01 -4.839045926928520203e-02
3.221558928489685059e-01 -4.893218353390693665e-02
3.390196859836578369e-01 -4.961224272847175598e-02
3.522311747074127197e-01 -5.007148906588554382e-02
3.589476048946380615e-01 -5.027938261628150940e-02
3.739686906337738037e-01 -5.068032443523406982e-02
3.811471760272979736e-01 -5.084014311432838440e-02
3.933748602867126465e-01 -5.106422305107116699e-02
3.972423672676086426e-01 -5.112233757972717285e-02
4.040998518466949463e-01 -5.121023580431938171e-02
4.239865541458129883e-01 -5.135477706789970398e-02
4.299004375934600830e-01 -5.136602371931076050e-02
4.404393732547760010e-01 -5.135006457567214966e-02
4.537724554538726807e-01 -5.126421153545379639e-02
4.643277823925018311e-01 -5.114488303661346436e-02
4.733423590660095215e-01 -5.100764334201812744e-02
4.793662428855895996e-01 -5.089813098311424255e-02
4.856000542640686035e-01 -5.077003687620162964e-02
4.936230778694152832e-01 -5.058350786566734314e-02
5.060206055641174316e-01 -5.024883151054382324e-02
5.265523195266723633e-01 -4.957753419876098633e-02
5.347722172737121582e-01 -4.927079379558563232e-02
5.414708256721496582e-01 -4.900590702891349792e-02
5.552913546562194824e-01 -4.842019453644752502e-02
5.616661906242370605e-01 -4.813356325030326843e-02
5.748398900032043457e-01 -4.751188308000564575e-02
5.848531723022460938e-01 -4.701573401689529419e-02
5.972645878791809082e-01 -4.637671634554862976e-02
6.045586466789245605e-01 -4.599057883024215698e-02
6.173704266548156738e-01 -4.529670998454093933e-02
6.248468756675720215e-01 -4.488417133688926697e-02
6.354840993881225586e-01 -4.428962990641593933e-02
6.493781805038452148e-01 -4.350275173783302307e-02
6.568291783332824707e-01 -4.307711869478225708e-02
6.621547937393188477e-01 -4.277164489030838013e-02
6.780915856361389160e-01 -4.185207560658454895e-02
6.845732331275939941e-01 -4.147578775882720947e-02
6.947486400604248047e-01 -4.088195785880088806e-02
7.056011557579040527e-01 -4.024338722229003906e-02
7.177079916000366211e-01 -3.952221944928169250e-02
7.329989075660705566e-01 -3.859218582510948181e-02
7.425791621208190918e-01 -3.799437731504440308e-02
7.490314841270446777e-01 -3.758336603641510010e-02
7.597982883453369141e-01 -3.687928617000579834e-02
7.700690627098083496e-01 -3.618210181593894958e-02
7.825180888175964355e-01 -3.529616445302963257e-02
7.923202514648437500e-01 -3.456090763211250305e-02
7.993774414062500000e-01 -3.400771692395210266e-02
8.087605237960815430e-01 -3.323718905448913574e-02
8.227582573890686035e-01 -3.200244531035423279e-02
8.314972519874572754e-01 -3.117213025689125061e-02
8.451513648033142090e-01 -2.976850047707557678e-02
8.524610400199890137e-01 -2.895697392523288727e-02
8.654007315635681152e-01 -2.740250900387763977e-02
8.759267330169677734e-01 -2.601192705333232880e-02
8.921639919281005859e-01 -2.360447682440280914e-02
8.983448743820190430e-01 -2.259140647947788239e-02
9.136914610862731934e-01 -1.980168558657169342e-02
9.258294701576232910e-01 -1.726817898452281952e-02
9.423375129699707031e-01 -1.324611715972423553e-02
9.561412334442138672e-01 -9.276399388909339905e-03
9.606255888938903809e-01 -7.861972786486148834e-03
9.625954627990722656e-01 -7.222734391689300537e-03
