9.669200181961059570e-01 -1.824961276724934578e-03
9.662783741950988770e-01 -1.860706717707216740e-03
9.633921384811401367e-01 -1.945897005498409271e-03
9.569445848464965820e-01 -1.817830139771103859e-03
9.473897218704223633e-01 -1.133512356318533421e-03
9.381511807441711426e-01 -1.305302139371633530e-04
9.272913336753845215e-01 1.323611359111964703e-03
9.226613044738769531e-01 2.009847434237599373e-03
9.139406681060791016e-01 3.384589916095137596e-03
9.093785285949707031e-01 4.139413591474294662e-03
8.953922986984252930e-01 6.569574121385812759e-03
8.905850052833557129e-01 7.436825893819332123e-03
8.801199197769165039e-01 9.366004727780818939e-03
8.717840909957885742e-01 1.093323994427919388e-02
8.552139997482299805e-01 1.409663818776607513e-02
8.505731821060180664e-01 1.498853135854005814e-02
8.392056226730346680e-01 1.717450097203254700e-02
8.308501243591308594e-01 1.877651922404766083e-02
8.214110136032104492e-01 2.057515643537044525e-02
8.106275200843811035e-01 2.260809391736984253e-02
7.975644469261169434e-01 2.502903342247009277e-02
7.920504808425903320e-01 2.603441104292869568e-02
7.781462073326110840e-01 2.851909026503562927e-02
7.741441130638122559e-01 2.921967767179012299e-02
7.624031305313110352e-01 3.123424388468265533e-02
7.543400526046752930e-01 3.258053585886955261e-02
7.431522607803344727e-01 3.439558297395706177e-02
7.342606186866760254e-01 3.579267114400863647e-02
7.232678532600402832e-01 3.746253997087478638e-02
7.163180112838745117e-01 3.848509117960929871e-02
6.909722685813903809e-01 4.199440404772758484e-02
6.825441718101501465e-01 4.308518022298812866e-02
6.663440465927124023e-01 4.507701471447944641e-02
6.626778841018676758e-01 4.550895094871520996e-02
6.564191579818725586e-01 4.623058065772056580e-02
6.510031223297119141e-01 4.683917388319969177e-02
6.331277489662170410e-01 4.874599352478981018e-02
6.153781414031982422e-01 5.049029365181922913e-02
6.050354838371276855e-01 5.144114047288894653e-02
5.867148637771606445e-01 5.301212891936302185e-02
5.781428813934326172e-01 5.369914695620536804e-02
5.722976326942443848e-01 5.415057018399238586e-02
5.569359660148620605e-01 5.527270212769508362e-02
5.501217842102050781e-01 5.574128031730651855e-02
5.310848951339721680e-01 5.695809423923492432e-02
5.232011675834655762e-01 5.742301419377326965e-02
5.022060275077819824e-01 5.855217948555946350e-02
4.939986467361450195e-01 5.895104631781578064e-02
4.833658635616302490e-01 5.943253263831138611e-02
4.735534489154815674e-01 5.984162911772727966e-02
4.622322618961334229e-01 6.027163565158843994e-02
4.554456770420074463e-01 6.050773337483406067e-02
4.478109478950500488e-01 6.075385585427284241e-02
4.349422752857208252e-01 6.112156808376312256e-02
4.254404008388519287e-01 6.135467439889907837e-02
4.168732762336730957e-01 6.153646111488342285e-02
4.008294641971588135e-01 6.180304661393165588e-02
3.918863534927368164e-01 6.190888211131095886e-02
3.840880990028381348e-01 6.197555735707283020e-02
3.707897365093231201e-01 6.203281134366989136e-02
3.600341677665710449e-01 6.202549859881401062e-02
3.448624610900878906e-01 6.193032115697860718e-02
3.322705328464508057e-01 6.177268922328948975e-02
3.220825791358947754e-01 6.159052252769470215e-02
3.156835734844207764e-01 6.145019084215164185e-02
3.026109933853149414e-01 6.109892204403877258e-02
2.908679842948913574e-01 6.070615723729133606e-02
2.798246145248413086e-01 6.026657670736312866e-02
2.607785463333129883e-01 5.933794379234313965e-02
2.300104945898056030e-01 5.733333155512809753e-02
2.225021272897720337e-01 5.673959106206893921e-02
2.124550640583038330e-01 5.587488412857055664e-02
2.055448442697525024e-01 5.523118004202842712e-02
1.987230628728866577e-01 5.455458909273147583e-02
1.892120838165283203e-01 5.353967472910881042e-02
1.817798614501953125e-01 5.268536508083343506e-02
1.733093112707138062e-01 5.164225772023200989e-02
1.603513360023498535e-01 4.989294335246086121e-02
1.384410411119461060e-01 4.646106809377670288e-02
1.282075047492980957e-01 4.462585598230361938e-02
1.193394511938095093e-01 4.289937019348144531e-02
9.484806656837463379e-02 3.735801205039024353e-02
8.740851283073425293e-02 3.540726006031036377e-02
8.177344501018524170e-02 3.383018076419830322e-02
6.584047526121139526e-02 2.881603315472602844e-02
5.733215808868408203e-02 2.571902610361576080e-02
4.465875402092933655e-02 2.033380419015884399e-02
3.882963210344314575e-02 1.741368509829044342e-02
3.346747159957885742e-02 1.434975862503051758e-02
3.013952076435089111e-02 1.218469534069299698e-02
2.566997334361076355e-02 8.765217848122119904e-03
2.144225500524044037e-02 4.424043465405702591e-03
2.034422010183334351e-02 2.864469075575470924e-03
1.913463883101940155e-02 4.922630614601075649e-04
1.850605942308902740e-02 -2.026794245466589928e-03
1.857188530266284943e-02 -4.274614620953798294e-03
1.956651732325553894e-02 -7.054497022181749344e-03
2.119936235249042511e-02 -9.304083883762359619e-03
2.262657135725021362e-02 -1.070186682045459747e-02
2.462537772953510284e-02 -1.226290315389633179e-02
2.687723003327846527e-02 -1.370537094771862030e-02
3.049973584711551666e-02 -1.561652217060327530e-02
3.306604921817779541e-02 -1.677378453314304352e-02
3.776810318231582642e-02 -1.861953362822532654e-02
4.462489858269691467e-02 -2.089335396885871887e-02
5.723276734352111816e-02 -2.432261034846305847e-02
7.020471990108489990e-02 -2.726625837385654449e-02
8.134286105632781982e-02 -2.950273081660270691e-02
9.912957251071929932e-02 -3.270089626312255859e-02
1.181483045220375061e-01 -3.575636819005012512e-02
1.291731595993041992e-01 -3.739287704229354858e-02
1.345361620187759399e-01 -3.815769776701927185e-02
1.458260864019393921e-01 -3.970602154731750488e-02
1.574471592903137207e-01 -4.121781140565872192e-02
1.708681136369705200e-01 -4.286690056324005127e-02
1.789879053831100464e-01 -4.381654411554336548e-02
1.879720240831375122e-01 -4.482647404074668884e-02
2.092909216880798340e-01 -4.705693572759628296e-02
2.219948619604110718e-01 -4.827807098627090454e-02
2.346243411302566528e-01 -4.941391199827194214e-02
2.454070895910263062e-01 -5.032279714941978455e-02
2.503884434700012207e-01 -5.072390660643577576e-02
2.612868845462799072e-01 -5.156030505895614624e-02
2.691482007503509521e-01 -5.212871730327606201e-02
2.813172936439514160e-01 -5.295113101601600647e-02
2.884835600852966309e-01 -5.340285971760749817e-02
3.027102649211883545e-01 -5.422821640968322754e-02
3.179487586021423340e-01 -5.500693991780281067e-02
3.366112709045410156e-01 -5.581200122833251953e-02
3.435010313987731934e-01 -5.606773123145103455e-02
3.537231087684631348e-01 -5.640581622719764709e-02
3.577535152435302734e-01 -5.652550607919692993e-02
3.766722679138183594e-01 -5.698392167687416077e-02
3.823999762535095215e-01 -5.708894878625869751e-02
4.017170667648315430e-01 -5.732653290033340454e-02
4.090738594532012939e-01 -5.736943334341049194e-02
4.226251244544982910e-01 -5.737921223044395447e-02
4.294557869434356689e-01 -5.734993517398834229e-02
4.392696619033813477e-01 -5.726750940084457397e-02
4.468021988868713379e-01 -5.717182159423828125e-02
4.581228196620941162e-01 -5.697477608919143677e-02
4.665406644344329834e-01 -5.678667500615119934e-02
4.744007885456085205e-01 -5.657885968685150146e-02
4.816109240055084229e-01 -5.636087432503700256e-02
4.946903288364410400e-01 -5.589850991964340210e-02
4.993617236614227295e-01 -5.571246892213821411e-02
5.097060799598693848e-01 -5.526130646467208862e-02
5.240038037300109863e-01 -5.454924330115318298e-02
5.327089428901672363e-01 -5.406572297215461731e-02
5.380175113677978516e-01 -5.375247076153755188e-02
5.460428595542907715e-01 -5.325261875987052917e-02
5.585938692092895508e-01 -5.240830779075622559e-02
5.730738639831542969e-01 -5.134156346321105957e-02
5.791558623313903809e-01 -5.086466670036315918e-02
5.993212461471557617e-01 -4.916666448116302490e-02
6.037667989730834961e-01 -4.876913502812385559e-02
6.180353760719299316e-01 -4.743999987840652466e-02
6.282826662063598633e-01 -4.643810167908668518e-02
6.326867938041687012e-01 -4.599611461162567139e-02
6.398788690567016602e-01 -4.526034370064735413e-02
6.564470529556274414e-01 -4.350444301962852478e-02
6.653032302856445312e-01 -4.253445565700531006e-02
6.809477210044860840e-01 -4.077503830194473267e-02
6.890634298324584961e-01 -3.984221071004867554e-02
6.963083148002624512e-01 -3.899947926402091980e-02
7.016097307205200195e-01 -3.837742656469345093e-02
7.171818614006042480e-01 -3.652781248092651367e-02
7.326077818870544434e-01 -3.466898202896118164e-02
7.363917231559753418e-01 -3.420980647206306458e-02
7.572540640830993652e-01 -3.166087716817855835e-02
7.716798782348632812e-01 -2.988493815064430237e-02
7.776647806167602539e-01 -2.914560213685035706e-02
7.867699861526489258e-01 -2.801820263266563416e-02
7.918187379837036133e-01 -2.739177085459232330e-02
8.058445453643798828e-01 -2.564664557576179504e-02
8.161918520927429199e-01 -2.435445412993431091e-02
8.298913240432739258e-01 -2.263672091066837311e-02
8.334800004959106445e-01 -2.218533493578433990e-02
8.568972945213317871e-01 -1.922397129237651825e-02
8.691598773002624512e-01 -1.766179688274860382e-02
8.819562196731567383e-01 -1.602424681186676025e-02
8.871244192123413086e-01 -1.536137703806161880e-02
9.000167846679687500e-01 -1.370768528431653976e-02
9.046573042869567871e-01 -1.311394199728965759e-02
9.139857292175292969e-01 -1.192754972726106644e-02
9.178313016891479492e-01 -1.144313160330057144e-02
9.304503202438354492e-01 -9.890516288578510284e-03
9.430416822433471680e-01 -8.453493006527423859e-03
9.536767005920410156e-01 -7.427828852087259293e-03
9.624371528625488281e-01 -6.829367019236087799e-03
9.642589092254638672e-01 -6.745519116520881653e-03
9.660997390747070312e-01 -6.677820347249507904e-03
