9.701943397521972656e-01 1.121401786804199219e-03
9.698027968406677246e-01 1.146400696597993374e-03
9.602463841438293457e-01 1.972575904801487923e-03
9.528054594993591309e-01 2.784176496788859367e-03
9.124850630760192871e-01 8.052806369960308075e-03
8.980328440666198730e-01 1.008385978639125824e-02
8.864774107933044434e-01 1.172818895429372787e-02
8.793924450874328613e-01 1.274189911782741547e-02
8.375926613807678223e-01 1.875082775950431824e-02
8.305299282073974609e-01 1.976507902145385742e-02
8.169367313385009766e-01 2.171286009252071381e-02
8.089106082916259766e-01 2.285963855683803558e-02
7.951535582542419434e-01 2.481860481202602386e-02
7.844499945640563965e-01 2.633646130561828613e-02
7.589281797409057617e-01 2.993151359260082245e-02
7.555949091911315918e-01 3.039849363267421722e-02
7.448024749755859375e-01 3.190648928284645081e-02
7.303659319877624512e-01 3.391429036855697632e-02
7.096109390258789062e-01 3.678323701024055481e-02
6.887899637222290039e-01 3.964268788695335388e-02
6.738883256912231445e-01 4.167923331260681152e-02
6.529309749603271484e-01 4.453090950846672058e-02
6.358156204223632812e-01 4.684961214661598206e-02
6.320748329162597656e-01 4.735514894127845764e-02
6.177346110343933105e-01 4.928852990269660950e-02
6.134563088417053223e-01 4.986377805471420288e-02
6.034686565399169922e-01 5.120350420475006104e-02
5.991894006729125977e-01 5.177605152130126953e-02
5.921043157577514648e-01 5.272165313363075256e-02
5.814882516860961914e-01 5.413246154785156250e-02
5.725433230400085449e-01 5.531439930200576782e-02
5.679854750633239746e-01 5.591394007205963135e-02
5.540115833282470703e-01 5.773831531405448914e-02
5.460133552551269531e-01 5.877169221639633179e-02
5.222691297531127930e-01 6.177973002195358276e-02
5.172241926193237305e-01 6.240505725145339966e-02
5.098891854286193848e-01 6.330406665802001953e-02
5.071785449981689453e-01 6.363304704427719116e-02
4.856380820274353027e-01 6.617657095193862915e-02
4.845077097415924072e-01 6.630622595548629761e-02
4.722360372543334961e-01 6.768620759248733521e-02
4.645266830921173096e-01 6.852547824382781982e-02
4.620973169803619385e-01 6.878519058227539062e-02
4.440357387065887451e-01 7.063918560743331909e-02
4.295699000358581543e-01 7.201690971851348877e-02
4.215957820415496826e-01 7.273156195878982544e-02
4.180408716201782227e-01 7.303932309150695801e-02
4.072509706020355225e-01 7.393057644367218018e-02
3.979925513267517090e-01 7.464171946048736572e-02
3.908946216106414795e-01 7.515170425176620483e-02
3.812046051025390625e-01 7.579656690359115601e-02
3.783056735992431641e-01 7.597761601209640503e-02
3.713373839855194092e-01 7.638972252607345581e-02
3.632460236549377441e-01 7.682649791240692139e-02
3.596236109733581543e-01 7.700713723897933960e-02
3.548329174518585205e-01 7.723154127597808838e-02
3.471616506576538086e-01 7.755593955516815186e-02
3.321234881877899170e-01 7.806322723627090454e-02
3.065591752529144287e-01 7.851509749889373779e-02
3.043766915798187256e-01 7.852878421545028687e-02
2.992348968982696533e-01 7.854509353637695312e-02
2.831069529056549072e-01 7.844869047403335571e-02
2.795397043228149414e-01 7.839654386043548584e-02
2.685694098472595215e-01 7.816477864980697632e-02
2.603993713855743408e-01 7.792089134454727173e-02
2.570621371269226074e-01 7.780353724956512451e-02
2.411661446094512939e-01 7.710026949644088745e-02
2.390108108520507812e-01 7.698626816272735596e-02
2.369708865880966187e-01 7.687426358461380005e-02
2.276850044727325439e-01 7.631279528141021729e-02
2.216155081987380981e-01 7.589950412511825562e-02
2.026754766702651978e-01 7.436861097812652588e-02
1.946305632591247559e-01 7.360468059778213501e-02
1.832905411720275879e-01 7.240880280733108521e-02
1.633635759353637695e-01 6.995573639869689941e-02
1.550954282283782959e-01 6.880003213882446289e-02
1.487218141555786133e-01 6.785134971141815186e-02
1.366591751575469971e-01 6.591219455003738403e-02
1.304519474506378174e-01 6.483780592679977417e-02
1.247717589139938354e-01 6.380691379308700562e-02
1.124592199921607971e-01 6.140700355172157288e-02
1.091116294264793396e-01 6.071326509118080139e-02
9.678714722394943237e-02 5.799492076039314270e-02
8.234251290559768677e-02 5.444506183266639709e-02
7.005418837070465088e-02 5.106415972113609314e-02
5.897514149546623230e-02 4.767351597547531128e-02
4.271649941802024841e-02 4.193966835737228394e-02
3.736498579382896423e-02 3.979688137769699097e-02
1.945925690233707428e-02 3.120073303580284119e-02
1.438368856906890869e-02 2.814858779311180115e-02
1.033955998718738556e-02 2.538834512233734131e-02
7.496973033994436264e-03 2.320375293493270874e-02
5.369974300265312195e-03 2.138773165643215179e-02
2.771370578557252884e-03 1.887231320142745972e-02
-1.348334364593029022e-03 1.367860753089189529e-02
-2.909312257543206215e-03 1.084071118384599686e-02
-3.225093940272927284e-03 1.013128273189067841e-02
-4.386621061712503433e-03 6.492860615253448486e-03
-4.790481179952621460e-03 1.876583672128617764e-03
-4.336304962635040283e-03 -1.628604601137340069e-03
-2.125369617715477943e-03 -7.675337139517068863e-03
-6.129513494670391083e-04 -1.035785954445600510e-02
9.792052209377288818e-03 -2.262097969651222229e-02
2.022459916770458221e-02 -3.149117156863212585e-02
2.439067885279655457e-02 -3.462006524205207825e-02
2.911833487451076508e-02 -3.797305375337600708e-02
3.495846316218376160e-02 -4.187588021159172058e-02
3.939973190426826477e-02 -4.469266533851623535e-02
4.528246819972991943e-02 -4.824754595756530762e-02
5.212213844060897827e-02 -5.215427652001380920e-02
5.862715095281600952e-02 -5.566433817148208618e-02
6.987246125936508179e-02 -6.129953265190124512e-02
7.373936474323272705e-02 -6.311787664890289307e-02
8.485464751720428467e-02 -6.802244484424591064e-02
9.949515759944915771e-02 -7.378668338060379028e-02
1.089965626597404480e-01 -7.712460309267044067e-02
1.146385222673416138e-01 -7.896235585212707520e-02
1.243298277258872986e-01 -8.187633752822875977e-02
1.464737206697463989e-01 -8.744373917579650879e-02
1.537348330020904541e-01 -8.895906805992126465e-02
1.638796925544738770e-01 -9.083707630634307861e-02
1.713085621595382690e-01 -9.204384684562683105e-02
1.790739744901657104e-01 -9.316063672304153442e-02
1.870622187852859497e-01 -9.416261315345764160e-02
1.982967704534530640e-01 -9.533418715000152588e-02
2.163931578397750854e-01 -9.668456763029098511e-02
2.248441874980926514e-01 -9.710739552974700928e-02
2.282054275274276733e-01 -9.724131971597671509e-02
2.361472696065902710e-01 -9.748384356498718262e-02
2.439336776733398438e-01 -9.762520343065261841e-02
2.510299980640411377e-01 -9.767529368400573730e-02
2.559541165828704834e-01 -9.766794741153717041e-02
2.884673178195953369e-01 -9.683747589588165283e-02
3.137708306312561035e-01 -9.537610411643981934e-02
3.228077888488769531e-01 -9.470570832490921021e-02
3.308828771114349365e-01 -9.404659271240234375e-02
3.419466614723205566e-01 -9.305686503648757935e-02
3.446947932243347168e-01 -9.279623627662658691e-02
3.528571426868438721e-01 -9.198904782533645630e-02
3.675228655338287354e-01 -9.042111784219741821e-02
3.758034110069274902e-01 -8.947357535362243652e-02
3.930674493312835693e-01 -8.736601471900939941e-02
4.070267379283905029e-01 -8.554296940565109253e-02
4.173107445240020752e-01 -8.413845300674438477e-02
4.221310019493103027e-01 -8.346351236104965210e-02
4.244097769260406494e-01 -8.314089477062225342e-02
4.310097694396972656e-01 -8.219421654939651489e-02
4.399191737174987793e-01 -8.088871836662292480e-02
4.615388214588165283e-01 -7.760336995124816895e-02
5.023919939994812012e-01 -7.104565948247909546e-02
5.056619048118591309e-01 -7.050640136003494263e-02
5.088026523590087891e-01 -6.998698413372039795e-02
5.267493724822998047e-01 -6.699661910533905029e-02
5.320628881454467773e-01 -6.610578298568725586e-02
5.412312150001525879e-01 -6.456522643566131592e-02
5.463799834251403809e-01 -6.369896978139877319e-02
5.505664944648742676e-01 -6.299439817667007446e-02
5.628992319107055664e-01 -6.092018261551856995e-02
5.733744502067565918e-01 -5.916326493024826050e-02
5.840685963630676270e-01 -5.737803876399993896e-02
5.894021391868591309e-01 -5.649194493889808655e-02
6.109082698822021484e-01 -5.295699089765548706e-02
6.306901574134826660e-01 -4.977321997284889221e-02
6.340071558952331543e-01 -4.924678429961204529e-02
6.494953632354736328e-01 -4.681918397545814514e-02
6.570822596549987793e-01 -4.564910382032394409e-02
6.695628166198730469e-01 -4.375241324305534363e-02
6.752853989601135254e-01 -4.289450868964195251e-02
6.853100061416625977e-01 -4.140936955809593201e-02
6.937137246131896973e-01 -4.018144309520721436e-02
6.997337341308593750e-01 -3.931114450097084045e-02
7.125346660614013672e-01 -3.748549148440361023e-02
7.245425581932067871e-01 -3.580194711685180664e-02
7.392513155937194824e-01 -3.377449512481689453e-02
7.570375204086303711e-01 -3.136742860078811646e-02
7.713870406150817871e-01 -2.945521473884582520e-02
7.784428000450134277e-01 -2.852310426533222198e-02
7.877750992774963379e-01 -2.729726210236549377e-02
8.019964098930358887e-01 -2.544208802282810211e-02
8.059204816818237305e-01 -2.493250183761119843e-02
8.263681530952453613e-01 -2.228930406272411346e-02
8.353682756423950195e-01 -2.113101258873939514e-02
8.419978618621826172e-01 -2.027937211096286774e-02
8.484945297241210938e-01 -1.944598741829395294e-02
8.631538748741149902e-01 -1.756975427269935608e-02
8.786876201629638672e-01 -1.558973267674446106e-02
8.885806202888488770e-01 -1.433551032096147537e-02
8.967086672782897949e-01 -1.331125851720571518e-02
9.279909729957580566e-01 -9.482755325734615326e-03
9.599906802177429199e-01 -6.117416545748710632e-03
9.648075103759765625e-01 -5.715117324143648148e-03
9.683310389518737793e-01 -5.444170441478490829e-03
