9.598100185394287109e-01 8.437044452875852585e-04
9.587664008140563965e-01 7.823427440598607063e-04
9.553371071815490723e-01 6.154514849185943604e-04
9.488430619239807129e-01 4.131847526878118515e-04
9.310387969017028809e-01 3.326678706798702478e-04
9.230555295944213867e-01 4.401281476020812988e-04
9.154041409492492676e-01 6.001603906042873859e-04
9.116286039352416992e-01 6.963423802517354488e-04
9.047194719314575195e-01 8.976486860774457455e-04
8.905386328697204590e-01 1.396443694829940796e-03
8.744156956672668457e-01 2.073244424536824226e-03
8.688382506370544434e-01 2.329241251572966576e-03
8.531284928321838379e-01 3.099579829722642899e-03
8.427385091781616211e-01 3.643133211880922318e-03
8.319282531738281250e-01 4.232647828757762909e-03
8.263736963272094727e-01 4.543961025774478912e-03
8.171605467796325684e-01 5.071417428553104401e-03
8.031828999519348145e-01 5.894783884286880493e-03
7.953226566314697266e-01 6.368347443640232086e-03
7.914031147956848145e-01 6.606975570321083069e-03
7.714222073554992676e-01 7.845318876206874847e-03
7.608301043510437012e-01 8.513933978974819183e-03
7.500404715538024902e-01 9.201643988490104675e-03
7.458043694496154785e-01 9.473160840570926666e-03
7.366929054260253906e-01 1.005948428064584732e-02
7.292904257774353027e-01 1.053773146122694016e-02
7.042100429534912109e-01 1.216532289981842041e-02
6.967780590057373047e-01 1.264835242182016373e-02
6.888108253479003906e-01 1.316585205495357513e-02
6.742166280746459961e-01 1.411193143576383591e-02
6.621063947677612305e-01 1.489396952092647552e-02
6.426712870597839355e-01 1.614121161401271820e-02
6.265448331832885742e-01 1.716744527220726013e-02
6.217141747474670410e-01 1.747322827577590942e-02
6.165603995323181152e-01 1.779867336153984070e-02
6.112397313117980957e-01 1.813378185033798218e-02
5.981009006500244141e-01 1.895778812468051910e-02
5.764290690422058105e-01 2.030792459845542908e-02
5.655543208122253418e-01 2.098270319402217865e-02
5.546315908432006836e-01 2.165993303060531616e-02
5.419459342956542969e-01 2.244723215699195862e-02
5.335732698440551758e-01 2.296819351613521576e-02
5.176562070846557617e-01 2.396384626626968384e-02
5.110817551612854004e-01 2.437783591449260712e-02
5.002724528312683105e-01 2.506297081708908081e-02
4.979810416698455811e-01 2.520900033414363861e-02
4.721790552139282227e-01 2.687630616128444672e-02
4.652971923351287842e-01 2.732889726758003235e-02
4.475528001785278320e-01 2.851263061165809631e-02
4.408845007419586182e-01 2.896380983293056488e-02
4.273653328418731689e-01 2.988882549107074738e-02
4.247877895832061768e-01 3.006669133901596069e-02
4.164738059043884277e-01 3.064347431063652039e-02
4.076068401336669922e-01 3.126331046223640442e-02
3.964377939701080322e-01 3.204989433288574219e-02
3.898904621601104736e-01 3.251331672072410583e-02
3.694692254066467285e-01 3.396391496062278748e-02
3.557741343975067139e-01 3.493455052375793457e-02
3.516089022159576416e-01 3.522826358675956726e-02
3.428005576133728027e-01 3.584564477205276489e-02
3.326106369495391846e-01 3.655124455690383911e-02
3.241407275199890137e-01 3.712824732065200806e-02
3.036449253559112549e-01 3.847438842058181763e-02
2.968815267086029053e-01 3.889850154519081116e-02
2.875268459320068359e-01 3.946446999907493591e-02
2.725694179534912109e-01 4.031030833721160889e-02
2.555454373359680176e-01 4.116416350007057190e-02
2.497633397579193115e-01 4.142291843891143799e-02
2.410755604505538940e-01 4.177768155932426453e-02
2.323444634675979614e-01 4.208904877305030823e-02
2.260138690471649170e-01 4.228382185101509094e-02
2.113505303859710693e-01 4.262307658791542053e-02
2.051490545272827148e-01 4.271474480628967285e-02
1.934881210327148438e-01 4.279385134577751160e-02
1.851237267255783081e-01 4.276865348219871521e-02
1.719585359096527100e-01 4.257430508732795715e-02
1.454006135463714600e-01 4.150820896029472351e-02
1.381911337375640869e-01 4.103810712695121765e-02
1.244116947054862976e-01 3.988936915993690491e-02
1.156764477491378784e-01 3.897314891219139099e-02
1.053549051284790039e-01 3.767970576882362366e-02
9.623886644840240479e-02 3.632652014493942261e-02
9.079810231924057007e-02 3.541502729058265686e-02
8.565051853656768799e-02 3.447492420673370361e-02
6.906502693891525269e-02 3.086039237678050995e-02
5.740479379892349243e-02 2.767291665077209473e-02
4.485561698675155640e-02 2.344238758087158203e-02
4.053609818220138550e-02 2.173303812742233276e-02
3.567415475845336914e-02 1.960350200533866882e-02
3.024731948971748352e-02 1.689168997108936310e-02
2.425123564898967743e-02 1.327879261225461960e-02
1.970759779214859009e-02 9.755373932421207428e-03
1.663536764681339264e-02 6.462347228080034256e-03
1.480580959469079971e-02 3.277659416198730469e-03
1.420966070145368576e-02 2.376684133196249604e-04
1.445966679602861404e-02 -1.613728934898972511e-03
1.537421066313982010e-02 -3.715156344696879387e-03
1.597897522151470184e-02 -4.599869716912508011e-03
1.655162125825881958e-02 -5.293783266097307205e-03
1.917948760092258453e-02 -7.633169181644916534e-03
2.141462080180644989e-02 -9.083979763090610504e-03
2.319765463471412659e-02 -1.005082763731479645e-02
2.720867097377777100e-02 -1.184138562530279160e-02
2.971128188073635101e-02 -1.277316734194755554e-02
3.360470384359359741e-02 -1.402687188237905502e-02
4.274387657642364502e-02 -1.633505523204803467e-02
5.087015032768249512e-02 -1.789140328764915466e-02
6.127501651644706726e-02 -1.942939311265945435e-02
8.055555075407028198e-02 -2.136444300413131714e-02
9.938994050025939941e-02 -2.247394248843193054e-02
1.036624610424041748e-01 -2.264549769461154938e-02
1.186547353863716125e-01 -2.306137606501579285e-02
1.349472105503082275e-01 -2.324483543634414673e-02
1.488178223371505737e-01 -2.323130704462528229e-02
1.542285978794097900e-01 -2.319187112152576447e-02
1.706583499908447266e-01 -2.297802083194255829e-02
1.891996115446090698e-01 -2.260664291679859161e-02
1.983128190040588379e-01 -2.238796837627887726e-02
2.026786655187606812e-01 -2.227686345577239990e-02
2.155910432338714600e-01 -2.192973718047142029e-02
2.239007055759429932e-01 -2.169553004205226898e-02
2.353226989507675171e-01 -2.136526070535182953e-02
2.421446889638900757e-01 -2.116552926599979401e-02
2.518111169338226318e-01 -2.088188007473945618e-02
2.617085874080657959e-01 -2.059317007660865784e-02
2.692846059799194336e-01 -2.037491649389266968e-02
2.806999087333679199e-01 -2.005281299352645874e-02
2.997762262821197510e-01 -1.953937485814094543e-02
3.122845590114593506e-01 -1.922358386218547821e-02
3.206923007965087891e-01 -1.902190037071704865e-02
3.314424455165863037e-01 -1.877728104591369629e-02
3.374748528003692627e-01 -1.864679716527462006e-02
3.476065695285797119e-01 -1.843896321952342987e-02
3.634216785430908203e-01 -1.814356818795204163e-02
3.720524311065673828e-01 -1.799747534096240997e-02
3.771858513355255127e-01 -1.791565492749214172e-02
3.966152667999267578e-01 -1.763996109366416931e-02
4.015702903270721436e-01 -1.757813990116119385e-02
4.094299674034118652e-01 -1.748699881136417389e-02
4.160553216934204102e-01 -1.741665042936801910e-02
4.295145869255065918e-01 -1.729144901037216187e-02
4.376684129238128662e-01 -1.722673326730728149e-02
4.469847977161407471e-01 -1.716259494423866272e-02
4.654783606529235840e-01 -1.706428639590740204e-02
4.839059412479400635e-01 -1.700089685618877411e-02
4.892219305038452148e-01 -1.698831655085086823e-02
5.002943873405456543e-01 -1.696939393877983093e-02
5.096964240074157715e-01 -1.696027815341949463e-02
5.184929370880126953e-01 -1.695677451789379120e-02
5.217235088348388672e-01 -1.695656590163707733e-02
5.334938168525695801e-01 -1.695995405316352844e-02
5.444462895393371582e-01 -1.696777530014514923e-02
5.599939227104187012e-01 -1.698357425630092621e-02
5.682054162025451660e-01 -1.699277386069297791e-02
5.795029401779174805e-01 -1.700477115809917450e-02
5.844830274581909180e-01 -1.700938306748867035e-02
5.995809435844421387e-01 -1.701869256794452667e-02
6.145076751708984375e-01 -1.701734773814678192e-02
6.257086396217346191e-01 -1.700657792389392853e-02
6.368029713630676270e-01 -1.698540337383747101e-02
6.515620946884155273e-01 -1.693754643201828003e-02
6.587189435958862305e-01 -1.690495386719703674e-02
6.764420866966247559e-01 -1.679355278611183167e-02
6.827839612960815430e-01 -1.674189791083335876e-02
6.972649097442626953e-01 -1.659787073731422424e-02
7.032591104507446289e-01 -1.652686484158039093e-02
7.194007039070129395e-01 -1.629955694079399109e-02
7.286049723625183105e-01 -1.614477112889289856e-02
7.367442846298217773e-01 -1.599166914820671082e-02
7.476636767387390137e-01 -1.576116308569908142e-02
7.656969428062438965e-01 -1.531371939927339554e-02
7.818600535392761230e-01 -1.483733765780925751e-02
7.982024550437927246e-01 -1.427838113158941269e-02
8.013816475868225098e-01 -1.416021678596735001e-02
8.129369020462036133e-01 -1.370392180979251862e-02
8.203662633895874023e-01 -1.338776480406522751e-02
8.264597654342651367e-01 -1.311474945396184921e-02
8.350059390068054199e-01 -1.271050702780485153e-02
8.501312136650085449e-01 -1.193187944591045380e-02
8.594045042991638184e-01 -1.141301076859235764e-02
8.706598281860351562e-01 -1.073910947889089584e-02
8.768109679222106934e-01 -1.034974586218595505e-02
8.893738985061645508e-01 -9.506816044449806213e-03
8.952004313468933105e-01 -9.093701839447021484e-03
8.993323445320129395e-01 -8.792114444077014923e-03
9.085796475410461426e-01 -8.091225288808345795e-03
9.167865514755249023e-01 -7.439688313752412796e-03
9.279126524925231934e-01 -6.515427026897668839e-03
9.403488636016845703e-01 -5.439628381282091141e-03
9.542593955993652344e-01 -4.228413105010986328e-03
9.564242362976074219e-01 -4.044917877763509750e-03
9.601085782051086426e-01 -3.739161416888237000e-03
