9.607294201850891113e-01 -7.723243907094001770e-04
9.602890610694885254e-01 -7.928722188808023930e-04
9.569191336631774902e-01 -9.318696684204041958e-04
9.487773180007934570e-01 -1.164610497653484344e-03
9.397617578506469727e-01 -1.305892481468617916e-03
9.297161698341369629e-01 -1.367982011288404465e-03
9.212480187416076660e-01 -1.364768017083406448e-03
9.157385826110839844e-01 -1.341485651209950447e-03
9.015851020812988281e-01 -1.221695449203252792e-03
8.870332837104797363e-01 -1.028462662361562252e-03
8.713129162788391113e-01 -7.589997840113937855e-04
8.628754019737243652e-01 -5.930004990659654140e-04
8.547795414924621582e-01 -4.214385407976806164e-04
8.310983180999755859e-01 1.412185956723988056e-04
8.174183368682861328e-01 5.033770576119422913e-04
8.096654415130615234e-01 7.198632811196148396e-04
7.968215346336364746e-01 1.095873187296092510e-03
7.895921468734741211e-01 1.316977548412978649e-03
7.812247276306152344e-01 1.581386546604335308e-03
7.789798378944396973e-01 1.653889426961541176e-03
7.663956284523010254e-01 2.072787377983331680e-03
7.488080859184265137e-01 2.694769063964486122e-03
7.381743192672729492e-01 3.092637518420815468e-03
7.350300550460815430e-01 3.213586984202265739e-03
7.185095548629760742e-01 3.875288181006908417e-03
7.102832198143005371e-01 4.222131334245204926e-03
6.946766972541809082e-01 4.914680495858192444e-03
6.870229840278625488e-01 5.272065289318561554e-03
6.722973585128784180e-01 5.995506420731544495e-03
6.670112013816833496e-01 6.267500109970569611e-03
6.541014313697814941e-01 6.961194332689046860e-03
6.444386839866638184e-01 7.509634830057621002e-03
6.270996928215026855e-01 8.562474511563777924e-03
6.130708456039428711e-01 9.484943933784961700e-03
6.003289818763732910e-01 1.038266252726316452e-02
5.932416915893554688e-01 1.090821530669927597e-02
5.813336372375488281e-01 1.183573901653289795e-02
5.719124674797058105e-01 1.261072512716054916e-02
5.600922703742980957e-01 1.363646704703569412e-02
5.529030561447143555e-01 1.429019775241613388e-02
5.270853042602539062e-01 1.682787016034126282e-02
5.179321169853210449e-01 1.779892109334468842e-02
5.053028464317321777e-01 1.919851824641227722e-02
4.990108609199523926e-01 1.992081291973590851e-02
4.843213558197021484e-01 2.166815847158432007e-02
4.764451980590820312e-01 2.263798564672470093e-02
4.659653902053833008e-01 2.396056242287158966e-02
4.590877890586853027e-01 2.484662644565105438e-02
4.558945000171661377e-01 2.526247501373291016e-02
4.454176425933837891e-01 2.664435654878616333e-02
4.321550428867340088e-01 2.842573821544647217e-02
4.271898865699768066e-01 2.909969165921211243e-02
4.189499616622924805e-01 3.022420406341552734e-02
4.045849144458770752e-01 3.219466283917427063e-02
3.926734924316406250e-01 3.382826969027519226e-02
3.813189864158630371e-01 3.537597879767417908e-02
3.706375956535339355e-01 3.681586682796478271e-02
3.661867678165435791e-01 3.740955144166946411e-02
3.555676937103271484e-01 3.880710527300834656e-02
3.390343785285949707e-01 4.091650620102882385e-02
3.284099400043487549e-01 4.221895709633827209e-02
3.214981853961944580e-01 4.304005205631256104e-02
2.944570183753967285e-01 4.601525887846946716e-02
2.807542085647583008e-01 4.735343530774116516e-02
2.734470665454864502e-01 4.801331087946891785e-02
2.610001564025878906e-01 4.904316738247871399e-02
2.566445469856262207e-01 4.937376454472541809e-02
2.513404190540313721e-01 4.975427687168121338e-02
2.434062212705612183e-01 5.027635022997856140e-02
2.399955838918685913e-01 5.048270896077156067e-02
2.290543913841247559e-01 5.106734111905097961e-02
2.097029238939285278e-01 5.178907141089439392e-02
2.020702362060546875e-01 5.195390433073043823e-02
1.866188645362854004e-01 5.205830186605453491e-02
1.661850661039352417e-01 5.167154967784881592e-02
1.483483910560607910e-01 5.077198520302772522e-02
1.423111259937286377e-01 5.033332109451293945e-02
1.354830116033554077e-01 4.974755272269248962e-02
1.264499574899673462e-01 4.881565272808074951e-02
1.204190105199813843e-01 4.808614775538444519e-02
1.112956777215003967e-01 4.680418968200683594e-02
1.041449680924415588e-01 4.563543945550918579e-02
9.485626965761184692e-02 4.387714713811874390e-02
8.088637143373489380e-02 4.064025357365608215e-02
7.250084728002548218e-02 3.829001635313034058e-02
6.655658036470413208e-02 3.640242666006088257e-02
6.113846600055694580e-02 3.449612855911254883e-02
5.455167219042778015e-02 3.189908713102340698e-02
4.795503616333007812e-02 2.892433293163776398e-02
3.943904116749763489e-02 2.434353530406951904e-02
3.514679521322250366e-02 2.158936671912670135e-02
2.964893728494644165e-02 1.736756972968578339e-02
2.153852209448814392e-02 7.015439216047525406e-03
2.095788158476352692e-02 5.076621193438768387e-03
2.076421491801738739e-02 2.398748882114887238e-03
2.096652425825595856e-02 1.084649469703435898e-03
2.144174091517925262e-02 -3.362072457093745470e-04
2.192959561944007874e-02 -1.290916698053479195e-03
2.247273735702037811e-02 -2.115294802933931351e-03
2.325671352446079254e-02 -3.068304853513836861e-03
2.467843145132064819e-02 -4.406870342791080475e-03
2.840273827314376831e-02 -6.817833986133337021e-03
2.976248785853385925e-02 -7.487454917281866074e-03
3.591371327638626099e-02 -9.812328964471817017e-03
3.847155347466468811e-02 -1.056288089603185654e-02
4.435240104794502258e-02 -1.200221944600343704e-02
5.206787586212158203e-02 -1.349332183599472046e-02
5.925460904836654663e-02 -1.462234277278184891e-02
6.973588466644287109e-02 -1.597073860466480255e-02
8.084490150213241577e-02 -1.712512411177158356e-02
8.863149583339691162e-02 -1.780460588634014130e-02
1.118124052882194519e-01 -1.934165321290493011e-02
1.285025030374526978e-01 -2.009574696421623230e-02
1.392204165458679199e-01 -2.045885473489761353e-02
1.430379748344421387e-01 -2.056862227618694305e-02
1.524154543876647949e-01 -2.079967223107814789e-02
1.673697233200073242e-01 -2.107034251093864441e-02
1.721480935811996460e-01 -2.113527990877628326e-02
1.785919815301895142e-01 -2.120869420468807220e-02
2.033948004245758057e-01 -2.136884629726409912e-02
2.177290618419647217e-01 -2.139555849134922028e-02
2.247529476881027222e-01 -2.139615640044212341e-02
2.361161559820175171e-01 -2.138375677168369293e-02
2.423670291900634766e-01 -2.137128077447414398e-02
2.597537636756896973e-01 -2.132165804505348206e-02
2.662469148635864258e-01 -2.129919454455375671e-02
2.852065861225128174e-01 -2.122745476663112640e-02
2.975335121154785156e-01 -2.117923833429813385e-02
3.089444935321807861e-01 -2.113562636077404022e-02
3.239080905914306641e-01 -2.108195237815380096e-02
3.302139937877655029e-01 -2.106099016964435577e-02
3.349868953227996826e-01 -2.104589156806468964e-02
3.473864793777465820e-01 -2.101003378629684448e-02
3.518952429294586182e-01 -2.099828608334064484e-02
3.599814176559448242e-01 -2.097903937101364136e-02
3.654258549213409424e-01 -2.096741646528244019e-02
3.820290863513946533e-01 -2.093879878520965576e-02
3.919594287872314453e-01 -2.092658542096614838e-02
4.015731811523437500e-01 -2.091816067695617676e-02
4.092865288257598877e-01 -2.091375365853309631e-02
4.199354350566864014e-01 -2.091090939939022064e-02
4.391488432884216309e-01 -2.091445401310920715e-02
4.429108500480651855e-01 -2.091631107032299042e-02
4.599986374378204346e-01 -2.092872932553291321e-02
4.775502681732177734e-01 -2.094672434031963348e-02
4.896681010723114014e-01 -2.096098475158214569e-02
5.019676685333251953e-01 -2.097591757774353027e-02
5.086370706558227539e-01 -2.098384499549865723e-02
5.271856784820556641e-01 -2.100338600575923920e-02
5.351329445838928223e-01 -2.100983075797557831e-02
5.393760800361633301e-01 -2.101259306073188782e-02
5.478588938713073730e-01 -2.101640589535236359e-02
5.531214475631713867e-01 -2.101743407547473907e-02
5.577951073646545410e-01 -2.101735956966876984e-02
5.849028229713439941e-01 -2.099318243563175201e-02
5.994697809219360352e-01 -2.095823921263217926e-02
6.097355484962463379e-01 -2.092170715332031250e-02
6.196181774139404297e-01 -2.087571844458580017e-02
6.293801069259643555e-01 -2.081858552992343903e-02
6.434089541435241699e-01 -2.071354724466800690e-02
6.484034061431884766e-01 -2.066900394856929779e-02
6.622462868690490723e-01 -2.052405662834644318e-02
6.683073639869689941e-01 -2.045001648366451263e-02
6.824864745140075684e-01 -2.024975605309009552e-02
6.936566829681396484e-01 -2.006371505558490753e-02
7.052459716796875000e-01 -1.984281837940216064e-02
7.133625745773315430e-01 -1.967054232954978943e-02
7.228499054908752441e-01 -1.945026591420173645e-02
7.394438385963439941e-01 -1.901460625231266022e-02
7.475748062133789062e-01 -1.877723634243011475e-02
7.577316164970397949e-01 -1.845827698707580566e-02
7.616339921951293945e-01 -1.832905039191246033e-02
7.670158147811889648e-01 -1.814471744000911713e-02
7.713150382041931152e-01 -1.799235679209232330e-02
7.756707668304443359e-01 -1.783336885273456573e-02
7.791401147842407227e-01 -1.770338602364063263e-02
8.111728429794311523e-01 -1.636312529444694519e-02
8.196849226951599121e-01 -1.596451550722122192e-02
8.285588026046752930e-01 -1.553007215261459351e-02
8.396432995796203613e-01 -1.496044266968965530e-02
8.455871343612670898e-01 -1.464270707219839096e-02
8.517231345176696777e-01 -1.430574245750904083e-02
8.619652986526489258e-01 -1.372310705482959747e-02
8.694367408752441406e-01 -1.328223105520009995e-02
8.871235251426696777e-01 -1.218551956117153168e-02
8.971971869468688965e-01 -1.152753364294767380e-02
9.163334369659423828e-01 -1.020894944667816162e-02
9.311747550964355469e-01 -9.116276167333126068e-03
9.441069960594177246e-01 -8.092111907899379730e-03
9.524465799331665039e-01 -7.371334359049797058e-03
9.566866159439086914e-01 -6.976257544010877609e-03
9.601098895072937012e-01 -6.638462189584970474e-03
