9.628177881240844727e-01 2.104403683915734291e-03
9.614287018775939941e-01 2.194041153416037560e-03
9.539094567298889160e-01 2.685297513380646706e-03
9.467890858650207520e-01 3.158129751682281494e-03
9.198021292686462402e-01 5.010896362364292145e-03
9.101138710975646973e-01 5.700934212654829025e-03
8.892684578895568848e-01 7.236419711261987686e-03
8.838843703269958496e-01 7.645222358405590057e-03
8.667837977409362793e-01 8.980031125247478485e-03
8.576958775520324707e-01 9.713484905660152435e-03
8.462543487548828125e-01 1.066248863935470581e-02
8.383571505546569824e-01 1.133512053638696671e-02
8.281816840171813965e-01 1.222429703921079636e-02
8.063274025917053223e-01 1.422663684934377670e-02
7.802363038063049316e-01 1.680283993482589722e-02
7.719937562942504883e-01 1.766350865364074707e-02
7.627444863319396973e-01 1.865839958190917969e-02
7.510429620742797852e-01 1.996374875307083130e-02
7.382637262344360352e-01 2.145271562039852142e-02
7.254471778869628906e-01 2.301725745201110840e-02
7.092666029930114746e-01 2.510210126638412476e-02
6.921070814132690430e-01 2.745729871094226837e-02
6.837420463562011719e-01 2.866270206868648529e-02
6.815432310104370117e-01 2.898602932691574097e-02
6.737468242645263672e-01 3.015462495386600494e-02
6.685728430747985840e-01 3.094958886504173279e-02
6.557895541191101074e-01 3.298181295394897461e-02
6.397876143455505371e-01 3.566571325063705444e-02
6.326609253883361816e-01 3.691181913018226624e-02
6.183649301528930664e-01 3.950586542487144470e-02
6.109008193016052246e-01 4.090960323810577393e-02
5.979692935943603516e-01 4.341906681656837463e-02
5.744630694389343262e-01 4.821275174617767334e-02
5.677540302276611328e-01 4.962968826293945312e-02
5.583751201629638672e-01 5.164119228720664978e-02
5.519633889198303223e-01 5.303449928760528564e-02
5.448654890060424805e-01 5.459157377481460571e-02
5.380516648292541504e-01 5.609835311770439148e-02
5.239365100860595703e-01 5.924655497074127197e-02
5.207264423370361328e-01 5.996565148234367371e-02
5.118841528892517090e-01 6.194881722331047058e-02
5.002052187919616699e-01 6.456488370895385742e-02
4.911274611949920654e-01 6.658787280321121216e-02
4.657421708106994629e-01 7.214032858610153198e-02
4.621206820011138916e-01 7.291451841592788696e-02
4.548995494842529297e-01 7.444139569997787476e-02
4.390198290348052979e-01 7.770795375108718872e-02
4.274236261844635010e-01 8.000193536281585693e-02
4.161567389965057373e-01 8.214654773473739624e-02
4.007937908172607422e-01 8.492221683263778687e-02
3.855747878551483154e-01 8.748581260442733765e-02
3.794808983802795410e-01 8.845656365156173706e-02
3.736191391944885254e-01 8.935872465372085571e-02
3.665217459201812744e-01 9.040854126214981079e-02
3.524598479270935059e-01 9.234482049942016602e-02
3.406311273574829102e-01 9.381912648677825928e-02
3.327384591102600098e-01 9.472088515758514404e-02
3.102433383464813232e-01 9.691274166107177734e-02
2.972915470600128174e-01 9.790805727243423462e-02
2.929862737655639648e-01 9.819386899471282959e-02
2.874384224414825439e-01 9.852819144725799561e-02
2.633167803287506104e-01 9.951987862586975098e-02
2.540569901466369629e-01 9.969221800565719604e-02
2.477242201566696167e-01 9.974037855863571167e-02
2.320055365562438965e-01 9.960565716028213501e-02
2.262833267450332642e-01 9.946327656507492065e-02
2.076131254434585571e-01 9.863273054361343384e-02
1.984041035175323486e-01 9.800588339567184448e-02
1.948673874139785767e-01 9.772506356239318848e-02
1.834448128938674927e-01 9.665949642658233643e-02
1.720973551273345947e-01 9.534889459609985352e-02
1.660512983798980713e-01 9.454187750816345215e-02
1.619364321231842041e-01 9.394728392362594604e-02
1.506186723709106445e-01 9.211254864931106567e-02
1.412258297204971313e-01 9.035324305295944214e-02
1.257272660732269287e-01 8.692922443151473999e-02
1.170764565467834473e-01 8.470304310321807861e-02
1.049699783325195312e-01 8.115307241678237915e-02
1.008183509111404419e-01 7.980574667453765869e-02
9.588896483182907104e-02 7.811063528060913086e-02
8.763518184423446655e-02 7.501760125160217285e-02
8.248230069875717163e-02 7.290624082088470459e-02
7.586649805307388306e-02 6.996314972639083862e-02
7.118059694766998291e-02 6.769982725381851196e-02
6.083240732550621033e-02 6.206584721803665161e-02
4.394871741533279419e-02 5.012172460556030273e-02
4.181557893753051758e-02 4.823761433362960815e-02
3.887167945504188538e-02 4.542559757828712463e-02
3.556872531771659851e-02 4.189900308847427368e-02
3.186292946338653564e-02 3.727393969893455505e-02
2.766653895378112793e-02 3.051037527620792389e-02
2.599133737385272980e-02 2.686084620654582977e-02
2.446057833731174469e-02 2.222959324717521667e-02
2.381860837340354919e-02 1.915160007774829865e-02
2.344550378620624542e-02 1.392014604061841965e-02
2.447535097599029541e-02 6.946325302124023438e-03
2.510236017405986786e-02 5.013086367398500443e-03
2.604515664279460907e-02 2.746765268966555595e-03
2.763160876929759979e-02 -2.015089266933500767e-04
2.974826656281948090e-02 -3.262567566707730293e-03
3.165886923670768738e-02 -5.535970907658338547e-03
3.706935420632362366e-02 -1.059223990887403488e-02
4.347229748964309692e-02 -1.512768026441335678e-02
4.716259613633155823e-02 -1.732201129198074341e-02
5.364982038736343384e-02 -2.068869583308696747e-02
5.720418319106101990e-02 -2.233240939676761627e-02
6.455182284116744995e-02 -2.539370395243167877e-02
7.239077240228652954e-02 -2.827221527695655823e-02
7.616888731718063354e-02 -2.954538725316524506e-02
8.639113605022430420e-02 -3.268750384449958801e-02
9.364058822393417358e-02 -3.468889370560646057e-02
1.041023656725883484e-01 -3.729992359876632690e-02
1.134795546531677246e-01 -3.939840570092201233e-02
1.211812347173690796e-01 -4.097025468945503235e-02
1.287850588560104370e-01 -4.239965230226516724e-02
1.423484385013580322e-01 -4.467377066612243652e-02
1.569035947322845459e-01 -4.675862938165664673e-02
1.799840480089187622e-01 -4.939886555075645447e-02
1.896932274103164673e-01 -5.028996989130973816e-02
2.021942287683486938e-01 -5.126307532191276550e-02
2.099289447069168091e-01 -5.177262052893638611e-02
2.176054120063781738e-01 -5.221204087138175964e-02
2.282031774520874023e-01 -5.271545425057411194e-02
2.390129119157791138e-01 -5.311204120516777039e-02
2.469182759523391724e-01 -5.333130434155464172e-02
2.634722590446472168e-01 -5.360866710543632507e-02
2.720815241336822510e-01 -5.366127565503120422e-02
2.808211147785186768e-01 -5.365430563688278198e-02
2.887701690196990967e-01 -5.359743535518646240e-02
2.993929982185363770e-01 -5.344984680414199829e-02
3.056959807872772217e-01 -5.332519486546516418e-02
3.228008747100830078e-01 -5.285568162798881531e-02
3.380636274814605713e-01 -5.228533223271369934e-02
3.435791432857513428e-01 -5.204632505774497986e-02
3.543565571308135986e-01 -5.153163149952888489e-02
3.607394099235534668e-01 -5.119823291897773743e-02
3.754667341709136963e-01 -5.035226047039031982e-02
3.802977204322814941e-01 -5.005250126123428345e-02
3.908533453941345215e-01 -4.936134442687034607e-02
4.009856283664703369e-01 -4.865331575274467468e-02
4.312994778156280518e-01 -4.629871994256973267e-02
4.398583173751831055e-01 -4.557594284415245056e-02
4.577947556972503662e-01 -4.398854821920394897e-02
4.680089652538299561e-01 -4.304449632763862610e-02
4.775519371032714844e-01 -4.213889315724372864e-02
4.802430570125579834e-01 -4.187966138124465942e-02
5.012421011924743652e-01 -3.980535268783569336e-02
5.099358558654785156e-01 -3.892318159341812134e-02
5.145280361175537109e-01 -3.845251724123954773e-02
5.394421219825744629e-01 -3.585492447018623352e-02
5.458444952964782715e-01 -3.517855331301689148e-02
5.533638000488281250e-01 -3.438140451908111572e-02
5.621333718299865723e-01 -3.344946354627609253e-02
5.706634521484375000e-01 -3.254238888621330261e-02
5.813413858413696289e-01 -3.140877932310104370e-02
5.866153836250305176e-01 -3.085061348974704742e-02
5.905741453170776367e-01 -3.043275699019432068e-02
5.999919176101684570e-01 -2.944345586001873016e-02
6.094902157783508301e-01 -2.845432795584201813e-02
6.183093786239624023e-01 -2.754552476108074188e-02
6.231286525726318359e-01 -2.705337852239608765e-02
6.359868645668029785e-01 -2.575770206749439240e-02
6.574465036392211914e-01 -2.365914918482303619e-02
6.622349023818969727e-01 -2.320267446339130402e-02
6.845852732658386230e-01 -2.113129757344722748e-02
6.910260915756225586e-01 -2.055240422487258911e-02
7.115457057952880859e-01 -1.875935122370719910e-02
7.202832698822021484e-01 -1.801817491650581360e-02
7.277885079383850098e-01 -1.739139854907989502e-02
7.357320189476013184e-01 -1.673739030957221985e-02
7.490885853767395020e-01 -1.565796323120594025e-02
7.605230808258056641e-01 -1.475254632532596588e-02
7.703002095222473145e-01 -1.399109419435262680e-02
7.751309275627136230e-01 -1.361903268843889236e-02
7.914590835571289062e-01 -1.238127704709768295e-02
8.057968020439147949e-01 -1.131986081600189209e-02
8.122044801712036133e-01 -1.085358764976263046e-02
8.212956190109252930e-01 -1.020124647766351700e-02
8.318430781364440918e-01 -9.459187276661396027e-03
8.379840850830078125e-01 -9.035219438374042511e-03
8.480461835861206055e-01 -8.355091325938701630e-03
8.550428748130798340e-01 -7.894112728536128998e-03
8.663218617439270020e-01 -7.175008300691843033e-03
8.722941875457763672e-01 -6.808014586567878723e-03
8.841699957847595215e-01 -6.112047005444765091e-03
8.928631544113159180e-01 -5.636256653815507889e-03
9.030306339263916016e-01 -5.123903043568134308e-03
9.210746884346008301e-01 -4.366100765764713287e-03
9.356920123100280762e-01 -3.944907337427139282e-03
9.544586539268493652e-01 -3.753968048840761185e-03
9.609957337379455566e-01 -3.786395536735653877e-03
9.652584791183471680e-01 -3.824107348918914795e-03
