9.691036343574523926e-01 1.322849420830607414e-03
9.686015248298645020e-01 1.382705057039856911e-03
9.663590192794799805e-01 1.652263454161584377e-03
9.587364792823791504e-01 2.585203154012560844e-03
9.403395652770996094e-01 4.863768815994262695e-03
9.325602054595947266e-01 5.825211759656667709e-03
9.221647381782531738e-01 7.104817777872085571e-03
9.200721383094787598e-01 7.361637428402900696e-03
9.156009554862976074e-01 7.909586653113365173e-03
9.093502759933471680e-01 8.673841133713722229e-03
8.990127444267272949e-01 9.933788329362869263e-03
8.945872783660888672e-01 1.047182548791170120e-02
8.894091248512268066e-01 1.110057160258293152e-02
8.780268430709838867e-01 1.248028036206960678e-02
8.648705482482910156e-01 1.407276187092065811e-02
8.568398356437683105e-01 1.504469383507966995e-02
8.488394021987915039e-01 1.601363345980644226e-02
8.382671475410461426e-01 1.729597896337509155e-02
8.270593881607055664e-01 1.865925453603267670e-02
8.243751525878906250e-01 1.898653060197830200e-02
8.077281117439270020e-01 2.102455869317054749e-02
7.968885302543640137e-01 2.236096374690532684e-02
7.768163084983825684e-01 2.486026473343372345e-02
7.751246094703674316e-01 2.507256902754306793e-02
7.684392929077148438e-01 2.591426111757755280e-02
7.622607350349426270e-01 2.669619582593441010e-02
7.499358654022216797e-01 2.826832048594951630e-02
7.432394623756408691e-01 2.912968769669532776e-02
7.314456105232238770e-01 3.065966442227363586e-02
7.259798645973205566e-01 3.137441724538803101e-02
7.146123051643371582e-01 3.287262469530105591e-02
7.007387280464172363e-01 3.472246602177619934e-02
6.883220076560974121e-01 3.639726340770721436e-02
6.780081391334533691e-01 3.780136629939079285e-02
6.651508808135986328e-01 3.956656530499458313e-02
6.559352278709411621e-01 4.084065183997154236e-02
6.509003639221191406e-01 4.153935238718986511e-02
6.409359574317932129e-01 4.292669519782066345e-02
6.255367994308471680e-01 4.507903382182121277e-02
6.210629940032958984e-01 4.570529982447624207e-02
6.113097071647644043e-01 4.707071185111999512e-02
5.934088826179504395e-01 4.957077279686927795e-02
5.773634910583496094e-01 5.179545283317565918e-02
5.630856156349182129e-01 5.375325679779052734e-02
5.609633922576904297e-01 5.404203385114669800e-02
5.557507276535034180e-01 5.474847927689552307e-02
5.361950397491455078e-01 5.735740810632705688e-02
5.226404070854187012e-01 5.911991372704505920e-02
5.139421820640563965e-01 6.022772192955017090e-02
4.977204501628875732e-01 6.223867833614349365e-02
4.811848700046539307e-01 6.420566141605377197e-02
4.734146595001220703e-01 6.509792059659957886e-02
4.606658816337585449e-01 6.651373207569122314e-02
4.471815526485443115e-01 6.794154644012451172e-02
4.324264526367187500e-01 6.941525638103485107e-02
4.094437658786773682e-01 7.150959223508834839e-02
4.018813669681549072e-01 7.214128971099853516e-02
3.942897617816925049e-01 7.274523377418518066e-02
3.653338849544525146e-01 7.475336641073226929e-02
3.623362183570861816e-01 7.493311911821365356e-02
3.531955778598785400e-01 7.544690370559692383e-02
3.334283828735351562e-01 7.637391239404678345e-02
3.211240470409393311e-01 7.681734859943389893e-02
3.067305088043212891e-01 7.719843089580535889e-02
2.855128645896911621e-01 7.747323065996170044e-02
2.752408683300018311e-01 7.747626304626464844e-02
2.631300687789916992e-01 7.736463844776153564e-02
2.563287913799285889e-01 7.724513858556747437e-02
2.515828609466552734e-01 7.713675498962402344e-02
2.398034334182739258e-01 7.677610218524932861e-02
2.236914038658142090e-01 7.606075704097747803e-02
2.161033749580383301e-01 7.562999427318572998e-02
2.055169194936752319e-01 7.492302358150482178e-02
1.948452293872833252e-01 7.407879829406738281e-02
1.886801868677139282e-01 7.352785766124725342e-02
1.725430637598037720e-01 7.185173034667968750e-02
1.612587273120880127e-01 7.046348601579666138e-02
1.475754231214523315e-01 6.851730495691299438e-02
1.393085718154907227e-01 6.718934327363967896e-02
1.299395412206649780e-01 6.553277373313903809e-02
1.194033101201057434e-01 6.345937401056289673e-02
1.086906641721725464e-01 6.109660118818283081e-02
9.629870206117630005e-02 5.799657478928565979e-02
8.520085364580154419e-02 5.482852086424827576e-02
7.353582233190536499e-02 5.101438611745834351e-02
6.860022246837615967e-02 4.922208935022354126e-02
6.608204543590545654e-02 4.826068505644798279e-02
5.833763256669044495e-02 4.507745429873466492e-02
5.093148723244667053e-02 4.165285080671310425e-02
4.202360287308692932e-02 3.688021749258041382e-02
3.413171693682670593e-02 3.178695216774940491e-02
2.830410562455654144e-02 2.718776836991310120e-02
2.322939597070217133e-02 2.213083021342754364e-02
1.985161006450653076e-02 1.762182079255580902e-02
1.806020736694335938e-02 1.429409440606832504e-02
1.692129299044609070e-02 1.108434703201055527e-02
1.653381995856761932e-02 9.174184873700141907e-03
1.641366444528102875e-02 8.061935193836688995e-03
1.656486652791500092e-02 4.662389401346445084e-03
1.701833121478557587e-02 2.773096552118659019e-03
1.847245730459690094e-02 -4.104436375200748444e-04
2.251766808331012726e-02 -5.052302964031696320e-03
2.621030621230602264e-02 -7.719658315181732178e-03
3.232208266854286194e-02 -1.084511820226907730e-02
3.969482704997062683e-02 -1.352181658148765564e-02
4.785212129354476929e-02 -1.571819931268692017e-02
5.662124231457710266e-02 -1.753801293671131134e-02
7.124014198780059814e-02 -1.981657370924949646e-02
7.825639098882675171e-02 -2.068742737174034119e-02
9.491296857595443726e-02 -2.237396501004695892e-02
1.073912680149078369e-01 -2.338203601539134979e-02
1.208492964506149292e-01 -2.429020218551158905e-02
1.343000680208206177e-01 -2.505048364400863647e-02
1.453245729207992554e-01 -2.558233402669429779e-02
1.529266983270645142e-01 -2.590721845626831055e-02
1.673298180103302002e-01 -2.643977105617523193e-02
1.847123652696609497e-01 -2.695542946457862854e-02
1.965603530406951904e-01 -2.723726443946361542e-02
2.104043066501617432e-01 -2.750346250832080841e-02
2.222658395767211914e-01 -2.768282964825630188e-02
2.362993955612182617e-01 -2.784301154315471649e-02
2.441410720348358154e-01 -2.791010402143001556e-02
2.536667883396148682e-01 -2.797176875174045563e-02
2.586615681648254395e-01 -2.799591980874538422e-02
2.755107581615447998e-01 -2.803922817111015320e-02
2.850177586078643799e-01 -2.803978510200977325e-02
2.962216138839721680e-01 -2.802046015858650208e-02
3.064922690391540527e-01 -2.798524871468544006e-02
3.151167631149291992e-01 -2.794375270605087280e-02
3.290621936321258545e-01 -2.785551175475120544e-02
3.326426148414611816e-01 -2.782891690731048584e-02
3.446898460388183594e-01 -2.772842533886432648e-02
3.522834777832031250e-01 -2.765686623752117157e-02
3.591714501380920410e-01 -2.758679352700710297e-02
3.758002519607543945e-01 -2.739873528480529785e-02
3.827305734157562256e-01 -2.731298096477985382e-02
4.018729329109191895e-01 -2.705528214573860168e-02
4.085402488708496094e-01 -2.695876732468605042e-02
4.195953607559204102e-01 -2.679137513041496277e-02
4.365417361259460449e-01 -2.651779539883136749e-02
4.474222958087921143e-01 -2.633163332939147949e-02
4.547521770000457764e-01 -2.620168216526508331e-02
4.621153771877288818e-01 -2.606748975813388824e-02
4.719427227973937988e-01 -2.588267996907234192e-02
4.985866844654083252e-01 -2.534830383956432343e-02
5.031272172927856445e-01 -2.525226399302482605e-02
5.257670879364013672e-01 -2.475052699446678162e-02
5.364662408828735352e-01 -2.449949085712432861e-02
5.423439145088195801e-01 -2.435754053294658661e-02
5.690641403198242188e-01 -2.367337606847286224e-02
5.801876187324523926e-01 -2.336810156702995300e-02
5.859934091567993164e-01 -2.320355363190174103e-02
6.007287502288818359e-01 -2.276874333620071411e-02
6.154873967170715332e-01 -2.230644039809703827e-02
6.319773197174072266e-01 -2.175462432205677032e-02
6.411549448966979980e-01 -2.142973802983760834e-02
6.457195878028869629e-01 -2.126306667923927307e-02
6.552449464797973633e-01 -2.090377174317836761e-02
6.666542291641235352e-01 -2.045166492462158203e-02
6.820721626281738281e-01 -1.979971304535865784e-02
6.909902691841125488e-01 -1.939930953085422516e-02
6.981930136680603027e-01 -1.906260661780834198e-02
7.109749317169189453e-01 -1.843408308923244476e-02
7.206185460090637207e-01 -1.793222688138484955e-02
7.360398769378662109e-01 -1.707730814814567566e-02
7.431695461273193359e-01 -1.665939018130302429e-02
7.522245645523071289e-01 -1.610733568668365479e-02
7.597844004631042480e-01 -1.562795788049697876e-02
7.782800793647766113e-01 -1.438371744006872177e-02
7.882642149925231934e-01 -1.367046777158975601e-02
8.052790164947509766e-01 -1.239108387380838394e-02
8.150240778923034668e-01 -1.162481401115655899e-02
8.233661651611328125e-01 -1.095166429877281189e-02
8.303462266921997070e-01 -1.037770882248878479e-02
8.374496102333068848e-01 -9.785062633454799652e-03
8.522107601165771484e-01 -8.533678948879241943e-03
8.566318154335021973e-01 -8.155876770615577698e-03
8.674307465553283691e-01 -7.233261130750179291e-03
8.837467432022094727e-01 -5.862221121788024902e-03
8.886461853981018066e-01 -5.462560802698135376e-03
8.966060876846313477e-01 -4.832842852920293808e-03
9.004570841789245605e-01 -4.539340734481811523e-03
9.133051037788391113e-01 -3.634371561929583549e-03
9.178724884986877441e-01 -3.348952159285545349e-03
9.234541654586791992e-01 -3.034555120393633842e-03
9.269873499870300293e-01 -2.858811058104038239e-03
9.392212033271789551e-01 -2.435345435515046120e-03
9.465616941452026367e-01 -2.370166825130581856e-03
9.571052193641662598e-01 -2.655761316418647766e-03
9.651237130165100098e-01 -3.309226594865322113e-03
9.685276150703430176e-01 -3.737865248695015907e-03
9.698809385299682617e-01 -3.936523571610450745e-03
