9.431921839714050293e-01 -2.497782930731773376e-02
9.418101906776428223e-01 -2.499270066618919373e-02
9.381342530250549316e-01 -2.498893439769744873e-02
9.283360838890075684e-01 -2.479552105069160461e-02
9.102047085762023926e-01 -2.407643012702465057e-02
8.942370414733886719e-01 -2.322193607687950134e-02
8.809323310852050781e-01 -2.240043319761753082e-02
8.761342167854309082e-01 -2.208372764289379120e-02
8.597000837326049805e-01 -2.092691697180271149e-02
8.475792407989501953e-01 -2.000896632671356201e-02
8.237702846527099609e-01 -1.806399598717689514e-02
8.128179907798767090e-01 -1.711134240031242371e-02
7.995985746383666992e-01 -1.591629162430763245e-02
7.813301682472229004e-01 -1.418831665068864822e-02
7.603499889373779297e-01 -1.210253406316041946e-02
7.541523575782775879e-01 -1.146723981946706772e-02
7.472760081291198730e-01 -1.075286976993083954e-02
7.385075688362121582e-01 -9.828161448240280151e-03
7.291063666343688965e-01 -8.820828050374984741e-03
7.256696820259094238e-01 -8.448752574622631073e-03
7.141052484512329102e-01 -7.183149922639131546e-03
6.962838172912597656e-01 -5.198141094297170639e-03
6.796393394470214844e-01 -3.317320719361305237e-03
6.762920022010803223e-01 -2.937102690339088440e-03
6.619603037834167480e-01 -1.305953599512577057e-03
6.556833386421203613e-01 -5.914550274610519409e-04
6.486091017723083496e-01 2.125354221789166331e-04
6.413264274597167969e-01 1.037711510434746742e-03
6.257677674293518066e-01 2.786995610222220421e-03
6.204748749732971191e-01 3.376395441591739655e-03
6.069333553314208984e-01 4.867432173341512680e-03
5.959334969520568848e-01 6.057609803974628448e-03
5.876556038856506348e-01 6.939067970961332321e-03
5.757143497467041016e-01 8.186941035091876984e-03
5.706581473350524902e-01 8.706377819180488586e-03
5.615233182907104492e-01 9.630620479583740234e-03
5.518421530723571777e-01 1.058951020240783691e-02
5.437393188476562500e-01 1.137523911893367767e-02
5.279535651206970215e-01 1.286074146628379822e-02
5.185699462890625000e-01 1.371503900736570358e-02
5.025411844253540039e-01 1.512436941266059875e-02
4.983587265014648438e-01 1.548175700008869171e-02
4.862904548645019531e-01 1.648916862905025482e-02
4.814193844795227051e-01 1.688580028712749481e-02
4.716697335243225098e-01 1.766266115009784698e-02
4.591235518455505371e-01 1.862942986190319061e-02
4.507212340831756592e-01 1.925654709339141846e-02
4.445430040359497070e-01 1.970745064318180084e-02
4.371611177921295166e-01 2.023504488170146942e-02
4.274986386299133301e-01 2.090762555599212646e-02
4.176082313060760498e-01 2.157545275986194611e-02
4.150500893592834473e-01 2.174485288560390472e-02
3.999344408512115479e-01 2.271868474781513214e-02
3.818147182464599609e-01 2.382721193134784698e-02
3.771473765373229980e-01 2.410279586911201477e-02
3.597609996795654297e-01 2.509511634707450867e-02
3.455609381198883057e-01 2.586718462407588959e-02
3.351646065711975098e-01 2.641146816313266754e-02
3.262591063976287842e-01 2.686404436826705933e-02
3.197789490222930908e-01 2.718556299805641174e-02
3.114348948001861572e-01 2.758999541401863098e-02
3.021079599857330322e-01 2.802936360239982605e-02
2.843824923038482666e-01 2.882704697549343109e-02
2.742202579975128174e-01 2.926164120435714722e-02
2.695953547954559326e-01 2.945372462272644043e-02
2.562293112277984619e-01 2.998771890997886658e-02
2.480039000511169434e-01 3.029980696737766266e-02
2.419530302286148071e-01 3.052079118788242340e-02
2.344781011343002319e-01 3.078307583928108215e-02
2.257170081138610840e-01 3.107439540326595306e-02
2.192922532558441162e-01 3.127613291144371033e-02
2.064557075500488281e-01 3.164607286453247070e-02
1.991762518882751465e-01 3.183426707983016968e-02
1.915548145771026611e-01 3.201279044151306152e-02
1.837162673473358154e-01 3.217476233839988708e-02
1.727419942617416382e-01 3.236066550016403198e-02
1.611982434988021851e-01 3.249783441424369812e-02
1.544150412082672119e-01 3.254685923457145691e-02
1.475831270217895508e-01 3.256981819868087769e-02
1.408150941133499146e-01 3.256398439407348633e-02
1.243009790778160095e-01 3.241154924035072327e-02
1.125902533531188965e-01 3.216198086738586426e-02
1.046903803944587708e-01 3.191347792744636536e-02
9.372271597385406494e-02 3.144093230366706848e-02
8.864983171224594116e-02 3.116433136165142059e-02
8.309239894151687622e-02 3.081286512315273285e-02
5.867080762982368469e-02 2.848252654075622559e-02
3.224109113216400146e-02 2.344379946589469910e-02
3.001900389790534973e-02 2.280043996870517731e-02
2.302831411361694336e-02 2.037993818521499634e-02
2.054321393370628357e-02 1.932745426893234253e-02
1.519952993839979172e-02 1.653025299310684204e-02
1.164586469531059265e-02 1.401104405522346497e-02
7.893087342381477356e-03 1.003906968981027603e-02
6.441361270844936371e-03 7.480822037905454636e-03
5.584496539086103439e-03 4.735338501632213593e-03
5.587361752986907959e-03 -7.270636706380173564e-05
5.813566502183675766e-03 -1.105462550185620785e-03
7.028164807707071304e-03 -4.399714525789022446e-03
9.514776058495044708e-03 -8.458334952592849731e-03
1.333957817405462265e-02 -1.277944631874561310e-02
1.655310392379760742e-02 -1.563933491706848145e-02
2.018756791949272156e-02 -1.839255727827548981e-02
2.437696233391761780e-02 -2.113777026534080505e-02
2.977963723242282867e-02 -2.419950626790523529e-02
3.895172476768493652e-02 -2.853935770690441132e-02
4.416388645768165588e-02 -3.065150044858455658e-02
5.441005155444145203e-02 -3.425079956650733948e-02
6.685210019350051880e-02 -3.787116333842277527e-02
8.187320828437805176e-02 -4.143694788217544556e-02
9.265125542879104614e-02 -4.357941076159477234e-02
1.050361245870590210e-01 -4.569863528013229370e-02
1.205832660198211670e-01 -4.793105646967887878e-02
1.366930752992630005e-01 -4.982801154255867004e-02
1.419588774442672729e-01 -5.036831274628639221e-02
1.481843739748001099e-01 -5.096105486154556274e-02
1.644106656312942505e-01 -5.229155719280242920e-02
1.704966425895690918e-01 -5.271753668785095215e-02
1.771380752325057983e-01 -5.314086377620697021e-02
1.905250847339630127e-01 -5.387253314256668091e-02
1.965819746255874634e-01 -5.415429547429084778e-02
2.127370089292526245e-01 -5.477176606655120850e-02
2.174135446548461914e-01 -5.491714552044868469e-02
2.313122600317001343e-01 -5.527057126164436340e-02
2.371506989002227783e-01 -5.538677051663398743e-02
2.486254721879959106e-01 -5.556535348296165466e-02
2.722119987010955811e-01 -5.575408786535263062e-02
2.798456251621246338e-01 -5.577170476317405701e-02
2.895721495151519775e-01 -5.576823279261589050e-02
2.960117161273956299e-01 -5.575150251388549805e-02
3.048442006111145020e-01 -5.571192130446434021e-02
3.103008866310119629e-01 -5.567879229784011841e-02
3.204144239425659180e-01 -5.560183152556419373e-02
3.298479616641998291e-01 -5.551421642303466797e-02
3.441509604454040527e-01 -5.535747110843658447e-02
3.503738045692443848e-01 -5.528197810053825378e-02
3.589280545711517334e-01 -5.517241731286048889e-02
3.643415868282318115e-01 -5.510020628571510315e-02
3.743544220924377441e-01 -5.496212840080261230e-02
3.981872200965881348e-01 -5.462007224559783936e-02
4.036450386047363281e-01 -5.454092845320701599e-02
4.141957461833953857e-01 -5.438883602619171143e-02
4.170491993427276611e-01 -5.434807017445564270e-02
4.348628818988800049e-01 -5.409947410225868225e-02
4.441584944725036621e-01 -5.397504568099975586e-02
4.502125382423400879e-01 -5.389640107750892639e-02
4.583800137042999268e-01 -5.379354953765869141e-02
4.651050269603729248e-01 -5.371178314089775085e-02
4.759615659713745117e-01 -5.358565598726272583e-02
4.941614270210266113e-01 -5.339030921459197998e-02
5.010253787040710449e-01 -5.332157760858535767e-02
5.057589411735534668e-01 -5.327564850449562073e-02
5.187497735023498535e-01 -5.315484479069709778e-02
5.282645821571350098e-01 -5.307041853666305542e-02
5.402874350547790527e-01 -5.296695232391357422e-02
5.491662025451660156e-01 -5.289157480001449585e-02
5.615551471710205078e-01 -5.278574302792549133e-02
5.701127052307128906e-01 -5.271074548363685608e-02
5.803284049034118652e-01 -5.261753872036933899e-02
5.966105461120605469e-01 -5.245610699057579041e-02
6.297137141227722168e-01 -5.204876139760017395e-02
6.365712285041809082e-01 -5.194617807865142822e-02
6.481939554214477539e-01 -5.175441130995750427e-02
6.626812815666198730e-01 -5.147973075509071350e-02
6.742048263549804688e-01 -5.122922733426094055e-02
6.824750900268554688e-01 -5.103001371026039124e-02
6.915330886840820312e-01 -5.079159140586853027e-02
7.015721201896667480e-01 -5.050075426697731018e-02
7.185748219490051270e-01 -4.993811622262001038e-02
7.276625037193298340e-01 -4.959783703088760376e-02
7.360819578170776367e-01 -4.925585165619850159e-02
7.506375312805175781e-01 -4.859907925128936768e-02
7.578325271606445312e-01 -4.824145138263702393e-02
7.653947472572326660e-01 -4.784033074975013733e-02
7.745141983032226562e-01 -4.732018709182739258e-02
7.840423583984375000e-01 -4.673138633370399475e-02
8.086724877357482910e-01 -4.497098550200462341e-02
8.139583468437194824e-01 -4.454413056373596191e-02
8.222084641456604004e-01 -4.384048655629158020e-02
8.375329375267028809e-01 -4.240754619240760803e-02
8.429992198944091797e-01 -4.185644537210464478e-02
8.474204540252685547e-01 -4.139590263366699219e-02
8.574132919311523438e-01 -4.031147435307502747e-02
8.644839525222778320e-01 -3.951698169112205505e-02
8.728031516075134277e-01 -3.857498243451118469e-02
8.765220046043395996e-01 -3.816064819693565369e-02
8.871718645095825195e-01 -3.705307841300964355e-02
8.976404666900634766e-01 -3.618659824132919312e-02
9.098864197731018066e-01 -3.558922559022903442e-02
9.198986887931823730e-01 -3.543372079730033875e-02
9.265276789665222168e-01 -3.546145185828208923e-02
9.314632415771484375e-01 -3.553408384323120117e-02
