9.631980657577514648e-01 2.341293264180421829e-03
9.626051187515258789e-01 2.423951867967844009e-03
9.591177701950073242e-01 2.893993398174643517e-03
9.500076174736022949e-01 4.016413353383541107e-03
9.195039868354797363e-01 7.092102896422147751e-03
9.082634449005126953e-01 8.059093728661537170e-03
8.905587196350097656e-01 9.461804293096065521e-03
8.870403766632080078e-01 9.725799784064292908e-03
8.753083348274230957e-01 1.057593617588281631e-02
8.660558462142944336e-01 1.121676992624998093e-02
8.556207418441772461e-01 1.191182900220155716e-02
8.460322022438049316e-01 1.252726465463638306e-02
8.319057226181030273e-01 1.339792180806398392e-02
8.186218738555908203e-01 1.418199948966503143e-02
8.087929487228393555e-01 1.474302541464567184e-02
7.975964546203613281e-01 1.536441780626773834e-02
7.913655042648315430e-01 1.570277847349643707e-02
7.851458787918090820e-01 1.603566110134124756e-02
7.744467854499816895e-01 1.659777946770191193e-02
7.692728638648986816e-01 1.686527393758296967e-02
7.605756521224975586e-01 1.730916649103164673e-02
7.430931925773620605e-01 1.818266138434410095e-02
7.175337672233581543e-01 1.942686550319194794e-02
7.152065634727478027e-01 1.953884400427341461e-02
7.045640945434570312e-01 2.004946954548358917e-02
6.975510120391845703e-01 2.038515731692314148e-02
6.876467466354370117e-01 2.085927501320838928e-02
6.849581003189086914e-01 2.098814770579338074e-02
6.638367176055908203e-01 2.200741879642009735e-02
6.533140540122985840e-01 2.252272889018058777e-02
6.424592733383178711e-01 2.306220494210720062e-02
6.207920312881469727e-01 2.417108975350856781e-02
6.080927252769470215e-01 2.484613470733165741e-02
5.956386327743530273e-01 2.552984096109867096e-02
5.822413563728332520e-01 2.629242092370986938e-02
5.740081667900085449e-01 2.677617780864238739e-02
5.677139163017272949e-01 2.715422026813030243e-02
5.621167421340942383e-01 2.749660797417163849e-02
5.477158427238464355e-01 2.840499952435493469e-02
5.438792109489440918e-01 2.865383215248584747e-02
5.374775528907775879e-01 2.907550334930419922e-02
5.169866681098937988e-01 3.047963604331016541e-02
5.059365034103393555e-01 3.127054497599601746e-02
4.992308914661407471e-01 3.176154568791389465e-02
4.873319566249847412e-01 3.265225514769554138e-02
4.776940941810607910e-01 3.339074924588203430e-02
4.660885632038116455e-01 3.429829701781272888e-02
4.595827758312225342e-01 3.481485322117805481e-02
4.505241811275482178e-01 3.554224222898483276e-02
4.365338087081909180e-01 3.668100386857986450e-02
4.179379045963287354e-01 3.821409866213798523e-02
4.151480793952941895e-01 3.844518214464187622e-02
4.015316963195800781e-01 3.957370296120643616e-02
3.928966522216796875e-01 4.028783738613128662e-02
3.872635364532470703e-01 4.075207188725471497e-02
3.788463473320007324e-01 4.144205525517463684e-02
3.726894557476043701e-01 4.194311425089836121e-02
3.515837192535400391e-01 4.362735897302627563e-02
3.144031465053558350e-01 4.639749974012374878e-02
3.115913569927215576e-01 4.659313336014747620e-02
3.070083260536193848e-01 4.690697416663169861e-02
2.966240644454956055e-01 4.759344458580017090e-02
2.768879532814025879e-01 4.879161342978477478e-02
2.672971487045288086e-01 4.931643232703208923e-02
2.592827081680297852e-01 4.972270131111145020e-02
2.500008642673492432e-01 5.015343800187110901e-02
2.423618286848068237e-01 5.047349631786346436e-02
2.365166544914245605e-01 5.069608613848686218e-02
2.340684235095977783e-01 5.078325048089027405e-02
2.265512645244598389e-01 5.102774873375892639e-02
2.105308324098587036e-01 5.142308026552200317e-02
2.027690261602401733e-01 5.154753103852272034e-02
1.977315843105316162e-01 5.160291492938995361e-02
1.858743876218795776e-01 5.164877697825431824e-02
1.753342896699905396e-01 5.158169940114021301e-02
1.557309031486511230e-01 5.115085467696189880e-02
1.421502977609634399e-01 5.058419704437255859e-02
1.334904581308364868e-01 5.009105056524276733e-02
1.294383555650711060e-01 4.982156306505203247e-02
1.181326135993003845e-01 4.892631992697715759e-02
1.037848368287086487e-01 4.744561016559600830e-02
9.635394066572189331e-02 4.650259017944335938e-02
8.553408831357955933e-02 4.487548768520355225e-02
7.103509455919265747e-02 4.211961850523948669e-02
6.770320236682891846e-02 4.137334600090980530e-02
6.149566918611526489e-02 3.984725102782249451e-02
5.180590227246284485e-02 3.704122081398963928e-02
4.352731630206108093e-02 3.410723060369491577e-02
3.433751314878463745e-02 2.999266795814037323e-02
2.728588692843914032e-02 2.582549117505550385e-02
2.532575279474258423e-02 2.440944500267505646e-02
2.105059474706649780e-02 2.062928676605224609e-02
1.854995638132095337e-02 1.759547367691993713e-02
1.684182882308959961e-02 1.459940895438194275e-02
1.571841165423393250e-02 1.068267598748207092e-02
1.562954857945442200e-02 8.785624057054519653e-03
1.578535698354244232e-02 7.231007330119609833e-03
1.597288064658641815e-02 6.330437026917934418e-03
1.623195037245750427e-02 5.436351057142019272e-03
1.703818887472152710e-02 3.528968198224902153e-03
1.846606843173503876e-02 1.280987402424216270e-03
2.220509760081768036e-02 -2.478680573403835297e-03
2.388104237616062164e-02 -3.716798964887857437e-03
2.818185091018676758e-02 -6.246276199817657471e-03
3.279284760355949402e-02 -8.301990106701850891e-03
3.981032222509384155e-02 -1.063890755176544189e-02
4.591313749551773071e-02 -1.215575728565454483e-02
5.233513191342353821e-02 -1.339009683579206467e-02
5.944244936108589172e-02 -1.443376671522855759e-02
6.959637999534606934e-02 -1.549033448100090027e-02
7.801038771867752075e-02 -1.607667095959186554e-02
8.700057119131088257e-02 -1.648573018610477448e-02
9.182374179363250732e-02 -1.663067191839218140e-02
1.063107550144195557e-01 -1.682416349649429321e-02
1.137318387627601624e-01 -1.681229285895824432e-02
1.233982220292091370e-01 -1.671149022877216339e-02
1.369079649448394775e-01 -1.644609309732913971e-02
1.412771791219711304e-01 -1.633590832352638245e-02
1.513752341270446777e-01 -1.604584604501724243e-02
1.723464280366897583e-01 -1.532890554517507553e-02
1.790836006402969360e-01 -1.507622376084327698e-02
1.898806989192962646e-01 -1.465684827417135239e-02
1.953525245189666748e-01 -1.443933881819248199e-02
2.078442275524139404e-01 -1.393493916839361191e-02
2.167233377695083618e-01 -1.357279997318983078e-02
2.228461503982543945e-01 -1.332258433103561401e-02
2.341603636741638184e-01 -1.286118570715188980e-02
2.430398166179656982e-01 -1.250153966248035431e-02
2.531984746456146240e-01 -1.209428068250417709e-02
2.736043035984039307e-01 -1.129468996077775955e-02
2.758674919605255127e-01 -1.120778918266296387e-02
2.822799384593963623e-01 -1.096369884908199310e-02
2.917966842651367188e-01 -1.060752850025892258e-02
3.300646543502807617e-01 -9.255709126591682434e-03
3.373864293098449707e-01 -9.012687951326370239e-03
3.418189585208892822e-01 -8.868103846907615662e-03
3.530979156494140625e-01 -8.508945815265178680e-03
3.556081354618072510e-01 -8.430739864706993103e-03
3.685891628265380859e-01 -8.036534301936626434e-03
3.811768889427185059e-01 -7.670856546610593796e-03
3.971755504608154297e-01 -7.230202667415142059e-03
4.150341451168060303e-01 -6.771118380129337311e-03
4.251369237899780273e-01 -6.527143064886331558e-03
4.467743933200836182e-01 -6.044073030352592468e-03
4.527951478958129883e-01 -5.919435527175664902e-03
4.579527974128723145e-01 -5.816114600747823715e-03
4.700656235218048096e-01 -5.586074199527502060e-03
4.761893451213836670e-01 -5.476571153849363327e-03
4.815474748611450195e-01 -5.384518764913082123e-03
5.179443955421447754e-01 -4.851838573813438416e-03
5.249097347259521484e-01 -4.767898004502058029e-03
5.317307710647583008e-01 -4.691035021096467972e-03
5.440794825553894043e-01 -4.564763512462377548e-03
5.535138249397277832e-01 -4.478795919567346573e-03
5.700473785400390625e-01 -4.347706679254770279e-03
5.873140692710876465e-01 -4.232872277498245239e-03
5.920229554176330566e-01 -4.204642958939075470e-03
6.003468632698059082e-01 -4.157197196036577225e-03
6.080527305603027344e-01 -4.115449264645576477e-03
6.175544857978820801e-01 -4.065777640789747238e-03
6.248713135719299316e-01 -4.028083290904760361e-03
6.477932929992675781e-01 -3.905762685462832451e-03
6.567078232765197754e-01 -3.853524336591362953e-03
6.718609333038330078e-01 -3.754428820684552193e-03
6.846224665641784668e-01 -3.657930530607700348e-03
6.954419016838073730e-01 -3.564801532775163651e-03
7.106335759162902832e-01 -3.413935191929340363e-03
7.170279622077941895e-01 -3.342818934470415115e-03
7.425038814544677734e-01 -3.011343767866492271e-03
7.576066851615905762e-01 -2.777563175186514854e-03
7.621122598648071289e-01 -2.702508354559540749e-03
7.753385305404663086e-01 -2.468658844009041786e-03
7.885880470275878906e-01 -2.215553307905793190e-03
8.001211881637573242e-01 -1.981843262910842896e-03
8.053795695304870605e-01 -1.871798303909599781e-03
8.141777515411376953e-01 -1.683739246800541878e-03
8.280905485153198242e-01 -1.379725523293018341e-03
8.358573317527770996e-01 -1.208857633173465729e-03
8.446494340896606445e-01 -1.016995054669678211e-03
8.539890050888061523e-01 -8.181239245459437370e-04
8.631941080093383789e-01 -6.311474135145545006e-04
8.680621385574340820e-01 -5.375557229854166508e-04
8.863192200660705566e-01 -2.374232135480269790e-04
9.029468894004821777e-01 -7.610217289766296744e-05
9.100944995880126953e-01 -5.728101677959784865e-05
9.140420556068420410e-01 -6.394153024302795529e-05
9.274340271949768066e-01 -2.014249475905671716e-04
9.356955289840698242e-01 -3.981180198024958372e-04
9.420532584190368652e-01 -6.220694049261510372e-04
9.535764455795288086e-01 -1.211688737384974957e-03
9.582535028457641602e-01 -1.517655793577432632e-03
9.616660475730895996e-01 -1.760159968398511410e-03
