9.654070734977722168e-01 9.720973321236670017e-05
9.649854302406311035e-01 1.450812269467860460e-04
9.608193039894104004e-01 6.203431985341012478e-04
9.461503028869628906e-01 2.318557351827621460e-03
9.287973642349243164e-01 4.356674849987030029e-03
9.139754772186279297e-01 6.104672327637672424e-03
9.015877842903137207e-01 7.562384940683841705e-03
8.933361768722534180e-01 8.529284968972206116e-03
8.812950253486633301e-01 9.931790642440319061e-03
8.723959326744079590e-01 1.096041407436132431e-02
8.534877896308898926e-01 1.311864424496889114e-02
8.452605605125427246e-01 1.404451113194227219e-02
8.345527052879333496e-01 1.523608248680830002e-02
8.215668201446533203e-01 1.665908843278884888e-02
8.029161691665649414e-01 1.865651831030845642e-02
7.960165739059448242e-01 1.938054151833057404e-02
7.833521366119384766e-01 2.068720757961273193e-02
7.766421437263488770e-01 2.136735059320926666e-02
7.663716673851013184e-01 2.239134535193443298e-02
7.642224431037902832e-01 2.260292135179042816e-02
7.391973733901977539e-01 2.499530650675296783e-02
7.270835041999816895e-01 2.610405907034873962e-02
7.135027050971984863e-01 2.730699069797992706e-02
7.099637985229492188e-01 2.761333435773849487e-02
7.000622153282165527e-01 2.845454961061477661e-02
6.934952735900878906e-01 2.899943478405475616e-02
6.877197027206420898e-01 2.947000972926616669e-02
6.781650781631469727e-01 3.023056499660015106e-02
6.655381917953491211e-01 3.120149113237857819e-02
6.499144434928894043e-01 3.234938904643058777e-02
6.396102309226989746e-01 3.307477012276649475e-02
6.288757324218750000e-01 3.380460292100906372e-02
6.203653812408447266e-01 3.436518833041191101e-02
6.104862689971923828e-01 3.499688580632209778e-02
5.918076038360595703e-01 3.614002838730812073e-02
5.869055390357971191e-01 3.642993047833442688e-02
5.745607018470764160e-01 3.714362904429435730e-02
5.627630352973937988e-01 3.780640661716461182e-02
5.353453755378723145e-01 3.929252177476882935e-02
5.309526324272155762e-01 3.952557593584060669e-02
5.201093554496765137e-01 4.009714722633361816e-02
5.120548009872436523e-01 4.051931574940681458e-02
4.990840852260589600e-01 4.119705781340599060e-02
4.899833500385284424e-01 4.167238622903823853e-02
4.787583649158477783e-01 4.225976765155792236e-02
4.720670282840728760e-01 4.261089488863945007e-02
4.585506021976470947e-01 4.332317039370536804e-02
4.491512775421142578e-01 4.382093623280525208e-02
4.432271122932434082e-01 4.413567110896110535e-02
4.374414086341857910e-01 4.444368928670883179e-02
4.308319091796875000e-01 4.479620233178138733e-02
4.260570406913757324e-01 4.505115747451782227e-02
4.147998392581939697e-01 4.565249755978584290e-02
4.004082977771759033e-01 4.641937464475631714e-02
3.860758244991302490e-01 4.717653244733810425e-02
3.680922687053680420e-01 4.810812324285507202e-02
3.533982336521148682e-01 4.884490370750427246e-02
3.416525423526763916e-01 4.941158369183540344e-02
3.306922912597656250e-01 4.991767555475234985e-02
3.242423236370086670e-01 5.020339041948318481e-02
3.098418712615966797e-01 5.080315843224525452e-02
3.047058582305908203e-01 5.100261420011520386e-02
2.968042492866516113e-01 5.129274353384971619e-02
2.812376022338867188e-01 5.179738625884056091e-02
2.646055221557617188e-01 5.222196504473686218e-02
2.541465759277343750e-01 5.241823568940162659e-02
2.444531321525573730e-01 5.254497006535530090e-02
2.423357069492340088e-01 5.256506800651550293e-02
2.356714755296707153e-01 5.260945111513137817e-02
2.240850329399108887e-01 5.261394754052162170e-02
2.174773663282394409e-01 5.257188528776168823e-02
2.103977948427200317e-01 5.248804390430450439e-02
1.952833980321884155e-01 5.216231197118759155e-02
1.787406057119369507e-01 5.154825374484062195e-02
1.672099977731704712e-01 5.093881487846374512e-02
1.485898494720458984e-01 4.959059506654739380e-02
1.428548842668533325e-01 4.907370358705520630e-02
1.318828910589218140e-01 4.793453589081764221e-02
1.180647760629653931e-01 4.618629068136215210e-02
1.118894964456558228e-01 4.527789726853370667e-02
1.054272726178169250e-01 4.423369094729423523e-02
1.003169193863868713e-01 4.333470389246940613e-02
8.884531259536743164e-02 4.105406254529953003e-02
8.343221247196197510e-02 3.983673080801963806e-02
7.155244052410125732e-02 3.679072856903076172e-02
6.655174493789672852e-02 3.533040359616279602e-02
5.577913299202919006e-02 3.173964098095893860e-02
5.039068311452865601e-02 2.966419979929924011e-02
4.146881774067878723e-02 2.567113935947418213e-02
3.514078631997108459e-02 2.224007993936538696e-02
2.976255491375923157e-02 1.868010871112346649e-02
2.660138159990310669e-02 1.610869355499744415e-02
2.420908026397228241e-02 1.372165791690349579e-02
2.237667888402938843e-02 1.137437764555215836e-02
2.096056938171386719e-02 8.743185549974441528e-03
2.043353021144866943e-02 7.094226777553558350e-03
2.025193721055984497e-02 6.066688802093267441e-03
2.019249461591243744e-02 5.308503750711679459e-03
2.023332566022872925e-02 4.091140814125537872e-03
2.121724188327789307e-02 8.232003892771899700e-04
2.367247641086578369e-02 -2.544756513088941574e-03
2.626995556056499481e-02 -4.847778938710689545e-03
2.738767489790916443e-02 -5.668758880347013474e-03
3.243549540638923645e-02 -8.698144927620887756e-03
3.897057473659515381e-02 -1.170136127620935440e-02
4.857293888926506042e-02 -1.515798829495906830e-02
5.679088458418846130e-02 -1.758234202861785889e-02
6.025953590869903564e-02 -1.850109361112117767e-02
7.247585803270339966e-02 -2.136305347084999084e-02
8.491200953722000122e-02 -2.381060831248760223e-02
9.172561764717102051e-02 -2.499308437108993530e-02
1.009206548333168030e-01 -2.643738128244876862e-02
1.091851517558097839e-01 -2.760277129709720612e-02
1.173995137214660645e-01 -2.864864282310009003e-02
1.272974312305450439e-01 -2.977281250059604645e-02
1.351046562194824219e-01 -3.056257590651512146e-02
1.457535773515701294e-01 -3.151215612888336182e-02
1.534410715103149414e-01 -3.211195021867752075e-02
1.642343550920486450e-01 -3.284073621034622192e-02
1.747229844331741333e-01 -3.343008458614349365e-02
1.887297481298446655e-01 -3.404774889349937439e-02
1.989628523588180542e-01 -3.438527137041091919e-02
2.164301276206970215e-01 -3.475833684206008911e-02
2.241589576005935669e-01 -3.484771028161048889e-02
2.415846735239028931e-01 -3.489413484930992126e-02
2.463226020336151123e-01 -3.487204015254974365e-02
2.595830857753753662e-01 -3.473765775561332703e-02
2.734781503677368164e-01 -3.449058905243873596e-02
2.812942266464233398e-01 -3.430784866213798523e-02
2.940826714038848877e-01 -3.394678235054016113e-02
2.999375760555267334e-01 -3.375751897692680359e-02
3.054024577140808105e-01 -3.356816247105598450e-02
3.154377937316894531e-01 -3.319044038653373718e-02
3.362435102462768555e-01 -3.229600563645362854e-02
3.474285602569580078e-01 -3.176074847579002380e-02
3.509170114994049072e-01 -3.158689290285110474e-02
3.623349964618682861e-01 -3.099687211215496063e-02
3.655517101287841797e-01 -3.082520328462123871e-02
3.776820600032806396e-01 -3.015843220055103302e-02
3.945139944553375244e-01 -2.918841131031513214e-02
4.059327244758605957e-01 -2.850549668073654175e-02
4.116899967193603516e-01 -2.815468609333038330e-02
4.240182340145111084e-01 -2.739094756543636322e-02
4.390111267566680908e-01 -2.644313871860504150e-02
4.487344324588775635e-01 -2.581972070038318634e-02
4.588048756122589111e-01 -2.516856975853443146e-02
4.637310206890106201e-01 -2.484842762351036072e-02
4.724079966545104980e-01 -2.428256161510944366e-02
4.899639189243316650e-01 -2.313281223177909851e-02
5.003935098648071289e-01 -2.244860678911209106e-02
5.073544383049011230e-01 -2.199214324355125427e-02
5.156462788581848145e-01 -2.144908159971237183e-02
5.287197232246398926e-01 -2.059528417885303497e-02
5.353792905807495117e-01 -2.016191743314266205e-02
5.491549372673034668e-01 -1.926967874169349670e-02
5.613222122192382812e-01 -1.848715357482433319e-02
5.671510100364685059e-01 -1.811432652175426483e-02
5.824613571166992188e-01 -1.714196242392063141e-02
5.947079658508300781e-01 -1.637189649045467377e-02
6.081569194793701172e-01 -1.553465798497200012e-02
6.146565079689025879e-01 -1.513334549963474274e-02
6.233485341072082520e-01 -1.460017729550600052e-02
6.292866468429565430e-01 -1.423830725252628326e-02
6.319884657859802246e-01 -1.407431438565254211e-02
6.493201851844787598e-01 -1.303241495043039322e-02
6.663933992385864258e-01 -1.202432345598936081e-02
6.799992322921752930e-01 -1.123517192900180817e-02
6.967308521270751953e-01 -1.028395071625709534e-02
7.160071134567260742e-01 -9.217618033289909363e-03
7.256525754928588867e-01 -8.697370998561382294e-03
7.315652966499328613e-01 -8.383261039853096008e-03
7.394664883613586426e-01 -7.969575002789497375e-03
7.484577298164367676e-01 -7.507772184908390045e-03
7.574242353439331055e-01 -7.057414390146732330e-03
7.617373466491699219e-01 -6.844619289040565491e-03
7.719118595123291016e-01 -6.353167816996574402e-03
7.814440727233886719e-01 -5.907057318836450577e-03
8.013234734535217285e-01 -5.026494152843952179e-03
8.143699765205383301e-01 -4.489936865866184235e-03
8.239080309867858887e-01 -4.121185280382633209e-03
8.345391750335693359e-01 -3.736159997060894966e-03
8.404282927513122559e-01 -3.535735420882701874e-03
8.494884371757507324e-01 -3.246959997341036797e-03
8.656416535377502441e-01 -2.798261586576700211e-03
8.765723705291748047e-01 -2.550295554101467133e-03
8.834723830223083496e-01 -2.420579781755805016e-03
9.038141965866088867e-01 -2.184428973123431206e-03
9.119310379028320312e-01 -2.164354082196950912e-03
9.453295469284057617e-01 -2.757269190624356270e-03
9.571282863616943359e-01 -3.354516113176941872e-03
9.595590829849243164e-01 -3.512404393404722214e-03
9.646605253219604492e-01 -3.886383958160877228e-03
