9.599807262420654297e-01 2.453888067975640297e-03
9.590368866920471191e-01 2.528065815567970276e-03
9.545486569404602051e-01 2.883835695683956146e-03
9.425850510597229004e-01 3.860929515212774277e-03
9.296689033508300781e-01 4.964055959135293961e-03
9.187533259391784668e-01 5.931110586971044540e-03
8.944323658943176270e-01 8.175785653293132782e-03
8.876153826713562012e-01 8.822336792945861816e-03
8.718828558921813965e-01 1.033570244908332825e-02
8.582216501235961914e-01 1.166822016239166260e-02
8.389172554016113281e-01 1.356991473585367203e-02
8.313317894935607910e-01 1.432080380618572235e-02
8.200969099998474121e-01 1.543459482491016388e-02
8.078111410140991211e-01 1.665273681282997131e-02
7.744150757789611816e-01 1.994686201214790344e-02
7.706551551818847656e-01 2.031487412750720978e-02
7.460795640945434570e-01 2.269858494400978088e-02
7.329548001289367676e-01 2.395319938659667969e-02
7.254471778869628906e-01 2.466415800154209137e-02
7.187226414680480957e-01 2.529644593596458435e-02
6.955276727676391602e-01 2.744205668568611145e-02
6.876876950263977051e-01 2.815402112901210785e-02
6.760077476501464844e-01 2.920150384306907654e-02
6.681982278823852539e-01 2.989289723336696625e-02
6.556313037872314453e-01 3.098994493484497070e-02
6.447423100471496582e-01 3.192496672272682190e-02
6.290537118911743164e-01 3.324688971042633057e-02
6.222825050354003906e-01 3.380842134356498718e-02
6.129983067512512207e-01 3.456972911953926086e-02
5.970651507377624512e-01 3.585425764322280884e-02
5.847367048263549805e-01 3.683042898774147034e-02
5.753979086875915527e-01 3.756048902869224548e-02
5.666708350181579590e-01 3.823610022664070129e-02
5.587304234504699707e-01 3.884576261043548584e-02
5.468630194664001465e-01 3.974885493516921997e-02
5.417969822883605957e-01 4.013173654675483704e-02
5.314946174621582031e-01 4.090613871812820435e-02
5.125188231468200684e-01 4.231982305645942688e-02
4.961996674537658691e-01 4.352482035756111145e-02
4.872965216636657715e-01 4.417854174971580505e-02
4.812815487384796143e-01 4.461874440312385559e-02
4.742909371852874756e-01 4.512882605195045471e-02
4.674809575080871582e-01 4.562402516603469849e-02
4.591979384422302246e-01 4.622382298111915588e-02
4.486633837223052979e-01 4.698201268911361694e-02
4.426321983337402344e-01 4.741331562399864197e-02
4.292655885219573975e-01 4.836034029722213745e-02
4.228543639183044434e-01 4.880939796566963196e-02
4.112426340579986572e-01 4.961213842034339905e-02
4.065755307674407959e-01 4.993033781647682190e-02
3.999998271465301514e-01 5.037370324134826660e-02
3.941962420940399170e-01 5.075963214039802551e-02
3.875444233417510986e-01 5.119508877396583557e-02
3.777702152729034424e-01 5.181987956166267395e-02
3.676471412181854248e-01 5.244532227516174316e-02
3.635283410549163818e-01 5.269268155097961426e-02
3.516730070114135742e-01 5.337889865040779114e-02
3.381116092205047607e-01 5.411048978567123413e-02
3.336782455444335938e-01 5.433570966124534607e-02
3.144475817680358887e-01 5.522136017680168152e-02
3.018106222152709961e-01 5.571169778704643250e-02
2.994414269924163818e-01 5.579457804560661316e-02
2.929641008377075195e-01 5.600570142269134521e-02
2.755359709262847900e-01 5.645185708999633789e-02
2.723456323146820068e-01 5.651279166340827942e-02
2.543315887451171875e-01 5.672392621636390686e-02
2.443158328533172607e-01 5.673582851886749268e-02
2.390292733907699585e-01 5.670926347374916077e-02
2.090589255094528198e-01 5.608500912785530090e-02
2.034919261932373047e-01 5.587250366806983948e-02
1.978975087404251099e-01 5.562584474682807922e-02
1.791217029094696045e-01 5.454073473811149597e-02
1.752397865056991577e-01 5.426410585641860962e-02
1.685254722833633423e-01 5.374085903167724609e-02
1.604729294776916504e-01 5.303559824824333191e-02
1.505403816699981689e-01 5.204293876886367798e-02
1.407602876424789429e-01 5.092508345842361450e-02
1.318943202495574951e-01 4.978349432349205017e-02
1.196806654334068298e-01 4.799620434641838074e-02
1.138974279165267944e-01 4.705709218978881836e-02
1.069400012493133545e-01 4.584265127778053284e-02
9.975440055131912231e-02 4.448538273572921753e-02
8.533293008804321289e-02 4.141327738761901855e-02
7.879570126533508301e-02 3.984994813799858093e-02
6.884316354990005493e-02 3.723394870758056641e-02
6.020656600594520569e-02 3.469695523381233215e-02
4.174230992794036865e-02 2.815214172005653381e-02
3.635123744606971741e-02 2.582669258117675781e-02
3.089014627039432526e-02 2.316742762923240662e-02
2.707938477396965027e-02 2.105234935879707336e-02
2.311576530337333679e-02 1.849719882011413574e-02
2.100366540253162384e-02 1.689894124865531921e-02
1.882615312933921814e-02 1.494852360337972641e-02
1.637907698750495911e-02 1.193155813962221146e-02
1.511446852236986160e-02 8.664251305162906647e-03
1.505233626812696457e-02 7.362679578363895416e-03
1.556407846510410309e-02 5.187464877963066101e-03
1.606937684118747711e-02 4.196178168058395386e-03
1.774737983942031860e-02 2.095302799716591835e-03
1.918745972216129303e-02 8.255286375060677528e-04
2.189823798835277557e-02 -1.020451891236007214e-03
2.535476349294185638e-02 -2.846985124051570892e-03
3.104514628648757935e-02 -5.197241436690092087e-03
3.558024391531944275e-02 -6.728908512741327286e-03
4.433871060609817505e-02 -9.173605591058731079e-03
5.262127146124839783e-02 -1.107501145452260971e-02
5.810685083270072937e-02 -1.217837072908878326e-02
6.238049641251564026e-02 -1.296867709606885910e-02
7.215805351734161377e-02 -1.458788383752107620e-02
8.111021667718887329e-02 -1.587921567261219025e-02
8.473265171051025391e-02 -1.635748147964477539e-02
1.042651906609535217e-01 -1.857001706957817078e-02
1.174588277935981750e-01 -1.976980827748775482e-02
1.255716532468795776e-01 -2.040767297148704529e-02
1.430962085723876953e-01 -2.155739255249500275e-02
1.552937924861907959e-01 -2.219271846115589142e-02
1.659343689680099487e-01 -2.264757640659809113e-02
1.774364113807678223e-01 -2.304334007203578949e-02
1.980002969503402710e-01 -2.352488599717617035e-02
2.064284384250640869e-01 -2.364534139633178711e-02
2.134339958429336548e-01 -2.371384762227535248e-02
2.252807319164276123e-01 -2.376778423786163330e-02
2.323995232582092285e-01 -2.376462891697883606e-02
2.407480627298355103e-01 -2.372868359088897705e-02
2.553652226924896240e-01 -2.358665131032466888e-02
2.595987021923065186e-01 -2.352767623960971832e-02
2.681373953819274902e-01 -2.338570170104503632e-02
2.803719937801361084e-01 -2.313115261495113373e-02
2.938152551651000977e-01 -2.278680354356765747e-02
3.027358353137969971e-01 -2.252363413572311401e-02
3.155275285243988037e-01 -2.210170216858386993e-02
3.199024200439453125e-01 -2.194608002901077271e-02
3.358750343322753906e-01 -2.133285999298095703e-02
3.423926234245300293e-01 -2.106375433504581451e-02
3.547049164772033691e-01 -2.052842453122138977e-02
3.643268048763275146e-01 -2.008766308426856995e-02
3.762670159339904785e-01 -1.951651088893413544e-02
3.836421072483062744e-01 -1.915180124342441559e-02
3.913265466690063477e-01 -1.876324415206909180e-02
4.039283394813537598e-01 -1.810966432094573975e-02
4.109714925289154053e-01 -1.773687452077865601e-02
4.204601943492889404e-01 -1.722781732678413391e-02
4.387803375720977783e-01 -1.622919924557209015e-02
4.431330561637878418e-01 -1.599003933370113373e-02
4.553598165512084961e-01 -1.531692035496234894e-02
4.694238901138305664e-01 -1.454428490251302719e-02
4.756670892238616943e-01 -1.420332863926887512e-02
4.891068041324615479e-01 -1.347666699439287186e-02
4.991724193096160889e-01 -1.294130552560091019e-02
5.009777545928955078e-01 -1.284626405686140060e-02
5.083382129669189453e-01 -1.246221549808979034e-02
5.171222090721130371e-01 -1.201189123094081879e-02
5.259108543395996094e-01 -1.157107204198837280e-02
5.285356640815734863e-01 -1.144147384911775589e-02
5.417397618293762207e-01 -1.080481708049774170e-02
5.504524111747741699e-01 -1.039964240044355392e-02
5.595557689666748047e-01 -9.989734739065170288e-03
5.734716653823852539e-01 -9.390736930072307587e-03
5.863752961158752441e-01 -8.865824900567531586e-03
5.931425690650939941e-01 -8.602302521467208862e-03
6.063848137855529785e-01 -8.109684102237224579e-03
6.130852699279785156e-01 -7.871748879551887512e-03
6.223335266113281250e-01 -7.555362768471240997e-03
6.248108148574829102e-01 -7.472909055650234222e-03
6.412602066993713379e-01 -6.948580965399742126e-03
6.477447748184204102e-01 -6.752303801476955414e-03
6.708008050918579102e-01 -6.096304394304752350e-03
6.815975904464721680e-01 -5.808768328279256821e-03
6.928614377975463867e-01 -5.520087666809558868e-03
7.005479335784912109e-01 -5.328973755240440369e-03
7.156988978385925293e-01 -4.964424297213554382e-03
7.283401489257812500e-01 -4.670962225645780563e-03
7.366055846214294434e-01 -4.483649041503667831e-03
7.434365153312683105e-01 -4.331327509135007858e-03
7.606282830238342285e-01 -3.957064822316169739e-03
7.679384350776672363e-01 -3.801645943894982338e-03
7.835928797721862793e-01 -3.476136131212115288e-03
7.908412814140319824e-01 -3.328880062326788902e-03
8.086158037185668945e-01 -2.978004748001694679e-03
8.199955224990844727e-01 -2.762065967544913292e-03
8.413465619087219238e-01 -2.380206715315580368e-03
8.468068242073059082e-01 -2.288544084876775742e-03
8.576812148094177246e-01 -2.115034265443682671e-03
8.625651001930236816e-01 -2.041573170572519302e-03
8.730831742286682129e-01 -1.894449000246822834e-03
8.815195560455322266e-01 -1.789216650649905205e-03
9.001351594924926758e-01 -1.608788967132568359e-03
9.209363460540771484e-01 -1.524297287687659264e-03
9.378899931907653809e-01 -1.586846308782696724e-03
9.565972685813903809e-01 -1.833257148973643780e-03
9.573656320571899414e-01 -1.847464009188115597e-03
9.606710076332092285e-01 -1.911831786856055260e-03
