9.664052724838256836e-01 6.939879385754466057e-04
9.659782648086547852e-01 7.295164978131651878e-04
9.633321762084960938e-01 9.688256541267037392e-04
9.547981023788452148e-01 1.902266987599432468e-03
9.316239356994628906e-01 5.050920881330966949e-03
9.196660518646240234e-01 6.842679344117641449e-03
9.040876626968383789e-01 9.261933155357837677e-03
9.000960588455200195e-01 9.892537258565425873e-03
8.948251008987426758e-01 1.073033083230257034e-02
8.827412724494934082e-01 1.266859751194715500e-02
8.542433977127075195e-01 1.730050146579742432e-02
8.463762998580932617e-01 1.858762651681900024e-02
8.261842131614685059e-01 2.189792506396770477e-02
8.100860118865966797e-01 2.453826367855072021e-02
7.870255708694458008e-01 2.831389755010604858e-02
7.771985530853271484e-01 2.991854026913642883e-02
7.695013880729675293e-01 3.117309883236885071e-02
7.607159614562988281e-01 3.260219097137451172e-02
7.386337518692016602e-01 3.617906570434570312e-02
7.308526039123535156e-01 3.743369132280349731e-02
7.181037068367004395e-01 3.948205336928367615e-02
7.033962607383728027e-01 4.183299094438552856e-02
6.879647374153137207e-01 4.428450018167495728e-02
6.826594471931457520e-01 4.512343928217887878e-02
6.713236570358276367e-01 4.690881073474884033e-02
6.629866361618041992e-01 4.821532592177391052e-02
6.526291370391845703e-01 4.983013495802879333e-02
6.441763639450073242e-01 5.114059522747993469e-02
6.317422389984130859e-01 5.305536836385726929e-02
6.212717890739440918e-01 5.465464666485786438e-02
6.023374795913696289e-01 5.751261487603187561e-02
5.913219451904296875e-01 5.915262550115585327e-02
5.783659219741821289e-01 6.105735152959823608e-02
5.696923136711120605e-01 6.231651082634925842e-02
5.568534731864929199e-01 6.415427476167678833e-02
5.495038032531738281e-01 6.519120931625366211e-02
5.430111289024353027e-01 6.609731167554855347e-02
5.344339609146118164e-01 6.727932393550872803e-02
5.236892104148864746e-01 6.873412430286407471e-02
5.175559520721435547e-01 6.955080479383468628e-02
5.103796720504760742e-01 7.049290835857391357e-02
4.924115240573883057e-01 7.278294116258621216e-02
4.851121306419372559e-01 7.368305325508117676e-02
4.699983298778533936e-01 7.548592984676361084e-02
4.613355994224548340e-01 7.647980749607086182e-02
4.531340897083282471e-01 7.739251852035522461e-02
4.364221692085266113e-01 7.916141301393508911e-02
4.205110371112823486e-01 8.072321116924285889e-02
4.143141210079193115e-01 8.129689097404479980e-02
4.048249125480651855e-01 8.213566243648529053e-02
3.906655013561248779e-01 8.329346030950546265e-02
3.799728751182556152e-01 8.408912271261215210e-02
3.754206597805023193e-01 8.440634608268737793e-02
3.672590851783752441e-01 8.494178205728530884e-02
3.624084591865539551e-01 8.523919433355331421e-02
3.534722626209259033e-01 8.574516326189041138e-02
3.464744687080383301e-01 8.610220998525619507e-02
3.404158353805541992e-01 8.638273924589157104e-02
3.248823583126068115e-01 8.697540313005447388e-02
3.163937032222747803e-01 8.721902966499328613e-02
3.133191168308258057e-01 8.729275315999984741e-02
3.034151196479797363e-01 8.747612684965133667e-02
2.910842299461364746e-01 8.758492767810821533e-02
2.810657024383544922e-01 8.757127821445465088e-02
2.584038674831390381e-01 8.718057721853256226e-02
2.456678897142410278e-01 8.672714233398437500e-02
2.419715225696563721e-01 8.656217157840728760e-02
2.335674911737442017e-01 8.612906187772750854e-02
2.303333431482315063e-01 8.594033867120742798e-02
2.208543568849563599e-01 8.531441539525985718e-02
2.075737118721008301e-01 8.424632996320724487e-02
2.014093995094299316e-01 8.367087692022323608e-02
1.940227895975112915e-01 8.291143178939819336e-02
1.796824783086776733e-01 8.120726048946380615e-02
1.738391220569610596e-01 8.042079210281372070e-02
1.663773059844970703e-01 7.933425158262252808e-02
1.610820591449737549e-01 7.850468903779983521e-02
1.482560485601425171e-01 7.628100365400314331e-02
1.414528638124465942e-01 7.496995478868484497e-02
1.326996982097625732e-01 7.313757389783859253e-02
1.149270161986351013e-01 6.885578483343124390e-02
1.071324497461318970e-01 6.670948863029479980e-02
9.051197022199630737e-02 6.148034334182739258e-02
7.865507900714874268e-02 5.709712579846382141e-02
6.625458598136901855e-02 5.176622420549392700e-02
5.798382312059402466e-02 4.766616225242614746e-02
5.590995401144027710e-02 4.655413329601287842e-02
5.272169783711433411e-02 4.476874694228172302e-02
4.580786824226379395e-02 4.052794724702835083e-02
3.581248968839645386e-02 3.316392004489898682e-02
3.039973042905330658e-02 2.820494584739208221e-02
2.479586005210876465e-02 2.166306227445602417e-02
2.286283671855926514e-02 1.875257678329944611e-02
2.180820144712924957e-02 1.688367873430252075e-02
1.975148916244506836e-02 1.190692745149135590e-02
1.933290995657444000e-02 1.027621235698461533e-02
1.898044534027576447e-02 7.980643771588802338e-03
1.946678943932056427e-02 2.462179632857441902e-03
2.037848718464374542e-02 1.351953105768188834e-04
2.078803814947605133e-02 -6.212320295162498951e-04
2.213438041508197784e-02 -2.558632986620068550e-03
2.444926835596561432e-02 -4.903468769043684006e-03
2.757176198065280914e-02 -7.151145022362470627e-03
3.040622174739837646e-02 -8.714007213711738586e-03
3.764621540904045105e-02 -1.165417209267616272e-02
4.839812219142913818e-02 -1.468589529395103455e-02
6.585791707038879395e-02 -1.823467202484607697e-02
7.300224900245666504e-02 -1.944602467119693756e-02
8.163942396640777588e-02 -2.079815417528152466e-02
9.397498518228530884e-02 -2.257204242050647736e-02
1.024438142776489258e-01 -2.370707876980304718e-02
1.144528687000274658e-01 -2.522375248372554779e-02
1.248443573713302612e-01 -2.646084316074848175e-02
1.390642523765563965e-01 -2.805511094629764557e-02
1.487242728471755981e-01 -2.907917648553848267e-02
1.665247529745101929e-01 -3.085163608193397522e-02
1.825452744960784912e-01 -3.232789784669876099e-02
1.893591731786727905e-01 -3.292315080761909485e-02
2.118623554706573486e-01 -3.475555777549743652e-02
2.172742187976837158e-01 -3.516627103090286255e-02
2.309328913688659668e-01 -3.615197539329528809e-02
2.453158944845199585e-01 -3.711178526282310486e-02
2.565350532531738281e-01 -3.780500963330268860e-02
2.636724412441253662e-01 -3.822069987654685974e-02
2.731907069683074951e-01 -3.874434903264045715e-02
2.831776738166809082e-01 -3.925583884119987488e-02
2.905180454254150391e-01 -3.960686549544334412e-02
2.964196205139160156e-01 -3.987365961074829102e-02
3.107283711433410645e-01 -4.046288505196571350e-02
3.205521404743194580e-01 -4.081961885094642639e-02
3.310355842113494873e-01 -4.115670546889305115e-02
3.427772819995880127e-01 -4.147997498512268066e-02
3.545896410942077637e-01 -4.174632951617240906e-02
3.581771552562713623e-01 -4.181535169482231140e-02
3.740560412406921387e-01 -4.205339774489402771e-02
3.822072744369506836e-01 -4.213220998644828796e-02
3.951624631881713867e-01 -4.219570010900497437e-02
3.992429375648498535e-01 -4.219980910420417786e-02
4.085313081741333008e-01 -4.218041524291038513e-02
4.232974648475646973e-01 -4.206643626093864441e-02
4.331403374671936035e-01 -4.193308949470520020e-02
4.475665688514709473e-01 -4.165388643741607666e-02
4.621185362339019775e-01 -4.127097502350807190e-02
4.712108075618743896e-01 -4.098021984100341797e-02
4.791706502437591553e-01 -4.069337621331214905e-02
4.834881424903869629e-01 -4.052527993917465210e-02
4.915235340595245361e-01 -4.018929228186607361e-02
4.983177781105041504e-01 -3.988201543688774109e-02
5.072250366210937500e-01 -3.944768011569976807e-02
5.291979312896728516e-01 -3.823039680719375610e-02
5.336272716522216797e-01 -3.796126693487167358e-02
5.401045680046081543e-01 -3.755431622266769409e-02
5.548323392868041992e-01 -3.657362982630729675e-02
5.577139854431152344e-01 -3.637338802218437195e-02
5.684087276458740234e-01 -3.560872375965118408e-02
5.786455869674682617e-01 -3.484824672341346741e-02
5.862837433815002441e-01 -3.426518663763999939e-02
5.899876952171325684e-01 -3.397826850414276123e-02
5.987943410873413086e-01 -3.328668326139450073e-02
6.092346310615539551e-01 -3.245304524898529053e-02
6.140024065971374512e-01 -3.206864744424819946e-02
6.320330500602722168e-01 -3.060355223715305328e-02
6.373082399368286133e-01 -3.017387166619300842e-02
6.414588093757629395e-01 -2.983619272708892822e-02
6.579099893569946289e-01 -2.850607782602310181e-02
6.673917174339294434e-01 -2.774940244853496552e-02
6.820839643478393555e-01 -2.659755572676658630e-02
6.900808811187744141e-01 -2.598304860293865204e-02
7.073569893836975098e-01 -2.468896657228469849e-02
7.220174670219421387e-01 -2.362815849483013153e-02
7.451962232589721680e-01 -2.201789803802967072e-02
7.527240514755249023e-01 -2.151061594486236572e-02
7.705534100532531738e-01 -2.033338882029056549e-02
7.773217558860778809e-01 -1.989348232746124268e-02
7.860785126686096191e-01 -1.932815276086330414e-02
7.910486459732055664e-01 -1.900859735906124115e-02
7.975643873214721680e-01 -1.859033666551113129e-02
8.077520728111267090e-01 -1.793611794710159302e-02
8.270198106765747070e-01 -1.668719574809074402e-02
8.332349658012390137e-01 -1.627792604267597198e-02
8.432916402816772461e-01 -1.560555119067430496e-02
8.473808169364929199e-01 -1.532785221934318542e-02
8.580062985420227051e-01 -1.459196582436561584e-02
8.682215213775634766e-01 -1.386126317083835602e-02
8.944066166877746582e-01 -1.184790953993797302e-02
9.004817008972167969e-01 -1.134409569203853607e-02
9.116774797439575195e-01 -1.036982424557209015e-02
9.244881272315979004e-01 -9.168926626443862915e-03
9.359940290451049805e-01 -7.994424551725387573e-03
9.521718025207519531e-01 -6.147591397166252136e-03
9.625368714332580566e-01 -4.813951440155506134e-03
9.648345708847045898e-01 -4.499831236898899078e-03
