9.646176695823669434e-01 2.606312744319438934e-03
9.637179970741271973e-01 2.698481781408190727e-03
9.605514407157897949e-01 3.022520570084452629e-03
9.487137198448181152e-01 4.235432948917150497e-03
9.318842887878417969e-01 5.974722094833850861e-03
9.229388236999511719e-01 6.907037459313869476e-03
9.112741947174072266e-01 8.129955269396305084e-03
9.061153531074523926e-01 8.673098869621753693e-03
8.979384303092956543e-01 9.536513127386569977e-03
8.872102499008178711e-01 1.067340653389692307e-02
8.744485378265380859e-01 1.203079055994749069e-02
8.656162619590759277e-01 1.297273393720388412e-02
8.508733510971069336e-01 1.454850379377603531e-02
8.431189060211181641e-01 1.537855528295040131e-02
8.284922242164611816e-01 1.694568991661071777e-02
8.170791864395141602e-01 1.816908828914165497e-02
8.086208701133728027e-01 1.907563209533691406e-02
7.985672950744628906e-01 2.015266008675098419e-02
7.917608022689819336e-01 2.088130824267864227e-02
7.887133955955505371e-01 2.120735682547092438e-02
7.712812423706054688e-01 2.306984551250934601e-02
7.558066248893737793e-01 2.471802197396755219e-02
7.340216040611267090e-01 2.702701464295387268e-02
7.274577021598815918e-01 2.771955728530883789e-02
7.125892043113708496e-01 2.928179316222667694e-02
7.076468467712402344e-01 2.979888580739498138e-02
6.968846917152404785e-01 3.092071786522865295e-02
6.918472051620483398e-01 3.144371137022972107e-02
6.811214089393615723e-01 3.255235031247138977e-02
6.613392829895019531e-01 3.457776084542274475e-02
6.448266506195068359e-01 3.624664619565010071e-02
6.296502947807312012e-01 3.776065260171890259e-02
6.198304295539855957e-01 3.872911259531974792e-02
6.060020327568054199e-01 4.007669910788536072e-02
5.944470167160034180e-01 4.118709638714790344e-02
5.907288193702697754e-01 4.154120013117790222e-02
5.793364644050598145e-01 4.261583089828491211e-02
5.662111043930053711e-01 4.383371397852897644e-02
5.515016913414001465e-01 4.517085850238800049e-02
5.451440215110778809e-01 4.573913663625717163e-02
5.382601022720336914e-01 4.634762182831764221e-02
5.258865952491760254e-01 4.742252454161643982e-02
5.105790495872497559e-01 4.871692135930061340e-02
5.070812702178955078e-01 4.900691658258438110e-02
4.963107705116271973e-01 4.988569021224975586e-02
4.863973557949066162e-01 5.067493394017219543e-02
4.719188213348388672e-01 5.179185420274734497e-02
4.624288082122802734e-01 5.249967798590660095e-02
4.453798234462738037e-01 5.371980369091033936e-02
4.348835051059722900e-01 5.443613976240158081e-02
4.195647835731506348e-01 5.543063580989837646e-02
4.168544709682464600e-01 5.560001358389854431e-02
4.033069312572479248e-01 5.641546100378036499e-02
3.974072635173797607e-01 5.675372853875160217e-02
3.888749480247497559e-01 5.722405016422271729e-02
3.842740952968597412e-01 5.746813863515853882e-02
3.722793161869049072e-01 5.807159841060638428e-02
3.602976202964782715e-01 5.862477421760559082e-02
3.519753813743591309e-01 5.897815898060798645e-02
3.460442125797271729e-01 5.921385437250137329e-02
3.313419222831726074e-01 5.973728373646736145e-02
3.200978040695190430e-01 6.007564440369606018e-02
3.025678992271423340e-01 6.048715487122535706e-02
2.965445816516876221e-01 6.059373170137405396e-02
2.859644293785095215e-01 6.073495745658874512e-02
2.702647447586059570e-01 6.082927435636520386e-02
2.580687403678894043e-01 6.079975888133049011e-02
2.542344331741333008e-01 6.077063456177711487e-02
2.482194304466247559e-01 6.070489808917045593e-02
2.430316209793090820e-01 6.062785908579826355e-02
2.373979538679122925e-01 6.052205339074134827e-02
2.152836024761199951e-01 5.986598879098892212e-02
2.039762139320373535e-01 5.936769396066665649e-02
1.884845942258834839e-01 5.848281458020210266e-02
1.757426559925079346e-01 5.756037682294845581e-02
1.668630689382553101e-01 5.680241808295249939e-02
1.550201475620269775e-01 5.562913045287132263e-02
1.480015367269515991e-01 5.483843386173248291e-02
1.400738805532455444e-01 5.385236069560050964e-02
1.145549863576889038e-01 4.990730062127113342e-02
1.019327044486999512e-01 4.743963852524757385e-02
9.369345754384994507e-02 4.560702294111251831e-02
7.947985082864761353e-02 4.196132719516754150e-02
6.892706453800201416e-02 3.878313675522804260e-02
6.411801278591156006e-02 3.717610985040664673e-02
6.001221388578414917e-02 3.571422770619392395e-02
4.521904513239860535e-02 2.959961444139480591e-02
3.881058841943740845e-02 2.640069089829921722e-02
3.338010236620903015e-02 2.329616248607635498e-02
2.892853878438472748e-02 2.034878544509410858e-02
2.589403092861175537e-02 1.800951547920703888e-02
2.226064540445804596e-02 1.453755795955657959e-02
1.954792998731136322e-02 1.053632795810699463e-02
1.900250278413295746e-02 8.997251279652118683e-03
1.880566217005252838e-02 6.781767588108778000e-03
1.902699843049049377e-02 5.613681860268115997e-03
1.980404369533061981e-02 3.956454340368509293e-03
2.010528370738029480e-02 3.529518144205212593e-03
2.056693844497203827e-02 2.974740928038954735e-03
2.148003131151199341e-02 2.094485796988010406e-03
2.531377971172332764e-02 -2.491670602466911077e-04
2.625844441354274750e-02 -6.557654705829918385e-04
2.846441045403480530e-02 -1.455628545954823494e-03
3.085802309215068817e-02 -2.146636135876178741e-03
3.547351434826850891e-02 -3.122021909803152084e-03
4.717827960848808289e-02 -4.329918418079614639e-03
5.199581384658813477e-02 -4.491319879889488220e-03
5.836838111281394958e-02 -4.502127412706613541e-03
8.077117055654525757e-02 -3.382554044947028160e-03
8.707496523857116699e-02 -2.873154589906334877e-03
9.517356008291244507e-02 -2.153621986508369446e-03
1.048749014735221863e-01 -1.235174015164375305e-03
1.161348372697830200e-01 -1.419379987055435777e-04
1.370018422603607178e-01 1.823032507672905922e-03
1.443107426166534424e-01 2.466228324919939041e-03
1.593643128871917725e-01 3.689223434776067734e-03
1.676390469074249268e-01 4.296816419810056686e-03
1.736405789852142334e-01 4.707178100943565369e-03
1.806460469961166382e-01 5.153328180313110352e-03
1.909100711345672607e-01 5.742632318288087845e-03
2.046891152858734131e-01 6.414211355149745941e-03
2.149703949689865112e-01 6.827923003584146500e-03
2.196790724992752075e-01 6.993128452450037003e-03
2.357387244701385498e-01 7.446048781275749207e-03
2.481362521648406982e-01 7.683975156396627426e-03
2.541701197624206543e-01 7.766382303088903427e-03
2.660132050514221191e-01 7.867660373449325562e-03
2.744739055633544922e-01 7.893203757703304291e-03
2.830240726470947266e-01 7.881446741521358490e-03
2.919844985008239746e-01 7.830621674656867981e-03
2.994815111160278320e-01 7.759312167763710022e-03
3.045567572116851807e-01 7.696793880313634872e-03
3.105720281600952148e-01 7.608423940837383270e-03
3.295184671878814697e-01 7.235369645059108734e-03
3.367547988891601562e-01 7.057726848870515823e-03
3.435183763504028320e-01 6.875518243759870529e-03
3.559593558311462402e-01 6.502301432192325592e-03
3.610032200813293457e-01 6.337850820273160934e-03
3.694905340671539307e-01 6.045281421393156052e-03
3.935602903366088867e-01 5.119324196130037308e-03
4.003143012523651123e-01 4.837210755795240402e-03
4.153878986835479736e-01 4.178134258836507797e-03
4.261870384216308594e-01 3.684358671307563782e-03
4.370482861995697021e-01 3.172668628394603729e-03
4.511736035346984863e-01 2.489059697836637497e-03
4.617919623851776123e-01 1.964824507012963295e-03
4.689669013023376465e-01 1.606911304406821728e-03
4.781783819198608398e-01 1.144339214079082012e-03
4.934001266956329346e-01 3.759984974749386311e-04
5.046415328979492188e-01 -1.914744934765622020e-04
5.139246582984924316e-01 -6.582002388313412666e-04
5.210317373275756836e-01 -1.013512373901903629e-03
5.402042269706726074e-01 -1.958760200068354607e-03
5.507964491844177246e-01 -2.469897503033280373e-03
5.719631314277648926e-01 -3.460057079792022705e-03
5.873178243637084961e-01 -4.146824125200510025e-03
6.041198968887329102e-01 -4.862491041421890259e-03
6.123415827751159668e-01 -5.197555292397737503e-03
6.254039406776428223e-01 -5.707661621272563934e-03
6.340181231498718262e-01 -6.028215866535902023e-03
6.453772783279418945e-01 -6.430462468415498734e-03
6.637083292007446289e-01 -7.027279585599899292e-03
6.738681793212890625e-01 -7.328470703214406967e-03
6.823947429656982422e-01 -7.564042694866657257e-03
6.972567439079284668e-01 -7.935372181236743927e-03
7.078720331192016602e-01 -8.168619126081466675e-03
7.170609235763549805e-01 -8.348034694790840149e-03
7.245180010795593262e-01 -8.477761410176753998e-03
7.359910607337951660e-01 -8.648619987070560455e-03
7.507159709930419922e-01 -8.814743719995021820e-03
7.594061493873596191e-01 -8.883561939001083374e-03
7.727385163307189941e-01 -8.945106528699398041e-03
7.859187722206115723e-01 -8.951312862336635590e-03
7.951849102973937988e-01 -8.921730332076549530e-03
8.052861690521240234e-01 -8.856262080371379852e-03
8.178151249885559082e-01 -8.724955841898918152e-03
8.277721405029296875e-01 -8.579333312809467316e-03
8.380259871482849121e-01 -8.389464579522609711e-03
8.531349897384643555e-01 -8.032145909965038300e-03
8.614529967308044434e-01 -7.794009521603584290e-03
8.722006082534790039e-01 -7.440455723553895950e-03
8.794698715209960938e-01 -7.170783355832099915e-03
8.926531076431274414e-01 -6.615679245442152023e-03
9.030505418777465820e-01 -6.115000229328870773e-03
9.076375365257263184e-01 -5.875812843441963196e-03
9.146632552146911621e-01 -5.487260874360799789e-03
9.321289658546447754e-01 -4.404787905514240265e-03
9.408310055732727051e-01 -3.807549830526113510e-03
9.518231153488159180e-01 -3.013959387317299843e-03
9.610646367073059082e-01 -2.340402919799089432e-03
9.632883667945861816e-01 -2.182262251153588295e-03
9.650435447692871094e-01 -2.059546532109379768e-03
