9.620782732963562012e-01 5.476227495819330215e-03
9.607672691345214844e-01 5.784123204648494720e-03
9.582159519195556641e-01 6.368027999997138977e-03
9.478549361228942871e-01 8.579135872423648834e-03
9.144242405891418457e-01 1.471292600035667419e-02
9.004935026168823242e-01 1.699308305978775024e-02
8.897617459297180176e-01 1.866755075752735138e-02
8.855191469192504883e-01 1.931145042181015015e-02
8.750165700912475586e-01 2.086365036666393280e-02
8.665311932563781738e-01 2.207599394023418427e-02
8.481470346450805664e-01 2.458004467189311981e-02
8.406561017036437988e-01 2.555355988442897797e-02
8.228029608726501465e-01 2.776649966835975647e-02
8.134763240814208984e-01 2.886283397674560547e-02
7.994645833969116211e-01 3.043297864496707916e-02
7.920675873756408691e-01 3.122455254197120667e-02
7.835980653762817383e-01 3.209901601076126099e-02
7.771440148353576660e-01 3.274242952466011047e-02
7.655318975448608398e-01 3.384991735219955444e-02
7.603917717933654785e-01 3.431944549083709717e-02
7.483016252517700195e-01 3.537343814969062805e-02
7.261656522750854492e-01 3.711886331439018250e-02
7.097068428993225098e-01 3.826149180531501770e-02
7.019286751747131348e-01 3.875546529889106750e-02
6.872268915176391602e-01 3.960904851555824280e-02
6.781215071678161621e-01 4.008562117815017700e-02
6.680212020874023438e-01 4.056831076741218567e-02
6.605213284492492676e-01 4.089592024683952332e-02
6.442270874977111816e-01 4.151931405067443848e-02
6.334577798843383789e-01 4.186684638261795044e-02
6.196655631065368652e-01 4.224018380045890808e-02
6.051521301269531250e-01 4.255026578903198242e-02
5.974481105804443359e-01 4.268218204379081726e-02
5.850843191146850586e-01 4.284925386309623718e-02
5.790436267852783203e-01 4.291184991598129272e-02
5.706894397735595703e-01 4.297889769077301025e-02
5.595546364784240723e-01 4.303506389260292053e-02
5.497347712516784668e-01 4.305524751543998718e-02
5.384407639503479004e-01 4.304724931716918945e-02
5.272684693336486816e-01 4.300935566425323486e-02
5.156968235969543457e-01 4.294186830520629883e-02
5.094794034957885742e-01 4.289486631751060486e-02
4.934297204017639160e-01 4.274277761578559875e-02
4.904000461101531982e-01 4.270958527922630310e-02
4.761740565299987793e-01 4.253714531660079956e-02
4.686642885208129883e-01 4.243629425764083862e-02
4.578499794006347656e-01 4.228094592690467834e-02
4.478561282157897949e-01 4.212827607989311218e-02
4.350002706050872803e-01 4.192132875323295593e-02
4.232432544231414795e-01 4.172379523515701294e-02
4.110115170478820801e-01 4.151186719536781311e-02
4.046007692813873291e-01 4.139874130487442017e-02
3.984352052211761475e-01 4.128889366984367371e-02
3.898886144161224365e-01 4.113516956567764282e-02
3.824749290943145752e-01 4.100072383880615234e-02
3.749484717845916748e-01 4.086337238550186157e-02
3.642039000988006592e-01 4.066604375839233398e-02
3.496709465980529785e-01 4.039701446890830994e-02
3.401502966880798340e-01 4.021933674812316895e-02
3.344251513481140137e-01 4.011183232069015503e-02
3.261920511722564697e-01 3.995616734027862549e-02
3.155976831912994385e-01 3.975348174571990967e-02
3.030145168304443359e-01 3.950806707143783569e-02
2.896927595138549805e-01 3.924046829342842102e-02
2.848458290100097656e-01 3.914055228233337402e-02
2.658259868621826172e-01 3.873082250356674194e-02
2.567407488822937012e-01 3.852257132530212402e-02
2.482140064239501953e-01 3.831779956817626953e-02
2.413748204708099365e-01 3.814595192670822144e-02
2.323588430881500244e-01 3.790752962231636047e-02
2.249577045440673828e-01 3.770028799772262573e-02
2.154003679752349854e-01 3.741503134369850159e-02
2.062947303056716919e-01 3.712208196520805359e-02
1.912494897842407227e-01 3.658442571759223938e-02
1.781576871871948242e-01 3.605162724852561951e-02
1.709110140800476074e-01 3.572607040405273438e-02
1.596142500638961792e-01 3.516826778650283813e-02
1.532528549432754517e-01 3.482392057776451111e-02
1.474575102329254150e-01 3.448913991451263428e-02
1.352169215679168701e-01 3.370795026421546936e-02
1.235426291823387146e-01 3.285504877567291260e-02
1.123017370700836182e-01 3.191561624407768250e-02
1.039009317755699158e-01 3.112459369003772736e-02
9.082015603780746460e-02 2.971101179718971252e-02
8.271366357803344727e-02 2.870170772075653076e-02
7.607601583003997803e-02 2.778372727334499359e-02
5.980323627591133118e-02 2.508395537734031677e-02
5.298194289207458496e-02 2.369972690939903259e-02
4.270949959754943848e-02 2.119453251361846924e-02
3.697222471237182617e-02 1.947645843029022217e-02
3.032992035150527954e-02 1.701999641954898834e-02
2.267544157803058624e-02 1.290878374129533768e-02
2.033331617712974548e-02 1.094368193298578262e-02
1.874881424009799957e-02 8.978350088000297546e-03
1.793927885591983795e-02 7.233189884573221207e-03
1.771345362067222595e-02 6.184865254908800125e-03
1.807881519198417664e-02 3.310570726171135902e-03
1.844162493944168091e-02 2.504948526620864868e-03
1.870340667665004730e-02 2.041033701971173286e-03
1.916777901351451874e-02 1.348012825474143028e-03
2.078753337264060974e-02 -4.405826621223241091e-04
2.242824248969554901e-02 -1.782781910151243210e-03
2.341122925281524658e-02 -2.463455311954021454e-03
2.546505816280841827e-02 -3.691892372444272041e-03
2.824891544878482819e-02 -5.072128493338823318e-03
3.907948359847068787e-02 -8.812747895717620850e-03
4.798674955964088440e-02 -1.086053159087896347e-02
5.646244063973426819e-02 -1.232304237782955170e-02
7.448118180036544800e-02 -1.445227768272161484e-02
8.681344240903854370e-02 -1.540277060121297836e-02
9.498014301061630249e-02 -1.587411388754844666e-02
1.031772345304489136e-01 -1.624700985848903656e-02
1.086925938725471497e-01 -1.645011641085147858e-02
1.234464421868324280e-01 -1.683960855007171631e-02
1.322990655899047852e-01 -1.698571629822254181e-02
1.390476226806640625e-01 -1.706149056553840637e-02
1.442894935607910156e-01 -1.710196956992149353e-02
1.497026681900024414e-01 -1.712882891297340393e-02
1.584697067737579346e-01 -1.714421249926090240e-02
1.698046177625656128e-01 -1.712107099592685699e-02
1.758501082658767700e-01 -1.709236390888690948e-02
1.897422820329666138e-01 -1.699244789779186249e-02
2.002052664756774902e-01 -1.689277403056621552e-02
2.069220095872879028e-01 -1.682042889297008514e-02
2.191151678562164307e-01 -1.667658984661102295e-02
2.237680852413177490e-01 -1.661842688918113708e-02
2.428675740957260132e-01 -1.636801660060882568e-02
2.511445581912994385e-01 -1.625626534223556519e-02
2.598006725311279297e-01 -1.613886654376983643e-02
2.738555073738098145e-01 -1.594934239983558655e-02
2.817088365554809570e-01 -1.584498025476932526e-02
2.882582545280456543e-01 -1.575916819274425507e-02
2.949197292327880859e-01 -1.567323319613933563e-02
3.012824058532714844e-01 -1.559256296604871750e-02
3.091654479503631592e-01 -1.549467258155345917e-02
3.140518665313720703e-01 -1.543519645929336548e-02
3.331306278705596924e-01 -1.521206554025411606e-02
3.362474143505096436e-01 -1.517700217664241791e-02
3.468866944313049316e-01 -1.506012864410877228e-02
3.630627989768981934e-01 -1.489029731601476669e-02
3.704679012298583984e-01 -1.481537241488695145e-02
3.789764344692230225e-01 -1.473116222769021988e-02
3.842983543872833252e-01 -1.467937696725130081e-02
3.985639810562133789e-01 -1.454318687319755554e-02
4.172843694686889648e-01 -1.436775643378496170e-02
4.263095557689666748e-01 -1.428329199552536011e-02
4.349166154861450195e-01 -1.420212630182504654e-02
4.451852142810821533e-01 -1.410381495952606201e-02
4.631922543048858643e-01 -1.392503455281257629e-02
4.757505655288696289e-01 -1.379346940666437149e-02
4.859136343002319336e-01 -1.368162781000137329e-02
4.900057911872863770e-01 -1.363502908498048782e-02
5.117636322975158691e-01 -1.336981449276208878e-02
5.187026858329772949e-01 -1.327829621732234955e-02
5.302589535713195801e-01 -1.311756297945976257e-02
5.454128384590148926e-01 -1.288979034870862961e-02
5.592833161354064941e-01 -1.266317814588546753e-02
5.677764415740966797e-01 -1.251543872058391571e-02
5.800647139549255371e-01 -1.228922605514526367e-02
5.921823382377624512e-01 -1.205145195126533508e-02
6.120024919509887695e-01 -1.163076888769865036e-02
6.307992339134216309e-01 -1.119562238454818726e-02
6.346478462219238281e-01 -1.110224518924951553e-02
6.553128957748413086e-01 -1.057674642652273178e-02
6.681683659553527832e-01 -1.022992096841335297e-02
6.923913955688476562e-01 -9.537113830447196960e-03
7.028601169586181641e-01 -9.222588501870632172e-03
7.100431919097900391e-01 -9.001742117106914520e-03
7.204350829124450684e-01 -8.675196208059787750e-03
7.365455031394958496e-01 -8.153084665536880493e-03
7.453030943870544434e-01 -7.861458696424961090e-03
7.574063539505004883e-01 -7.449707947671413422e-03
7.658280730247497559e-01 -7.157389540225267410e-03
7.765191197395324707e-01 -6.779628805816173553e-03
7.886816263198852539e-01 -6.341018248349428177e-03
7.957581281661987305e-01 -6.081592291593551636e-03
8.155617117881774902e-01 -5.339492112398147583e-03
8.207998275756835938e-01 -5.139328539371490479e-03
8.355666399002075195e-01 -4.566591698676347733e-03
8.447341322898864746e-01 -4.204885568469762802e-03
8.579534888267517090e-01 -3.675344865769147873e-03
8.616748452186584473e-01 -3.524634987115859985e-03
8.765227198600769043e-01 -2.916579134762287140e-03
8.901396989822387695e-01 -2.350403228774666786e-03
8.990892171859741211e-01 -1.974759623408317566e-03
9.030461907386779785e-01 -1.808032277040183544e-03
9.169121384620666504e-01 -1.222767401486635208e-03
9.319413304328918457e-01 -5.947016179561614990e-04
9.472631216049194336e-01 1.453092318115523085e-05
9.542432427406311035e-01 2.670370158739387989e-04
9.592683911323547363e-01 4.314589314162731171e-04
9.621586203575134277e-01 5.170542281121015549e-04
