9.640617966651916504e-01 -6.947249858058057725e-06
9.631698727607727051e-01 2.329099515918642282e-05
9.579520225524902344e-01 2.532657235860824585e-04
9.479925036430358887e-01 8.775153546594083309e-04
9.320092797279357910e-01 2.208743244409561157e-03
9.191811680793762207e-01 3.476664423942565918e-03
8.978108167648315430e-01 5.868377629667520523e-03
8.891533613204956055e-01 6.916909478604793549e-03
8.767820000648498535e-01 8.482023142278194427e-03
8.670135140419006348e-01 9.767732582986354828e-03
8.538838028907775879e-01 1.155808474868535995e-02
8.430510163307189941e-01 1.308432873338460922e-02
8.265236020088195801e-01 1.549032889306545258e-02
8.186296224594116211e-01 1.666999794542789459e-02
8.003227114677429199e-01 1.947528682649135590e-02
7.954785823822021484e-01 2.023283205926418304e-02
7.838015556335449219e-01 2.208352461457252502e-02
7.671136856079101562e-01 2.478477731347084045e-02
7.324119806289672852e-01 3.058915026485919952e-02
7.231281995773315430e-01 3.217932954430580139e-02
7.051820755004882812e-01 3.529083356261253357e-02
6.919623017311096191e-01 3.761046379804611206e-02
6.742963790893554688e-01 4.073961451649665833e-02
6.701042056083679199e-01 4.148614034056663513e-02
6.554027199745178223e-01 4.411328583955764771e-02
6.509286165237426758e-01 4.491491615772247314e-02
6.365963220596313477e-01 4.748649150133132935e-02
6.296553015708923340e-01 4.873247817158699036e-02
6.162328720092773438e-01 5.113944411277770996e-02
6.064619421958923340e-01 5.288681760430335999e-02
5.992541313171386719e-01 5.417168885469436646e-02
5.764998793601989746e-01 5.819345265626907349e-02
5.701436996459960938e-01 5.930453166365623474e-02
5.639262795448303223e-01 6.038487702608108521e-02
5.528124570846557617e-01 6.229810789227485657e-02
5.495777726173400879e-01 6.285010278224945068e-02
5.416553020477294922e-01 6.419213861227035522e-02
5.346274971961975098e-01 6.536977738142013550e-02
5.116512775421142578e-01 6.912331283092498779e-02
5.047567486763000488e-01 7.021723687648773193e-02
4.978219568729400635e-01 7.130071520805358887e-02
4.914802610874176025e-01 7.227608561515808105e-02
4.838030040264129639e-01 7.343580573797225952e-02
4.700190126895904541e-01 7.545670866966247559e-02
4.645622968673706055e-01 7.623359560966491699e-02
4.542843103408813477e-01 7.765901088714599609e-02
4.413573443889617920e-01 7.937750965356826782e-02
4.339760243892669678e-01 8.031947910785675049e-02
4.279367029666900635e-01 8.106786757707595825e-02
4.175018370151519775e-01 8.231180906295776367e-02
4.089028835296630859e-01 8.328806608915328979e-02
4.052698016166687012e-01 8.368681371212005615e-02
3.958671689033508301e-01 8.467953652143478394e-02
3.851524293422698975e-01 8.573930710554122925e-02
3.787440359592437744e-01 8.633529394865036011e-02
3.713339269161224365e-01 8.698786050081253052e-02
3.554336726665496826e-01 8.824987709522247314e-02
3.325400054454803467e-01 8.971366286277770996e-02
3.290177285671234131e-01 8.989965170621871948e-02
3.224056065082550049e-01 9.021925181150436401e-02
3.177393376827239990e-01 9.042111039161682129e-02
3.120812177658081055e-01 9.063901752233505249e-02
3.009909391403198242e-01 9.097808599472045898e-02
2.959483265876770020e-01 9.109252691268920898e-02
2.917536795139312744e-01 9.116823971271514893e-02
2.823789417743682861e-01 9.127196669578552246e-02
2.763187587261199951e-01 9.128943085670471191e-02
2.725054621696472168e-01 9.127994626760482788e-02
2.607593238353729248e-01 9.114804118871688843e-02
2.422393113374710083e-01 9.060899913311004639e-02
2.328382581472396851e-01 9.017069637775421143e-02
2.221115529537200928e-01 8.952666074037551880e-02
2.148377597332000732e-01 8.899865299463272095e-02
2.074318826198577881e-01 8.838191628456115723e-02
1.975814700126647949e-01 8.743238449096679688e-02
1.897982060909271240e-01 8.657286316156387329e-02
1.779314726591110229e-01 8.506607264280319214e-02
1.535635292530059814e-01 8.115718513727188110e-02
1.359954029321670532e-01 7.757127285003662109e-02
1.230631694197654724e-01 7.446017861366271973e-02
1.177235022187232971e-01 7.304684072732925415e-02
1.149912774562835693e-01 7.229267060756683350e-02
1.048579216003417969e-01 6.930121034383773804e-02
9.827785938978195190e-02 6.718356907367706299e-02
9.476532787084579468e-02 6.599240750074386597e-02
8.192452788352966309e-02 6.124420464038848877e-02
6.576514989137649536e-02 5.425129085779190063e-02
5.754301324486732483e-02 5.016595125198364258e-02
4.511092603206634521e-02 4.313154146075248718e-02
3.806755691766738892e-02 3.856702148914337158e-02
3.027632832527160645e-02 3.285309672355651855e-02
2.624649181962013245e-02 2.952835150063037872e-02
2.338566444814205170e-02 2.695973217487335205e-02
1.800603233277797699e-02 2.143678814172744751e-02
1.586469821631908417e-02 1.883804984390735626e-02
1.327315811067819595e-02 1.508945412933826447e-02
1.191206276416778564e-02 1.257684547454118729e-02
1.113997772336006165e-02 1.074032485485076904e-02
1.052852626889944077e-02 8.653512224555015564e-03
1.026885304600000381e-02 6.872660480439662933e-03
1.067865639925003052e-02 3.317703492939472198e-03
1.172633282840251923e-02 1.187799382023513317e-03
1.319161709398031235e-02 -5.267093656584620476e-04
1.494610123336315155e-02 -1.925979042425751686e-03
2.158778905868530273e-02 -4.986687563359737396e-03
3.026596643030643463e-02 -7.048911415040493011e-03
3.419046476483345032e-02 -7.662369869649410248e-03
3.998892381787300110e-02 -8.355339989066123962e-03
4.766945540904998779e-02 -9.006008505821228027e-03
6.534170359373092651e-02 -9.839335456490516663e-03
8.581307530403137207e-02 -1.023305952548980713e-02
9.582618623971939087e-02 -1.032145414501428604e-02
1.151546239852905273e-01 -1.041203923523426056e-02
1.265634447336196899e-01 -1.044903416186571121e-02
1.388014107942581177e-01 -1.049358118325471878e-02
1.494321227073669434e-01 -1.054416224360466003e-02
1.585804969072341919e-01 -1.060019526630640030e-02
1.736843734979629517e-01 -1.072310656309127808e-02
1.955294162034988403e-01 -1.097500603646039963e-02
2.000312507152557373e-01 -1.103811711072921753e-02
2.083755433559417725e-01 -1.116507593542337418e-02
2.189968526363372803e-01 -1.134495344012975693e-02
2.342302203178405762e-01 -1.163670979440212250e-02
2.408402413129806519e-01 -1.177483610808849335e-02
2.482789158821105957e-01 -1.193797774612903595e-02
2.594833374023437500e-01 -1.219787821173667908e-02
2.723399102687835693e-01 -1.251468248665332794e-02
2.767522633075714111e-01 -1.262742187827825546e-02
2.922765612602233887e-01 -1.303765270859003067e-02
3.073504567146301270e-01 -1.345171593129634857e-02
3.197445273399353027e-01 -1.379962172359228134e-02
3.290528357028961182e-01 -1.406323257833719254e-02
3.411729037761688232e-01 -1.440695207566022873e-02
3.565346896648406982e-01 -1.483901776373386383e-02
3.656349778175354004e-01 -1.509084459394216537e-02
3.740282952785491943e-01 -1.531908288598060608e-02
3.839594423770904541e-01 -1.558285206556320190e-02
3.876357674598693848e-01 -1.567849889397621155e-02
3.960695266723632812e-01 -1.589326560497283936e-02
4.079530537128448486e-01 -1.618357002735137939e-02
4.155609309673309326e-01 -1.636095531284809113e-02
4.203388392925262451e-01 -1.646868698298931122e-02
4.289567768573760986e-01 -1.665537990629673004e-02
4.446803331375122070e-01 -1.696885190904140472e-02
4.513131082057952881e-01 -1.708989404141902924e-02
4.562583267688751221e-01 -1.717561855912208557e-02
4.634361565113067627e-01 -1.729303412139415741e-02
4.744787812232971191e-01 -1.745707355439662933e-02
4.812958240509033203e-01 -1.754814386367797852e-02
4.856554865837097168e-01 -1.760228350758552551e-02
4.972136616706848145e-01 -1.773030497133731842e-02
5.033366680145263672e-01 -1.778907515108585358e-02
5.244046449661254883e-01 -1.794482395052909851e-02
5.340109467506408691e-01 -1.799310185015201569e-02
5.545872449874877930e-01 -1.805337890982627869e-02
5.603416562080383301e-01 -1.806071959435939789e-02
5.652276277542114258e-01 -1.806402392685413361e-02
5.723169445991516113e-01 -1.806436106562614441e-02
5.786474347114562988e-01 -1.806055381894111633e-02
5.988116860389709473e-01 -1.802654750645160675e-02
6.110317111015319824e-01 -1.799301244318485260e-02
6.230241656303405762e-01 -1.795312203466892242e-02
6.359090805053710938e-01 -1.790447160601615906e-02
6.396634578704833984e-01 -1.788939721882343292e-02
6.513851284980773926e-01 -1.784021034836769104e-02
6.592155098915100098e-01 -1.780577190220355988e-02
6.671989560127258301e-01 -1.776946149766445160e-02
6.821470260620117188e-01 -1.769804581999778748e-02
6.929614543914794922e-01 -1.764306053519248962e-02
7.022359371185302734e-01 -1.759302802383899689e-02
7.064325213432312012e-01 -1.756932586431503296e-02
7.184403538703918457e-01 -1.749697513878345490e-02
7.299838066101074219e-01 -1.741951517760753632e-02
7.377582192420959473e-01 -1.736184768378734589e-02
7.693732976913452148e-01 -1.706278882920742035e-02
7.762313485145568848e-01 -1.697995327413082123e-02
7.847681641578674316e-01 -1.686537452042102814e-02
7.898550033569335938e-01 -1.679040305316448212e-02
8.048270940780639648e-01 -1.653634943068027496e-02
8.114474415779113770e-01 -1.640598289668560028e-02
8.268557786941528320e-01 -1.605181954801082611e-02
8.328723907470703125e-01 -1.589165069162845612e-02
8.488233089447021484e-01 -1.539656519889831543e-02
8.630737662315368652e-01 -1.485185790807008743e-02
8.696677088737487793e-01 -1.456096116453409195e-02
8.840737938880920410e-01 -1.382357720285654068e-02
8.993310332298278809e-01 -1.285760290920734406e-02
9.170943498611450195e-01 -1.141747646033763885e-02
9.425777196884155273e-01 -8.483424782752990723e-03
9.576405882835388184e-01 -6.055439356714487076e-03
9.590672254562377930e-01 -5.793806631118059158e-03
9.614831209182739258e-01 -5.338510032743215561e-03
