9.688383936882019043e-01 -3.781874896958470345e-03
9.682595133781433105e-01 -3.725148271769285202e-03
9.655730724334716797e-01 -3.446405055001378059e-03
9.605822563171386719e-01 -2.874300582334399223e-03
9.477906227111816406e-01 -1.189862028695642948e-03
9.383288025856018066e-01 1.958151260623708367e-04
9.257780909538269043e-01 2.165244659408926964e-03
9.217855334281921387e-01 2.817665459588170052e-03
9.138741493225097656e-01 4.142340738326311111e-03
9.059063196182250977e-01 5.514938384294509888e-03
8.916606307029724121e-01 8.052542805671691895e-03
8.834013938903808594e-01 9.566778317093849182e-03
8.698712587356567383e-01 1.210659276694059372e-02
8.541458845138549805e-01 1.513918116688728333e-02
8.334638476371765137e-01 1.923823542892932892e-02
8.282092213630676270e-01 2.029688842594623566e-02
8.186098933219909668e-01 2.224667929112911224e-02
8.110837340354919434e-01 2.378841675817966461e-02
7.968158125877380371e-01 2.673854120075702667e-02
7.856161594390869141e-01 2.907557599246501923e-02
7.779949307441711426e-01 3.067469410598278046e-02
7.548890709877014160e-01 3.555499762296676636e-02
7.472791671752929688e-01 3.716922178864479065e-02
7.416958212852478027e-01 3.835471346974372864e-02
7.227190732955932617e-01 4.238496720790863037e-02
7.145210504531860352e-01 4.412360489368438721e-02
7.008377909660339355e-01 4.701729118824005127e-02
6.907973885536193848e-01 4.913110285997390747e-02
6.782332658767700195e-01 5.176079645752906799e-02
6.719092726707458496e-01 5.307671427726745605e-02
6.628533005714416504e-01 5.495062470436096191e-02
6.499913334846496582e-01 5.758813396096229553e-02
6.421761512756347656e-01 5.917533487081527710e-02
6.275475621223449707e-01 6.211120635271072388e-02
6.197797656059265137e-01 6.364995241165161133e-02
6.062467098236083984e-01 6.629401445388793945e-02
5.957310199737548828e-01 6.831385940313339233e-02
5.897726416587829590e-01 6.944397836923599243e-02
5.814968943595886230e-01 7.099551707506179810e-02
5.740172266960144043e-01 7.237889617681503296e-02
5.640418529510498047e-01 7.419443130493164062e-02
5.426889657974243164e-01 7.795929908752441406e-02
5.328778028488159180e-01 7.962934672832489014e-02
5.214110612869262695e-01 8.152969181537628174e-02
5.119617581367492676e-01 8.305158466100692749e-02
5.058581233024597168e-01 8.401244878768920898e-02
4.909661710262298584e-01 8.627991378307342529e-02
4.851309657096862793e-01 8.713717758655548096e-02
4.685682356357574463e-01 8.946882188320159912e-02
4.540480971336364746e-01 9.138147532939910889e-02
4.444604218006134033e-01 9.257262945175170898e-02
4.396381676197052002e-01 9.314915537834167480e-02
4.307716488838195801e-01 9.416840970516204834e-02
4.163724482059478760e-01 9.570618718862533569e-02
4.087940752506256104e-01 9.645446389913558960e-02
4.028089344501495361e-01 9.701444953680038452e-02
3.865139484405517578e-01 9.839473664760589600e-02
3.777809739112854004e-01 9.904395788908004761e-02
3.691386878490447998e-01 9.962136298418045044e-02
3.578650951385498047e-01 1.002738103270530701e-01
3.518885672092437744e-01 1.005718186497688293e-01
3.392410278320312500e-01 1.010891422629356384e-01
3.192943334579467773e-01 1.015772297978401184e-01
3.118464350700378418e-01 1.016515940427780151e-01
3.045089840888977051e-01 1.016651839017868042e-01
2.962380945682525635e-01 1.016075387597084045e-01
2.866263985633850098e-01 1.014405041933059692e-01
2.651659250259399414e-01 1.006615385413169861e-01
2.567889094352722168e-01 1.001981273293495178e-01
2.490038126707077026e-01 9.968363493680953979e-02
2.388997822999954224e-01 9.889160096645355225e-02
2.257816791534423828e-01 9.764563292264938354e-02
2.185669690370559692e-01 9.685148298740386963e-02
2.109263390302658081e-01 9.592302888631820679e-02
1.962259113788604736e-01 9.387322515249252319e-02
1.790986210107803345e-01 9.102187305688858032e-02
1.727969050407409668e-01 8.983965963125228882e-02
1.595208346843719482e-01 8.709980547428131104e-02
1.495690047740936279e-01 8.481188118457794189e-02
1.363531202077865601e-01 8.143973350524902344e-02
1.233774125576019287e-01 7.772670686244964600e-02
1.097541153430938721e-01 7.335289567708969116e-02
9.746148437261581421e-02 6.893618404865264893e-02
7.543952018022537231e-02 5.968631803989410400e-02
7.258802652359008789e-02 5.833999812602996826e-02
6.601036339998245239e-02 5.507981032133102417e-02
5.185737088322639465e-02 4.719641059637069702e-02
4.467347264289855957e-02 4.261329770088195801e-02
4.186533018946647644e-02 4.068347811698913574e-02
3.709040209650993347e-02 3.718165680766105652e-02
3.328752517700195312e-02 3.414975479245185852e-02
2.493411116302013397e-02 2.634800225496292114e-02
1.798605360090732574e-02 1.716307178139686584e-02
1.679499633610248566e-02 1.480347663164138794e-02
1.555217802524566650e-02 1.118525303900241852e-02
1.526188943535089493e-02 6.507806014269590378e-03
1.557560265064239502e-02 5.007507745176553726e-03
1.676668040454387665e-02 2.367774955928325653e-03
1.726082526147365570e-02 1.648935023695230484e-03
1.818680204451084137e-02 5.479652900248765945e-04
1.981638185679912567e-02 -9.406476165167987347e-04
2.230557613074779510e-02 -2.628556918352842331e-03
2.454878389835357666e-02 -3.811424830928444862e-03
2.819307148456573486e-02 -5.340374074876308441e-03
3.233670070767402649e-02 -6.720861420035362244e-03
4.061123728752136230e-02 -8.857809007167816162e-03
5.085564777255058289e-02 -1.091421395540237427e-02
5.801708996295928955e-02 -1.214559841901063919e-02
6.841391324996948242e-02 -1.375662349164485931e-02
8.949000388383865356e-02 -1.664729602634906769e-02
1.044593453407287598e-01 -1.851380430161952972e-02
1.170368120074272156e-01 -1.999893039464950562e-02
1.279524266719818115e-01 -2.123701572418212891e-02
1.492817848920822144e-01 -2.353905141353607178e-02
1.619498580694198608e-01 -2.484023571014404297e-02
1.723932176828384399e-01 -2.587851136922836304e-02
1.831691265106201172e-01 -2.691845409572124481e-02
1.975654810667037964e-01 -2.825948409736156464e-02
2.119657993316650391e-01 -2.954670414328575134e-02
2.301518470048904419e-01 -3.109593875706195831e-02
2.469618916511535645e-01 -3.245242312550544739e-02
2.616767585277557373e-01 -3.357994556427001953e-02
2.795927822589874268e-01 -3.487637266516685486e-02
2.921905219554901123e-01 -3.573687747120857239e-02
2.999650835990905762e-01 -3.624653443694114685e-02
3.061374723911285400e-01 -3.663936257362365723e-02
3.187033832073211670e-01 -3.740634769201278687e-02
3.233192861080169678e-01 -3.767691552639007568e-02
3.413808941841125488e-01 -3.867649286985397339e-02
3.520559966564178467e-01 -3.922202065587043762e-02
3.610067069530487061e-01 -3.965279832482337952e-02
3.654170036315917969e-01 -3.985595703125000000e-02
3.984539210796356201e-01 -4.117982089519500732e-02
4.043747782707214355e-01 -4.137887805700302124e-02
4.115905165672302246e-01 -4.160514473915100098e-02
4.169348478317260742e-01 -4.176102206110954285e-02
4.283798038959503174e-01 -4.206063598394393921e-02
4.359114170074462891e-01 -4.223186150193214417e-02
4.468288719654083252e-01 -4.244261607527732849e-02
4.513319432735443115e-01 -4.251640290021896362e-02
4.629389941692352295e-01 -4.267051443457603455e-02
4.787965416908264160e-01 -4.279499873518943787e-02
4.867958128452301025e-01 -4.281920939683914185e-02
5.064477920532226562e-01 -4.276593774557113647e-02
5.129126906394958496e-01 -4.271280765533447266e-02
5.256401896476745605e-01 -4.255593195557594299e-02
5.406885147094726562e-01 -4.228032007813453674e-02
5.513714551925659180e-01 -4.202523082494735718e-02
5.621218681335449219e-01 -4.171894490718841553e-02
5.744123458862304688e-01 -4.130860790610313416e-02
5.824941396713256836e-01 -4.100444167852401733e-02
5.873893499374389648e-01 -4.080721363425254822e-02
5.966717600822448730e-01 -4.040693864226341248e-02
6.013562679290771484e-01 -4.019217565655708313e-02
6.094225645065307617e-01 -3.980289772152900696e-02
6.253434419631958008e-01 -3.896585479378700256e-02
6.296660304069519043e-01 -3.872374072670936584e-02
6.362559199333190918e-01 -3.834313526749610901e-02
6.458549499511718750e-01 -3.776527196168899536e-02
6.538887023925781250e-01 -3.726172819733619690e-02
6.612794399261474609e-01 -3.678369522094726562e-02
6.769932508468627930e-01 -3.572515770792961121e-02
6.868816614151000977e-01 -3.503312915563583374e-02
6.960133910179138184e-01 -3.437862172722816467e-02
7.108516693115234375e-01 -3.328750282526016235e-02
7.251108884811401367e-01 -3.221103549003601074e-02
7.332252860069274902e-01 -3.158754855394363403e-02
7.399570345878601074e-01 -3.106465563178062439e-02
7.512708306312561035e-01 -3.017465025186538696e-02
7.621072530746459961e-01 -2.930902503430843353e-02
7.734331488609313965e-01 -2.839002385735511780e-02
7.793484926223754883e-01 -2.790392935276031494e-02
7.849440574645996094e-01 -2.744005061686038971e-02
7.892788648605346680e-01 -2.707783132791519165e-02
7.982677817344665527e-01 -2.631832472980022430e-02
8.022219538688659668e-01 -2.598042786121368408e-02
8.221162557601928711e-01 -2.424128167331218719e-02
8.268870115280151367e-01 -2.381352707743644714e-02
8.487362265586853027e-01 -2.179281413555145264e-02
8.597075939178466797e-01 -2.073478326201438904e-02
8.700618147850036621e-01 -1.970556192100048065e-02
8.769444227218627930e-01 -1.900329254567623138e-02
8.940706849098205566e-01 -1.718470081686973572e-02
9.019258022308349609e-01 -1.631236262619495392e-02
9.165479540824890137e-01 -1.461336482316255569e-02
9.218833446502685547e-01 -1.396578457206487656e-02
9.364376664161682129e-01 -1.210925169289112091e-02
9.505295157432556152e-01 -1.015483122318983078e-02
9.607215523719787598e-01 -8.609113283455371857e-03
9.661146998405456543e-01 -7.729910779744386673e-03
9.685103297233581543e-01 -7.322304416447877884e-03
9.695123434066772461e-01 -7.148308213800191879e-03
