9.657211899757385254e-01 3.496750723570585251e-03
9.648247361183166504e-01 3.549478948116302490e-03
9.606197476387023926e-01 3.813765477389097214e-03
9.499910473823547363e-01 4.574876744300127029e-03
9.271852374076843262e-01 6.477424409240484238e-03
9.008132219314575195e-01 8.933040313422679901e-03
8.791866898536682129e-01 1.107158232480287552e-02
8.715407252311706543e-01 1.184783596545457840e-02
8.519033193588256836e-01 1.388161443173885345e-02
8.406628966331481934e-01 1.506874524056911469e-02
8.180130124092102051e-01 1.750556193292140961e-02
8.132308721542358398e-01 1.802714169025421143e-02
7.899125218391418457e-01 2.060357108712196350e-02
7.778157591819763184e-01 2.196109853684902191e-02
7.604894638061523438e-01 2.392999827861785889e-02
7.570664286613464355e-01 2.432241104543209076e-02
7.478588223457336426e-01 2.538355998694896698e-02
7.333210110664367676e-01 2.707610093057155609e-02
7.231612205505371094e-01 2.827167138457298279e-02
7.103765010833740234e-01 2.979163825511932373e-02
6.916301846504211426e-01 3.205324709415435791e-02
6.855237483978271484e-01 3.279881179332733154e-02
6.689492464065551758e-01 3.484584018588066101e-02
6.620653867721557617e-01 3.570644184947013855e-02
6.423746347427368164e-01 3.820398822426795959e-02
6.358006596565246582e-01 3.905009105801582336e-02
6.188162565231323242e-01 4.126583039760589600e-02
6.117281913757324219e-01 4.220343008637428284e-02
6.014261245727539062e-01 4.357990995049476624e-02
5.945289134979248047e-01 4.451056942343711853e-02
5.780087709426879883e-01 4.676879569888114929e-02
5.601571202278137207e-01 4.925310239195823669e-02
5.533563494682312012e-01 5.021061003208160400e-02
5.483232736587524414e-01 5.092279240489006042e-02
5.450030565261840820e-01 5.139421299099922180e-02
5.419810414314270020e-01 5.182429030537605286e-02
5.304296016693115234e-01 5.347650125622749329e-02
5.216358304023742676e-01 5.474160984158515930e-02
5.056266188621520996e-01 5.705578997731208801e-02
4.923053979873657227e-01 5.898572131991386414e-02
4.864210486412048340e-01 5.983760207891464233e-02
4.829535782337188721e-01 6.033901497721672058e-02
4.663996398448944092e-01 6.272196024656295776e-02
4.602148234844207764e-01 6.360552459955215454e-02
4.534089565277099609e-01 6.457193940877914429e-02
4.471298456192016602e-01 6.545697152614593506e-02
4.302893579006195068e-01 6.779184192419052124e-02
4.282360076904296875e-01 6.807196140289306641e-02
4.230737686157226562e-01 6.877115368843078613e-02
4.160672724246978760e-01 6.970766186714172363e-02
4.079079926013946533e-01 7.077825814485549927e-02
4.031478166580200195e-01 7.139196991920471191e-02
3.967232108116149902e-01 7.220642268657684326e-02
3.805538415908813477e-01 7.417780905961990356e-02
3.755991756916046143e-01 7.475703954696655273e-02
3.683502972126007080e-01 7.558141648769378662e-02
3.612070679664611816e-01 7.636522501707077026e-02
3.509595692157745361e-01 7.743646204471588135e-02
3.474603295326232910e-01 7.778701931238174438e-02
3.349876403808593750e-01 7.896891981363296509e-02
3.205379843711853027e-01 8.019556105136871338e-02
3.061456084251403809e-01 8.124986290931701660e-02
2.985937297344207764e-01 8.173079043626785278e-02
2.961326539516448975e-01 8.187621831893920898e-02
2.856915891170501709e-01 8.242890983819961548e-02
2.728348970413208008e-01 8.295932412147521973e-02
2.634238004684448242e-01 8.323612064123153687e-02
2.583601772785186768e-01 8.334413915872573853e-02
2.436169683933258057e-01 8.348745852708816528e-02
2.228134572505950928e-01 8.322548866271972656e-02
2.170219272375106812e-01 8.304913341999053955e-02
2.008347362279891968e-01 8.230032026767730713e-02
1.966259479522705078e-01 8.204112201929092407e-02
1.885636597871780396e-01 8.146666735410690308e-02
1.827148646116256714e-01 8.098375797271728516e-02
1.680222153663635254e-01 7.951261103153228760e-02
1.590173393487930298e-01 7.841815054416656494e-02
1.506280153989791870e-01 7.725808024406433105e-02
1.337050348520278931e-01 7.447413355112075806e-02
1.293771564960479736e-01 7.366011291742324829e-02
1.196163222193717957e-01 7.165899872779846191e-02
1.071211621165275574e-01 6.873662024736404419e-02
1.017848178744316101e-01 6.735389679670333862e-02
9.665042906999588013e-02 6.594105809926986694e-02
8.025100082159042358e-02 6.082302704453468323e-02
7.201633602380752563e-02 5.785230919718742371e-02
5.628965422511100769e-02 5.123144760727882385e-02
4.823059216141700745e-02 4.721891507506370544e-02
4.409700632095336914e-02 4.494705796241760254e-02
4.081841930747032166e-02 4.302015155553817749e-02
3.041507489979267120e-02 3.591655567288398743e-02
2.467356249690055847e-02 3.099529817700386047e-02
2.053294889628887177e-02 2.660805545747280121e-02
1.659496873617172241e-02 2.101380005478858948e-02
1.512850448489189148e-02 1.803837716579437256e-02
1.395324897021055222e-02 1.440428849309682846e-02
1.350823789834976196e-02 1.128371898084878922e-02
1.381467655301094055e-02 6.912480574101209641e-03
1.565701514482498169e-02 1.807046588510274887e-03
1.724079996347427368e-02 -7.634227513335645199e-04
1.929372549057006836e-02 -3.330149920657277107e-03
2.354466915130615234e-02 -7.369471713900566101e-03
2.697594091296195984e-02 -9.961934760212898254e-03
3.143221139907836914e-02 -1.281480211764574051e-02
3.524623066186904907e-02 -1.494275685399770737e-02
4.374746233224868774e-02 -1.899579726159572601e-02
5.011802911758422852e-02 -2.159754745662212372e-02
5.678575485944747925e-02 -2.403531782329082489e-02
7.051230221986770630e-02 -2.838014438748359680e-02
8.008188009262084961e-02 -3.100178018212318420e-02
9.359797090291976929e-02 -3.426452353596687317e-02
9.931792318820953369e-02 -3.551260009407997131e-02
1.049520820379257202e-01 -3.667293861508369446e-02
1.127140969038009644e-01 -3.816704452037811279e-02
1.275827139616012573e-01 -4.072004184126853943e-02
1.431647390127182007e-01 -4.300197586417198181e-02
1.601328402757644653e-01 -4.507487267255783081e-02
1.741033643484115601e-01 -4.648681357502937317e-02
1.813287436962127686e-01 -4.711944609880447388e-02
1.988792866468429565e-01 -4.839631170034408569e-02
2.106480151414871216e-01 -4.905832186341285706e-02
2.177604585886001587e-01 -4.938716068863868713e-02
2.203538417816162109e-01 -4.949419200420379639e-02
2.271663099527359009e-01 -4.974331706762313843e-02
2.450815290212631226e-01 -5.018709972500801086e-02
2.567210793495178223e-01 -5.032091587781906128e-02
2.779542803764343262e-01 -5.027722567319869995e-02
2.880162894725799561e-01 -5.013610422611236572e-02
2.956332564353942871e-01 -4.998128488659858704e-02
2.989645898342132568e-01 -4.990106448531150818e-02
3.141699731349945068e-01 -4.944287985563278198e-02
3.194546997547149658e-01 -4.924987629055976868e-02
3.259875774383544922e-01 -4.898845776915550232e-02
3.339051008224487305e-01 -4.863916710019111633e-02
3.557149469852447510e-01 -4.750636219978332520e-02
3.647173643112182617e-01 -4.697174578905105591e-02
3.730816841125488281e-01 -4.644301533699035645e-02
3.787680566310882568e-01 -4.606691002845764160e-02
3.877193629741668701e-01 -4.544914513826370239e-02
3.922770321369171143e-01 -4.512310773134231567e-02
4.151984751224517822e-01 -4.337740689516067505e-02
4.199447333812713623e-01 -4.299588501453399658e-02
4.234628379344940186e-01 -4.270910471677780151e-02
4.396493136882781982e-01 -4.134947434067726135e-02
4.514912366867065430e-01 -4.031786695122718811e-02
4.535312354564666748e-01 -4.013741016387939453e-02
4.620148837566375732e-01 -3.937910497188568115e-02
4.688063859939575195e-01 -3.876378387212753296e-02
4.786411821842193604e-01 -3.786155954003334045e-02
4.830587804317474365e-01 -3.745254129171371460e-02
4.941384792327880859e-01 -3.641835227608680725e-02
5.009728670120239258e-01 -3.577558696269989014e-02
5.057525038719177246e-01 -3.532439470291137695e-02
5.131028890609741211e-01 -3.462849557399749756e-02
5.263314247131347656e-01 -3.337255120277404785e-02
5.280820727348327637e-01 -3.320622444152832031e-02
5.459797382354736328e-01 -3.150821477174758911e-02
5.609874129295349121e-01 -3.009346500039100647e-02
5.689411163330078125e-01 -2.934927865862846375e-02
5.767623186111450195e-01 -2.862230502068996429e-02
6.118425130844116211e-01 -2.543709427118301392e-02
6.297289133071899414e-01 -2.386993356049060822e-02
6.436167359352111816e-01 -2.268256060779094696e-02
6.525593400001525879e-01 -2.193195000290870667e-02
6.604840755462646484e-01 -2.127593569457530975e-02
6.633532643318176270e-01 -2.104052342474460602e-02
6.718223690986633301e-01 -2.035213448107242584e-02
6.820089221000671387e-01 -1.953671872615814209e-02
6.863527297973632812e-01 -1.919310539960861206e-02
7.028781771659851074e-01 -1.790731400251388550e-02
7.155162692070007324e-01 -1.694580167531967163e-02
7.211641669273376465e-01 -1.652187108993530273e-02
7.421836853027343750e-01 -1.497313845902681351e-02
7.449820041656494141e-01 -1.477020792663097382e-02
7.807285189628601074e-01 -1.223766617476940155e-02
7.879739403724670410e-01 -1.173687912523746490e-02
7.945334315299987793e-01 -1.128691993653774261e-02
8.004782199859619141e-01 -1.088191289454698563e-02
8.150577545166015625e-01 -9.899824857711791992e-03
8.254051804542541504e-01 -9.212727658450603485e-03
8.414115905761718750e-01 -8.167286403477191925e-03
8.466864228248596191e-01 -7.827860303223133087e-03
8.605656623840332031e-01 -6.948517635464668274e-03
8.761118650436401367e-01 -5.991751793771982193e-03
8.873623609542846680e-01 -5.322831217199563980e-03
8.953083157539367676e-01 -4.865210503339767456e-03
9.115533828735351562e-01 -3.978904336690902710e-03
9.304258227348327637e-01 -3.064849646762013435e-03
9.406069517135620117e-01 -2.643075771629810333e-03
9.587226510047912598e-01 -2.035874174907803535e-03
9.623857140541076660e-01 -1.925998018123209476e-03
9.647184014320373535e-01 -1.853664172813296318e-03
