9.667683839797973633e-01 8.908419986255466938e-04
9.662214517593383789e-01 9.588919929228723049e-04
9.626445770263671875e-01 1.405388931743800640e-03
9.481185674667358398e-01 3.248223569244146347e-03
9.101877212524414062e-01 8.277015760540962219e-03
8.912091851234436035e-01 1.088937371969223022e-02
8.713582754135131836e-01 1.367737445980310440e-02
8.644680380821228027e-01 1.465707272291183472e-02
8.541811108589172363e-01 1.613046228885650635e-02
8.414162993431091309e-01 1.797575131058692932e-02
8.101484775543212891e-01 2.256974764168262482e-02
8.034829497337341309e-01 2.356195822358131409e-02
7.933873534202575684e-01 2.507297694683074951e-02
7.813129425048828125e-01 2.689312212169170380e-02
7.610813379287719727e-01 2.997396141290664673e-02
7.567071318626403809e-01 3.064513020217418671e-02
7.486804723739624023e-01 3.188142552971839905e-02
7.358291745185852051e-01 3.387351334095001221e-02
7.258279919624328613e-01 3.543474152684211731e-02
7.162516713142395020e-01 3.693867847323417664e-02
7.008622884750366211e-01 3.937448188662528992e-02
6.928523182868957520e-01 4.065167903900146484e-02
6.762637495994567871e-01 4.331776127219200134e-02
6.696129441261291504e-01 4.439482465386390686e-02
6.478274464607238770e-01 4.795667901635169983e-02
6.380556821823120117e-01 4.957161843776702881e-02
6.311201453208923340e-01 5.072445794939994812e-02
6.283093094825744629e-01 5.119331181049346924e-02
6.091488599777221680e-01 5.441377311944961548e-02
5.966955423355102539e-01 5.653018876910209656e-02
5.845747590065002441e-01 5.860746651887893677e-02
5.644785165786743164e-01 6.208861991763114929e-02
5.546312332153320312e-01 6.381022185087203979e-02
5.516400933265686035e-01 6.433513760566711426e-02
5.430104136466979980e-01 6.585418432950973511e-02
5.349503159523010254e-01 6.727882474660873413e-02
5.227113962173461914e-01 6.945161521434783936e-02
5.088825225830078125e-01 7.191720604896545410e-02
5.019878745079040527e-01 7.314921915531158447e-02
4.990010261535644531e-01 7.368329167366027832e-02
4.937211871147155762e-01 7.462760806083679199e-02
4.874834716320037842e-01 7.574320584535598755e-02
4.683950841426849365e-01 7.915020734071731567e-02
4.597478508949279785e-01 8.068597316741943359e-02
4.536967575550079346e-01 8.175605535507202148e-02
4.409990906715393066e-01 8.398521691560745239e-02
4.342472553253173828e-01 8.515913039445877075e-02
4.212329387664794922e-01 8.739323914051055908e-02
4.168228507041931152e-01 8.814019709825515747e-02
4.084855318069458008e-01 8.953610807657241821e-02
3.978371918201446533e-01 9.128339588642120361e-02
3.804228901863098145e-01 9.403760731220245361e-02
3.675773441791534424e-01 9.597006440162658691e-02
3.585350215435028076e-01 9.727092087268829346e-02
3.490334749221801758e-01 9.857822209596633911e-02
3.438231945037841797e-01 9.926683455705642700e-02
3.369618356227874756e-01 1.001408547163009644e-01
3.265773952007293701e-01 1.013871952891349792e-01
3.110685646533966064e-01 1.030590683221817017e-01
3.051484823226928711e-01 1.036315858364105225e-01
3.016997575759887695e-01 1.039472743868827820e-01
2.918502390384674072e-01 1.047725006937980652e-01
2.859513163566589355e-01 1.052099466323852539e-01
2.761450707912445068e-01 1.058369874954223633e-01
2.657617628574371338e-01 1.063560843467712402e-01
2.546957135200500488e-01 1.067335829138755798e-01
2.522383034229278564e-01 1.067915260791778564e-01
2.368344217538833618e-01 1.069276407361030579e-01
2.335615009069442749e-01 1.069039404392242432e-01
2.137229889631271362e-01 1.063359230756759644e-01
2.005060762166976929e-01 1.055254638195037842e-01
1.973191499710083008e-01 1.052749827504158020e-01
1.872617155313491821e-01 1.043374538421630859e-01
1.677074134349822998e-01 1.018385142087936401e-01
1.592225283384323120e-01 1.004573553800582886e-01
1.469386965036392212e-01 9.811587631702423096e-02
1.434590667486190796e-01 9.737572818994522095e-02
1.309887766838073730e-01 9.442884474992752075e-02
1.246228888630867004e-01 9.273874014616012573e-02
1.187067925930023193e-01 9.104939550161361694e-02
1.127430722117424011e-01 8.922580629587173462e-02
1.072892397642135620e-01 8.744753152132034302e-02
9.457179158926010132e-02 8.286333084106445312e-02
8.261934667825698853e-02 7.794435322284698486e-02
7.745014131069183350e-02 7.561454921960830688e-02
6.807081401348114014e-02 7.104099541902542114e-02
6.398686021566390991e-02 6.889794021844863892e-02
5.721194297075271606e-02 6.511796265840530396e-02
4.202032834291458130e-02 5.543833225965499878e-02
3.326219692826271057e-02 4.889345169067382812e-02
2.555429004132747650e-02 4.232444614171981812e-02
2.090772800147533417e-02 3.787169605493545532e-02
1.846927590668201447e-02 3.534207865595817566e-02
1.573122851550579071e-02 3.230469673871994019e-02
1.173363346606492996e-02 2.738589793443679810e-02
8.910513482987880707e-03 2.342948317527770996e-02
6.601471453905105591e-03 1.974720135331153870e-02
4.654909134842455387e-04 4.183342214673757553e-03
1.316832931479439139e-04 2.067801542580127716e-03
-4.097997225471772254e-05 3.269135486334562302e-04
-7.136942440411075950e-05 -3.528378438204526901e-03
1.110489247366786003e-03 -9.947901591658592224e-03
3.459795610979199409e-03 -1.512866001576185226e-02
6.166635081171989441e-03 -1.886318437755107880e-02
1.247439812868833542e-02 -2.446974813938140869e-02
1.629976741969585419e-02 -2.684845216572284698e-02
2.859129942953586578e-02 -3.201401606202125549e-02
3.139889612793922424e-02 -3.285777196288108826e-02
4.313092678785324097e-02 -3.555341437458992004e-02
5.084348097443580627e-02 -3.679015487432479858e-02
5.857280641794204712e-02 -3.772490844130516052e-02
6.467344611883163452e-02 -3.829128667712211609e-02
6.943897902965545654e-02 -3.864588588476181030e-02
8.206926286220550537e-02 -3.928198665380477905e-02
9.514635801315307617e-02 -3.957634046673774719e-02
1.029796302318572998e-01 -3.961519896984100342e-02
1.252110004425048828e-01 -3.930829092860221863e-02
1.298103034496307373e-01 -3.918359428644180298e-02
1.352077722549438477e-01 -3.901558369398117065e-02
1.398229300975799561e-01 -3.885499387979507446e-02
1.465461701154708862e-01 -3.859590739011764526e-02
1.546370089054107666e-01 -3.824900090694427490e-02
1.659402102231979370e-01 -3.770965337753295898e-02
1.715685427188873291e-01 -3.742076829075813293e-02
1.889005601406097412e-01 -3.646273538470268250e-02
2.048943489789962769e-01 -3.550763428211212158e-02
2.173992097377777100e-01 -3.472675755620002747e-02
2.217504829168319702e-01 -3.444965928792953491e-02
2.269511073827743530e-01 -3.411549329757690430e-02
2.394133955240249634e-01 -3.330410271883010864e-02
2.516616880893707275e-01 -3.249641507863998413e-02
2.632209360599517822e-01 -3.172910213470458984e-02
2.749090194702148438e-01 -3.095186129212379456e-02
2.780446410179138184e-01 -3.074351884424686432e-02
2.983412146568298340e-01 -2.940160781145095825e-02
3.050796389579772949e-01 -2.896013110876083374e-02
3.194330334663391113e-01 -2.802935801446437836e-02
3.213858604431152344e-01 -2.790390513837337494e-02
3.332017064094543457e-01 -2.715164795517921448e-02
3.414576649665832520e-01 -2.663370221853256226e-02
3.703447878360748291e-01 -2.487915195524692535e-02
3.761981427669525146e-01 -2.453574538230895996e-02
3.838841319084167480e-01 -2.409153990447521210e-02
3.921525180339813232e-01 -2.362246811389923096e-02
4.085319936275482178e-01 -2.272121421992778778e-02
4.124784767627716064e-01 -2.250978536903858185e-02
4.200190305709838867e-01 -2.211214601993560791e-02
4.416725039482116699e-01 -2.101723663508892059e-02
4.477044343948364258e-01 -2.072479762136936188e-02
4.803287982940673828e-01 -1.923851668834686279e-02
4.911717772483825684e-01 -1.877976022660732269e-02
5.002797842025756836e-01 -1.840765401721000671e-02
5.087239146232604980e-01 -1.807325333356857300e-02
5.138773322105407715e-01 -1.787407696247100830e-02
5.247336626052856445e-01 -1.746637746691703796e-02
5.412499904632568359e-01 -1.687595434486865997e-02
5.560517907142639160e-01 -1.637584343552589417e-02
5.604168176651000977e-01 -1.623334363102912903e-02
5.722441673278808594e-01 -1.585810631513595581e-02
5.824686288833618164e-01 -1.554599683731794357e-02
5.949558615684509277e-01 -1.517935842275619507e-02
6.201367974281311035e-01 -1.448466256260871887e-02
6.307304501533508301e-01 -1.420864649116992950e-02
6.334494352340698242e-01 -1.413923781365156174e-02
6.626294851303100586e-01 -1.342778187245130539e-02
6.730601787567138672e-01 -1.318684313446283340e-02
6.773288846015930176e-01 -1.309003122150897980e-02
6.953487992286682129e-01 -1.269162818789482117e-02
7.059760093688964844e-01 -1.246351469308137894e-02
7.137792706489562988e-01 -1.229872461408376694e-02
7.208679914474487305e-01 -1.215071976184844971e-02
7.284902930259704590e-01 -1.199307944625616074e-02
7.430260777473449707e-01 -1.169562339782714844e-02
7.561483383178710938e-01 -1.142890192568302155e-02
7.624394297599792480e-01 -1.130100991576910019e-02
7.666127681732177734e-01 -1.121599413454532623e-02
7.720693945884704590e-01 -1.110447105020284653e-02
7.772356867790222168e-01 -1.099834498018026352e-02
8.019318580627441406e-01 -1.047818455845117569e-02
8.249716162681579590e-01 -9.958446957170963287e-03
8.388272523880004883e-01 -9.619314223527908325e-03
8.434404134750366211e-01 -9.500432759523391724e-03
8.506605029106140137e-01 -9.307228028774261475e-03
8.684886693954467773e-01 -8.784054778516292572e-03
8.987832665443420410e-01 -7.669810205698013306e-03
9.022833704948425293e-01 -7.514772936701774597e-03
9.159721136093139648e-01 -6.833652500063180923e-03
9.289510846138000488e-01 -6.045514717698097229e-03
9.404453635215759277e-01 -5.185641814023256302e-03
9.506577253341674805e-01 -4.247389733791351318e-03
9.643597006797790527e-01 -2.652713796123862267e-03
9.667697548866271973e-01 -2.329772105440497398e-03
