9.718375802040100098e-01 -1.956960186362266541e-03
9.710403084754943848e-01 -1.780897378921508789e-03
9.649055004119873047e-01 -3.906588826794177294e-04
9.573487043380737305e-01 1.363648567348718643e-03
9.103807210922241211e-01 1.240205857902765274e-02
8.909980654716491699e-01 1.693242043256759644e-02
8.795335292816162109e-01 1.960170082747936249e-02
8.771042823791503906e-01 2.016639895737171173e-02
8.678450584411621094e-01 2.231591381132602692e-02
8.563715815544128418e-01 2.497386932373046875e-02
8.382714986801147461e-01 2.915599010884761810e-02
8.224626779556274414e-01 3.279968723654747009e-02
8.025568127632141113e-01 3.737860545516014099e-02
7.822538614273071289e-01 4.204078018665313721e-02
7.696078419685363770e-01 4.494139552116394043e-02
7.647663950920104980e-01 4.605120047926902771e-02
7.586906552314758301e-01 4.744347557425498962e-02
7.496706247329711914e-01 4.950938746333122253e-02
7.375341057777404785e-01 5.228672549128532410e-02
7.288970351219177246e-01 5.426129698753356934e-02
7.032343149185180664e-01 6.011536344885826111e-02
6.754240393638610840e-01 6.642527878284454346e-02
6.642550826072692871e-01 6.894455105066299438e-02
6.631844043731689453e-01 6.918542087078094482e-02
6.266794204711914062e-01 7.732224464416503906e-02
6.190127134323120117e-01 7.900720834732055664e-02
6.093442440032958984e-01 8.111710846424102783e-02
6.019055843353271484e-01 8.272778987884521484e-02
5.831071138381958008e-01 8.674225956201553345e-02
5.729299187660217285e-01 8.887744694948196411e-02
5.570430755615234375e-01 9.214858710765838623e-02
5.432281494140625000e-01 9.492380917072296143e-02
5.215300321578979492e-01 9.913253039121627808e-02
5.173503160476684570e-01 9.991995245218276978e-02
5.119149088859558105e-01 1.009317785501480103e-01
4.940477609634399414e-01 1.041551008820533752e-01
4.901847839355468750e-01 1.048299223184585571e-01
4.870001375675201416e-01 1.053801402449607849e-01
4.665336012840270996e-01 1.087748706340789795e-01
4.647940099239349365e-01 1.090516075491905212e-01
4.484117925167083740e-01 1.115603148937225342e-01
4.427274465560913086e-01 1.123878732323646545e-01
4.318659901618957520e-01 1.139043867588043213e-01
4.155430793762207031e-01 1.160147190093994141e-01
4.104640185832977295e-01 1.166279315948486328e-01
4.076316356658935547e-01 1.169606223702430725e-01
3.979630172252655029e-01 1.180450916290283203e-01
3.867245018482208252e-01 1.192025542259216309e-01
3.762402534484863281e-01 1.201781108975410461e-01
3.393310904502868652e-01 1.227485015988349915e-01
3.293237090110778809e-01 1.231964901089668274e-01
3.274560272693634033e-01 1.232676580548286438e-01
3.241492807865142822e-01 1.233838498592376709e-01
3.123061954975128174e-01 1.236955150961875916e-01
3.080218732357025146e-01 1.237670332193374634e-01
3.025248944759368896e-01 1.238260194659233093e-01
2.946664392948150635e-01 1.238449364900588989e-01
2.765814661979675293e-01 1.235857084393501282e-01
2.724328041076660156e-01 1.234646588563919067e-01
2.688446044921875000e-01 1.233408898115158081e-01
2.638689577579498291e-01 1.231396123766899109e-01
2.180678099393844604e-01 1.195634081959724426e-01
2.122630029916763306e-01 1.188732534646987915e-01
2.056832760572433472e-01 1.180220544338226318e-01
1.987239867448806763e-01 1.170400083065032959e-01
1.915586441755294800e-01 1.159388646483421326e-01
1.820944249629974365e-01 1.143401488661766052e-01
1.755908876657485962e-01 1.131433025002479553e-01
1.745706349611282349e-01 1.129481196403503418e-01
1.707869321107864380e-01 1.122064143419265747e-01
1.543196886777877808e-01 1.086403056979179382e-01
1.382774561643600464e-01 1.046075969934463501e-01
1.343883126974105835e-01 1.035419031977653503e-01
1.284336149692535400e-01 1.018406897783279419e-01
1.222645863890647888e-01 9.998684376478195190e-02
1.134113743901252747e-01 9.715726226568222046e-02
1.069039106369018555e-01 9.494466334581375122e-02
1.022811233997344971e-01 9.330160170793533325e-02
9.935465455055236816e-02 9.222986549139022827e-02
8.773814886808395386e-02 8.772266656160354614e-02
7.813137024641036987e-02 8.367017656564712524e-02
7.237239927053451538e-02 8.108853548765182495e-02
6.283168494701385498e-02 7.653965801000595093e-02
5.039117857813835144e-02 7.004354894161224365e-02
4.592847451567649841e-02 6.753910332918167114e-02
3.840887546539306641e-02 6.308445334434509277e-02
3.156634420156478882e-02 5.874457210302352905e-02
2.854195609688758850e-02 5.672862753272056580e-02
2.158314734697341919e-02 5.182971060276031494e-02
1.582237333059310913e-02 4.745466634631156921e-02
9.051288478076457977e-03 4.184762388467788696e-02
9.432409424334764481e-04 3.421957790851593018e-02
-4.299094900488853455e-03 2.847240120172500610e-02
-7.352285552769899368e-03 2.464738488197326660e-02
-1.138679776340723038e-02 1.864656433463096619e-02
-1.515799760818481445e-02 1.065186876803636551e-02
-1.613849960267543793e-02 7.203906774520874023e-03
-1.668193377554416656e-02 3.660487709566950798e-03
-1.675045304000377655e-02 2.443359000608325005e-03
-1.649575307965278625e-02 -1.617275294847786427e-03
-1.576143875718116760e-02 -4.665421321988105774e-03
-1.455221604555845261e-02 -7.593070622533559799e-03
-9.197448380291461945e-03 -1.457662321627140045e-02
-7.421493064612150192e-03 -1.612982712686061859e-02
2.303578425198793411e-03 -2.218500711023807526e-02
1.247817929834127426e-02 -2.632643841207027435e-02
2.129099145531654358e-02 -2.900282107293605804e-02
2.741715870797634125e-02 -3.054069727659225464e-02
3.698762133717536926e-02 -3.256321325898170471e-02
4.501703754067420959e-02 -3.398762643337249756e-02
5.530651658773422241e-02 -3.553778678178787231e-02
6.290432065725326538e-02 -3.652422875165939331e-02
8.069537580013275146e-02 -3.843120113015174866e-02
9.034965187311172485e-02 -3.927825763821601868e-02
9.636121243238449097e-02 -3.975102677941322327e-02
1.277433782815933228e-01 -4.167623817920684814e-02
1.418095380067825317e-01 -4.230169579386711121e-02
1.479019820690155029e-01 -4.253526404500007629e-02
1.642915308475494385e-01 -4.306422173976898193e-02
1.849274188280105591e-01 -4.354875534772872925e-02
1.924202889204025269e-01 -4.368041455745697021e-02
2.004694491624832153e-01 -4.379788413643836975e-02
2.138288766145706177e-01 -4.394164681434631348e-02
2.206275612115859985e-01 -4.399177432060241699e-02
2.321125566959381104e-01 -4.404347389936447144e-02
2.473789304494857788e-01 -4.405218362808227539e-02
2.557828128337860107e-01 -4.402969032526016235e-02
2.609544098377227783e-01 -4.400670155882835388e-02
2.687110602855682373e-01 -4.395965486764907837e-02
2.786287665367126465e-01 -4.387839138507843018e-02
2.893530726432800293e-01 -4.376507550477981567e-02
3.048324882984161377e-01 -4.355759918689727783e-02
3.186783492565155029e-01 -4.333074763417243958e-02
3.274447321891784668e-01 -4.316815361380577087e-02
3.476020693778991699e-01 -4.274201393127441406e-02
3.605692088603973389e-01 -4.243183508515357971e-02
3.754107058048248291e-01 -4.204473271965980530e-02
3.819833695888519287e-01 -4.186298698186874390e-02
3.874509930610656738e-01 -4.170719534158706665e-02
3.937080204486846924e-01 -4.152394458651542664e-02
4.141543507575988770e-01 -4.089038446545600891e-02
4.223005771636962891e-01 -4.062419012188911438e-02
4.320306777954101562e-01 -4.029680788516998291e-02
4.443595707416534424e-01 -3.986835479736328125e-02
4.482403099536895752e-01 -3.973056375980377197e-02
4.545500576496124268e-01 -3.950371593236923218e-02
4.721144735813140869e-01 -3.885573148727416992e-02
4.800170361995697021e-01 -3.855719417333602905e-02
4.895043373107910156e-01 -3.819391503930091858e-02
5.027846097946166992e-01 -3.767792880535125732e-02
5.254674553871154785e-01 -3.678232058882713318e-02
5.307009816169738770e-01 -3.657409176230430603e-02
5.488640666007995605e-01 -3.584986552596092224e-02
5.538181662559509277e-01 -3.565240651369094849e-02
5.689198374748229980e-01 -3.505238145589828491e-02
5.857161283493041992e-01 -3.439094871282577515e-02
5.933151245117187500e-01 -3.409456834197044373e-02
6.014366745948791504e-01 -3.378018364310264587e-02
6.060065031051635742e-01 -3.360443562269210815e-02
6.362287998199462891e-01 -3.246482461690902710e-02
6.402508020401000977e-01 -3.231614455580711365e-02
6.539725065231323242e-01 -3.181366622447967529e-02
6.586380004882812500e-01 -3.164434060454368591e-02
6.777691245079040527e-01 -3.095587715506553650e-02
6.878125667572021484e-01 -3.059654682874679565e-02
7.028842568397521973e-01 -3.005645051598548889e-02
7.125070095062255859e-01 -2.970890887081623077e-02
7.160670757293701172e-01 -2.957940287888050079e-02
7.242900133132934570e-01 -2.927774190902709961e-02
7.364358305931091309e-01 -2.882357314229011536e-02
7.482393383979797363e-01 -2.836911194026470184e-02
7.569784522056579590e-01 -2.802202105522155762e-02
7.812511920928955078e-01 -2.699559740722179413e-02
7.871403098106384277e-01 -2.672966383397579193e-02
8.022660613059997559e-01 -2.600951865315437317e-02
8.140601515769958496e-01 -2.540564723312854767e-02
8.295211791992187500e-01 -2.454803511500358582e-02
8.405271768569946289e-01 -2.388518117368221283e-02
8.489066362380981445e-01 -2.334751933813095093e-02
8.579463958740234375e-01 -2.273214608430862427e-02
8.615424633026123047e-01 -2.247634530067443848e-02
8.717749714851379395e-01 -2.171121165156364441e-02
8.869315385818481445e-01 -2.046439610421657562e-02
8.901707530021667480e-01 -2.017819881439208984e-02
9.120986461639404297e-01 -1.802090741693973541e-02
9.226547479629516602e-01 -1.681750454008579254e-02
9.339725971221923828e-01 -1.537257898598909378e-02
9.463075399398803711e-01 -1.356262248009443283e-02
9.603440761566162109e-01 -1.108556427061557770e-02
9.675379395484924316e-01 -9.582026861608028412e-03
9.700642228126525879e-01 -9.011018089950084686e-03
9.715321660041809082e-01 -8.669613860547542572e-03
