9.661258459091186523e-01 4.536784836091101170e-04
9.652848243713378906e-01 5.893150228075683117e-04
9.624988436698913574e-01 1.035646186210215092e-03
9.498787522315979004e-01 3.009655512869358063e-03
9.263351559638977051e-01 6.533837877213954926e-03
9.116925597190856934e-01 8.643151260912418365e-03
8.922262787818908691e-01 1.136348955333232880e-02
8.814018964767456055e-01 1.283803209662437439e-02
8.698172569274902344e-01 1.438763365149497986e-02
8.615913391113281250e-01 1.547070313245058060e-02
8.523935079574584961e-01 1.666530780494213104e-02
8.464961647987365723e-01 1.742227002978324890e-02
8.375599980354309082e-01 1.855627261102199554e-02
8.294667005538940430e-01 1.957000046968460083e-02
8.157413005828857422e-01 2.126105502247810364e-02
8.121286630630493164e-01 2.170035801827907562e-02
8.020544648170471191e-01 2.291305921971797943e-02
7.955997586250305176e-01 2.368064038455486298e-02
7.854460477828979492e-01 2.487356588244438171e-02
7.803972363471984863e-01 2.546026557683944702e-02
7.635167837142944336e-01 2.739159576594829559e-02
7.476806044578552246e-01 2.916315197944641113e-02
7.310280799865722656e-01 3.098685294389724731e-02
7.277523279190063477e-01 3.134116902947425842e-02
7.093492746353149414e-01 3.330677747726440430e-02
6.877307295799255371e-01 3.556793555617332458e-02
6.757693886756896973e-01 3.680061921477317810e-02
6.680195331573486328e-01 3.759356588125228882e-02
6.578896641731262207e-01 3.862448781728744507e-02
6.475524902343750000e-01 3.967139869928359985e-02
6.326902508735656738e-01 4.117075353860855103e-02
6.208094954490661621e-01 4.236735776066780090e-02
6.014848351478576660e-01 4.431694373488426208e-02
5.920199751853942871e-01 4.527602344751358032e-02
5.787646174430847168e-01 4.662681743502616882e-02
5.750034451484680176e-01 4.701204970479011536e-02
5.654715895652770996e-01 4.799305647611618042e-02
5.505512952804565430e-01 4.954359307885169983e-02
5.463105440139770508e-01 4.998800531029701233e-02
5.387459993362426758e-01 5.078510567545890808e-02
5.282641053199768066e-01 5.189923942089080811e-02
5.190700292587280273e-01 5.288605391979217529e-02
5.067241787910461426e-01 5.422541871666908264e-02
4.976843595504760742e-01 5.521642789244651794e-02
4.807460904121398926e-01 5.709585174918174744e-02
4.785719215869903564e-01 5.733912065625190735e-02
4.659538567066192627e-01 5.875905975699424744e-02
4.544547796249389648e-01 6.006394326686859131e-02
4.462234377861022949e-01 6.100319325923919678e-02
4.392703771591186523e-01 6.179920956492424011e-02
4.180601835250854492e-01 6.423575431108474731e-02
4.124641120433807373e-01 6.487884372472763062e-02
4.069141745567321777e-01 6.551595777273178101e-02
3.980942964553833008e-01 6.652593612670898438e-02
3.908109664916992188e-01 6.735640764236450195e-02
3.869164884090423584e-01 6.779871135950088501e-02
3.653578460216522217e-01 7.021541893482208252e-02
3.591127693653106689e-01 7.090212404727935791e-02
3.437649011611938477e-01 7.255496084690093994e-02
3.230139613151550293e-01 7.468765974044799805e-02
3.149138092994689941e-01 7.547998428344726562e-02
3.083891570568084717e-01 7.609883695840835571e-02
2.969432771205902100e-01 7.713744044303894043e-02
2.722707390785217285e-01 7.913295924663543701e-02
2.693201005458831787e-01 7.934574037790298462e-02
2.581849694252014160e-01 8.009126782417297363e-02
2.511017620563507080e-01 8.051459491252899170e-02
2.430803626775741577e-01 8.094158768653869629e-02
2.300840914249420166e-01 8.150354027748107910e-02
2.250831872224807739e-01 8.167309314012527466e-02
2.209749221801757812e-01 8.179157227277755737e-02
2.100824415683746338e-01 8.200857788324356079e-02
1.990761309862136841e-01 8.207209408283233643e-02
1.801200062036514282e-01 8.176316320896148682e-02
1.734216958284378052e-01 8.151189982891082764e-02
1.672662347555160522e-01 8.120865374803543091e-02
1.583315432071685791e-01 8.063625544309616089e-02
1.435389667749404907e-01 7.930866628885269165e-02
1.385542601346969604e-01 7.874392718076705933e-02
1.243612915277481079e-01 7.677163928747177124e-02
1.171710714697837830e-01 7.554613798856735229e-02
1.131836548447608948e-01 7.479454576969146729e-02
1.024346128106117249e-01 7.248917967081069946e-02
9.234666824340820312e-02 6.991440802812576294e-02
8.477402478456497192e-02 6.768459081649780273e-02
7.421350479125976562e-02 6.408544629812240601e-02
6.742616742849349976e-02 6.142621487379074097e-02
6.166065856814384460e-02 5.892147123813629150e-02
5.066085234284400940e-02 5.339402705430984497e-02
4.242642596364021301e-02 4.844617098569869995e-02
3.190916776657104492e-02 4.066923633217811584e-02
1.817682385444641113e-02 2.529330551624298096e-02
1.670451089739799500e-02 2.267335169017314911e-02
1.583900861442089081e-02 2.086186595261096954e-02
1.361265499144792557e-02 1.243791542947292328e-02
1.374720968306064606e-02 8.696941658854484558e-03
1.416442263871431351e-02 6.763515528291463852e-03
1.473532989621162415e-02 5.144170485436916351e-03
1.520282775163650513e-02 4.149563144892454147e-03
1.579192467033863068e-02 3.125514835119247437e-03
1.719454303383827209e-02 1.274246955290436745e-03
1.842464506626129150e-02 5.497369420481845737e-05
2.200181223452091217e-02 -2.345111221075057983e-03
2.581276185810565948e-02 -3.823896171525120735e-03
3.737420588731765747e-02 -4.907551687210798264e-03
4.467570036649703979e-02 -4.070418421179056168e-03
4.725602269172668457e-02 -3.593970788642764091e-03
5.494491010904312134e-02 -1.774761127308011055e-03
6.699069589376449585e-02 1.831338624469935894e-03
7.308455556631088257e-02 3.825339255854487419e-03
7.781385630369186401e-02 5.397451110184192657e-03
8.621320128440856934e-02 8.174989372491836548e-03
9.598151594400405884e-02 1.129263639450073242e-02
1.091030761599540710e-01 1.516801957041025162e-02
1.160687953233718872e-01 1.705268584191799164e-02
1.251553595066070557e-01 1.932129263877868652e-02
1.359510123729705811e-01 2.173797786235809326e-02
1.414268463850021362e-01 2.285104058682918549e-02
1.488384306430816650e-01 2.424115873873233795e-02
1.573739051818847656e-01 2.568295598030090332e-02
1.667498499155044556e-01 2.708095870912075043e-02
1.741217970848083496e-01 2.805136516690254211e-02
1.783114075660705566e-01 2.855484373867511749e-02
1.863363236188888550e-01 2.942672371864318848e-02
2.088214159011840820e-01 3.127580881118774414e-02
2.168043255805969238e-01 3.174140676856040955e-02
2.254352718591690063e-01 3.214302286505699158e-02
2.390807569026947021e-01 3.257823362946510315e-02
2.486904710531234741e-01 3.274934366345405579e-02
2.623610794544219971e-01 3.281731531023979187e-02
2.711031138896942139e-01 3.276135027408599854e-02
2.781740725040435791e-01 3.266354277729988098e-02
2.891231179237365723e-01 3.242573887109756470e-02
2.925851643085479736e-01 3.232993185520172119e-02
2.950352728366851807e-01 3.225641697645187378e-02
2.981604039669036865e-01 3.215594962239265442e-02
3.187950551509857178e-01 3.131730109453201294e-02
3.304881155490875244e-01 3.072020225226879120e-02
3.363547325134277344e-01 3.039115667343139648e-02
3.418114483356475830e-01 3.006870672106742859e-02
3.524270653724670410e-01 2.939941361546516418e-02
3.632948994636535645e-01 2.866207994520664215e-02
3.761285245418548584e-01 2.773201093077659607e-02
3.840575516223907471e-01 2.712937444448471069e-02
4.147187769412994385e-01 2.464314922690391541e-02
4.223842322826385498e-01 2.399252355098724365e-02
4.331483244895935059e-01 2.306580543518066406e-02
4.467571973800659180e-01 2.187889069318771362e-02
4.679329991340637207e-01 2.001763135194778442e-02
4.773325026035308838e-01 1.919258572161197662e-02
4.911371767520904541e-01 1.798896491527557373e-02
4.977982938289642334e-01 1.741336099803447723e-02
5.132078528404235840e-01 1.609932444989681244e-02
5.146692395210266113e-01 1.597617939114570618e-02
5.429817438125610352e-01 1.365157216787338257e-02
5.688201189041137695e-01 1.164827402681112289e-02
5.827018618583679199e-01 1.062405854463577271e-02
5.980184078216552734e-01 9.538084268569946289e-03
6.171123981475830078e-01 8.249797858297824860e-03
6.265555620193481445e-01 7.639436051249504089e-03
6.307502388954162598e-01 7.373944390565156937e-03
6.387158632278442383e-01 6.879202090203762054e-03
6.453793048858642578e-01 6.474738009274005890e-03
6.510069370269775391e-01 6.139725446701049805e-03
6.700396537780761719e-01 5.050434730947017670e-03
6.925508975982666016e-01 3.846060484647750854e-03
7.083079218864440918e-01 3.054721048101782799e-03
7.153757214546203613e-01 2.713081659749150276e-03
7.246197462081909180e-01 2.278392435982823372e-03
7.350332736968994141e-01 1.804890343919396400e-03
7.461857795715332031e-01 1.316409790888428688e-03
7.536856532096862793e-01 9.985639480873942375e-04
7.659792900085449219e-01 4.958512727171182632e-04
7.703751921653747559e-01 3.215613833162933588e-04
7.835741639137268066e-01 -1.845667429734021425e-04
7.911597490310668945e-01 -4.637994861695915461e-04
8.080860972404479980e-01 -1.056110952049493790e-03
8.111228346824645996e-01 -1.157853403128683567e-03
8.326343297958374023e-01 -1.838324940763413906e-03
8.425132036209106445e-01 -2.126619685441255569e-03
8.579151034355163574e-01 -2.544371876865625381e-03
8.618902564048767090e-01 -2.645714674144983292e-03
8.718516230583190918e-01 -2.887592883780598640e-03
8.756763339042663574e-01 -2.975777024403214455e-03
8.988662362098693848e-01 -3.452877979725599289e-03
9.051572084426879883e-01 -3.565091872587800026e-03
9.162010550498962402e-01 -3.745327936485409737e-03
9.397291541099548340e-01 -4.087330307811498642e-03
9.535705447196960449e-01 -4.339816048741340637e-03
9.614261388778686523e-01 -4.570629913359880447e-03
9.637974500656127930e-01 -4.664140753448009491e-03
9.664264321327209473e-01 -4.785337019711732864e-03
