9.656662940979003906e-01 -3.949290839955210686e-05
9.644875526428222656e-01 1.281608128920197487e-04
9.610258340835571289e-01 5.968455225229263306e-04
9.453326463699340820e-01 2.498198999091982841e-03
9.305334091186523438e-01 4.173090681433677673e-03
9.210615754127502441e-01 5.236672703176736832e-03
8.967908024787902832e-01 8.018285967409610748e-03
8.879157900810241699e-01 9.070701897144317627e-03
8.782291412353515625e-01 1.024718768894672394e-02
8.670521974563598633e-01 1.164492499083280563e-02
8.564893007278442383e-01 1.300924923270940781e-02
8.489738702774047852e-01 1.400748081505298615e-02
8.428829908370971680e-01 1.483411435037851334e-02
8.301950693130493164e-01 1.660923473536968231e-02
8.123257756233215332e-01 1.923866756260395050e-02
8.062164187431335449e-01 2.017423324286937714e-02
7.986640930175781250e-01 2.135767601430416107e-02
7.861576080322265625e-01 2.338486723601818085e-02
7.742530703544616699e-01 2.539534121751785278e-02
7.620036005973815918e-01 2.754926681518554688e-02
7.410769462585449219e-01 3.143544495105743408e-02
7.354197502136230469e-01 3.253168240189552307e-02
7.189195752143859863e-01 3.584124520421028137e-02
7.130653858184814453e-01 3.705560415983200073e-02
6.996282935142517090e-01 3.992168232798576355e-02
6.938543319702148438e-01 4.118642956018447876e-02
6.761350035667419434e-01 4.518839716911315918e-02
6.681295037269592285e-01 4.705357179045677185e-02
6.594848036766052246e-01 4.910538345575332642e-02
6.524880528450012207e-01 5.079321190714836121e-02
6.410806179046630859e-01 5.359346047043800354e-02
6.307030320167541504e-01 5.618850886821746826e-02
6.205586194992065430e-01 5.876377224922180176e-02
6.124666929244995117e-01 6.084178388118743896e-02
6.054568290710449219e-01 6.265663355588912964e-02
5.981531739234924316e-01 6.455992162227630615e-02
5.903771519660949707e-01 6.659770756959915161e-02
5.815598964691162109e-01 6.891936808824539185e-02
5.702740550041198730e-01 7.190183550119400024e-02
5.608212947845458984e-01 7.440374791622161865e-02
5.488419532775878906e-01 7.757122069597244263e-02
5.386655330657958984e-01 8.025254309177398682e-02
5.311412811279296875e-01 8.222570270299911499e-02
5.090363621711730957e-01 8.795303851366043091e-02
4.993173778057098389e-01 9.042748063802719116e-02
4.800097346305847168e-01 9.523924440145492554e-02
4.682030081748962402e-01 9.810111671686172485e-02
4.605542123317718506e-01 9.991768747568130493e-02
4.554076790809631348e-01 1.011222153902053833e-01
4.455653727054595947e-01 1.033830940723419189e-01
4.262568056583404541e-01 1.076407060027122498e-01
4.101739525794982910e-01 1.109873503446578979e-01
3.993259966373443604e-01 1.131316870450973511e-01
3.906620740890502930e-01 1.147741824388504028e-01
3.761052191257476807e-01 1.173847541213035583e-01
3.688547611236572266e-01 1.186114028096199036e-01
3.573855161666870117e-01 1.204460486769676208e-01
3.434145748615264893e-01 1.224962919950485229e-01
3.323428630828857422e-01 1.239684075117111206e-01
3.177842199802398682e-01 1.256856322288513184e-01
3.135891556739807129e-01 1.261322647333145142e-01
3.055524826049804688e-01 1.269250512123107910e-01
2.978082299232482910e-01 1.276086270809173584e-01
2.897766828536987305e-01 1.282310634851455688e-01
2.781933546066284180e-01 1.289670318365097046e-01
2.718242704868316650e-01 1.292870342731475830e-01
2.638354301452636719e-01 1.295998841524124146e-01
2.468455731868743896e-01 1.299211084842681885e-01
2.338772863149642944e-01 1.298310458660125732e-01
2.136024236679077148e-01 1.290565431118011475e-01
2.064726650714874268e-01 1.285867542028427124e-01
1.977181732654571533e-01 1.278595924377441406e-01
1.841728240251541138e-01 1.263881772756576538e-01
1.782588213682174683e-01 1.256058216094970703e-01
1.731519550085067749e-01 1.248580962419509888e-01
1.607006043195724487e-01 1.227391883730888367e-01
1.530016064643859863e-01 1.212059110403060913e-01
1.361227929592132568e-01 1.171877458691596985e-01
1.230769529938697815e-01 1.133945062756538391e-01
1.128910779953002930e-01 1.099611297249794006e-01
1.070082262158393860e-01 1.077702194452285767e-01
1.031935364007949829e-01 1.062620431184768677e-01
9.691311419010162354e-02 1.036193594336509705e-01
8.848791569471359253e-02 9.973714500665664673e-02
8.208469301462173462e-02 9.650277346372604370e-02
7.546455413103103638e-02 9.287303686141967773e-02
6.725674122571945190e-02 8.792106062173843384e-02
5.307572335004806519e-02 7.795613259077072144e-02
4.669044539332389832e-02 7.275470346212387085e-02
4.037288576364517212e-02 6.706148386001586914e-02
2.686264738440513611e-02 5.241456627845764160e-02
2.220061607658863068e-02 4.622751846909523010e-02
1.655744016170501709e-02 3.743516653776168823e-02
1.339206285774707794e-02 3.149776905775070190e-02
1.165014971047639847e-02 2.770675905048847198e-02
9.486265480518341064e-03 2.207686938345432281e-02
8.548717945814132690e-03 1.906149275600910187e-02
7.340278010815382004e-03 1.391393877565860748e-02
6.773081142455339432e-03 9.831634350121021271e-03
6.628922652453184128e-03 7.636884227395057678e-03
6.726887542754411697e-03 3.225031541660428047e-03
9.192778728902339935e-03 -6.263790652155876160e-03
1.140117738395929337e-02 -1.009609363973140717e-02
1.461765542626380920e-02 -1.391051057726144791e-02
1.917590945959091187e-02 -1.767026074230670929e-02
2.324333786964416504e-02 -2.014499902725219727e-02
2.700129151344299316e-02 -2.197011187672615051e-02
3.338593617081642151e-02 -2.438955195248126984e-02
3.887785598635673523e-02 -2.599074505269527435e-02
5.493109673261642456e-02 -2.911113575100898743e-02
7.004385441541671753e-02 -3.077359870076179504e-02
8.005291223526000977e-02 -3.146029263734817505e-02
8.615331351757049561e-02 -3.176140785217285156e-02
9.980140626430511475e-02 -3.218824788928031921e-02
1.082691699266433716e-01 -3.231746703386306763e-02
1.141935139894485474e-01 -3.235859051346778870e-02
1.372208446264266968e-01 -3.222431987524032593e-02
1.560791432857513428e-01 -3.186366707086563110e-02
1.679148375988006592e-01 -3.155789524316787720e-02
1.721350401639938354e-01 -3.143721818923950195e-02
1.891284137964248657e-01 -3.090150281786918640e-02
1.983387917280197144e-01 -3.058403544127941132e-02
2.062614709138870239e-01 -3.029903769493103027e-02
2.200143635272979736e-01 -2.978345938026905060e-02
2.351199239492416382e-01 -2.919448539614677429e-02
2.464744299650192261e-01 -2.874102257192134857e-02
2.539602518081665039e-01 -2.843862771987915039e-02
2.618460059165954590e-01 -2.811809629201889038e-02
2.750379741191864014e-01 -2.757932990789413452e-02
2.881065905094146729e-01 -2.704512886703014374e-02
2.976119220256805420e-01 -2.665778994560241699e-02
3.111208677291870117e-01 -2.611099369823932648e-02
3.194802999496459961e-01 -2.577567845582962036e-02
3.250060379505157471e-01 -2.555560693144798279e-02
3.420142233371734619e-01 -2.488756552338600159e-02
3.520591259002685547e-01 -2.450067363679409027e-02
3.689188361167907715e-01 -2.386616542935371399e-02
3.748600780963897705e-01 -2.364743128418922424e-02
3.875697851181030273e-01 -2.318875491619110107e-02
4.011111557483673096e-01 -2.271489612758159637e-02
4.366550743579864502e-01 -2.155199460685253143e-02
4.436132311820983887e-01 -2.133921347558498383e-02
4.540671408176422119e-01 -2.102928608655929565e-02
4.649378955364227295e-01 -2.071981132030487061e-02
4.792742431163787842e-01 -2.033234946429729462e-02
4.887505471706390381e-01 -2.008953504264354706e-02
5.051438212394714355e-01 -1.969516836106777191e-02
5.158900618553161621e-01 -1.945468969643115997e-02
5.197899341583251953e-01 -1.937099359929561615e-02
5.378609299659729004e-01 -1.900820620357990265e-02
5.489758253097534180e-01 -1.880554854869842529e-02
5.610786676406860352e-01 -1.860245503485202789e-02
5.725328922271728516e-01 -1.842678152024745941e-02
5.770002603530883789e-01 -1.836251839995384216e-02
5.883441567420959473e-01 -1.820969581604003906e-02
5.952218174934387207e-01 -1.812401600182056427e-02
6.045722961425781250e-01 -1.801549270749092102e-02
6.151699423789978027e-01 -1.790280081331729889e-02
6.228027343750000000e-01 -1.782779209315776825e-02
6.295882463455200195e-01 -1.776498369872570038e-02
6.415622830390930176e-01 -1.766176149249076843e-02
6.533368229866027832e-01 -1.756768859922885895e-02
6.648373603820800781e-01 -1.748034730553627014e-02
6.667367219924926758e-01 -1.746617071330547333e-02
6.941120624542236328e-01 -1.725875772535800934e-02
6.993859410285949707e-01 -1.721606589853763580e-02
7.108143568038940430e-01 -1.711742207407951355e-02
7.311972975730895996e-01 -1.691127941012382507e-02
7.439498901367187500e-01 -1.675510406494140625e-02
7.496798038482666016e-01 -1.667645387351512909e-02
7.629504799842834473e-01 -1.647081412374973297e-02
7.738552093505859375e-01 -1.627405732870101929e-02
7.847155928611755371e-01 -1.604976318776607513e-02
7.874661684036254883e-01 -1.598808914422988892e-02
7.976940274238586426e-01 -1.574013568460941315e-02
8.040978908538818359e-01 -1.556907594203948975e-02
8.088974952697753906e-01 -1.543238293379545212e-02
8.157132267951965332e-01 -1.522512640804052353e-02
8.381855487823486328e-01 -1.442211214452981949e-02
8.462368845939636230e-01 -1.408512610942125320e-02
8.585379719734191895e-01 -1.351418904960155487e-02
8.675650954246520996e-01 -1.304856408387422562e-02
8.804281949996948242e-01 -1.231006812304258347e-02
8.894814848899841309e-01 -1.173247676342725754e-02
9.002547264099121094e-01 -1.097629871219396591e-02
9.048365950584411621e-01 -1.063013914972543716e-02
9.158015847206115723e-01 -9.736616164445877075e-03
9.368007183074951172e-01 -7.732892874628305435e-03
9.495617747306823730e-01 -6.299959030002355576e-03
9.591202735900878906e-01 -5.121016409248113632e-03
9.630878567695617676e-01 -4.613370168954133987e-03
9.651031494140625000e-01 -4.354288335889577866e-03
