9.693756103515625000e-01 1.128120929934084415e-03
9.685432314872741699e-01 1.255179173313081264e-03
9.564086794853210449e-01 3.048235783353447914e-03
9.434936642646789551e-01 4.904671106487512589e-03
9.018548727035522461e-01 1.091629266738891602e-02
8.832919001579284668e-01 1.368719246238470078e-02
8.697103261947631836e-01 1.576703041791915894e-02
8.656998276710510254e-01 1.639060303568840027e-02
8.513711094856262207e-01 1.865646429359912872e-02
8.381973505020141602e-01 2.079521119594573975e-02
8.192148804664611816e-01 2.397795021533966064e-02
8.085995912551879883e-01 2.581281028687953949e-02
7.898164391517639160e-01 2.916124090552330017e-02
7.700816392898559570e-01 3.282503411173820496e-02
7.528195977210998535e-01 3.615597262978553772e-02
7.466480135917663574e-01 3.737581893801689148e-02
7.353013157844543457e-01 3.965841978788375854e-02
7.236948609352111816e-01 4.204640910029411316e-02
7.093778252601623535e-01 4.506525024771690369e-02
7.051432728767395020e-01 4.597330093383789062e-02
6.866284012794494629e-01 5.002259463071823120e-02
6.711126565933227539e-01 5.351040512323379517e-02
6.613082289695739746e-01 5.575574189424514771e-02
6.551418304443359375e-01 5.718328803777694702e-02
6.331929564476013184e-01 6.235238164663314819e-02
6.249645352363586426e-01 6.432171911001205444e-02
6.111657619476318359e-01 6.765655428171157837e-02
6.057919263839721680e-01 6.896483153104782104e-02
5.925384759902954102e-01 7.221005856990814209e-02
5.720843672752380371e-01 7.725535333156585693e-02
5.602598786354064941e-01 8.018221706151962280e-02
5.530697703361511230e-01 8.196241408586502075e-02
5.394822359085083008e-01 8.532137423753738403e-02
5.339091420173645020e-01 8.669552952051162720e-02
5.229951739311218262e-01 8.937662094831466675e-02
5.143417716026306152e-01 9.149046242237091064e-02
5.098432302474975586e-01 9.258417040109634399e-02
5.054593086242675781e-01 9.364618360996246338e-02
4.959033131599426270e-01 9.594628214836120605e-02
4.940117001533508301e-01 9.639897942543029785e-02
4.746369123458862305e-01 1.009763181209564209e-01
4.679590463638305664e-01 1.025255843997001648e-01
4.578373730182647705e-01 1.048416197299957275e-01
4.451009631156921387e-01 1.076947227120399475e-01
4.307106733322143555e-01 1.108251065015792847e-01
4.217144548892974854e-01 1.127261668443679810e-01
4.138406813144683838e-01 1.143513545393943787e-01
4.017232656478881836e-01 1.167765557765960693e-01
3.911137878894805908e-01 1.188181713223457336e-01
3.733583688735961914e-01 1.220466420054435730e-01
3.672863245010375977e-01 1.230922117829322815e-01
3.624946475028991699e-01 1.238949596881866455e-01
3.513855040073394775e-01 1.256761550903320312e-01
3.405946195125579834e-01 1.272934824228286743e-01
3.372770845890045166e-01 1.277671158313751221e-01
3.287450075149536133e-01 1.289321035146713257e-01
3.221854269504547119e-01 1.297736167907714844e-01
3.118708133697509766e-01 1.309966892004013062e-01
3.005287349224090576e-01 1.321923285722732544e-01
2.949467301368713379e-01 1.327201575040817261e-01
2.864416241645812988e-01 1.334437876939773560e-01
2.713318169116973877e-01 1.344750523567199707e-01
2.644875645637512207e-01 1.348286420106887817e-01
2.531416416168212891e-01 1.352484971284866333e-01
2.386774867773056030e-01 1.354631483554840088e-01
2.297390401363372803e-01 1.354034096002578735e-01
2.233168780803680420e-01 1.352643072605133057e-01
2.184435278177261353e-01 1.351028084754943848e-01
2.173237949609756470e-01 1.350587308406829834e-01
2.127614468336105347e-01 1.348514556884765625e-01
2.091670781373977661e-01 1.346563696861267090e-01
1.965749710798263550e-01 1.337416619062423706e-01
1.870895028114318848e-01 1.328017264604568481e-01
1.708287149667739868e-01 1.306441128253936768e-01
1.633993089199066162e-01 1.294103711843490601e-01
1.442212611436843872e-01 1.254272311925888062e-01
1.377297490835189819e-01 1.237948462367057800e-01
1.275684088468551636e-01 1.209211274981498718e-01
1.235569715499877930e-01 1.196728721261024475e-01
1.109190434217453003e-01 1.152824833989143372e-01
1.022469475865364075e-01 1.118314787745475769e-01
9.500785917043685913e-02 1.086477488279342651e-01
8.463844656944274902e-02 1.035535633563995361e-01
7.491694390773773193e-02 9.813242405652999878e-02
6.962618976831436157e-02 9.488477557897567749e-02
6.444443017244338989e-02 9.147704392671585083e-02
5.686964467167854309e-02 8.604357391595840454e-02
5.248184874653816223e-02 8.262006938457489014e-02
3.863693773746490479e-02 7.017659395933151245e-02
3.432793542742729187e-02 6.567026674747467041e-02
2.883565984666347504e-02 5.935226753354072571e-02
2.357986569404602051e-02 5.254804715514183044e-02
1.539211347699165344e-02 3.977612778544425964e-02
1.347712427377700806e-02 3.621703013777732849e-02
8.468298241496086121e-03 2.504751645028591156e-02
6.362093146890401840e-03 1.889265514910221100e-02
5.657786503434181213e-03 1.644193194806575775e-02
4.616235848516225815e-03 1.214030385017395020e-02
3.959672525525093079e-03 8.620361797511577606e-03
3.557916264981031418e-03 5.685714539140462875e-03
3.210013732314109802e-03 5.543386214412748814e-04
3.875763621181249619e-03 -8.127495646476745605e-03
5.519368685781955719e-03 -1.405385602265596390e-02
7.064747624099254608e-03 -1.752078905701637268e-02
1.019619125872850418e-02 -2.245587296783924103e-02
1.268005650490522385e-02 -2.538545243442058563e-02
1.422486454248428345e-02 -2.694355137646198273e-02
1.647831313312053680e-02 -2.895389124751091003e-02
2.198967710137367249e-02 -3.295181319117546082e-02
2.496880106627941132e-02 -3.472673520445823669e-02
2.669700980186462402e-02 -3.566195443272590637e-02
3.679660707712173462e-02 -4.008998721837997437e-02
4.949781671166419983e-02 -4.392157122492790222e-02
5.922621861100196838e-02 -4.597558826208114624e-02
6.472535431385040283e-02 -4.687929153442382812e-02
9.327608346939086914e-02 -4.942270368337631226e-02
1.176500618457794189e-01 -4.965792223811149597e-02
1.234140694141387939e-01 -4.953730478882789612e-02
1.323196291923522949e-01 -4.924796149134635925e-02
1.408130824565887451e-01 -4.887139797210693359e-02
1.550594717264175415e-01 -4.805987328290939331e-02
1.645654886960983276e-01 -4.741715639829635620e-02
1.690970063209533691e-01 -4.708737879991531372e-02
1.802052557468414307e-01 -4.622576013207435608e-02
1.967069655656814575e-01 -4.483617469668388367e-02
2.144902199506759644e-01 -4.323894903063774109e-02
2.264715135097503662e-01 -4.212696850299835205e-02
2.298537045717239380e-01 -4.180977493524551392e-02
2.372600287199020386e-01 -4.111193865537643433e-02
2.442166805267333984e-01 -4.045389592647552490e-02
2.524328529834747314e-01 -3.967576473951339722e-02
2.612484991550445557e-01 -3.884230926632881165e-02
2.761314511299133301e-01 -3.744567930698394775e-02
2.862085700035095215e-01 -3.651214390993118286e-02
3.052203059196472168e-01 -3.478887677192687988e-02
3.178479671478271484e-01 -3.367819264531135559e-02
3.315219283103942871e-01 -3.251142054796218872e-02
3.354531824588775635e-01 -3.218345716595649719e-02
3.416258692741394043e-01 -3.167569264769554138e-02
3.578833341598510742e-01 -3.038233891129493713e-02
3.754620850086212158e-01 -2.906039170920848846e-02
3.854396939277648926e-01 -2.834747359156608582e-02
3.961852192878723145e-01 -2.761121466755867004e-02
4.055182039737701416e-01 -2.699892781674861908e-02
4.108284413814544678e-01 -2.666204050183296204e-02
4.164296984672546387e-01 -2.631581015884876251e-02
4.257670640945434570e-01 -2.575967647135257721e-02
4.395949244499206543e-01 -2.498492226004600525e-02
4.588914513587951660e-01 -2.400206215679645538e-02
4.914917349815368652e-01 -2.260116487741470337e-02
5.006995201110839844e-01 -2.226349897682666779e-02
5.065826177597045898e-01 -2.206079848110675812e-02
5.195689797401428223e-01 -2.164854109287261963e-02
5.233613848686218262e-01 -2.153710462152957916e-02
5.402578711509704590e-01 -2.108786068856716156e-02
5.471910238265991211e-01 -2.092504315078258514e-02
5.564651489257812500e-01 -2.072581462562084198e-02
5.656737685203552246e-01 -2.054803259670734406e-02
5.819402337074279785e-01 -2.027913741767406464e-02
5.930924415588378906e-01 -2.012498490512371063e-02
6.001517176628112793e-01 -2.003878913819789886e-02
6.272482275962829590e-01 -1.977594941854476929e-02
6.320421695709228516e-01 -1.973859407007694244e-02
6.370843052864074707e-01 -1.970160566270351410e-02
6.523349881172180176e-01 -1.960110850632190704e-02
6.651703119277954102e-01 -1.952509023249149323e-02
6.754326224327087402e-01 -1.946631073951721191e-02
6.839213371276855469e-01 -1.941700279712677002e-02
7.088987827301025391e-01 -1.925333030521869659e-02
7.183457612991333008e-01 -1.917849294841289520e-02
7.358711957931518555e-01 -1.901085302233695984e-02
7.434367537498474121e-01 -1.892426796257495880e-02
7.599210739135742188e-01 -1.869927532970905304e-02
7.713594436645507812e-01 -1.850931905210018158e-02
7.835634350776672363e-01 -1.827139034867286682e-02
7.904092073440551758e-01 -1.812034845352172852e-02
8.041560649871826172e-01 -1.777496375143527985e-02
8.102986216545104980e-01 -1.760103553533554077e-02
8.218381404876708984e-01 -1.723858900368213654e-02
8.322575688362121582e-01 -1.686814054846763611e-02
8.403601050376892090e-01 -1.654933765530586243e-02
8.463423252105712891e-01 -1.629552431404590607e-02
8.588775992393493652e-01 -1.570892520248889923e-02
8.682832121849060059e-01 -1.521596778184175491e-02
8.874461650848388672e-01 -1.405231282114982605e-02
9.012591838836669922e-01 -1.306010782718658447e-02
9.187869429588317871e-01 -1.157567650079727173e-02
9.292109608650207520e-01 -1.054880768060684204e-02
9.527041912078857422e-01 -7.724836934357881546e-03
9.623548984527587891e-01 -6.322864908725023270e-03
9.691712856292724609e-01 -5.261596757918596268e-03
9.710099697113037109e-01 -4.971765913069248199e-03
