9.636896848678588867e-01 -2.418546937406063080e-03
9.624831676483154297e-01 -2.275393111631274223e-03
9.571921825408935547e-01 -1.629969920031726360e-03
9.444459080696105957e-01 1.121869081543991342e-05
9.205873012542724609e-01 3.279892960563302040e-03
9.078444838523864746e-01 5.090440157800912857e-03
8.838458061218261719e-01 8.578944019973278046e-03
8.778533935546875000e-01 9.462497197091579437e-03
8.688796758651733398e-01 1.079319044947624207e-02
8.538636565208435059e-01 1.303789857774972916e-02
8.405116796493530273e-01 1.505026128143072128e-02
8.356349468231201172e-01 1.578871160745620728e-02
8.233415484428405762e-01 1.765774935483932495e-02
8.121919035911560059e-01 1.936160027980804443e-02
7.990670800209045410e-01 2.137728221714496613e-02
7.915185093879699707e-01 2.254129946231842041e-02
7.739452123641967773e-01 2.526417188346385956e-02
7.627948522567749023e-01 2.700124867260456085e-02
7.446728348731994629e-01 2.984069474041461945e-02
7.333167791366577148e-01 3.163078054785728455e-02
7.162307500839233398e-01 3.434106335043907166e-02
7.092202901840209961e-01 3.545948490500450134e-02
6.934568881988525391e-01 3.798910975456237793e-02
6.869425177574157715e-01 3.904090076684951782e-02
6.750265359878540039e-01 4.097528383135795593e-02
6.640338301658630371e-01 4.277258366346359253e-02
6.497464776039123535e-01 4.512846842408180237e-02
6.465020179748535156e-01 4.566675424575805664e-02
6.229394674301147461e-01 4.961473122239112854e-02
6.109861135482788086e-01 5.164457485079765320e-02
6.015126109123229980e-01 5.326653644442558289e-02
5.819970369338989258e-01 5.664374306797981262e-02
5.734114646911621094e-01 5.814402177929878235e-02
5.654919147491455078e-01 5.953513085842132568e-02
5.579882860183715820e-01 6.085903570055961609e-02
5.527296066284179688e-01 6.178981065750122070e-02
5.441236495971679688e-01 6.331777572631835938e-02
5.232125520706176758e-01 6.704664975404739380e-02
5.132789611816406250e-01 6.882085651159286499e-02
5.079630613327026367e-01 6.976965814828872681e-02
4.973101615905761719e-01 7.166701555252075195e-02
4.901521205902099609e-01 7.293711602687835693e-02
4.792972505092620850e-01 7.485204190015792847e-02
4.691523313522338867e-01 7.662530988454818726e-02
4.616526961326599121e-01 7.792315632104873657e-02
4.569583237171173096e-01 7.872879505157470703e-02
4.435999691486358643e-01 8.098813891410827637e-02
4.357718527317047119e-01 8.228541165590286255e-02
4.307039976119995117e-01 8.311320096254348755e-02
4.196495115756988525e-01 8.488176017999649048e-02
4.062963426113128662e-01 8.694119751453399658e-02
4.005274772644042969e-01 8.780156075954437256e-02
3.883228003978729248e-01 8.955645561218261719e-02
3.775664865970611572e-01 9.102212637662887573e-02
3.678316175937652588e-01 9.227640926837921143e-02
3.620085418224334717e-01 9.299128502607345581e-02
3.480796515941619873e-01 9.458541125059127808e-02
3.413822054862976074e-01 9.528971463441848755e-02
3.368104100227355957e-01 9.574587643146514893e-02
3.293923139572143555e-01 9.644179791212081909e-02
3.196908235549926758e-01 9.726537764072418213e-02
3.094328343868255615e-01 9.802335500717163086e-02
2.945615053176879883e-01 9.890231490135192871e-02
2.878374755382537842e-01 9.920920431613922119e-02
2.769993543624877930e-01 9.957847744226455688e-02
2.698836624622344971e-01 9.973331540822982788e-02
2.615417242050170898e-01 9.982263296842575073e-02
2.485400885343551636e-01 9.975462406873703003e-02
2.434714883565902710e-01 9.965695440769195557e-02
2.273673117160797119e-01 9.906814992427825928e-02
2.210634648799896240e-01 9.871760755777359009e-02
2.153322100639343262e-01 9.833781421184539795e-02
2.033800482749938965e-01 9.735208749771118164e-02
1.878307461738586426e-01 9.565783292055130005e-02
1.789780408143997192e-01 9.447334706783294678e-02
1.628287285566329956e-01 9.187386184930801392e-02
1.581614613533020020e-01 9.101156890392303467e-02
1.442596465349197388e-01 8.812861889600753784e-02
1.340745091438293457e-01 8.569981902837753296e-02
1.210570707917213440e-01 8.217244595289230347e-02
1.170088648796081543e-01 8.097205311059951782e-02
1.065640971064567566e-01 7.763056457042694092e-02
9.600161761045455933e-02 7.386436313390731812e-02
8.513349294662475586e-02 6.953480839729309082e-02
7.650671899318695068e-02 6.572699546813964844e-02
6.465761363506317139e-02 5.987165495753288269e-02
5.924757942557334900e-02 5.691796541213989258e-02
5.376748368144035339e-02 5.371618270874023438e-02
4.690064117312431335e-02 4.935769364237785339e-02
4.055764898657798767e-02 4.491835832595825195e-02
3.099563159048557281e-02 3.721769899129867554e-02
2.371241711080074310e-02 3.012054041028022766e-02
1.966056972742080688e-02 2.539467997848987579e-02
1.640409044921398163e-02 2.089053578674793243e-02
1.414011605083942413e-02 1.709680818021297455e-02
1.113871857523918152e-02 9.783823043107986450e-03
1.028476562350988388e-02 4.248598124831914902e-03
1.067153457552194595e-02 1.871615240816026926e-04
1.107379700988531113e-02 -1.260295161046087742e-03
1.175581105053424835e-02 -2.943244995549321175e-03
1.314914505928754807e-02 -5.255685653537511826e-03
1.475001405924558640e-02 -7.105671335011720657e-03
1.618872769176959991e-02 -8.385533466935157776e-03
1.875551789999008179e-02 -1.014043949544429779e-02
2.408313378691673279e-02 -1.257177814841270447e-02
3.013264760375022888e-02 -1.426725462079048157e-02
3.571248427033424377e-02 -1.526274252682924271e-02
4.071527346968650818e-02 -1.585594005882740021e-02
5.847603455185890198e-02 -1.665497571229934692e-02
7.310680299997329712e-02 -1.650187559425830841e-02
8.083311468362808228e-02 -1.626993343234062195e-02
8.687488734722137451e-02 -1.604245044291019440e-02
1.018328592181205750e-01 -1.536852587014436722e-02
1.132689863443374634e-01 -1.479347329586744308e-02
1.310447007417678833e-01 -1.386618148535490036e-02
1.382961571216583252e-01 -1.348882261663675308e-02
1.520276814699172974e-01 -1.278958097100257874e-02
1.631462424993515015e-01 -1.224521733820438385e-02
1.709527224302291870e-01 -1.187740918248891830e-02
1.814913004636764526e-01 -1.140186749398708344e-02
1.999955326318740845e-01 -1.062993519008159637e-02
2.056876569986343384e-01 -1.040929835289716721e-02
2.155106514692306519e-01 -1.004751212894916534e-02
2.225686311721801758e-01 -9.802424348890781403e-03
2.368432730436325073e-01 -9.344576857984066010e-03
2.435208559036254883e-01 -9.147619828581809998e-03
2.645337283611297607e-01 -8.597649633884429932e-03
2.746462225914001465e-01 -8.369680494070053101e-03
2.862086892127990723e-01 -8.137107826769351959e-03
2.951636910438537598e-01 -7.976941764354705811e-03
3.068542182445526123e-01 -7.793084718286991119e-03
3.176977634429931641e-01 -7.647130638360977173e-03
3.273930251598358154e-01 -7.535815238952636719e-03
3.313413262367248535e-01 -7.495499681681394577e-03
3.425711095333099365e-01 -7.396109402179718018e-03
3.568536639213562012e-01 -7.300882600247859955e-03
3.712459802627563477e-01 -7.237925194203853607e-03
3.779032528400421143e-01 -7.219303399324417114e-03
3.856182098388671875e-01 -7.205584552139043808e-03
3.908413052558898926e-01 -7.200889289379119873e-03
4.095337688922882080e-01 -7.212451193481683731e-03
4.144372344017028809e-01 -7.222350686788558960e-03
4.185653030872344971e-01 -7.232740521430969238e-03
4.252107739448547363e-01 -7.253275718539953232e-03
4.429326057434082031e-01 -7.329229265451431274e-03
4.507580399513244629e-01 -7.371681742370128632e-03
4.586781561374664307e-01 -7.419637404382228851e-03
4.744802415370941162e-01 -7.528771646320819855e-03
4.851079285144805908e-01 -7.611028384417295456e-03
4.914678633213043213e-01 -7.663232740014791489e-03
5.032464265823364258e-01 -7.765132468193769455e-03
5.142955183982849121e-01 -7.866101339459419250e-03
5.274224281311035156e-01 -7.991751655936241150e-03
5.344399213790893555e-01 -8.061085827648639679e-03
5.564077496528625488e-01 -8.285975083708763123e-03
5.635445117950439453e-01 -8.361153304576873779e-03
5.720825195312500000e-01 -8.452214300632476807e-03
5.767884254455566406e-01 -8.502875454723834991e-03
5.896854400634765625e-01 -8.643255569040775299e-03
5.994678735733032227e-01 -8.751059882342815399e-03
6.108710169792175293e-01 -8.877987973392009735e-03
6.273789405822753906e-01 -9.063787758350372314e-03
6.439014673233032227e-01 -9.251675568521022797e-03
6.503009200096130371e-01 -9.324820712208747864e-03
6.612852811813354492e-01 -9.450646117329597473e-03
6.694360375404357910e-01 -9.544074535369873047e-03
6.776591539382934570e-01 -9.638209827244281769e-03
6.874361038208007812e-01 -9.749691002070903778e-03
6.975021362304687500e-01 -9.863581508398056030e-03
7.080565094947814941e-01 -9.981470182538032532e-03
7.181867957115173340e-01 -1.009252294898033142e-02
7.282451391220092773e-01 -1.020003762096166611e-02
7.445495128631591797e-01 -1.036637742072343826e-02
7.547559738159179688e-01 -1.046395581215620041e-02
7.692300081253051758e-01 -1.059099566191434860e-02
7.736538052558898926e-01 -1.062665786594152451e-02
7.889822721481323242e-01 -1.073626242578029633e-02
7.951534986495971680e-01 -1.077333185821771622e-02
8.180762529373168945e-01 -1.086604129523038864e-02
8.316079974174499512e-01 -1.087927632033824921e-02
8.477045297622680664e-01 -1.084266230463981628e-02
8.531308770179748535e-01 -1.081497315317392349e-02
8.625535964965820312e-01 -1.074525061994791031e-02
8.771869540214538574e-01 -1.057275384664535522e-02
8.945952653884887695e-01 -1.023739483207464218e-02
9.032140970230102539e-01 -1.000384800136089325e-02
9.179794788360595703e-01 -9.465732611715793610e-03
9.343363642692565918e-01 -8.590275421738624573e-03
9.446035623550415039e-01 -7.826871238648891449e-03
9.545063376426696777e-01 -6.874777842313051224e-03
9.595021605491638184e-01 -6.297329440712928772e-03
9.613447785377502441e-01 -6.066754925996065140e-03
