9.645856022834777832e-01 1.728809205815196037e-03
9.636648297309875488e-01 1.887264545075595379e-03
9.603486061096191406e-01 2.457233844324946404e-03
9.479081630706787109e-01 4.598393570631742477e-03
9.332795143127441406e-01 7.141706068068742752e-03
9.185743927955627441e-01 9.732855483889579773e-03
9.059980511665344238e-01 1.197537500411272049e-02
8.982564806938171387e-01 1.336678862571716309e-02
8.819125890731811523e-01 1.632818765938282013e-02
8.732870221138000488e-01 1.790223456919193268e-02
8.509432077407836914e-01 2.200607582926750183e-02
8.401921391487121582e-01 2.398969233036041260e-02
8.277145624160766602e-01 2.629491686820983887e-02
8.156218528747558594e-01 2.852850966155529022e-02
7.951595783233642578e-01 3.229613229632377625e-02
7.897639870643615723e-01 3.328505530953407288e-02
7.794288396835327148e-01 3.517181426286697388e-02
7.645356059074401855e-01 3.786843270063400269e-02
7.529005408287048340e-01 3.995202481746673584e-02
7.380969524383544922e-01 4.256679490208625793e-02
7.231895923614501953e-01 4.515074193477630615e-02
7.082430720329284668e-01 4.768326878547668457e-02
6.903837919235229492e-01 5.062057822942733765e-02
6.854326725006103516e-01 5.141591280698776245e-02
6.687824726104736328e-01 5.402459949254989624e-02
6.628478765487670898e-01 5.492829158902168274e-02
6.488693952560424805e-01 5.699900910258293152e-02
6.390089988708496094e-01 5.840822681784629822e-02
6.270482540130615234e-01 6.005744636058807373e-02
6.216686964035034180e-01 6.077693402767181396e-02
5.977874994277954102e-01 6.379622220993041992e-02
5.935339331626892090e-01 6.430306285619735718e-02
5.833086967468261719e-01 6.548199057579040527e-02
5.773768424987792969e-01 6.613994389772415161e-02
5.656619071960449219e-01 6.738226860761642456e-02
5.561214089393615723e-01 6.833717972040176392e-02
5.431613922119140625e-01 6.955107301473617554e-02
5.352386832237243652e-01 7.024540007114410400e-02
5.145108699798583984e-01 7.188760489225387573e-02
5.029628276824951172e-01 7.269192487001419067e-02
4.919544756412506104e-01 7.338420301675796509e-02
4.888276159763336182e-01 7.356753200292587280e-02
4.723633229732513428e-01 7.443512231111526489e-02
4.591058790683746338e-01 7.501385360956192017e-02
4.507749080657958984e-01 7.532259821891784668e-02
4.438640475273132324e-01 7.554645836353302002e-02
4.284356832504272461e-01 7.594032585620880127e-02
4.217511713504791260e-01 7.606550306081771851e-02
4.091547131538391113e-01 7.622639834880828857e-02
3.921126425266265869e-01 7.628791034221649170e-02
3.823006451129913330e-01 7.624158263206481934e-02
3.761143982410430908e-01 7.618160545825958252e-02
3.694567382335662842e-01 7.609041780233383179e-02
3.598680198192596436e-01 7.591042667627334595e-02
3.521305918693542480e-01 7.572326064109802246e-02
3.449399471282958984e-01 7.551560550928115845e-02
3.300418853759765625e-01 7.498166710138320923e-02
3.220401406288146973e-01 7.463688403367996216e-02
3.131797015666961670e-01 7.420749217271804810e-02
3.044791519641876221e-01 7.373694330453872681e-02
2.995001971721649170e-01 7.344575226306915283e-02
2.825146019458770752e-01 7.233113795518875122e-02
2.761166393756866455e-01 7.186227291822433472e-02
2.702249586582183838e-01 7.140655815601348877e-02
2.600637674331665039e-01 7.056607306003570557e-02
2.514750063419342041e-01 6.980125606060028076e-02
2.461940646171569824e-01 6.930595636367797852e-02
2.417156398296356201e-01 6.887082755565643311e-02
2.176306247711181641e-01 6.628771871328353882e-02
2.033510655164718628e-01 6.455644965171813965e-02
1.913118958473205566e-01 6.297580152750015259e-02
1.795831173658370972e-01 6.132486090064048767e-02
1.691604256629943848e-01 5.976153165102005005e-02
1.627979725599288940e-01 5.876074731349945068e-02
1.537605524063110352e-01 5.727589502930641174e-02
1.479853093624114990e-01 5.628646537661552429e-02
1.418730616569519043e-01 5.520328134298324585e-02
1.358232349157333374e-01 5.409311130642890930e-02
1.220462024211883545e-01 5.141348019242286682e-02
1.153450235724449158e-01 5.002757906913757324e-02
1.067828834056854248e-01 4.816975444555282593e-02
9.355140477418899536e-02 4.508190602064132690e-02
8.158404380083084106e-02 4.201914370059967041e-02
7.751471549272537231e-02 4.090790450572967529e-02
6.754775345325469971e-02 3.800426796078681946e-02
5.931245535612106323e-02 3.536532446742057800e-02
4.436290264129638672e-02 2.974457293748855591e-02
4.055478796362876892e-02 2.805224806070327759e-02
3.539001941680908203e-02 2.548270672559738159e-02
3.027100861072540283e-02 2.246120199561119080e-02
2.686083316802978516e-02 2.000065147876739502e-02
2.422874979674816132e-02 1.764846034348011017e-02
2.276847697794437408e-02 1.603123918175697327e-02
1.992092467844486237e-02 1.080087479203939438e-02
1.959736086428165436e-02 9.191418997943401337e-03
1.952003315091133118e-02 7.702077738940715790e-03
1.964994519948959351e-02 6.224228534847497940e-03
2.063398621976375580e-02 2.996911993250250816e-03
2.282055839896202087e-02 -5.651512183248996735e-04
2.359177172183990479e-02 -1.506027881987392902e-03
2.612025849521160126e-02 -4.075615666806697845e-03
3.229298070073127747e-02 -8.685410022735595703e-03
3.526289016008377075e-02 -1.045108307152986526e-02
3.918382525444030762e-02 -1.250462327152490616e-02
4.749790206551551819e-02 -1.614034734666347504e-02
6.472579389810562134e-02 -2.182709984481334686e-02
7.452777028083801270e-02 -2.439124695956707001e-02
8.587804436683654785e-02 -2.697276137769222260e-02
9.472232311964035034e-02 -2.877007424831390381e-02
1.057226061820983887e-01 -3.080765530467033386e-02
1.197563484311103821e-01 -3.316478431224822998e-02
1.295930892229080200e-01 -3.469177708029747009e-02
1.390173733234405518e-01 -3.607697412371635437e-02
1.485050618648529053e-01 -3.740606456995010376e-02
1.579164266586303711e-01 -3.866771236062049866e-02
1.688875257968902588e-01 -4.007472842931747437e-02
1.753795593976974487e-01 -4.087742045521736145e-02
1.874684542417526245e-01 -4.231635853648185730e-02
2.008074522018432617e-01 -4.382301494479179382e-02
2.082665711641311646e-01 -4.462916031479835510e-02
2.235884517431259155e-01 -4.620324820280075073e-02
2.313982844352722168e-01 -4.696279764175415039e-02
2.415383309125900269e-01 -4.790505766868591309e-02
2.449606060981750488e-01 -4.821170121431350708e-02
2.616417407989501953e-01 -4.962243884801864624e-02
2.688838839530944824e-01 -5.019060149788856506e-02
2.792588174343109131e-01 -5.095649138092994690e-02
2.849474847316741943e-01 -5.135200545191764832e-02
2.967994511127471924e-01 -5.211921036243438721e-02
3.026239275932312012e-01 -5.246761813759803772e-02
3.128508329391479492e-01 -5.303284153342247009e-02
3.256076574325561523e-01 -5.365313589572906494e-02
3.348383307456970215e-01 -5.404207855463027954e-02
3.426860272884368896e-01 -5.433244258165359497e-02
3.564755320549011230e-01 -5.475132539868354797e-02
3.617872595787048340e-01 -5.488114804029464722e-02
3.719536960124969482e-01 -5.507991090416908264e-02
3.801239430904388428e-01 -5.519177019596099854e-02
3.886414766311645508e-01 -5.526233091950416565e-02
3.963733613491058350e-01 -5.528523772954940796e-02
4.055773317813873291e-01 -5.526082962751388550e-02
4.143083691596984863e-01 -5.518522113561630249e-02
4.198398292064666748e-01 -5.511067807674407959e-02
4.308777153491973877e-01 -5.489958077669143677e-02
4.382244646549224854e-01 -5.471271649003028870e-02
4.449267983436584473e-01 -5.450972914695739746e-02
4.543370306491851807e-01 -5.417212471365928650e-02
4.647291898727416992e-01 -5.372768640518188477e-02
4.798297882080078125e-01 -5.294793471693992615e-02
4.877596497535705566e-01 -5.247516185045242310e-02
4.963467717170715332e-01 -5.191449075937271118e-02
5.043166875839233398e-01 -5.134928226470947266e-02
5.140204429626464844e-01 -5.060382559895515442e-02
5.232328772544860840e-01 -4.983916878700256348e-02
5.333744287490844727e-01 -4.893528297543525696e-02
5.410456657409667969e-01 -4.820994287729263306e-02
5.583072900772094727e-01 -4.645473882555961609e-02
5.656839013099670410e-01 -4.565641656517982483e-02
5.691578984260559082e-01 -4.527119919657707214e-02
5.907779335975646973e-01 -4.275564104318618774e-02
6.086402535438537598e-01 -4.055171459913253784e-02
6.146926879882812500e-01 -3.978579863905906677e-02
6.248291134834289551e-01 -3.848728910088539124e-02
6.374053955078125000e-01 -3.685751557350158691e-02
6.459594964981079102e-01 -3.574317321181297302e-02
6.496552824974060059e-01 -3.526139631867408752e-02
6.583688855171203613e-01 -3.412697836756706238e-02
6.760679483413696289e-01 -3.184188157320022583e-02
6.792269349098205566e-01 -3.143835067749023438e-02
7.018226385116577148e-01 -2.860786765813827515e-02
7.162151336669921875e-01 -2.686770074069499969e-02
7.239625453948974609e-01 -2.595432661473751068e-02
7.331629991531372070e-01 -2.489211037755012512e-02
7.404928803443908691e-01 -2.406381256878376007e-02
7.510004639625549316e-01 -2.290453203022480011e-02
7.603506445884704590e-01 -2.190073579549789429e-02
7.812045812606811523e-01 -1.975360698997974396e-02
7.920941710472106934e-01 -1.867985352873802185e-02
8.100247979164123535e-01 -1.697513274848461151e-02
8.189408183097839355e-01 -1.615329273045063019e-02
8.275600671768188477e-01 -1.537273637950420380e-02
8.359064459800720215e-01 -1.462800987064838409e-02
8.554813861846923828e-01 -1.291251461952924728e-02
8.651544451713562012e-01 -1.207363698631525040e-02
8.801115751266479492e-01 -1.077486854046583176e-02
8.905484676361083984e-01 -9.858338162302970886e-03
9.191360473632812500e-01 -7.229018025100231171e-03
9.319874048233032227e-01 -5.945506505668163300e-03
9.469308853149414062e-01 -4.332311917096376419e-03
9.611518383026123047e-01 -2.686369465664029121e-03
9.625089168548583984e-01 -2.528840210288763046e-03
9.648404121398925781e-01 -2.261553658172488213e-03
