9.614430665969848633e-01 -3.545601619407534599e-03
9.606533646583557129e-01 -3.476290265098214149e-03
9.565820693969726562e-01 -3.118754364550113678e-03
9.492990374565124512e-01 -2.476229332387447357e-03
9.378448128700256348e-01 -1.453232485800981522e-03
9.308327436447143555e-01 -8.180225850082933903e-04
9.193895459175109863e-01 2.341855579288676381e-04
9.156272411346435547e-01 5.843900144100189209e-04
9.076247811317443848e-01 1.336219022050499916e-03
8.999301195144653320e-01 2.067963359877467155e-03
8.879193663597106934e-01 3.227243665605783463e-03
8.853355050086975098e-01 3.479309147223830223e-03
8.774369955062866211e-01 4.255652427673339844e-03
8.696779012680053711e-01 5.026687402278184891e-03
8.606661558151245117e-01 5.932535976171493530e-03
8.550912141799926758e-01 6.498371716588735580e-03
8.492430448532104492e-01 7.096390705555677414e-03
8.416295051574707031e-01 7.881747558712959290e-03
8.279378414154052734e-01 9.313054382801055908e-03
8.222681879997253418e-01 9.912868030369281769e-03
8.092465996742248535e-01 1.130597945302724838e-02
8.020530343055725098e-01 1.208479516208171844e-02
7.850865125656127930e-01 1.394742634147405624e-02
7.800853848457336426e-01 1.450331509113311768e-02
7.689909338951110840e-01 1.574752107262611389e-02
7.601089477539062500e-01 1.675447635352611542e-02
7.423729896545410156e-01 1.879389397799968719e-02
7.394540905952453613e-01 1.913315802812576294e-02
7.240484952926635742e-01 2.094050683081150055e-02
7.131158709526062012e-01 2.224000543355941772e-02
7.066972255706787109e-01 2.300934121012687683e-02
6.891877651214599609e-01 2.513165026903152466e-02
6.779052615165710449e-01 2.651698701083660126e-02
6.659107804298400879e-01 2.800442837178707123e-02
6.605603098869323730e-01 2.867266535758972168e-02
6.549669504165649414e-01 2.937421947717666626e-02
6.400415301322937012e-01 3.126074373722076416e-02
6.288601160049438477e-01 3.268694132566452026e-02
6.136761307716369629e-01 3.463961184024810791e-02
6.070843935012817383e-01 3.549245372414588928e-02
5.976284742355346680e-01 3.672065958380699158e-02
5.808132290840148926e-01 3.891653195023536682e-02
5.642265081405639648e-01 4.109309241175651550e-02
5.581373572349548340e-01 4.189365357160568237e-02
5.466110706329345703e-01 4.340980947017669678e-02
5.398166775703430176e-01 4.430330917239189148e-02
5.185536742210388184e-01 4.709176346659660339e-02
5.056215524673461914e-01 4.877677187323570251e-02
4.958795905113220215e-01 5.003750696778297424e-02
4.885722994804382324e-01 5.097703263163566589e-02
4.707295894622802734e-01 5.324295535683631897e-02
4.649555385112762451e-01 5.396594479680061340e-02
4.552826583385467529e-01 5.516380071640014648e-02
4.438399970531463623e-01 5.655619502067565918e-02
4.325656592845916748e-01 5.789798498153686523e-02
4.265562593936920166e-01 5.859943479299545288e-02
4.141566157341003418e-01 6.001304462552070618e-02
4.019447267055511475e-01 6.135551631450653076e-02
3.959458470344543457e-01 6.199496611952781677e-02
3.894280195236206055e-01 6.267351657152175903e-02
3.802183866500854492e-01 6.360147893428802490e-02
3.625406622886657715e-01 6.527112424373626709e-02
3.396766483783721924e-01 6.718027591705322266e-02
3.336608409881591797e-01 6.762965023517608643e-02
3.269386291503906250e-01 6.810326874256134033e-02
3.138926625251770020e-01 6.893113255500793457e-02
2.963320016860961914e-01 6.983809918165206909e-02
2.856679260730743408e-01 7.026166468858718872e-02
2.800604403018951416e-01 7.044296711683273315e-02
2.670107185840606689e-01 7.074751704931259155e-02
2.579263746738433838e-01 7.085704803466796875e-02
2.417846471071243286e-01 7.082804292440414429e-02
2.362393885850906372e-01 7.074815034866333008e-02
2.230171263217926025e-01 7.040347158908843994e-02
2.144355624914169312e-01 7.005766779184341431e-02
1.948564350605010986e-01 6.888109445571899414e-02
1.817665249109268188e-01 6.777073442935943604e-02
1.746824085712432861e-01 6.705367565155029297e-02
1.658520698547363281e-01 6.603934615850448608e-02
1.452668607234954834e-01 6.311769038438796997e-02
1.357799023389816284e-01 6.148706749081611633e-02
1.181876957416534424e-01 5.793477222323417664e-02
1.080577075481414795e-01 5.554556846618652344e-02
9.393683075904846191e-02 5.173714458942413330e-02
8.866606652736663818e-02 5.015607550740242004e-02
8.167022466659545898e-02 4.790674522519111633e-02
7.073023915290832520e-02 4.399664327502250671e-02
6.228372827172279358e-02 4.058573022484779358e-02
5.402097851037979126e-02 3.682981804013252258e-02
4.792716726660728455e-02 3.371716663241386414e-02
4.085772857069969177e-02 2.960587106645107269e-02
3.359378874301910400e-02 2.452428080141544342e-02
2.563308179378509521e-02 1.680351421236991882e-02
2.445794828236103058e-02 1.520206592977046967e-02
2.212775312364101410e-02 1.080418098717927933e-02
2.136364020407199860e-02 7.887059822678565979e-03
2.174286730587482452e-02 2.951982431113719940e-03
2.213061042129993439e-02 1.941321417689323425e-03
2.257757447659969330e-02 1.050722552463412285e-03
2.367472089827060699e-02 -5.635897396132349968e-04
2.548787556588649750e-02 -2.411804161965847015e-03
2.817053534090518951e-02 -4.287074320018291473e-03
3.036745078861713409e-02 -5.403806921094655991e-03
3.362856060266494751e-02 -6.633081939071416855e-03
3.772914409637451172e-02 -7.692681159824132919e-03
4.173952341079711914e-02 -8.369275368750095367e-03
4.724881052970886230e-02 -8.894694037735462189e-03
5.541469901800155640e-02 -9.090469218790531158e-03
6.998994201421737671e-02 -8.426763117313385010e-03
9.041041135787963867e-02 -6.483817938715219498e-03
9.896216541528701782e-02 -5.530446302145719528e-03
1.111415848135948181e-01 -4.136289469897747040e-03
1.211304813623428345e-01 -3.000408876687288284e-03
1.338323801755905151e-01 -1.602935371920466423e-03
1.400108039379119873e-01 -9.501478634774684906e-04
1.465174257755279541e-01 -2.850967866834253073e-04
1.617412865161895752e-01 1.171979005448520184e-03
1.688746213912963867e-01 1.804186962544918060e-03
1.729580461978912354e-01 2.151128137484192848e-03
1.986134499311447144e-01 4.079618491232395172e-03
2.094023078680038452e-01 4.762199241667985916e-03
2.164929062128067017e-01 5.170379299670457840e-03
2.236807197332382202e-01 5.552053451538085938e-03
2.310712784528732300e-01 5.911425221711397171e-03
2.423951625823974609e-01 6.398656405508518219e-03
2.492233961820602417e-01 6.656310521066188812e-03
2.674274444580078125e-01 7.215497083961963654e-03
2.741720974445343018e-01 7.377189584076404572e-03
2.806203067302703857e-01 7.509612012654542923e-03
2.905144989490509033e-01 7.671825587749481201e-03
3.020378947257995605e-01 7.800319232046604156e-03
3.114035427570343018e-01 7.858646102249622345e-03
3.181769251823425293e-01 7.875982671976089478e-03
3.251893520355224609e-01 7.872600108385086060e-03
3.370186090469360352e-01 7.819402962923049927e-03
3.486330509185791016e-01 7.711533922702074051e-03
3.731081783771514893e-01 7.315865252166986465e-03
3.772160112857818604e-01 7.228433154523372650e-03
3.844863474369049072e-01 7.059727795422077179e-03
3.963282704353332520e-01 6.748283747583627701e-03
4.145687818527221680e-01 6.185742560774087906e-03
4.267412424087524414e-01 5.759235937148332596e-03
4.296889305114746094e-01 5.650262814015150070e-03
4.435468614101409912e-01 5.110349040478467941e-03
4.716331064701080322e-01 3.894205903634428978e-03
4.768171906471252441e-01 3.654681844636797905e-03
4.894129037857055664e-01 3.056827234104275703e-03
4.978061616420745850e-01 2.647645073011517525e-03
5.038268566131591797e-01 2.349679358303546906e-03
5.162365436553955078e-01 1.726123853586614132e-03
5.276050567626953125e-01 1.146816648542881012e-03
5.394719839096069336e-01 5.376177723519504070e-04
5.517221093177795410e-01 -9.214039891958236694e-05
5.647611021995544434e-01 -7.589459419250488281e-04
5.895572304725646973e-01 -2.000733977183699608e-03
5.990025401115417480e-01 -2.459780313074588776e-03
6.150060296058654785e-01 -3.214090829715132713e-03
6.217967867851257324e-01 -3.523992374539375305e-03
6.348685622215270996e-01 -4.101410973817110062e-03
6.422812938690185547e-01 -4.416900221258401871e-03
6.634733080863952637e-01 -5.267172586172819138e-03
6.765198111534118652e-01 -5.750384647399187088e-03
6.899200081825256348e-01 -6.213395390659570694e-03
7.115688920021057129e-01 -6.888529285788536072e-03
7.200000882148742676e-01 -7.126912008970975876e-03
7.313743829727172852e-01 -7.426733151078224182e-03
7.387885451316833496e-01 -7.608766667544841766e-03
7.462666630744934082e-01 -7.781730499118566513e-03
7.578690052032470703e-01 -8.029106073081493378e-03
7.665815949440002441e-01 -8.198259398341178894e-03
7.755986452102661133e-01 -8.358476683497428894e-03
7.814057469367980957e-01 -8.453728631138801575e-03
7.910045385360717773e-01 -8.597660809755325317e-03
7.986665964126586914e-01 -8.700544014573097229e-03
8.097044825553894043e-01 -8.830117993056774139e-03
8.149110674858093262e-01 -8.883619681000709534e-03
8.266548514366149902e-01 -8.986348286271095276e-03
8.327726721763610840e-01 -9.029966779053211212e-03
8.604810833930969238e-01 -9.140596725046634674e-03
8.712260723114013672e-01 -9.143457747995853424e-03
8.792942762374877930e-01 -9.129807353019714355e-03
8.869772553443908691e-01 -9.103437885642051697e-03
9.068387150764465332e-01 -8.967774920165538788e-03
9.126352071762084961e-01 -8.907291106879711151e-03
9.201418161392211914e-01 -8.812535554170608521e-03
9.240345954895019531e-01 -8.755353279411792755e-03
9.324300289154052734e-01 -8.610852062702178955e-03
9.435123801231384277e-01 -8.368182927370071411e-03
9.491461515426635742e-01 -8.218184113502502441e-03
9.544628262519836426e-01 -8.058398030698299408e-03
9.608292579650878906e-01 -7.844372652471065521e-03
9.626249074935913086e-01 -7.780275773257017136e-03
