9.687400460243225098e-01 -1.866829814389348030e-03
9.678570032119750977e-01 -1.726398477330803871e-03
9.649302959442138672e-01 -1.251681358553469181e-03
9.554016590118408203e-01 3.790003538597375154e-04
9.496978521347045898e-01 1.408407697454094887e-03
9.435173273086547852e-01 2.562453737482428551e-03
9.348210096359252930e-01 4.246872849762439728e-03
9.298294186592102051e-01 5.242596380412578583e-03
9.202531576156616211e-01 7.205901201814413071e-03
9.154535531997680664e-01 8.214006200432777405e-03
8.971158862113952637e-01 1.219580508768558502e-02
8.935126066207885742e-01 1.300004217773675919e-02
8.861086964607238770e-01 1.467254851013422012e-02
8.778094649314880371e-01 1.657694950699806213e-02
8.674571514129638672e-01 1.899209432303905487e-02
8.605332374572753906e-01 2.062936313450336456e-02
8.518744111061096191e-01 2.269895747303962708e-02
8.448394536972045898e-01 2.439654618501663208e-02
8.335443735122680664e-01 2.714836224913597107e-02
8.251961469650268555e-01 2.919997647404670715e-02
8.116654753684997559e-01 3.255035728216171265e-02
8.034386634826660156e-01 3.459914401173591614e-02
7.866997718811035156e-01 3.878458216786384583e-02
7.823637127876281738e-01 3.987085446715354919e-02
7.720633745193481445e-01 4.245170950889587402e-02
7.631758451461791992e-01 4.467678070068359375e-02
7.469267845153808594e-01 4.873258993029594421e-02
7.379999756813049316e-01 5.094985291361808777e-02
7.258699536323547363e-01 5.394551530480384827e-02
7.189562320709228516e-01 5.564235895872116089e-02
7.061619758605957031e-01 5.875854566693305969e-02
6.975421309471130371e-01 6.083819642663002014e-02
6.865062713623046875e-01 6.347478181123733521e-02
6.788852810859680176e-01 6.527705490589141846e-02
6.685441732406616211e-01 6.769641488790512085e-02
6.611348986625671387e-01 6.941031664609909058e-02
6.454359292984008789e-01 7.298376411199569702e-02
6.344794034957885742e-01 7.542797923088073730e-02
6.247903704643249512e-01 7.755328714847564697e-02
6.145051121711730957e-01 7.977033406496047974e-02
6.010435223579406738e-01 8.260840922594070435e-02
5.958727002143859863e-01 8.367855101823806763e-02
5.839352607727050781e-01 8.610505610704421997e-02
5.721704959869384766e-01 8.843404799699783325e-02
5.599434971809387207e-01 9.078561514616012573e-02
5.498287081718444824e-01 9.267560392618179321e-02
5.336247682571411133e-01 9.559392184019088745e-02
5.254429578781127930e-01 9.701401740312576294e-02
5.196456313133239746e-01 9.799769520759582520e-02
5.034418106079101562e-01 1.006441637873649597e-01
4.919736087322235107e-01 1.024217531085014343e-01
4.850837886333465576e-01 1.034500449895858765e-01
4.746440351009368896e-01 1.049492359161376953e-01
4.559441506862640381e-01 1.074495539069175720e-01
4.473060369491577148e-01 1.085204482078552246e-01
4.399619698524475098e-01 1.093873828649520874e-01
4.228160679340362549e-01 1.112491339445114136e-01
4.171533584594726562e-01 1.118122413754463196e-01
4.062062203884124756e-01 1.128249838948249817e-01
3.901338279247283936e-01 1.141234561800956726e-01
3.770048618316650391e-01 1.150097772479057312e-01
3.605643212795257568e-01 1.158864125609397888e-01
3.513890206813812256e-01 1.162577122449874878e-01
3.369472622871398926e-01 1.166629046201705933e-01
3.246052861213684082e-01 1.168281733989715576e-01
3.084608614444732666e-01 1.167799755930900574e-01
2.999368906021118164e-01 1.166284158825874329e-01
2.763452529907226562e-01 1.157290562987327576e-01
2.651638388633728027e-01 1.150438934564590454e-01
2.450498938560485840e-01 1.133646070957183838e-01
2.397944480180740356e-01 1.128269955515861511e-01
2.234732806682586670e-01 1.108826920390129089e-01
2.152028679847717285e-01 1.097327247262001038e-01
2.056714296340942383e-01 1.082637533545494080e-01
1.905856579542160034e-01 1.056097969412803650e-01
1.801148951053619385e-01 1.035184711217880249e-01
1.773691922426223755e-01 1.029348522424697876e-01
1.663913130760192871e-01 1.004492044448852539e-01
1.490558385848999023e-01 9.600157290697097778e-02
1.390044838190078735e-01 9.310849010944366455e-02
1.299358159303665161e-01 9.028533101081848145e-02
1.120282039046287537e-01 8.406497538089752197e-02
1.051128655672073364e-01 8.141285181045532227e-02
9.806412458419799805e-02 7.855261862277984619e-02
8.053611218929290771e-02 7.067567855119705200e-02
7.671158760786056519e-02 6.879547238349914551e-02
6.492256373167037964e-02 6.257740408182144165e-02
5.542221665382385254e-02 5.703284963965415955e-02
5.022022500634193420e-02 5.375770851969718933e-02
4.418108984827995300e-02 4.970578104257583618e-02
3.535088151693344116e-02 4.319319501519203186e-02
2.728118188679218292e-02 3.642795234918594360e-02
1.979809626936912537e-02 2.910059504210948944e-02
1.471484545618295670e-02 2.315085567533969879e-02
1.141941826790571213e-02 1.852504163980484009e-02
8.658709004521369934e-03 1.371420919895172119e-02
6.474302150309085846e-03 8.322133682668209076e-03
5.464887246489524841e-03 3.435956779867410660e-03
5.649919621646404266e-03 -1.902989111840724945e-03
6.604034453630447388e-03 -5.238102748990058899e-03
7.861417718231678009e-03 -7.788350805640220642e-03
1.107765734195709229e-02 -1.191710773855447769e-02
1.246986072510480881e-02 -1.323674805462360382e-02
1.848226226866245270e-02 -1.750380173325538635e-02
2.283389680087566376e-02 -1.977783814072608948e-02
3.034353442490100861e-02 -2.284835837781429291e-02
3.907627612352371216e-02 -2.559515088796615601e-02
4.764001443982124329e-02 -2.775099128484725952e-02
5.865256115794181824e-02 -3.000563196837902069e-02
7.267031073570251465e-02 -3.230333700776100159e-02
8.633698523044586182e-02 -3.411589935421943665e-02
1.007637530565261841e-01 -3.570052981376647949e-02
1.109562143683433533e-01 -3.666291758418083191e-02
1.238565072417259216e-01 -3.773140162229537964e-02
1.323329508304595947e-01 -3.835649788379669189e-02
1.379030048847198486e-01 -3.873816132545471191e-02
1.509578078985214233e-01 -3.955259174108505249e-02
1.626487523317337036e-01 -4.019796848297119141e-02
1.727619618177413940e-01 -4.070042818784713745e-02
1.815278232097625732e-01 -4.109846800565719604e-02
1.934529840946197510e-01 -4.158956184983253479e-02
1.991359740495681763e-01 -4.180480167269706726e-02
2.085442394018173218e-01 -4.213653132319450378e-02
2.178336381912231445e-01 -4.243591800332069397e-02
2.332247346639633179e-01 -4.287559911608695984e-02
2.411741316318511963e-01 -4.307721182703971863e-02
2.529213130474090576e-01 -4.334573075175285339e-02
2.610462307929992676e-01 -4.351202026009559631e-02
2.792758643627166748e-01 -4.383101686835289001e-02
2.878760695457458496e-01 -4.395691677927970886e-02
2.973840832710266113e-01 -4.407868161797523499e-02
3.053666055202484131e-01 -4.416717961430549622e-02
3.199084401130676270e-01 -4.429731145501136780e-02
3.245600759983062744e-01 -4.433066025376319885e-02
3.549134433269500732e-01 -4.445331543684005737e-02
3.626876175403594971e-01 -4.445882886648178101e-02
3.828055560588836670e-01 -4.442510753870010376e-02
3.907377421855926514e-01 -4.439293220639228821e-02
4.061304926872253418e-01 -4.430016502737998962e-02
4.225012362003326416e-01 -4.415762051939964294e-02
4.331930279731750488e-01 -4.404009133577346802e-02
4.477825164794921875e-01 -4.384844377636909485e-02
4.540637135505676270e-01 -4.375480487942695618e-02
4.642216861248016357e-01 -4.358912259340286255e-02
4.848228693008422852e-01 -4.319893196225166321e-02
4.949814379215240479e-01 -4.297977685928344727e-02
5.105416774749755859e-01 -4.260983318090438843e-02
5.202664732933044434e-01 -4.235763475298881531e-02
5.327089428901672363e-01 -4.201154783368110657e-02
5.419162511825561523e-01 -4.173869639635086060e-02
5.528059005737304688e-01 -4.139773920178413391e-02
5.617048740386962891e-01 -4.110465943813323975e-02
5.695385932922363281e-01 -4.083603993058204651e-02
5.806574821472167969e-01 -4.043799638748168945e-02
6.056033372879028320e-01 -3.947562724351882935e-02
6.133923530578613281e-01 -3.915621712803840637e-02
6.307920217514038086e-01 -3.841169551014900208e-02
6.440411806106567383e-01 -3.781714662909507751e-02
6.562089323997497559e-01 -3.725093230605125427e-02
6.662617921829223633e-01 -3.676900640130043030e-02
6.864694952964782715e-01 -3.576247766613960266e-02
6.946438550949096680e-01 -3.534110635519027710e-02
7.078056931495666504e-01 -3.464524820446968079e-02
7.148140668869018555e-01 -3.426575660705566406e-02
7.264376878738403320e-01 -3.362204879522323608e-02
7.317094206809997559e-01 -3.332394734025001526e-02
7.424540519714355469e-01 -3.270374611020088196e-02
7.572964429855346680e-01 -3.181669488549232483e-02
7.631914615631103516e-01 -3.145363926887512207e-02
7.800751328468322754e-01 -3.037529624998569489e-02
7.944339513778686523e-01 -2.940647304058074951e-02
7.995589971542358398e-01 -2.904739417135715485e-02
8.059307932853698730e-01 -2.859011851251125336e-02
8.115311861038208008e-01 -2.817754633724689484e-02
8.200840950012207031e-01 -2.752647176384925842e-02
8.275284171104431152e-01 -2.693712338805198669e-02
8.438938260078430176e-01 -2.555583603680133820e-02
8.488631844520568848e-01 -2.510993555188179016e-02
8.688052892684936523e-01 -2.317038550972938538e-02
8.774936199188232422e-01 -2.223716676235198975e-02
8.868902921676635742e-01 -2.115536667406558990e-02
8.946329355239868164e-01 -2.019934915006160736e-02
9.049442410469055176e-01 -1.882098242640495300e-02
9.139441251754760742e-01 -1.750348880887031555e-02
9.261060953140258789e-01 -1.551823318004608154e-02
9.297541975975036621e-01 -1.486920192837715149e-02
9.438456892967224121e-01 -1.208009291440248489e-02
9.526228904724121094e-01 -1.007589977234601974e-02
9.610875844955444336e-01 -7.922412827610969543e-03
9.646176099777221680e-01 -6.963816471397876740e-03
9.669737815856933594e-01 -6.308787968009710312e-03
9.682907462120056152e-01 -5.939104128628969193e-03
