9.606145620346069336e-01 3.756126854568719864e-03
9.593323469161987305e-01 3.979084547609090805e-03
9.545784592628479004e-01 4.800323396921157837e-03
9.355573654174804688e-01 8.015252649784088135e-03
9.042686223983764648e-01 1.309918798506259918e-02
8.887216448783874512e-01 1.553725637495517731e-02
8.648533821105957031e-01 1.916618086397647858e-02
8.588397502899169922e-01 2.005822211503982544e-02
8.431216478347778320e-01 2.234654873609542847e-02
8.353916406631469727e-01 2.344850823283195496e-02
8.227548003196716309e-01 2.521587535738945007e-02
8.166020512580871582e-01 2.606078796088695526e-02
8.104013800621032715e-01 2.690181508660316467e-02
8.013131618499755859e-01 2.811506949365139008e-02
7.770506143569946289e-01 3.123862855136394501e-02
7.687934637069702148e-01 3.226229920983314514e-02
7.546406984329223633e-01 3.396918997168540955e-02
7.468494176864624023e-01 3.488280624151229858e-02
7.334606647491455078e-01 3.640896081924438477e-02
7.243411540985107422e-01 3.741649165749549866e-02
7.041268944740295410e-01 3.955682367086410522e-02
6.986647844314575195e-01 4.011317342519760132e-02
6.764698624610900879e-01 4.227862879633903503e-02
6.698141694068908691e-01 4.289857298135757446e-02
6.587719917297363281e-01 4.389784112572669983e-02
6.482229828834533691e-01 4.481909424066543579e-02
6.417659521102905273e-01 4.536732658743858337e-02
6.349486112594604492e-01 4.593352228403091431e-02
6.254944801330566406e-01 4.669781401753425598e-02
6.081634759902954102e-01 4.803863912820816040e-02
5.939959287643432617e-01 4.908005148172378540e-02
5.836949348449707031e-01 4.980837926268577576e-02
5.773630738258361816e-01 5.024457350373268127e-02
5.686613321304321289e-01 5.083035677671432495e-02
5.528784990310668945e-01 5.185437947511672974e-02
5.475195050239562988e-01 5.219130218029022217e-02
5.369121432304382324e-01 5.284280329942703247e-02
5.256466865539550781e-01 5.351300537586212158e-02
5.096623301506042480e-01 5.442689359188079834e-02
5.028570294380187988e-01 5.480302125215530396e-02
4.876418709754943848e-01 5.561625212430953979e-02
4.790900349617004395e-01 5.605635792016983032e-02
4.698947966098785400e-01 5.651574954390525818e-02
4.587745070457458496e-01 5.705159902572631836e-02
4.526790082454681396e-01 5.733592808246612549e-02
4.464289546012878418e-01 5.762030556797981262e-02
4.287890493869781494e-01 5.838195979595184326e-02
4.173563420772552490e-01 5.884132161736488342e-02
4.139703214168548584e-01 5.897188931703567505e-02
4.043019115924835205e-01 5.933018773794174194e-02
3.881613314151763916e-01 5.987754836678504944e-02
3.791510164737701416e-01 6.015345081686973572e-02
3.705398142337799072e-01 6.039587408304214478e-02
3.616841733455657959e-01 6.062228605151176453e-02
3.534013032913208008e-01 6.081188842654228210e-02
3.419784605503082275e-01 6.103616952896118164e-02
3.285213410854339600e-01 6.124122440814971924e-02
3.153998553752899170e-01 6.137472391128540039e-02
3.026440739631652832e-01 6.143670156598091125e-02
2.957045435905456543e-01 6.144052743911743164e-02
2.844850420951843262e-01 6.139947846531867981e-02
2.767564952373504639e-01 6.133561953902244568e-02
2.653661668300628662e-01 6.118546426296234131e-02
2.541767060756683350e-01 6.096923723816871643e-02
2.351463586091995239e-01 6.043254211544990540e-02
2.261868417263031006e-01 6.010064482688903809e-02
2.224159687757492065e-01 5.994485318660736084e-02
2.181852906942367554e-01 5.975835397839546204e-02
2.082934379577636719e-01 5.927217006683349609e-02
1.954969465732574463e-01 5.853335931897163391e-02
1.864926666021347046e-01 5.793429166078567505e-02
1.835188120603561401e-01 5.772128328680992126e-02
1.701707988977432251e-01 5.666731297969818115e-02
1.598952412605285645e-01 5.573993921279907227e-02
1.544705331325531006e-01 5.520672351121902466e-02
1.470113545656204224e-01 5.442131310701370239e-02
1.424754858016967773e-01 5.391274392604827881e-02
1.252760738134384155e-01 5.175283923745155334e-02
1.168121472001075745e-01 5.054222419857978821e-02
1.100266426801681519e-01 4.949318990111351013e-02
1.044851988554000854e-01 4.858050122857093811e-02
9.745199978351593018e-02 4.734371602535247803e-02
9.265439212322235107e-02 4.644576460123062134e-02
8.829366415739059448e-02 4.558839648962020874e-02
7.446028292179107666e-02 4.257507622241973877e-02
6.869656592607498169e-02 4.116778820753097534e-02
5.954602733254432678e-02 3.871054574847221375e-02
5.165464058518409729e-02 3.632612153887748718e-02
4.287091270089149475e-02 3.329904004931449890e-02
3.493103384971618652e-02 3.010353446006774902e-02
1.787846162915229797e-02 2.038074471056461334e-02
1.304813846945762634e-02 1.581552997231483459e-02
1.240448839962482452e-02 1.503469794988632202e-02
1.069040410220623016e-02 1.254027243703603745e-02
9.522348642349243164e-03 1.014382485300302505e-02
8.662217296659946442e-03 6.845687981694936752e-03
8.585990406572818756e-03 4.264583345502614975e-03
8.789572864770889282e-03 2.732749795541167259e-03
9.523850865662097931e-03 2.418148651486262679e-04
1.012889202684164047e-02 -1.094227773137390614e-03
1.144275069236755371e-02 -3.268899628892540932e-03
1.372720580548048019e-02 -6.021409761160612106e-03
1.576309651136398315e-02 -7.936749607324600220e-03
2.027081139385700226e-02 -1.125124190002679825e-02
2.844863384962081909e-02 -1.557370461523532867e-02
3.733665496110916138e-02 -1.897054538130760193e-02
4.289813339710235596e-02 -2.067139185965061188e-02
4.687118157744407654e-02 -2.173872664570808411e-02
5.508337169885635376e-02 -2.363665960729122162e-02
7.203670591115951538e-02 -2.659930288791656494e-02
8.086737245321273804e-02 -2.777646109461784363e-02
8.704678714275360107e-02 -2.848747745156288147e-02
9.391140937805175781e-02 -2.918541431427001953e-02
1.018772870302200317e-01 -2.989097312092781067e-02
1.219333335757255554e-01 -3.127149865031242371e-02
1.244981288909912109e-01 -3.141427785158157349e-02
1.281300932168960571e-01 -3.160524740815162659e-02
1.368582993745803833e-01 -3.201466426253318787e-02
1.469682902097702026e-01 -3.241115808486938477e-02
1.530728638172149658e-01 -3.261495381593704224e-02
1.652198284864425659e-01 -3.295064345002174377e-02
1.702192276716232300e-01 -3.306448832154273987e-02
1.795822679996490479e-01 -3.324358537793159485e-02
1.885500550270080566e-01 -3.337708488106727600e-02
2.027167677879333496e-01 -3.352062776684761047e-02
2.067808806896209717e-01 -3.354793787002563477e-02
2.235291451215744019e-01 -3.360179066658020020e-02
2.478482723236083984e-01 -3.353049606084823608e-02
2.553066909313201904e-01 -3.347685560584068298e-02
2.718164324760437012e-01 -3.330945596098899841e-02
2.815505862236022949e-01 -3.318081051111221313e-02
2.881398797035217285e-01 -3.308159857988357544e-02
2.998699843883514404e-01 -3.288137167692184448e-02
3.080810308456420898e-01 -3.272355347871780396e-02
3.160649240016937256e-01 -3.255638480186462402e-02
3.215840458869934082e-01 -3.243299201130867004e-02
3.399347066879272461e-01 -3.197707608342170715e-02
3.461457788944244385e-01 -3.180693462491035461e-02
3.659082353115081787e-01 -3.121237456798553467e-02
3.745029568672180176e-01 -3.092846274375915527e-02
3.842486739158630371e-01 -3.058783710002899170e-02
3.897064328193664551e-01 -3.038836456835269928e-02
4.006232321262359619e-01 -2.997046336531639099e-02
4.078352451324462891e-01 -2.968051657080650330e-02
4.211191534996032715e-01 -2.911735326051712036e-02
4.309060573577880859e-01 -2.867821790277957916e-02
4.384623765945434570e-01 -2.832505851984024048e-02
4.486038386821746826e-01 -2.783174999058246613e-02
4.607037603855133057e-01 -2.721428312361240387e-02
4.683027863502502441e-01 -2.681051567196846008e-02
4.828667938709259033e-01 -2.600270695984363556e-02
4.916156828403472900e-01 -2.549636736512184143e-02
5.118367671966552734e-01 -2.426796965301036835e-02
5.174658298492431641e-01 -2.391220442950725555e-02
5.359832048416137695e-01 -2.270283736288547516e-02
5.440664887428283691e-01 -2.215757779777050018e-02
5.507355928421020508e-01 -2.170055359601974487e-02
5.593178868293762207e-01 -2.110381983220577240e-02
5.707929134368896484e-01 -2.029261179268360138e-02
5.829215645790100098e-01 -1.942176185548305511e-02
5.925649404525756836e-01 -1.872211694717407227e-02
5.984516739845275879e-01 -1.829285360872745514e-02
6.068312525749206543e-01 -1.768016628921031952e-02
6.092492938041687012e-01 -1.750320196151733398e-02
6.303458213806152344e-01 -1.596285216510295868e-02
6.477215290069580078e-01 -1.471110153943300247e-02
6.641037464141845703e-01 -1.355800777673721313e-02
6.801357865333557129e-01 -1.246534101665019989e-02
6.902184486389160156e-01 -1.180028356611728668e-02
6.983873248100280762e-01 -1.127559319138526917e-02
7.093328237533569336e-01 -1.059403084218502045e-02
7.211860418319702148e-01 -9.885557927191257477e-03
7.311948537826538086e-01 -9.312602691352367401e-03
7.401265501976013184e-01 -8.821527473628520966e-03
7.519869804382324219e-01 -8.199588395655155182e-03
7.585141062736511230e-01 -7.872154936194419861e-03
7.633430361747741699e-01 -7.636708207428455353e-03
7.710052728652954102e-01 -7.274959702044725418e-03
7.997352480888366699e-01 -6.045280024409294128e-03
8.096768260002136230e-01 -5.664477124810218811e-03
8.352339863777160645e-01 -4.781201481819152832e-03
8.401455283164978027e-01 -4.625824280083179474e-03
8.474156260490417480e-01 -4.403419326990842819e-03
8.703772425651550293e-01 -3.751912619918584824e-03
8.786836266517639160e-01 -3.531231544911861420e-03
8.837173581123352051e-01 -3.400224726647138596e-03
9.067326784133911133e-01 -2.814035629853606224e-03
9.241133928298950195e-01 -2.364875283092260361e-03
9.396799802780151367e-01 -1.943862647749483585e-03
9.526914954185485840e-01 -1.594649627804756165e-03
9.558579325675964355e-01 -1.518063712865114212e-03
9.605468511581420898e-01 -1.420350396074354649e-03
