9.591220617294311523e-01 -1.021770527586340904e-03
9.571514725685119629e-01 -8.329744450747966766e-04
9.541153311729431152e-01 -5.421177484095096588e-04
9.388405084609985352e-01 9.238582570105791092e-04
9.204380512237548828e-01 2.697797957807779312e-03
9.080684185028076172e-01 3.892980981618165970e-03
8.780634999275207520e-01 6.788389757275581360e-03
8.695693016052246094e-01 7.604578975588083267e-03
8.502575159072875977e-01 9.450537152588367462e-03
8.415352106094360352e-01 1.027886848896741867e-02
8.297926783561706543e-01 1.138779614120721817e-02
8.203873634338378906e-01 1.227033138275146484e-02
8.084179162979125977e-01 1.338546723127365112e-02
7.935473918914794922e-01 1.475736033171415329e-02
7.688477635383605957e-01 1.699967682361602783e-02
7.580042481422424316e-01 1.796869002282619476e-02
7.409500479698181152e-01 1.947260834276676178e-02
7.333613634109497070e-01 2.013369649648666382e-02
7.217794060707092285e-01 2.113284356892108917e-02
7.036202549934387207e-01 2.267530560493469238e-02
6.907094717025756836e-01 2.375418134033679962e-02
6.834094524383544922e-01 2.435777708888053894e-02
6.652204990386962891e-01 2.584217116236686707e-02
6.585118770599365234e-01 2.638290077447891235e-02
6.429134607315063477e-01 2.762715518474578857e-02
6.317929029464721680e-01 2.850393764674663544e-02
6.227676868438720703e-01 2.920985035598278046e-02
6.153451800346374512e-01 2.978700771927833557e-02
6.026333570480346680e-01 3.076908737421035767e-02
5.952571034431457520e-01 3.133574128150939941e-02
5.802932977676391602e-01 3.247940540313720703e-02
5.624662041664123535e-01 3.383391723036766052e-02
5.537096858024597168e-01 3.449685871601104736e-02
5.427906513214111328e-01 3.532176092267036438e-02
5.313047766685485840e-01 3.618755191564559937e-02
5.251641869544982910e-01 3.664961084723472595e-02
5.132851600646972656e-01 3.754161670804023743e-02
4.921252429485321045e-01 3.912235796451568604e-02
4.810614287853240967e-01 3.994289040565490723e-02
4.734659790992736816e-01 4.050287231802940369e-02
4.634784162044525146e-01 4.123418778181076050e-02
4.522305727005004883e-01 4.204934462904930115e-02
4.417059123516082764e-01 4.280218854546546936e-02
4.324504137039184570e-01 4.345482960343360901e-02
4.258644878864288330e-01 4.391305521130561829e-02
4.201844036579132080e-01 4.430366680026054382e-02
3.967830240726470947e-01 4.586049541831016541e-02
3.903214931488037109e-01 4.627315327525138855e-02
3.841014504432678223e-01 4.666236415505409241e-02
3.775345087051391602e-01 4.706418886780738831e-02
3.577481508255004883e-01 4.821199178695678711e-02
3.463692665100097656e-01 4.882422089576721191e-02
3.398587107658386230e-01 4.915712401270866394e-02
3.317204713821411133e-01 4.955417290329933167e-02
3.235711455345153809e-01 4.992931708693504333e-02
3.136043846607208252e-01 5.035562440752983093e-02
3.005402088165283203e-01 5.085631832480430603e-02
2.912428677082061768e-01 5.116951093077659607e-02
2.846884131431579590e-01 5.136741697788238525e-02
2.671734094619750977e-01 5.179671943187713623e-02
2.579829990863800049e-01 5.196001753211021423e-02
2.499443143606185913e-01 5.206534639000892639e-02
2.267917245626449585e-01 5.215681344270706177e-02
2.203363627195358276e-01 5.212182924151420593e-02
2.126498222351074219e-01 5.204307660460472107e-02
2.034815549850463867e-01 5.189379304647445679e-02
1.962067335844039917e-01 5.173018947243690491e-02
1.906612217426300049e-01 5.157732963562011719e-02
1.786745488643646240e-01 5.115901306271553040e-02
1.662987172603607178e-01 5.059169977903366089e-02
1.576462090015411377e-01 5.010649561882019043e-02
1.543641239404678345e-01 4.990215227007865906e-02
1.462969779968261719e-01 4.934987053275108337e-02
1.355193108320236206e-01 4.849388450384140015e-02
1.302904784679412842e-01 4.802635684609413147e-02
1.261028200387954712e-01 4.762571677565574646e-02
1.194035410881042480e-01 4.693377390503883362e-02
9.449509531259536743e-02 4.373442754149436951e-02
8.573758602142333984e-02 4.233464226126670837e-02
7.920528948307037354e-02 4.117969796061515808e-02
7.523889839649200439e-02 4.042755812406539917e-02
6.639254838228225708e-02 3.859603404998779297e-02
5.808044597506523132e-02 3.665433824062347412e-02
5.128852650523185730e-02 3.488040342926979065e-02
4.479876160621643066e-02 3.299816325306892395e-02
3.398682177066802979e-02 2.934636734426021576e-02
2.796487137675285339e-02 2.694043517112731934e-02
2.235959470272064209e-02 2.436171844601631165e-02
1.725321449339389801e-02 2.160439081490039825e-02
1.305691339075565338e-02 1.888683065772056580e-02
7.210692390799522400e-03 1.366889104247093201e-02
5.058378446847200394e-03 1.047829445451498032e-02
4.646833986043930054e-03 9.563862346112728119e-03
4.067695233970880508e-03 7.482148706912994385e-03
3.973707556724548340e-03 6.011283490806818008e-03
4.721364006400108337e-03 2.918177517130970955e-03
6.244346499443054199e-03 6.192969740368425846e-04
7.782714907079935074e-03 -8.794275345280766487e-04
8.818220347166061401e-03 -1.682000583969056606e-03
9.480503387749195099e-03 -2.137420000508427620e-03
1.105612609535455704e-02 -3.086194163188338280e-03
1.289414521306753159e-02 -4.014563281089067459e-03
1.450831256806850433e-02 -4.713037051260471344e-03
1.778431423008441925e-02 -5.886059254407882690e-03
2.577497065067291260e-02 -7.861832156777381897e-03
3.180167451500892639e-02 -8.831167593598365784e-03
3.795954212546348572e-02 -9.523412212729454041e-03
4.404544085264205933e-02 -9.993745945394039154e-03
5.155985802412033081e-02 -1.035986188799142838e-02
7.120307534933090210e-02 -1.060700602829456329e-02
8.570434153079986572e-02 -1.040949020534753799e-02
9.188997000455856323e-02 -1.026941929012537003e-02
1.016228273510932922e-01 -1.000516861677169800e-02
1.122288033366203308e-01 -9.676141664385795593e-03
1.284049153327941895e-01 -9.130543097853660583e-03
1.316433101892471313e-01 -9.018244221806526184e-03
1.365299671888351440e-01 -8.848088793456554413e-03
1.484805494546890259e-01 -8.432140573859214783e-03
1.575599610805511475e-01 -8.119842968881130219e-03
1.684222966432571411e-01 -7.753924466669559479e-03
1.822179853916168213e-01 -7.304816972464323044e-03
1.903298348188400269e-01 -7.049938198179006577e-03
1.967083811759948730e-01 -6.854533217847347260e-03
2.050423473119735718e-01 -6.605925038456916809e-03
2.136310636997222900e-01 -6.357592530548572540e-03
2.175800204277038574e-01 -6.246046163141727448e-03
2.403806447982788086e-01 -5.632565822452306747e-03
2.585174739360809326e-01 -5.178051535040140152e-03
2.660799622535705566e-01 -4.996079020202159882e-03
2.781476378440856934e-01 -4.713644739240407944e-03
2.863760590553283691e-01 -4.526009317487478256e-03
2.945822477340698242e-01 -4.342326428741216660e-03
3.057012259960174561e-01 -4.098116420209407806e-03
3.082380592823028564e-01 -4.043056163936853409e-03
3.144615888595581055e-01 -3.908846992999315262e-03
3.205456435680389404e-01 -3.778723999857902527e-03
3.383047878742218018e-01 -3.403425915166735649e-03
3.495168685913085938e-01 -3.168703289702534676e-03
3.625530898571014404e-01 -2.896633232012391090e-03
3.694778084754943848e-01 -2.752105938270688057e-03
3.797141313552856445e-01 -2.538098022341728210e-03
3.867503404617309570e-01 -2.390564652159810066e-03
3.981719911098480225e-01 -2.150068525224924088e-03
4.117392003536224365e-01 -1.862499164417386055e-03
4.270110726356506348e-01 -1.536275260150432587e-03
4.460733234882354736e-01 -1.126266201026737690e-03
4.533876180648803711e-01 -9.686073171906173229e-04
4.641586840152740479e-01 -7.367801736108958721e-04
4.722177684307098389e-01 -5.640853196382522583e-04
4.784139096736907959e-01 -4.320825682953000069e-04
4.871627390384674072e-01 -2.473479544278234243e-04
4.956927597522735596e-01 -6.976350414333865047e-05
5.064719915390014648e-01 1.498274650657549500e-04
5.122607946395874023e-01 2.649671514518558979e-04
5.298894643783569336e-01 5.999838467687368393e-04
5.351049900054931641e-01 6.936480058357119560e-04
5.455653071403503418e-01 8.724458748474717140e-04
5.492870807647705078e-01 9.328418527729809284e-04
5.573889017105102539e-01 1.057852292433381081e-03
5.688711404800415039e-01 1.218322780914604664e-03
5.794964432716369629e-01 1.347365439869463444e-03
5.923001766204833984e-01 1.475304481573402882e-03
6.003766059875488281e-01 1.539264456368982792e-03
6.044124364852905273e-01 1.566120539791882038e-03
6.234779357910156250e-01 1.644640928134322166e-03
6.394256353378295898e-01 1.646376214921474457e-03
6.552550792694091797e-01 1.588797313161194324e-03
6.658309698104858398e-01 1.517337630502879620e-03
6.783976554870605469e-01 1.398597843945026398e-03
6.889696717262268066e-01 1.270964043214917183e-03
6.976362466812133789e-01 1.148049253970384598e-03
7.070746421813964844e-01 9.961473988369107246e-04
7.158938050270080566e-01 8.379226783290505409e-04
7.233842015266418457e-01 6.917486316524446011e-04
7.369769215583801270e-01 4.004931543022394180e-04
7.422440648078918457e-01 2.791684237308800220e-04
7.533432841300964355e-01 9.220143510901834816e-06
7.605900168418884277e-01 -1.767642679624259472e-04
7.920222282409667969e-01 -1.057609217241406441e-03
8.062242865562438965e-01 -1.486061606556177139e-03
8.243963122367858887e-01 -2.050915500149130821e-03
8.297067880630493164e-01 -2.217961475253105164e-03
8.455514907836914062e-01 -2.716752933338284492e-03
8.558974266052246094e-01 -3.039091592654585838e-03
8.670473694801330566e-01 -3.379106987267732620e-03
8.760187625885009766e-01 -3.643895499408245087e-03
8.975573778152465820e-01 -4.227290861308574677e-03
9.353539347648620605e-01 -4.897342994809150696e-03
9.450320005416870117e-01 -4.943020176142454147e-03
9.540013670921325684e-01 -4.923687782138586044e-03
9.567161798477172852e-01 -4.906943067908287048e-03
9.588857889175415039e-01 -4.890754818916320801e-03
