9.657341837882995605e-01 1.321665360592305660e-03
9.649343490600585938e-01 1.481533283367753029e-03
9.580193161964416504e-01 2.765194280073046684e-03
9.433949589729309082e-01 5.135280080139636993e-03
9.137609004974365234e-01 9.330996312201023102e-03
8.985397815704345703e-01 1.135107688605785370e-02
8.680149316787719727e-01 1.530821714550256729e-02
8.602762818336486816e-01 1.630590483546257019e-02
8.485054373741149902e-01 1.782640255987644196e-02
8.388819694519042969e-01 1.907519251108169556e-02
8.223718404769897461e-01 2.123638801276683807e-02
8.162087798118591309e-01 2.205093577504158020e-02
8.083269000053405762e-01 2.309991233050823212e-02
7.898169755935668945e-01 2.560064941644668579e-02
7.704810500144958496e-01 2.827829867601394653e-02
7.640952467918395996e-01 2.917920611798763275e-02
7.454645037651062012e-01 3.185968473553657532e-02
7.388658523559570312e-01 3.282885998487472534e-02
7.273370623588562012e-01 3.454869613051414490e-02
7.240955233573913574e-01 3.503851220011711121e-02
7.041294574737548828e-01 3.811932355165481567e-02
6.891570687294006348e-01 4.050471261143684387e-02
6.760620474815368652e-01 4.264616593718528748e-02
6.723592877388000488e-01 4.326121509075164795e-02
6.559470891952514648e-01 4.603881016373634338e-02
6.456712484359741211e-01 4.782096669077873230e-02
6.262746453285217285e-01 5.127528682351112366e-02
6.157568693161010742e-01 5.319715291261672974e-02
6.055516600608825684e-01 5.509386584162712097e-02
5.918557047843933105e-01 5.768712237477302551e-02
5.818294882774353027e-01 5.961870774626731873e-02
5.739697217941284180e-01 6.115150451660156250e-02
5.622529387474060059e-01 6.346488744020462036e-02
5.534477829933166504e-01 6.522431969642639160e-02
5.399292111396789551e-01 6.795665621757507324e-02
5.326857566833496094e-01 6.943454593420028687e-02
5.226192474365234375e-01 7.150205969810485840e-02
5.148373246192932129e-01 7.310984283685684204e-02
5.061631202697753906e-01 7.490979135036468506e-02
5.031405091285705566e-01 7.553859800100326538e-02
4.833146929740905762e-01 7.967606931924819946e-02
4.747053086757659912e-01 8.147551864385604858e-02
4.636200964450836182e-01 8.378981053829193115e-02
4.494296014308929443e-01 8.674054592847824097e-02
4.367313683032989502e-01 8.936130255460739136e-02
4.298135638236999512e-01 9.077809751033782959e-02
4.191349446773529053e-01 9.294594079256057739e-02
4.021320641040802002e-01 9.633744508028030396e-02
3.959337770938873291e-01 9.755170345306396484e-02
3.847648799419403076e-01 9.970438480377197266e-02
3.736079335212707520e-01 1.018035635352134705e-01
3.677560985088348389e-01 1.028816625475883484e-01
3.601604402065277100e-01 1.042553558945655823e-01
3.487775623798370361e-01 1.062545105814933777e-01
3.436814844608306885e-01 1.071244254708290100e-01
3.380477130413055420e-01 1.080668419599533081e-01
3.231539428234100342e-01 1.104521602392196655e-01
3.133061230182647705e-01 1.119370013475418091e-01
3.024038374423980713e-01 1.134859770536422729e-01
2.959124445915222168e-01 1.143573001027107239e-01
2.826015055179595947e-01 1.160149872303009033e-01
2.750441133975982666e-01 1.168732866644859314e-01
2.670474350452423096e-01 1.177112162113189697e-01
2.525275349617004395e-01 1.190336123108863831e-01
2.381445914506912231e-01 1.200663447380065918e-01
2.279631644487380981e-01 1.206140220165252686e-01
2.216234803199768066e-01 1.208723187446594238e-01
2.126724869012832642e-01 1.211219653487205505e-01
2.086042910814285278e-01 1.211887001991271973e-01
1.999452263116836548e-01 1.212282776832580566e-01
1.956896632909774780e-01 1.211943998932838440e-01
1.890217512845993042e-01 1.210669055581092834e-01
1.725684106349945068e-01 1.203355863690376282e-01
1.558457165956497192e-01 1.189152076840400696e-01
1.480995714664459229e-01 1.179979741573333740e-01
1.347686648368835449e-01 1.159892529249191284e-01
1.281436979770660400e-01 1.147700175642967224e-01
1.170976385474205017e-01 1.123751997947692871e-01
1.099280118942260742e-01 1.105559617280960083e-01
1.016879156231880188e-01 1.081802099943161011e-01
9.296380728483200073e-02 1.052978858351707458e-01
8.803811669349670410e-02 1.034868732094764709e-01
8.124402910470962524e-02 1.007491052150726318e-01
7.346546649932861328e-02 9.723670035600662231e-02
6.580353528261184692e-02 9.332927316427230835e-02
6.037074699997901917e-02 9.025180339813232422e-02
5.013453960418701172e-02 8.363432437181472778e-02
4.506124928593635559e-02 7.988366484642028809e-02
3.869799897074699402e-02 7.463568449020385742e-02
3.070371225476264954e-02 6.695723533630371094e-02
2.341056801378726959e-02 5.847603827714920044e-02
1.656088232994079590e-02 4.842160642147064209e-02
1.234420202672481537e-02 4.035477712750434875e-02
9.999997913837432861e-03 3.458569943904876709e-02
7.250433322042226791e-03 2.443586848676204681e-02
6.470090243965387344e-03 1.805361546576023102e-02
6.382636260241270065e-03 1.571865379810333252e-02
6.432325113564729691e-03 1.281616464257240295e-02
6.810724735260009766e-03 8.803581818938255310e-03
7.955117151141166687e-03 3.401055932044982910e-03
9.303878061473369598e-03 -4.915721947327256203e-04
1.408015191555023193e-02 -8.765367791056632996e-03
1.716936193406581879e-02 -1.225511450320482254e-02
2.058148942887783051e-02 -1.525408867746591568e-02
2.979586645960807800e-02 -2.072265930473804474e-02
3.570494055747985840e-02 -2.296639792621135712e-02
3.746885061264038086e-02 -2.350236847996711731e-02
4.125751182436943054e-02 -2.448295801877975464e-02
5.426939949393272400e-02 -2.649755589663982391e-02
6.078137084841728210e-02 -2.693536318838596344e-02
6.443128734827041626e-02 -2.705899812281131744e-02
7.163241505622863770e-02 -2.709636650979518890e-02
8.503723144531250000e-02 -2.661930397152900696e-02
1.005810424685478210e-01 -2.548976801335811615e-02
1.092222109436988831e-01 -2.469752356410026550e-02
1.165632605552673340e-01 -2.396563626825809479e-02
1.342902183532714844e-01 -2.206702902913093567e-02
1.398310959339141846e-01 -2.145338058471679688e-02
1.489736139774322510e-01 -2.043433487415313721e-02
1.593124419450759888e-01 -1.928438059985637665e-02
1.722532063722610474e-01 -1.786655932664871216e-02
1.807514429092407227e-01 -1.695632375776767731e-02
1.865266561508178711e-01 -1.634947024285793304e-02
2.025834023952484131e-01 -1.471986249089241028e-02
2.219711393117904663e-01 -1.287939585745334625e-02
2.305491864681243896e-01 -1.211300585418939590e-02
2.388492822647094727e-01 -1.140042766928672791e-02
2.497624009847640991e-01 -1.050758827477693558e-02
2.570357918739318848e-01 -9.940566495060920715e-03
2.725008130073547363e-01 -8.809732273221015930e-03
2.802549600601196289e-01 -8.280966430902481079e-03
2.861714363098144531e-01 -7.894598878920078278e-03
2.972403764724731445e-01 -7.211192511022090912e-03
3.067838549613952637e-01 -6.662867963314056396e-03
3.158329427242279053e-01 -6.177455186843872070e-03
3.227771520614624023e-01 -5.827449727803468704e-03
3.356434404850006104e-01 -5.229750648140907288e-03
3.422719836235046387e-01 -4.947162698954343796e-03
3.486995995044708252e-01 -4.689305089414119720e-03
3.609407544136047363e-01 -4.241419024765491486e-03
3.794116377830505371e-01 -3.669682890176773071e-03
3.843747675418853760e-01 -3.536725416779518127e-03
3.964757323265075684e-01 -3.247990505769848824e-03
4.066752195358276367e-01 -3.042533528059720993e-03
4.179923832416534424e-01 -2.853581449016928673e-03
4.280382394790649414e-01 -2.718884730711579323e-03
4.380922019481658936e-01 -2.613832009956240654e-03
4.547683596611022949e-01 -2.501601818948984146e-03
4.685893952846527100e-01 -2.463261364027857780e-03
4.802309274673461914e-01 -2.466392703354358673e-03
4.880038201808929443e-01 -2.485256409272551537e-03
4.940545260906219482e-01 -2.508691744878888130e-03
5.175738930702209473e-01 -2.665761159732937813e-03
5.190795660018920898e-01 -2.679078141227364540e-03
5.406228899955749512e-01 -2.906546695157885551e-03
5.496712327003479004e-01 -3.020299831405282021e-03
5.575637221336364746e-01 -3.126979107037186623e-03
5.728240609169006348e-01 -3.350070444867014885e-03
5.887100696563720703e-01 -3.601130098104476929e-03
6.019766330718994141e-01 -3.821498015895485878e-03
6.084771156311035156e-01 -3.932021092623472214e-03
6.194821596145629883e-01 -4.121715668588876724e-03
6.275089979171752930e-01 -4.261361435055732727e-03
6.296125054359436035e-01 -4.298048559576272964e-03
6.490764617919921875e-01 -4.637186415493488312e-03
6.642349958419799805e-01 -4.897702485322952271e-03
6.714575886726379395e-01 -5.019681062549352646e-03
6.824747323989868164e-01 -5.202129017561674118e-03
7.144594192504882812e-01 -5.698106251657009125e-03
7.191824913024902344e-01 -5.766084883362054825e-03
7.354925274848937988e-01 -5.988272372633218765e-03
7.454877495765686035e-01 -6.113843061029911041e-03
7.591947317123413086e-01 -6.271366029977798462e-03
7.649242877960205078e-01 -6.331752985715866089e-03
7.726522684097290039e-01 -6.407720502465963364e-03
7.792412042617797852e-01 -6.467236671596765518e-03
7.913405299186706543e-01 -6.562978960573673248e-03
7.959131002426147461e-01 -6.594286300241947174e-03
8.185595273971557617e-01 -6.705021020025014877e-03
8.312312364578247070e-01 -6.730465218424797058e-03
8.386759161949157715e-01 -6.731316447257995605e-03
8.438005447387695312e-01 -6.725256796926259995e-03
8.502264618873596191e-01 -6.709412671625614166e-03
8.590247035026550293e-01 -6.671537179499864578e-03
8.793579339981079102e-01 -6.499858107417821884e-03
8.918364048004150391e-01 -6.322773173451423645e-03
9.085379242897033691e-01 -5.972173996269702911e-03
9.217379689216613770e-01 -5.572200287133455276e-03
9.447448849678039551e-01 -4.472902044653892517e-03
9.566845297813415527e-01 -3.588917199522256851e-03
9.618577361106872559e-01 -3.114339429885149002e-03
9.654734730720520020e-01 -2.747914986684918404e-03
