9.624397158622741699e-01 -1.624342985451221466e-03
9.612690806388854980e-01 -1.523461309261620045e-03
9.556391239166259766e-01 -1.025278237648308277e-03
9.416634440422058105e-01 2.828948490787297487e-04
9.097607135772705078e-01 3.511772025376558304e-03
8.949843049049377441e-01 5.083996336907148361e-03
8.665807247161865234e-01 8.203140459954738617e-03
8.588120937347412109e-01 9.075026027858257294e-03
8.530595302581787109e-01 9.725187905132770538e-03
8.400394320487976074e-01 1.121045090258121490e-02
8.260619044303894043e-01 1.282448600977659225e-02
8.189332485198974609e-01 1.365491095930337906e-02
8.058052659034729004e-01 1.519637089222669601e-02
7.947055697441101074e-01 1.651132479310035706e-02
7.811287641525268555e-01 1.813340373337268829e-02
7.704423666000366211e-01 1.942030154168605804e-02
7.539662122726440430e-01 2.142088115215301514e-02
7.452213764190673828e-01 2.249045856297016144e-02
7.332270145416259766e-01 2.396583929657936096e-02
7.310224175453186035e-01 2.423804067075252533e-02
7.148175239562988281e-01 2.624824084341526031e-02
7.004330754280090332e-01 2.804579213261604309e-02
6.732379198074340820e-01 3.147531300783157349e-02
6.699795126914978027e-01 3.188872709870338440e-02
6.592386364936828613e-01 3.325507417321205139e-02
6.475724577903747559e-01 3.474484011530876160e-02
6.417133212089538574e-01 3.549511358141899109e-02
6.369038820266723633e-01 3.611201047897338867e-02
6.187358498573303223e-01 3.844926878809928894e-02
6.054167151451110840e-01 4.016872867941856384e-02
5.934717059135437012e-01 4.171401634812355042e-02
5.703210830688476562e-01 4.471392184495925903e-02
5.641631484031677246e-01 4.551211744546890259e-02
5.554736256599426270e-01 4.663816839456558228e-02
5.369718074798583984e-01 4.903198033571243286e-02
5.323393344879150391e-01 4.963001608848571777e-02
5.206513404846191406e-01 5.113557726144790649e-02
5.133961439132690430e-01 5.206711590290069580e-02
5.000702142715454102e-01 5.377041921019554138e-02
4.952811598777770996e-01 5.437967553734779358e-02
4.910795390605926514e-01 5.491277575492858887e-02
4.808347523212432861e-01 5.620634928345680237e-02
4.593259692192077637e-01 5.888717994093894958e-02
4.541409313678741455e-01 5.952497944235801697e-02
4.456597864627838135e-01 6.055993586778640747e-02
4.353062510490417480e-01 6.180809438228607178e-02
4.212542772293090820e-01 6.347123533487319946e-02
4.135691523551940918e-01 6.436388939619064331e-02
4.074066281318664551e-01 6.507010757923126221e-02
3.859047889709472656e-01 6.745884567499160767e-02
3.772239983081817627e-01 6.838577240705490112e-02
3.740933537483215332e-01 6.871413439512252808e-02
3.614371716976165771e-01 7.000745832920074463e-02
3.514924347400665283e-01 7.098197191953659058e-02
3.462492227554321289e-01 7.147972285747528076e-02
3.372875452041625977e-01 7.230295985937118530e-02
3.241589665412902832e-01 7.344112545251846313e-02
3.054766058921813965e-01 7.490494102239608765e-02
2.982218265533447266e-01 7.541848719120025635e-02
2.938023805618286133e-01 7.571499794721603394e-02
2.803670167922973633e-01 7.653529196977615356e-02
2.738035321235656738e-01 7.688868045806884766e-02
2.608665525913238525e-01 7.748599350452423096e-02
2.546833455562591553e-01 7.772180438041687012e-02
2.382398694753646851e-01 7.817731052637100220e-02
2.272214293479919434e-01 7.833022624254226685e-02
2.208686172962188721e-01 7.835777848958969116e-02
2.165307700634002686e-01 7.834964990615844727e-02
2.122083008289337158e-01 7.831892371177673340e-02
2.039767652750015259e-01 7.819502800703048706e-02
1.925318241119384766e-01 7.787096500396728516e-02
1.850985139608383179e-01 7.755876332521438599e-02
1.719224900007247925e-01 7.679030299186706543e-02
1.575037837028503418e-01 7.560160756111145020e-02
1.369417607784271240e-01 7.318250834941864014e-02
1.223665326833724976e-01 7.086757570505142212e-02
1.184839755296707153e-01 7.015582174062728882e-02
1.106462031602859497e-01 6.858561933040618896e-02
1.057623401284217834e-01 6.751149147748947144e-02
9.555624425411224365e-02 6.500849127769470215e-02
8.837031573057174683e-02 6.301725655794143677e-02
8.117534220218658447e-02 6.081355735659599304e-02
6.964569538831710815e-02 5.678869038820266724e-02
6.047582998871803284e-02 5.308709666132926941e-02
5.587554350495338440e-02 5.103711783885955811e-02
4.691243171691894531e-02 4.661073163151741028e-02
3.950243443250656128e-02 4.243865609169006348e-02
3.478439524769783020e-02 3.948432207107543945e-02
2.814266644418239594e-02 3.482385724782943726e-02
1.981632784008979797e-02 2.777647413313388824e-02
1.714082434773445129e-02 2.505853772163391113e-02
1.216339785605669022e-02 1.880903728306293488e-02
1.016722433269023895e-02 1.533134188503026962e-02
8.872703649103641510e-03 1.205509901046752930e-02
8.362737484276294708e-03 9.788771159946918488e-03
8.279550820589065552e-03 6.711327470839023590e-03
8.789175190031528473e-03 4.407791886478662491e-03
9.177169762551784515e-03 3.459182102233171463e-03
9.699219837784767151e-03 2.495899796485900879e-03
1.033700257539749146e-02 1.576996641233563423e-03
1.158598344773054123e-02 2.192146785091608763e-04
1.394260302186012268e-02 -1.530359848402440548e-03
1.480714883655309677e-02 -2.014548284932971001e-03
1.753343641757965088e-02 -3.195424331352114677e-03
2.440457232296466827e-02 -4.773202817887067795e-03
3.488841652870178223e-02 -5.187857896089553833e-03
4.103847220540046692e-02 -4.803237505257129669e-03
4.487531632184982300e-02 -4.408863373100757599e-03
5.928011611104011536e-02 -2.249426674097776413e-03
6.832246482372283936e-02 -5.779284401796758175e-04
8.234319835901260376e-02 2.177620073780417442e-03
8.741589635610580444e-02 3.177815582603216171e-03
9.649813175201416016e-02 4.932161420583724976e-03
1.073206365108489990e-01 6.923558190464973450e-03
1.176178306341171265e-01 8.688947185873985291e-03
1.287235319614410400e-01 1.043396349996328354e-02
1.411160081624984741e-01 1.217854395508766174e-02
1.485746949911117554e-01 1.312594674527645111e-02
1.541588306427001953e-01 1.378580462187528610e-02
1.633000820875167847e-01 1.477726828306913376e-02
1.694611012935638428e-01 1.538531482219696045e-02
1.782474666833877563e-01 1.617212034761905670e-02
1.916131079196929932e-01 1.719746366143226624e-02
1.973181962966918945e-01 1.757559925317764282e-02
2.139870524406433105e-01 1.849143579602241516e-02
2.208096534013748169e-01 1.879014261066913605e-02
2.393785417079925537e-01 1.939936727285385132e-02
2.468750327825546265e-01 1.956697553396224976e-02
2.541815936565399170e-01 1.969020441174507141e-02
2.658123672008514404e-01 1.980946213006973267e-02
2.736072838306427002e-01 1.983973756432533264e-02
2.856490314006805420e-01 1.981381326913833618e-02
2.931643426418304443e-01 1.975574903190135956e-02
3.036856055259704590e-01 1.962420158088207245e-02
3.190312385559082031e-01 1.933566667139530182e-02
3.249299228191375732e-01 1.919664256274700165e-02
3.347894847393035889e-01 1.893221214413642883e-02
3.402880132198333740e-01 1.876831613481044769e-02
3.506917953491210938e-01 1.842835173010826111e-02
3.583995699882507324e-01 1.815300807356834412e-02
3.676978945732116699e-01 1.779646053910255432e-02
3.740674257278442383e-01 1.753798685967922211e-02
3.861825466156005859e-01 1.701739989221096039e-02
3.963956534862518311e-01 1.655210182070732117e-02
4.089520275592803955e-01 1.595141366124153137e-02
4.202893376350402832e-01 1.538588851690292358e-02
4.297426044940948486e-01 1.490026712417602539e-02
4.373404085636138916e-01 1.450213976204395294e-02
4.466737806797027588e-01 1.400511898100376129e-02
4.568394124507904053e-01 1.345573458820581436e-02
4.676428735256195068e-01 1.286502461880445480e-02
4.750800132751464844e-01 1.245550625026226044e-02
4.856098890304565430e-01 1.187328342348337173e-02
4.965846836566925049e-01 1.126530207693576813e-02
5.220235586166381836e-01 9.861602447926998138e-03
5.399417281150817871e-01 8.885469287633895874e-03
5.486636757850646973e-01 8.415841497480869293e-03
5.537162423133850098e-01 8.145677857100963593e-03
5.654085874557495117e-01 7.526198402047157288e-03
5.780544281005859375e-01 6.865790113806724548e-03
5.867062807083129883e-01 6.419978570193052292e-03
6.106539368629455566e-01 5.212362855672836304e-03
6.180552840232849121e-01 4.847078118473291397e-03
6.277787685394287109e-01 4.372910130769014359e-03
6.418800354003906250e-01 3.696783678606152534e-03
6.580295562744140625e-01 2.939159283414483070e-03
6.687691807746887207e-01 2.445235615596175194e-03
6.765911579132080078e-01 2.090518828481435776e-03
6.886740326881408691e-01 1.550979912281036377e-03
7.019095420837402344e-01 9.719703230075538158e-04
7.072573304176330566e-01 7.416791631840169430e-04
7.194644808769226074e-01 2.241728216176852584e-04
7.353348731994628906e-01 -4.308220522943884134e-04
7.465646862983703613e-01 -8.812759188003838062e-04
7.541068792343139648e-01 -1.177348429337143898e-03
7.613401412963867188e-01 -1.456124824471771717e-03
7.728713750839233398e-01 -1.889451057650148869e-03
7.869423627853393555e-01 -2.398159587755799294e-03
8.036761879920959473e-01 -2.971020760014653206e-03
8.266345858573913574e-01 -3.690610174089670181e-03
8.413908481597900391e-01 -4.105149768292903900e-03
8.492580056190490723e-01 -4.308361094444990158e-03
8.645848631858825684e-01 -4.663661122322082520e-03
8.853732943534851074e-01 -5.044572986662387848e-03
8.968027830123901367e-01 -5.194661207497119904e-03
9.058074951171875000e-01 -5.278249736875295639e-03
9.214177131652832031e-01 -5.341134965419769287e-03
9.342173933982849121e-01 -5.308838561177253723e-03
9.459843039512634277e-01 -5.220659077167510986e-03
9.575857520103454590e-01 -5.130613222718238831e-03
9.610259532928466797e-01 -5.124170333147048950e-03
9.633557796478271484e-01 -5.131931975483894348e-03
