9.628400206565856934e-01 -2.365865511819720268e-03
9.618774056434631348e-01 -2.215907908976078033e-03
9.605816602706909180e-01 -2.018430270254611969e-03
9.545947313308715820e-01 -1.159392646513879299e-03
9.434932470321655273e-01 2.719422627706080675e-04
9.369980096817016602e-01 1.044564298354089260e-03
9.246456027030944824e-01 2.426627557724714279e-03
9.222156405448913574e-01 2.687985077500343323e-03
9.083647131919860840e-01 4.127734340727329254e-03
9.025629758834838867e-01 4.709735512733459473e-03
8.717349171638488770e-01 7.653614971786737442e-03
8.654651045799255371e-01 8.228268474340438843e-03
8.460505604743957520e-01 9.967858903110027313e-03
8.307531476020812988e-01 1.130197290331125259e-02
8.155149221420288086e-01 1.260348968207836151e-02
8.043219447135925293e-01 1.354385353624820709e-02
7.980648875236511230e-01 1.406421978026628494e-02
7.896881699562072754e-01 1.475520525127649307e-02
7.732922434806823730e-01 1.609010808169841766e-02
7.647039294242858887e-01 1.678070798516273499e-02
7.549185752868652344e-01 1.756078377366065979e-02
7.433941364288330078e-01 1.847084052860736847e-02
7.298126816749572754e-01 1.953215897083282471e-02
7.257636189460754395e-01 1.984641328454017639e-02
7.129644751548767090e-01 2.083363570272922516e-02
7.098323106765747070e-01 2.107388339936733246e-02
6.960335969924926758e-01 2.212669141590595245e-02
6.925885677337646484e-01 2.238818816840648651e-02
6.852239370346069336e-01 2.294558472931385040e-02
6.795013546943664551e-01 2.337726764380931854e-02
6.641427874565124512e-01 2.453053742647171021e-02
6.524463891983032227e-01 2.540449611842632294e-02
6.401131749153137207e-01 2.632308937609195709e-02
6.236647367477416992e-01 2.754517272114753723e-02
6.176543235778808594e-01 2.799127809703350067e-02
6.077966094017028809e-01 2.872275561094284058e-02
5.913323163986206055e-01 2.994495071470737457e-02
5.834106802940368652e-01 3.053353168070316315e-02
5.649141073226928711e-01 3.190993145108222961e-02
5.601674914360046387e-01 3.226361796259880066e-02
5.410189628601074219e-01 3.369230777025222778e-02
5.271735191345214844e-01 3.472635149955749512e-02
5.167238116264343262e-01 3.550661727786064148e-02
5.107048749923706055e-01 3.595570102334022522e-02
4.979827404022216797e-01 3.690326586365699768e-02
4.823670387268066406e-01 3.806129470467567444e-02
4.698816835880279541e-01 3.898091986775398254e-02
4.660384356975555420e-01 3.926253691315650940e-02
4.497497081756591797e-01 4.044633731245994568e-02
4.447833299636840820e-01 4.080360382795333862e-02
4.140572845935821533e-01 4.296328872442245483e-02
4.101281464099884033e-01 4.323189705610275269e-02
3.990246951580047607e-01 4.397974535822868347e-02
3.894600868225097656e-01 4.460937529802322388e-02
3.836627304553985596e-01 4.498382657766342163e-02
3.715286552906036377e-01 4.574829339981079102e-02
3.637678325176239014e-01 4.622238874435424805e-02
3.525678217411041260e-01 4.688420519232749939e-02
3.365394175052642822e-01 4.778043553233146667e-02
3.293071985244750977e-01 4.816330596804618835e-02
3.250165283679962158e-01 4.838365316390991211e-02
3.123185038566589355e-01 4.900423809885978699e-02
2.833076715469360352e-01 5.022372677922248840e-02
2.767151594161987305e-01 5.045769736170768738e-02
2.688688039779663086e-01 5.071311444044113159e-02
2.530695199966430664e-01 5.114587023854255676e-02
2.357849180698394775e-01 5.148189887404441833e-02
2.286843508481979370e-01 5.157422646880149841e-02
2.213777452707290649e-01 5.163929238915443420e-02
2.074020355939865112e-01 5.167305096983909607e-02
1.942161917686462402e-01 5.158586055040359497e-02
1.789208352565765381e-01 5.132323130965232849e-02
1.736788302659988403e-01 5.118955299258232117e-02
1.601868867874145508e-01 5.073279142379760742e-02
1.533730626106262207e-01 5.043561384081840515e-02
1.464965641498565674e-01 5.008656531572341919e-02
1.253453344106674194e-01 4.866601526737213135e-02
1.129393801093101501e-01 4.755195230245590210e-02
1.073802933096885681e-01 4.697477445006370544e-02
1.038003340363502502e-01 4.657518118619918823e-02
8.832101523876190186e-02 4.456650465726852417e-02
7.345857471227645874e-02 4.212905839085578918e-02
6.479236483573913574e-02 4.042233526706695557e-02
5.145191773772239685e-02 3.726965188980102539e-02
4.624865204095840454e-02 3.582616150379180908e-02
4.220984876155853271e-02 3.460433334112167358e-02
3.180322051048278809e-02 3.094596043229103088e-02
2.430263161659240723e-02 2.769084833562374115e-02
2.048759534955024719e-02 2.574857883155345917e-02
1.418746449053287506e-02 2.189877443015575409e-02
8.751240558922290802e-03 1.745795644819736481e-02
5.697173532098531723e-03 1.395413652062416077e-02
3.911714535206556320e-03 1.100371591746807098e-02
3.436000319197773933e-03 9.932815097272396088e-03
2.543386770412325859e-03 6.658876780420541763e-03
2.417239360511302948e-03 5.144732072949409485e-03
2.773604588583111763e-03 1.887135091237723827e-03
3.116561565548181534e-03 7.201487896963953972e-04
3.538439050316810608e-03 -3.573533031158149242e-04
5.156368482857942581e-03 -3.188391216099262238e-03
7.240541279315948486e-03 -5.669273436069488525e-03
9.929772466421127319e-03 -8.058205246925354004e-03
1.412978861480951309e-02 -1.086323987692594528e-02
1.618597656488418579e-02 -1.198058202862739563e-02
2.103547751903533936e-02 -1.417707744985818863e-02
2.623046189546585083e-02 -1.604356989264488220e-02
3.201665729284286499e-02 -1.771265454590320587e-02
3.894679620862007141e-02 -1.930788904428482056e-02
4.662961140275001526e-02 -2.070757932960987091e-02
6.060626357793807983e-02 -2.258407697081565857e-02
6.834025681018829346e-02 -2.336472831666469574e-02
7.865855097770690918e-02 -2.420636266469955444e-02
8.379572629928588867e-02 -2.455785684287548065e-02
9.933865815401077271e-02 -2.541408874094486237e-02
1.078149303793907166e-01 -2.577736414968967438e-02
1.147445663809776306e-01 -2.603132463991641998e-02
1.289844661951065063e-01 -2.645299769937992096e-02
1.329658776521682739e-01 -2.655015327036380768e-02
1.560421735048294067e-01 -2.696882933378219604e-02
1.737037450075149536e-01 -2.715155109763145447e-02
1.839716732501983643e-01 -2.721212059259414673e-02
2.023163437843322754e-01 -2.724677510559558868e-02
2.058316171169281006e-01 -2.724339812994003296e-02
2.319673895835876465e-01 -2.712577395141124725e-02
2.410007864236831665e-01 -2.704923972487449646e-02
2.456180602312088013e-01 -2.700334601104259491e-02
2.713427841663360596e-01 -2.666676230728626251e-02
2.850188910961151123e-01 -2.643391489982604980e-02
2.923460900783538818e-01 -2.629424631595611572e-02
3.060245215892791748e-01 -2.600621618330478668e-02
3.153111636638641357e-01 -2.579072304069995880e-02
3.277004659175872803e-01 -2.547854930162429810e-02
3.366267979145050049e-01 -2.523640170693397522e-02
3.535225987434387207e-01 -2.473922818899154663e-02
3.597929477691650391e-01 -2.454199641942977905e-02
3.664017021656036377e-01 -2.432677149772644043e-02
3.800971210002899170e-01 -2.385708503425121307e-02
3.842611908912658691e-01 -2.370803989470005035e-02
3.971652388572692871e-01 -2.322801575064659119e-02
4.215624332427978516e-01 -2.224772423505783081e-02
4.284308254718780518e-01 -2.195522561669349670e-02
4.515139758586883545e-01 -2.092180587351322174e-02
4.576220512390136719e-01 -2.063596248626708984e-02
4.839616715908050537e-01 -1.934893243014812469e-02
4.953013658523559570e-01 -1.877002418041229248e-02
5.004006624221801758e-01 -1.850532367825508118e-02
5.039806365966796875e-01 -1.831796951591968536e-02
5.098605751991271973e-01 -1.800764724612236023e-02
5.145329833030700684e-01 -1.775886863470077515e-02
5.430345535278320312e-01 -1.620613411068916321e-02
5.479100346565246582e-01 -1.593564823269844055e-02
5.520819425582885742e-01 -1.570333726704120636e-02
5.703024268150329590e-01 -1.468194089829921722e-02
5.826489925384521484e-01 -1.398621965199708939e-02
5.951725840568542480e-01 -1.328032463788986206e-02
6.011850833892822266e-01 -1.294204127043485641e-02
6.119167804718017578e-01 -1.234017685055732727e-02
6.167925596237182617e-01 -1.206785161048173904e-02
6.290458440780639648e-01 -1.138744410127401352e-02
6.390105485916137695e-01 -1.083916425704956055e-02
6.528440117835998535e-01 -1.008694246411323547e-02
6.684289574623107910e-01 -9.253581054508686066e-03
6.754394769668579102e-01 -8.884008973836898804e-03
6.804046034812927246e-01 -8.624347858130931854e-03
7.015492916107177734e-01 -7.538689300417900085e-03
7.101154327392578125e-01 -7.108539342880249023e-03
7.203727364540100098e-01 -6.601114291697740555e-03
7.276801466941833496e-01 -6.244875025004148483e-03
7.497429251670837402e-01 -5.197417456656694412e-03
7.604956626892089844e-01 -4.703435115516185760e-03
7.708657383918762207e-01 -4.238348454236984253e-03
7.809680700302124023e-01 -3.796917852014303207e-03
7.866376042366027832e-01 -3.554637543857097626e-03
7.977876067161560059e-01 -3.090687328949570656e-03
8.043017983436584473e-01 -2.828011056408286095e-03
8.146069049835205078e-01 -2.426514867693185806e-03
8.224628567695617676e-01 -2.133254660293459892e-03
8.306587338447570801e-01 -1.840568729676306248e-03
8.415462970733642578e-01 -1.475472352467477322e-03
8.526638150215148926e-01 -1.135104568675160408e-03
8.601640462875366211e-01 -9.270606678910553455e-04
8.633611202239990234e-01 -8.443295955657958984e-04
8.794967532157897949e-01 -4.905175883322954178e-04
8.870620131492614746e-01 -3.680325462482869625e-04
8.976226449012756348e-01 -2.553566009737551212e-04
9.031451344490051270e-01 -2.285988011863082647e-04
9.130493998527526855e-01 -2.486014855094254017e-04
9.271944761276245117e-01 -4.743654280900955200e-04
9.384273886680603027e-01 -8.871610043570399284e-04
9.542199969291687012e-01 -2.022217493504285812e-03
9.614422321319580078e-01 -2.868441632017493248e-03
9.633885025978088379e-01 -3.144021611660718918e-03
