9.708766937255859375e-01 -4.261535592377185822e-03
9.705030322074890137e-01 -4.213681910187005997e-03
9.681048393249511719e-01 -3.889374202117323875e-03
9.640370011329650879e-01 -3.288458101451396942e-03
9.391119480133056641e-01 1.037937239743769169e-03
9.273195266723632812e-01 3.274915274232625961e-03
9.193700551986694336e-01 4.823222290724515915e-03
9.172204732894897461e-01 5.246642045676708221e-03
9.121056199073791504e-01 6.261345464736223221e-03
9.020121097564697266e-01 8.291405625641345978e-03
8.920541405677795410e-01 1.032622717320919037e-02
8.864307403564453125e-01 1.148800365626811981e-02
8.760689496994018555e-01 1.365083083510398865e-02
8.689798116683959961e-01 1.514605525881052017e-02
8.600098490715026855e-01 1.705482043325901031e-02
8.541689515113830566e-01 1.830736920237541199e-02
8.473710417747497559e-01 1.977431587874889374e-02
8.428650498390197754e-01 2.075185813009738922e-02
8.337451219558715820e-01 2.274271659553050995e-02
8.302708268165588379e-01 2.350531145930290222e-02
8.182991147041320801e-01 2.614976651966571808e-02
8.036329150199890137e-01 2.942238748073577881e-02
7.838958501815795898e-01 3.387694060802459717e-02
7.833181023597717285e-01 3.400808572769165039e-02
7.728852629661560059e-01 3.638339787721633911e-02
7.651477456092834473e-01 3.815250843763351440e-02
7.573574185371398926e-01 3.993912786245346069e-02
7.502959370613098145e-01 4.156257957220077515e-02
7.271612286567687988e-01 4.689864069223403931e-02
7.209866046905517578e-01 4.832483828067779541e-02
7.114333510398864746e-01 5.053077638149261475e-02
6.948552131652832031e-01 5.435084551572799683e-02
6.764075756072998047e-01 5.857684463262557983e-02
6.701189875602722168e-01 6.000842154026031494e-02
6.545320153236389160e-01 6.353032588958740234e-02
6.423631906509399414e-01 6.624819338321685791e-02
6.360232234001159668e-01 6.765125691890716553e-02
6.313646435737609863e-01 6.867595016956329346e-02
6.072956323623657227e-01 7.387460768222808838e-02
6.038247942924499512e-01 7.460964471101760864e-02
5.968161821365356445e-01 7.608137279748916626e-02
5.812633633613586426e-01 7.928385585546493530e-02
5.603055357933044434e-01 8.344637602567672729e-02
5.398541688919067383e-01 8.731941878795623779e-02
5.380132794380187988e-01 8.765824884176254272e-02
5.347342491149902344e-01 8.825745433568954468e-02
5.146559476852416992e-01 9.180498123168945312e-02
5.030885338783264160e-01 9.374923259019851685e-02
4.926118552684783936e-01 9.544393420219421387e-02
4.714831113815307617e-01 9.866046160459518433e-02
4.546530246734619141e-01 1.010196357965469360e-01
4.511537551879882812e-01 1.014866381883621216e-01
4.403664767742156982e-01 1.028734371066093445e-01
4.264804422855377197e-01 1.045384854078292847e-01
4.146397113800048828e-01 1.058478057384490967e-01
3.941468000411987305e-01 1.078630462288856506e-01
3.802857697010040283e-01 1.090382784605026245e-01
3.636356294155120850e-01 1.102402359247207642e-01
3.517741560935974121e-01 1.109513714909553528e-01
3.500781059265136719e-01 1.110429316759109497e-01
3.372331261634826660e-01 1.116518080234527588e-01
2.781353890895843506e-01 1.123845651745796204e-01
2.668762505054473877e-01 1.121035218238830566e-01
2.572940886020660400e-01 1.117482706904411316e-01
2.476293295621871948e-01 1.112776473164558411e-01
2.382890433073043823e-01 1.107114776968955994e-01
2.287435829639434814e-01 1.100153475999832153e-01
2.189624458551406860e-01 1.091734170913696289e-01
2.175168693065643311e-01 1.090376079082489014e-01
2.066563963890075684e-01 1.079201102256774902e-01
1.733868122100830078e-01 1.033413410186767578e-01
1.628890186548233032e-01 1.014956682920455933e-01
1.589183956384658813e-01 1.007422879338264465e-01
1.525335460901260376e-01 9.946404397487640381e-02
1.446815729141235352e-01 9.777420759201049805e-02
1.331944912672042847e-01 9.505171328783035278e-02
1.238110214471817017e-01 9.258893877267837524e-02
1.146527230739593506e-01 8.995871245861053467e-02
1.118645668029785156e-01 8.911042660474777222e-02
9.876046329736709595e-02 8.479876071214675903e-02
8.165874332189559937e-02 7.825374603271484375e-02
7.590957731008529663e-02 7.578061521053314209e-02
6.139397248625755310e-02 6.879636645317077637e-02
4.961682856082916260e-02 6.217804178595542908e-02
4.539783671498298645e-02 5.954927578568458557e-02
3.734965994954109192e-02 5.406869575381278992e-02
3.503654897212982178e-02 5.236204713582992554e-02
2.986155450344085693e-02 4.828795418143272400e-02
2.524947561323642731e-02 4.430228099226951599e-02
2.044298127293586731e-02 3.969257697463035583e-02
1.681815087795257568e-02 3.581024706363677979e-02
1.315508410334587097e-02 3.139376267790794373e-02
9.611100889742374420e-03 2.641309238970279694e-02
6.331392563879489899e-03 2.069569937884807587e-02
4.059058148413896561e-03 1.528360694646835327e-02
2.498402027413249016e-03 8.231048472225666046e-03
2.413319190964102745e-03 5.136902909725904465e-03
2.502979710698127747e-03 3.878773190081119537e-03
2.870052587240934372e-03 1.612203079275786877e-03
3.852555528283119202e-03 -1.449229777790606022e-03
4.875230602920055389e-03 -3.477188060060143471e-03
7.472959347069263458e-03 -6.895767990499734879e-03
1.103285886347293854e-02 -9.912443347275257111e-03
1.340507995337247849e-02 -1.139032188802957535e-02
1.908827759325504303e-02 -1.397044397890567780e-02
2.844920381903648376e-02 -1.656619831919670105e-02
4.469006881117820740e-02 -1.871127635240554810e-02
5.930676683783531189e-02 -1.938423328101634979e-02
6.793741136789321899e-02 -1.947562023997306824e-02
8.089832216501235962e-02 -1.935264840722084045e-02
9.479562193155288696e-02 -1.900454610586166382e-02
1.066799312829971313e-01 -1.860592328011989594e-02
1.162257567048072815e-01 -1.824907213449478149e-02
1.238254606723785400e-01 -1.795282028615474701e-02
1.289261728525161743e-01 -1.775118522346019745e-02
1.580219417810440063e-01 -1.661952212452888489e-02
1.764191687107086182e-01 -1.596213877201080322e-02
1.858825832605361938e-01 -1.564931496977806091e-02
2.041629403829574585e-01 -1.509897876530885696e-02
2.292442321777343750e-01 -1.446393504738807678e-02
2.325594872236251831e-01 -1.439040340483188629e-02
2.401670217514038086e-01 -1.423073373734951019e-02
2.556520402431488037e-01 -1.394411269575357437e-02
2.600791752338409424e-01 -1.387145742774009705e-02
2.716079354286193848e-01 -1.370113156735897064e-02
2.790700495243072510e-01 -1.360515225678682327e-02
2.885602712631225586e-01 -1.349887810647487640e-02
2.949886918067932129e-01 -1.343671884387731552e-02
3.040323853492736816e-01 -1.336240768432617188e-02
3.187282681465148926e-01 -1.327345892786979675e-02
3.282422423362731934e-01 -1.323622837662696838e-02
3.499737381935119629e-01 -1.320862211287021637e-02
3.625632822513580322e-01 -1.322769373655319214e-02
3.688347637653350830e-01 -1.324643101543188095e-02
3.865146040916442871e-01 -1.333120279014110565e-02
3.976832926273345947e-01 -1.340825948864221573e-02
4.093633294105529785e-01 -1.350755151361227036e-02
4.160097241401672363e-01 -1.357234083116054535e-02
4.297965466976165771e-01 -1.372526772320270538e-02
4.467811882495880127e-01 -1.394662912935018539e-02
4.592645466327667236e-01 -1.413131970912218094e-02
4.686320424079895020e-01 -1.428151037544012070e-02
4.745032191276550293e-01 -1.438049692660570145e-02
4.859994649887084961e-01 -1.458466798067092896e-02
4.983563721179962158e-01 -1.481851655989885330e-02
5.025991797447204590e-01 -1.490203756839036942e-02
5.396112203598022461e-01 -1.569042354822158813e-02
5.493705868721008301e-01 -1.591280102729797363e-02
5.544557571411132812e-01 -1.603042334318161011e-02
5.666846036911010742e-01 -1.631705649197101593e-02
5.890997052192687988e-01 -1.684960350394248962e-02
5.959109663963317871e-01 -1.701127365231513977e-02
6.053004860877990723e-01 -1.723243668675422668e-02
6.193752884864807129e-01 -1.755730994045734406e-02
6.366053819656372070e-01 -1.793712563812732697e-02
6.535728573799133301e-01 -1.828224770724773407e-02
6.605238318443298340e-01 -1.841286569833755493e-02
6.690168976783752441e-01 -1.856236346065998077e-02
6.763863563537597656e-01 -1.868207007646560669e-02
6.953896284103393555e-01 -1.894128881394863129e-02
7.020392417907714844e-01 -1.901306957006454468e-02
7.116297483444213867e-01 -1.909735612571239471e-02
7.218256592750549316e-01 -1.916024088859558105e-02
7.450652122497558594e-01 -1.919028162956237793e-02
7.571848630905151367e-01 -1.913809403777122498e-02
7.695001959800720215e-01 -1.903400570154190063e-02
7.781019210815429688e-01 -1.892959140241146088e-02
7.824135422706604004e-01 -1.886719465255737305e-02
7.931191921234130859e-01 -1.868259906768798828e-02
8.039748668670654297e-01 -1.845136098563671112e-02
8.097402453422546387e-01 -1.831018365919589996e-02
8.192114233970642090e-01 -1.805011741816997528e-02
8.284711241722106934e-01 -1.776155456900596619e-02
8.331511616706848145e-01 -1.760262250900268555e-02
8.447650074958801270e-01 -1.716969721019268036e-02
8.647020459175109863e-01 -1.629538647830486298e-02
8.731239438056945801e-01 -1.587481424212455750e-02
8.843061923980712891e-01 -1.526770275086164474e-02
8.918544054031372070e-01 -1.482560113072395325e-02
8.977530002593994141e-01 -1.446149591356515884e-02
9.018223881721496582e-01 -1.420056354254484177e-02
9.114176034927368164e-01 -1.355303078889846802e-02
9.249278903007507324e-01 -1.256175618618726730e-02
9.280662536621093750e-01 -1.231779903173446655e-02
9.386476278305053711e-01 -1.145720295608043671e-02
9.420554637908935547e-01 -1.116793788969516754e-02
9.490394592285156250e-01 -1.055896561592817307e-02
9.565474390983581543e-01 -9.888034313917160034e-03
9.612787365913391113e-01 -9.466155432164669037e-03
9.652466773986816406e-01 -9.122731164097785950e-03
9.680679440498352051e-01 -8.891095407307147980e-03
9.698118567466735840e-01 -8.756152354180812836e-03
