9.666318893432617188e-01 9.482959285378456116e-04
9.660646915435791016e-01 1.086106640286743641e-03
9.633315205574035645e-01 1.747809932567179203e-03
9.550217390060424805e-01 3.744972869753837585e-03
9.442227482795715332e-01 6.318340077996253967e-03
9.335284233093261719e-01 8.846068754792213440e-03
9.269492030143737793e-01 1.039091125130653381e-02
9.240847826004028320e-01 1.106099598109722137e-02
9.143689274787902832e-01 1.332210563123226166e-02
9.066249728202819824e-01 1.511077024042606354e-02
8.855648636817932129e-01 1.990972831845283508e-02
8.781802654266357422e-01 2.156834863126277924e-02
8.695663213729858398e-01 2.348633855581283569e-02
8.552628755569458008e-01 2.662935480475425720e-02
8.402056694030761719e-01 2.987889759242534637e-02
8.335118293762207031e-01 3.130320459604263306e-02
8.242832422256469727e-01 3.324567154049873352e-02
8.169666528701782227e-01 3.476789966225624084e-02
8.080355525016784668e-01 3.660418465733528137e-02
8.045214414596557617e-01 3.732003271579742432e-02
7.949202656745910645e-01 3.925622627139091492e-02
7.797297835350036621e-01 4.226011037826538086e-02
7.600006461143493652e-01 4.605020582675933838e-02
7.550011277198791504e-01 4.699026793241500854e-02
7.427231669425964355e-01 4.926380515098571777e-02
7.357361316680908203e-01 5.053513124585151672e-02
7.280176281929016113e-01 5.192052945494651794e-02
7.202665209770202637e-01 5.329158157110214233e-02
7.010484337806701660e-01 5.660348758101463318e-02
6.978749632835388184e-01 5.713836476206779480e-02
6.802405118942260742e-01 6.004842743277549744e-02
6.721454262733459473e-01 6.134884431958198547e-02
6.620330810546875000e-01 6.294202059507369995e-02
6.512839794158935547e-01 6.459720432758331299e-02
6.391137242317199707e-01 6.642335653305053711e-02
6.289759874343872070e-01 6.790540367364883423e-02
6.180136799812316895e-01 6.946770846843719482e-02
6.118353605270385742e-01 7.032962143421173096e-02
5.985580682754516602e-01 7.213596254587173462e-02
5.898529887199401855e-01 7.328578084707260132e-02
5.729485750198364258e-01 7.543932646512985229e-02
5.697794556617736816e-01 7.583120465278625488e-02
5.556527376174926758e-01 7.753160595893859863e-02
5.449268817901611328e-01 7.877100259065628052e-02
5.335317254066467285e-01 8.003764599561691284e-02
5.224048495292663574e-01 8.122345060110092163e-02
5.118452906608581543e-01 8.230095356702804565e-02
5.021858215332031250e-01 8.324476331472396851e-02
4.960195720195770264e-01 8.382584154605865479e-02
4.810917973518371582e-01 8.516176044940948486e-02
4.698689877986907959e-01 8.609821647405624390e-02
4.638673067092895508e-01 8.657442033290863037e-02
4.511137604713439941e-01 8.752775192260742188e-02
4.256984889507293701e-01 8.918042480945587158e-02
4.195941984653472900e-01 8.952625840902328491e-02
3.944079279899597168e-01 9.073245525360107422e-02
3.776392042636871338e-01 9.132909029722213745e-02
3.688876628875732422e-01 9.157163649797439575e-02
3.476238548755645752e-01 9.195481985807418823e-02
3.415315151214599609e-01 9.200875461101531982e-02
3.309595882892608643e-01 9.204103052616119385e-02
3.114801943302154541e-01 9.188853204250335693e-02
2.993208765983581543e-01 9.164745360612869263e-02
2.806754708290100098e-01 9.104713052511215210e-02
2.712963521480560303e-01 9.063441306352615356e-02
2.613723278045654297e-01 9.011305123567581177e-02
2.539591491222381592e-01 8.966479450464248657e-02
2.471564859151840210e-01 8.920773863792419434e-02
2.378944456577301025e-01 8.851268142461776733e-02
2.235880643129348755e-01 8.726661652326583862e-02
2.147192209959030151e-01 8.638355135917663574e-02
2.031028717756271362e-01 8.509108424186706543e-02
1.926890313625335693e-01 8.379399031400680542e-02
1.839817464351654053e-01 8.260282874107360840e-02
1.745509952306747437e-01 8.119649440050125122e-02
1.663128435611724854e-01 7.986307144165039062e-02
1.599517166614532471e-01 7.876252382993698120e-02
1.502110511064529419e-01 7.694974541664123535e-02
1.380233019590377808e-01 7.444600015878677368e-02
1.325219273567199707e-01 7.322254031896591187e-02
1.185946762561798096e-01 6.983599066734313965e-02
1.049642637372016907e-01 6.606370955705642700e-02
9.764070808887481689e-02 6.381827592849731445e-02
8.832071721553802490e-02 6.070192530751228333e-02
8.065665513277053833e-02 5.788739025592803955e-02
7.726557552814483643e-02 5.655869469046592712e-02
6.656192243099212646e-02 5.196539685130119324e-02
5.016605928540229797e-02 4.331265389919281006e-02
4.533077031373977661e-02 4.020061343908309937e-02
4.017033800482749939e-02 3.644177690148353577e-02
3.585660085082054138e-02 3.281181678175926208e-02
3.186699748039245605e-02 2.885350212454795837e-02
2.830513380467891693e-02 2.450220659375190735e-02
2.382825128734111786e-02 1.629076153039932251e-02
2.273443713784217834e-02 1.257030107080936432e-02
2.231772057712078094e-02 1.004388835281133652e-02
2.217023633420467377e-02 6.675403099507093430e-03
2.227159403264522552e-02 4.989639855921268463e-03
2.382870018482208252e-02 -1.675770850852131844e-03
2.583607658743858337e-02 -5.972550716251134872e-03
2.799207158386707306e-02 -9.349121712148189545e-03
3.229442238807678223e-02 -1.446777209639549255e-02
3.519026562571525574e-02 -1.724698022007942200e-02
4.072392731904983521e-02 -2.169512957334518433e-02
4.618559777736663818e-02 -2.535328641533851624e-02
5.468253418803215027e-02 -3.011046350002288818e-02
5.972171947360038757e-02 -3.254656121134757996e-02
6.755184382200241089e-02 -3.590917959809303284e-02
7.435704767704010010e-02 -3.849649056792259216e-02
8.765017986297607422e-02 -4.285237193107604980e-02
9.878444671630859375e-02 -4.593461006879806519e-02
1.067758724093437195e-01 -4.788489267230033875e-02
1.181951686739921570e-01 -5.034378543496131897e-02
1.274473369121551514e-01 -5.208412930369377136e-02
1.364744901657104492e-01 -5.358662083745002747e-02
1.413381248712539673e-01 -5.432179942727088928e-02
1.545718312263488770e-01 -5.607885867357254028e-02
1.617255806922912598e-01 -5.689049139618873596e-02
1.686956286430358887e-01 -5.759471654891967773e-02
1.763097792863845825e-01 -5.827175453305244446e-02
1.851794421672821045e-01 -5.894625559449195862e-02
1.967922449111938477e-01 -5.965688452124595642e-02
2.034875750541687012e-01 -5.998400971293449402e-02
2.119249105453491211e-01 -6.031638011336326599e-02
2.212728410959243774e-01 -6.058755517005920410e-02
2.295877933502197266e-01 -6.074931472539901733e-02
2.519066035747528076e-01 -6.085548177361488342e-02
2.584980726242065430e-01 -6.080551072955131531e-02
2.678386867046356201e-01 -6.067872792482376099e-02
2.737402915954589844e-01 -6.056720018386840820e-02
2.789034545421600342e-01 -6.045099347829818726e-02
2.876598834991455078e-01 -6.021684408187866211e-02
2.976355850696563721e-01 -5.989790335297584534e-02
3.066512644290924072e-01 -5.956638976931571960e-02
3.192752003669738770e-01 -5.904074013233184814e-02
3.231876790523529053e-01 -5.886461585760116577e-02
3.353337645530700684e-01 -5.828221142292022705e-02
3.401839733123779297e-01 -5.803573876619338989e-02
3.557635545730590820e-01 -5.719687417149543762e-02
3.859497010707855225e-01 -5.540371313691139221e-02
3.908072710037231445e-01 -5.509837716817855835e-02
4.076232612133026123e-01 -5.401241406798362732e-02
4.107338786125183105e-01 -5.380706489086151123e-02
4.300749897956848145e-01 -5.250362306833267212e-02
4.418414533138275146e-01 -5.169073492288589478e-02
4.487842619419097900e-01 -5.120493099093437195e-02
4.604832530021667480e-01 -5.037673935294151306e-02
4.716124236583709717e-01 -4.957857355475425720e-02
4.849005937576293945e-01 -4.861312732100486755e-02
5.129501819610595703e-01 -4.653180018067359924e-02
5.200614333152770996e-01 -4.599449783563613892e-02
5.249474048614501953e-01 -4.562291502952575684e-02
5.369189977645874023e-01 -4.470381885766983032e-02
5.479718446731567383e-01 -4.384346306324005127e-02
5.591129660606384277e-01 -4.296369478106498718e-02
5.692485570907592773e-01 -4.215123876929283142e-02
5.828140377998352051e-01 -4.104384407401084900e-02
5.977677702903747559e-01 -3.979327902197837830e-02
6.112455725669860840e-01 -3.863584622740745544e-02
6.378232836723327637e-01 -3.625578060746192932e-02
6.710178852081298828e-01 -3.306798264384269714e-02
6.774059534072875977e-01 -3.242363035678863525e-02
6.864942908287048340e-01 -3.148858621716499329e-02
6.970609426498413086e-01 -3.037372045218944550e-02
7.053788900375366211e-01 -2.947477065026760101e-02
7.137628793716430664e-01 -2.854945510625839233e-02
7.244241237640380859e-01 -2.734492719173431396e-02
7.398114800453186035e-01 -2.555224113166332245e-02
7.524135708808898926e-01 -2.403816021978855133e-02
7.642673254013061523e-01 -2.257877774536609650e-02
7.763569951057434082e-01 -2.105844952166080475e-02
7.843794822692871094e-01 -2.003387734293937683e-02
7.915352582931518555e-01 -1.911085285246372223e-02
7.991923689842224121e-01 -1.811506785452365875e-02
8.081339001655578613e-01 -1.694393716752529144e-02
8.174425959587097168e-01 -1.571841165423393250e-02
8.369107842445373535e-01 -1.315316185355186462e-02
8.446592092514038086e-01 -1.213944982737302780e-02
8.608744144439697266e-01 -1.005349028855562210e-02
8.696919679641723633e-01 -8.951188065111637115e-03
8.754379153251647949e-01 -8.250132203102111816e-03
8.797405362129211426e-01 -7.735995110124349594e-03
8.928033113479614258e-01 -6.246954202651977539e-03
9.034422636032104492e-01 -5.139120854437351227e-03
9.169154763221740723e-01 -3.928967285901308060e-03
9.200029969215393066e-01 -3.691017860546708107e-03
9.386572241783142090e-01 -2.705603372305631638e-03
9.483013153076171875e-01 -2.631701994687318802e-03
9.566743969917297363e-01 -2.938156249001622200e-03
9.616038203239440918e-01 -3.333519212901592255e-03
9.645525813102722168e-01 -3.663172712549567223e-03
9.666556119918823242e-01 -3.946231678128242493e-03
