9.642727375030517578e-01 2.206847770139575005e-03
9.635049700736999512e-01 2.477836329489946365e-03
9.604859352111816406e-01 3.509660251438617706e-03
9.461399316787719727e-01 7.967154495418071747e-03
9.217424988746643066e-01 1.468962337821722031e-02
9.127087593078613281e-01 1.700979657471179962e-02
8.914777636528015137e-01 2.219547331333160400e-02
8.852206468582153320e-01 2.366078644990921021e-02
8.793261647224426270e-01 2.501727454364299774e-02
8.702277541160583496e-01 2.706727012991905212e-02
8.595202565193176270e-01 2.941525541245937347e-02
8.517662286758422852e-01 3.107381239533424377e-02
8.445631861686706543e-01 3.258414939045906067e-02
8.351298570632934570e-01 3.451927006244659424e-02
8.217995166778564453e-01 3.717362880706787109e-02
8.153669834136962891e-01 3.842184320092201233e-02
8.020848631858825684e-01 4.093428328633308411e-02
7.956598997116088867e-01 4.211889207363128662e-02
7.874020934104919434e-01 4.361285641789436340e-02
7.785714268684387207e-01 4.517559707164764404e-02
7.625337243080139160e-01 4.792444035410881042e-02
7.567539811134338379e-01 4.888770356774330139e-02
7.318453192710876465e-01 5.288086086511611938e-02
7.258238196372985840e-01 5.380914732813835144e-02
7.098817825317382812e-01 5.620078369975090027e-02
7.027609944343566895e-01 5.723915249109268188e-02
6.894204616546630859e-01 5.913690105080604553e-02
6.827432513236999512e-01 6.006420031189918518e-02
6.743142008781433105e-01 6.121399626135826111e-02
6.635385751724243164e-01 6.265117228031158447e-02
6.510161161422729492e-01 6.427672505378723145e-02
6.418352127075195312e-01 6.543903797864913940e-02
6.318905353546142578e-01 6.667073816061019897e-02
6.233316659927368164e-01 6.770854443311691284e-02
6.120341420173645020e-01 6.904759258031845093e-02
6.022992134094238281e-01 7.017374038696289062e-02
5.915949344635009766e-01 7.138269394636154175e-02
5.847857594490051270e-01 7.213583588600158691e-02
5.776714682579040527e-01 7.290963083505630493e-02
5.712555646896362305e-01 7.359584420919418335e-02
5.596140623092651367e-01 7.481286674737930298e-02
5.439665913581848145e-01 7.639076560735702515e-02
5.338946580886840820e-01 7.737053930759429932e-02
5.231583118438720703e-01 7.838311046361923218e-02
5.146843194961547852e-01 7.915857434272766113e-02
4.972453117370605469e-01 8.068589866161346436e-02
4.869699180126190186e-01 8.154088258743286133e-02
4.800724983215332031e-01 8.209533989429473877e-02
4.721457958221435547e-01 8.271256089210510254e-02
4.537176489830017090e-01 8.406125754117965698e-02
4.336289167404174805e-01 8.538495004177093506e-02
4.230938851833343506e-01 8.601360023021697998e-02
4.136478900909423828e-01 8.653665333986282349e-02
4.068267941474914551e-01 8.688953518867492676e-02
3.932751417160034180e-01 8.752591907978057861e-02
3.871718347072601318e-01 8.778329938650131226e-02
3.789384365081787109e-01 8.810056746006011963e-02
3.660211563110351562e-01 8.852601796388626099e-02
3.400008976459503174e-01 8.909476548433303833e-02
3.343902826309204102e-01 8.916334062814712524e-02
3.313512504100799561e-01 8.919205516576766968e-02
3.232534825801849365e-01 8.923881500959396362e-02
3.136604130268096924e-01 8.923641592264175415e-02
2.983835041522979736e-01 8.909618854522705078e-02
2.886693775653839111e-01 8.891484141349792480e-02
2.823070287704467773e-01 8.875521272420883179e-02
2.773739397525787354e-01 8.860841393470764160e-02
2.601121366024017334e-01 8.792817592620849609e-02
2.485261708498001099e-01 8.731754124164581299e-02
2.368558496236801147e-01 8.656791597604751587e-02
2.217250913381576538e-01 8.537985384464263916e-02
2.175564765930175781e-01 8.500695973634719849e-02
2.015768736600875854e-01 8.338163048028945923e-02
1.958984434604644775e-01 8.272489905357360840e-02
1.891422867774963379e-01 8.188600838184356689e-02
1.771089583635330200e-01 8.022761344909667969e-02
1.668559312820434570e-01 7.863628119230270386e-02
1.512516736984252930e-01 7.586626708507537842e-02
1.444453746080398560e-01 7.451356947422027588e-02
1.316089928150177002e-01 7.169613987207412720e-02
1.238502562046051025e-01 6.980793923139572144e-02
1.151205524802207947e-01 6.749763339757919312e-02
1.079193577170372009e-01 6.542900204658508301e-02
9.798223525285720825e-02 6.230338662862777710e-02
9.341589361429214478e-02 6.075008213520050049e-02
8.862198144197463989e-02 5.903169512748718262e-02
7.778979092836380005e-02 5.477616190910339355e-02
6.311235576868057251e-02 4.799265787005424500e-02
5.515791475772857666e-02 4.367261379957199097e-02
4.864801466464996338e-02 3.968423604965209961e-02
3.979275375604629517e-02 3.335748612880706787e-02
3.177469968795776367e-02 2.623315528035163879e-02
2.672220394015312195e-02 2.051059342920780182e-02
2.352529764175415039e-02 1.591034419834613800e-02
2.067367732524871826e-02 1.031028944998979568e-02
1.929235644638538361e-02 6.049947347491979599e-03
1.895943097770214081e-02 4.460324067622423172e-03
1.859514601528644562e-02 9.410305647179484367e-04
1.870631612837314606e-02 -1.966624753549695015e-03
1.898851245641708374e-02 -3.826437052339315414e-03
1.994967833161354065e-02 -7.169977296143770218e-03
2.436015382409095764e-02 -1.433315221220254898e-02
2.946151606738567352e-02 -1.896259188652038574e-02
3.599035739898681641e-02 -2.300057560205459595e-02
4.369986057281494141e-02 -2.642283216118812561e-02
5.032572522759437561e-02 -2.867547422647476196e-02
5.425342544913291931e-02 -2.980097755789756775e-02
6.185296550393104553e-02 -3.164544329047203064e-02
6.876142323017120361e-02 -3.302467986941337585e-02
7.944674044847488403e-02 -3.474242985248565674e-02
8.889757096767425537e-02 -3.594210371375083923e-02
9.811440855264663696e-02 -3.689032420516014099e-02
1.016129851341247559e-01 -3.720243647694587708e-02
1.137767359614372253e-01 -3.811682388186454773e-02
1.284787654876708984e-01 -3.893186524510383606e-02
1.338032037019729614e-01 -3.916288167238235474e-02
1.457253992557525635e-01 -3.957677260041236877e-02
1.555222272872924805e-01 -3.982371464371681213e-02
1.745857149362564087e-01 -4.010530188679695129e-02
1.790793836116790771e-01 -4.013863578438758850e-02
1.884889155626296997e-01 -4.017278552055358887e-02
1.946216076612472534e-01 -4.017100483179092407e-02
2.053196579217910767e-01 -4.012662544846534729e-02
2.191297262907028198e-01 -3.999957442283630371e-02
2.347617596387863159e-01 -3.977254033088684082e-02
2.398723065853118896e-01 -3.968108817934989929e-02
2.462551295757293701e-01 -3.955589979887008667e-02
2.576448619365692139e-01 -3.930402547121047974e-02
2.704808115959167480e-01 -3.897991031408309937e-02
2.846367657184600830e-01 -3.857770562171936035e-02
2.939675152301788330e-01 -3.828912600874900818e-02
2.996628880500793457e-01 -3.810441866517066956e-02
3.149917125701904297e-01 -3.757730126380920410e-02
3.237291276454925537e-01 -3.725850209593772888e-02
3.323439359664916992e-01 -3.693205490708351135e-02
3.388108611106872559e-01 -3.667947277426719666e-02
3.512726724147796631e-01 -3.617556765675544739e-02
3.562893569469451904e-01 -3.596662357449531555e-02
3.672392070293426514e-01 -3.549914807081222534e-02
3.803405761718750000e-01 -3.492034226655960083e-02
4.004484415054321289e-01 -3.399419412016868591e-02
4.082927405834197998e-01 -3.362143039703369141e-02
4.295123517513275146e-01 -3.258377686142921448e-02
4.392977058887481689e-01 -3.209190815687179565e-02
4.469517767429351807e-01 -3.170169889926910400e-02
4.546476006507873535e-01 -3.130476176738739014e-02
4.636755585670471191e-01 -3.083350136876106262e-02
4.775765240192413330e-01 -3.009665943682193756e-02
4.837228655815124512e-01 -2.976676262915134430e-02
5.026014447212219238e-01 -2.873876877129077911e-02
5.114203691482543945e-01 -2.825136296451091766e-02
5.188277363777160645e-01 -2.783862315118312836e-02
5.403157472610473633e-01 -2.662479132413864136e-02
5.435315966606140137e-01 -2.644109353423118591e-02
5.635153055191040039e-01 -2.528808824717998505e-02
5.770855545997619629e-01 -2.449400909245014191e-02
5.823889374732971191e-01 -2.418125979602336884e-02
5.920940637588500977e-01 -2.360538020730018616e-02
6.021535992622375488e-01 -2.300360426306724548e-02
6.124457716941833496e-01 -2.238273620605468750e-02
6.233692765235900879e-01 -2.171796187758445740e-02
6.413878798484802246e-01 -2.060812525451183319e-02
6.504465341567993164e-01 -2.004388161003589630e-02
6.529178619384765625e-01 -1.988920755684375763e-02
6.753153204917907715e-01 -1.847334578633308411e-02
6.841057538986206055e-01 -1.791089400649070740e-02
7.028252482414245605e-01 -1.670142263174057007e-02
7.166734933853149414e-01 -1.579756289720535278e-02
7.326449751853942871e-01 -1.474747341126203537e-02
7.401989698410034180e-01 -1.424868591129779816e-02
7.508693337440490723e-01 -1.354270149022340775e-02
7.661510705947875977e-01 -1.253083534538745880e-02
7.767750620841979980e-01 -1.182868797332048416e-02
7.829004526138305664e-01 -1.142503041774034500e-02
7.917289137840270996e-01 -1.084558479487895966e-02
8.056166768074035645e-01 -9.942037053406238556e-03
8.158619403839111328e-01 -9.284194558858871460e-03
8.215396404266357422e-01 -8.923740126192569733e-03
8.431845903396606445e-01 -7.585419341921806335e-03
8.498241901397705078e-01 -7.189310621470212936e-03
8.680907487869262695e-01 -6.146845407783985138e-03
8.735694289207458496e-01 -5.850577726960182190e-03
8.839570283889770508e-01 -5.314618814736604691e-03
8.947612643241882324e-01 -4.799687303602695465e-03
9.025803208351135254e-01 -4.459731746464967728e-03
9.067418575286865234e-01 -4.291819874197244644e-03
9.226183295249938965e-01 -3.752265824005007744e-03
9.355167746543884277e-01 -3.462892258539795876e-03
9.470725059509277344e-01 -3.351327264681458473e-03
9.568172097206115723e-01 -3.382410388439893723e-03
9.611604213714599609e-01 -3.431075252592563629e-03
9.636896252632141113e-01 -3.466899739578366280e-03
