9.589502215385437012e-01 -1.897736801765859127e-03
9.580101966857910156e-01 -1.781444880180060863e-03
9.523685574531555176e-01 -1.095021027140319347e-03
9.455875158309936523e-01 -2.895545621868222952e-04
9.319698214530944824e-01 1.289224834181368351e-03
9.254486560821533203e-01 2.034016419202089310e-03
9.085628390312194824e-01 3.943599294871091843e-03
9.024630784988403320e-01 4.628837108612060547e-03
8.923847079277038574e-01 5.757298786193132401e-03
8.822183012962341309e-01 6.891699042171239853e-03
8.610855340957641602e-01 9.238639846444129944e-03
8.521507978439331055e-01 1.022626645863056183e-02
8.391797542572021484e-01 1.165460329502820969e-02
8.299669027328491211e-01 1.266460213810205460e-02
8.151743412017822266e-01 1.427727751433849335e-02
8.113606572151184082e-01 1.469099707901477814e-02
7.908642292022705078e-01 1.689774915575981140e-02
7.758936285972595215e-01 1.848874986171722412e-02
7.659059166908264160e-01 1.953862421214580536e-02
7.581465840339660645e-01 2.034709416329860687e-02
7.454584240913391113e-01 2.165427431464195251e-02
7.344723343849182129e-01 2.276960574090480804e-02
7.251890301704406738e-01 2.369893901050090790e-02
7.144139409065246582e-01 2.476111240684986115e-02
6.953279376029968262e-01 2.659424580633640289e-02
6.896433234214782715e-01 2.712721191346645355e-02
6.733059883117675781e-01 2.862226217985153198e-02
6.663251519203186035e-01 2.924343384802341461e-02
6.594156622886657715e-01 2.984721399843692780e-02
6.475785374641418457e-01 3.085478395223617554e-02
6.331303715705871582e-01 3.203595429658889771e-02
6.263625621795654297e-01 3.256990388035774231e-02
6.127648949623107910e-01 3.360353782773017883e-02
6.018667221069335938e-01 3.439278155565261841e-02
5.830729603767395020e-01 3.566825017333030701e-02
5.751334428787231445e-01 3.617354854941368103e-02
5.613822937011718750e-01 3.700041398406028748e-02
5.458531379699707031e-01 3.785938397049903870e-02
5.238223671913146973e-01 3.894040733575820923e-02
5.124617815017700195e-01 3.943471610546112061e-02
4.998546838760375977e-01 3.993323445320129395e-02
4.922780394554138184e-01 4.020772874355316162e-02
4.816922247409820557e-01 4.055996984243392944e-02
4.750881493091583252e-01 4.076142981648445129e-02
4.598512947559356689e-01 4.117330908775329590e-02
4.528711140155792236e-01 4.133763164281845093e-02
4.281765520572662354e-01 4.179878160357475281e-02
4.176467955112457275e-01 4.193946719169616699e-02
3.900545239448547363e-01 4.215341806411743164e-02
3.852048218250274658e-01 4.216819629073143005e-02
3.742010593414306641e-01 4.217671975493431091e-02
3.695266544818878174e-01 4.216985777020454407e-02
3.617697060108184814e-01 4.214470833539962769e-02
3.577318489551544189e-01 4.212483391165733337e-02
3.425016105175018311e-01 4.200796410441398621e-02
3.365188539028167725e-01 4.194387793540954590e-02
3.272821307182312012e-01 4.182467237114906311e-02
3.114499449729919434e-01 4.156253486871719360e-02
3.050273954868316650e-01 4.143504798412322998e-02
2.918313145637512207e-01 4.113398864865303040e-02
2.841135561466217041e-01 4.093299061059951782e-02
2.766067683696746826e-01 4.071941971778869629e-02
2.668932378292083740e-01 4.041589424014091492e-02
2.584602832794189453e-01 4.012681916356086731e-02
2.527627944946289062e-01 3.991763666272163391e-02
2.420899868011474609e-01 3.949465602636337280e-02
2.263201028108596802e-01 3.879145160317420959e-02
2.219579219818115234e-01 3.857958316802978516e-02
2.051113098859786987e-01 3.768565133213996887e-02
2.008245438337326050e-01 3.743793070316314697e-02
1.926330924034118652e-01 3.694022074341773987e-02
1.664202362298965454e-01 3.511065244674682617e-02
1.631448119878768921e-01 3.485400229692459106e-02
1.441504508256912231e-01 3.322414308786392212e-02
1.320690363645553589e-01 3.204676508903503418e-02
1.232174560427665710e-01 3.110429644584655762e-02
1.124281585216522217e-01 2.985227294266223907e-02
1.081019192934036255e-01 2.931504882872104645e-02
9.535068273544311523e-02 2.759883366525173187e-02
9.016081690788269043e-02 2.683705277740955353e-02
8.364798873662948608e-02 2.582231909036636353e-02
7.714352756738662720e-02 2.473643422126770020e-02
6.631610542535781860e-02 2.274210937321186066e-02
6.048969551920890808e-02 2.155521325767040253e-02
4.679593443870544434e-02 1.835960708558559418e-02
3.397783264517784119e-02 1.461625471711158752e-02
2.345387823879718781e-02 1.050010044127702713e-02
2.187762036919593811e-02 9.724820032715797424e-03
1.812383905053138733e-02 7.526070345193147659e-03
1.570598781108856201e-02 5.561445839703083038e-03
1.478302013128995895e-02 4.489271901547908783e-03
1.434530038386583328e-02 3.799439407885074615e-03
1.381788030266761780e-02 2.101459074765443802e-03
1.421003788709640503e-02 2.249781682621687651e-04
1.514281053096055984e-02 -1.089890138246119022e-03
1.587526313960552216e-02 -1.792011898942291737e-03
1.715253479778766632e-02 -2.753652865067124367e-03
1.829216815531253815e-02 -3.457138082012534142e-03
1.953659392893314362e-02 -4.124611150473356247e-03
2.091479487717151642e-02 -4.780002869665622711e-03
2.266113832592964172e-02 -5.521114449948072433e-03
2.442468702793121338e-02 -6.195698399096727371e-03
2.877278439700603485e-02 -7.644847966730594635e-03
3.270168602466583252e-02 -8.778409101068973541e-03
3.695560619235038757e-02 -9.879735298454761505e-03
4.367800056934356689e-02 -1.143406424671411514e-02
5.447486415505409241e-02 -1.360972784459590912e-02
6.419996172189712524e-02 -1.533749233931303024e-02
8.191528171300888062e-02 -1.809240318834781647e-02
9.806565195322036743e-02 -2.026847377419471741e-02
1.038466170430183411e-01 -2.098226174712181091e-02
1.142663732171058655e-01 -2.219048328697681427e-02
1.239186227321624756e-01 -2.322532050311565399e-02
1.402856856584548950e-01 -2.480756118893623352e-02
1.462426930665969849e-01 -2.533238939940929413e-02
1.712705045938491821e-01 -2.725872024893760681e-02
1.779644787311553955e-01 -2.770110405981540680e-02
1.934057623147964478e-01 -2.861043624579906464e-02
2.016982138156890869e-01 -2.903679385781288147e-02
2.129117697477340698e-01 -2.954692207276821136e-02
2.263794541358947754e-01 -3.006192296743392944e-02
2.351434230804443359e-01 -3.034161962568759918e-02
2.495580315589904785e-01 -3.070993162691593170e-02
2.561410367488861084e-01 -3.084123507142066956e-02
2.635321617126464844e-01 -3.096183389425277710e-02
2.697443962097167969e-01 -3.104163520038127899e-02
2.829523682594299316e-01 -3.114745579659938812e-02
2.920260429382324219e-01 -3.117114678025245667e-02
2.997189760208129883e-01 -3.116075694561004639e-02
3.068305850028991699e-01 -3.112684376537799835e-02
3.181467056274414062e-01 -3.102576546370983124e-02
3.238352835178375244e-01 -3.095354884862899780e-02
3.406725227832794189e-01 -3.065831400454044342e-02
3.635106384754180908e-01 -3.007032163441181183e-02
3.796469569206237793e-01 -2.953053638339042664e-02
3.874104619026184082e-01 -2.923552878201007843e-02
4.003815650939941406e-01 -2.869290485978126526e-02
4.065682888031005859e-01 -2.841268293559551239e-02
4.155687391757965088e-01 -2.798081934452056885e-02
4.197830855846405029e-01 -2.776893414556980133e-02
4.296779632568359375e-01 -2.724761702120304108e-02
4.478152692317962646e-01 -2.620774880051612854e-02
4.589039683341979980e-01 -2.552022971212863922e-02
4.642003476619720459e-01 -2.517846971750259399e-02
4.702269434928894043e-01 -2.477935515344142914e-02
4.826237261295318604e-01 -2.392505854368209839e-02
4.902589321136474609e-01 -2.337741479277610779e-02
4.959751069545745850e-01 -2.295714989304542542e-02
5.102577805519104004e-01 -2.187060005962848663e-02
5.140514373779296875e-01 -2.157371304929256439e-02
5.216559767723083496e-01 -2.096880972385406494e-02
5.329208970069885254e-01 -2.005052007734775543e-02
5.428701043128967285e-01 -1.921991817653179169e-02
5.517635345458984375e-01 -1.846429705619812012e-02
5.582487583160400391e-01 -1.790682785212993622e-02
5.698974132537841797e-01 -1.689529605209827423e-02
5.818688273429870605e-01 -1.584798656404018402e-02
5.932590365409851074e-01 -1.485148072242736816e-02
6.028510928153991699e-01 -1.401797030121088028e-02
6.165475249290466309e-01 -1.284721214324235916e-02
6.234549880027770996e-01 -1.226962264627218246e-02
6.326630711555480957e-01 -1.151743903756141663e-02
6.494616866111755371e-01 -1.021138299256563187e-02
6.596407294273376465e-01 -9.470512159168720245e-03
6.721770167350769043e-01 -8.619274944067001343e-03
6.760258078575134277e-01 -8.372595533728599548e-03
6.932289600372314453e-01 -7.360341027379035950e-03
7.011557817459106445e-01 -6.945732515305280685e-03
7.040098309516906738e-01 -6.804684177041053772e-03
7.173191905021667480e-01 -6.205058656632900238e-03
7.412148714065551758e-01 -5.368737038224935532e-03
7.535184025764465332e-01 -5.055855959653854370e-03
7.611942887306213379e-01 -4.899740684777498245e-03
7.679219841957092285e-01 -4.786899778991937637e-03
7.783786058425903320e-01 -4.654612392187118530e-03
7.831097841262817383e-01 -4.611487500369548798e-03
7.965571284294128418e-01 -4.543449264019727707e-03
8.091720938682556152e-01 -4.549454897642135620e-03
8.262283802032470703e-01 -4.657335579395294189e-03
8.322012424468994141e-01 -4.720470402389764786e-03
8.496059775352478027e-01 -4.973503295332193375e-03
8.567017912864685059e-01 -5.104217212647199631e-03
8.666540384292602539e-01 -5.312224384397268295e-03
8.743451833724975586e-01 -5.491372197866439819e-03
8.809758424758911133e-01 -5.657737143337726593e-03
8.978911042213439941e-01 -6.126448046416044235e-03
9.096782803535461426e-01 -6.484556477516889572e-03
9.273672103881835938e-01 -7.055709138512611389e-03
9.401180744171142578e-01 -7.480721455067396164e-03
9.553560018539428711e-01 -7.991570979356765747e-03
9.559152722358703613e-01 -8.010388351976871490e-03
9.599227905273437500e-01 -8.145873434841632843e-03
