9.611861109733581543e-01 2.549710916355252266e-04
9.601675868034362793e-01 4.614886711351573467e-04
9.528512358665466309e-01 1.946213771589100361e-03
9.404487013816833496e-01 4.465983714908361435e-03
9.198790788650512695e-01 8.658200502395629883e-03
9.063739180564880371e-01 1.142445951700210571e-02
8.851207494735717773e-01 1.580548100173473358e-02
8.736317157745361328e-01 1.818921603262424469e-02
8.627521395683288574e-01 2.045673318207263947e-02
8.504491448402404785e-01 2.303291857242584229e-02
8.296373486518859863e-01 2.741913311183452606e-02
8.237318396568298340e-01 2.866991050541400909e-02
8.092182874679565430e-01 3.175470605492591858e-02
7.987731099128723145e-01 3.398356959223747253e-02
7.836796045303344727e-01 3.721577674150466919e-02
7.770408987998962402e-01 3.864108026027679443e-02
7.592559456825256348e-01 4.246824979782104492e-02
7.506648898124694824e-01 4.432021826505661011e-02
7.388845086097717285e-01 4.686146229505538940e-02
7.273667454719543457e-01 4.934621974825859070e-02
7.082583308219909668e-01 5.346303805708885193e-02
6.967626214027404785e-01 5.593261495232582092e-02
6.838496327400207520e-01 5.869601294398307800e-02
6.737184524536132812e-01 6.085390597581863403e-02
6.584669947624206543e-01 6.408000737428665161e-02
6.501141190528869629e-01 6.583312898874282837e-02
6.306342482566833496e-01 6.987450271844863892e-02
6.251045465469360352e-01 7.100777328014373779e-02
6.114431023597717285e-01 7.377675920724868774e-02
6.026520729064941406e-01 7.553283870220184326e-02
5.933574438095092773e-01 7.736512273550033569e-02
5.798395276069641113e-01 7.998039573431015015e-02
5.697942972183227539e-01 8.188184350728988647e-02
5.637089610099792480e-01 8.301489055156707764e-02
5.536319613456726074e-01 8.485762029886245728e-02
5.467234253883361816e-01 8.609525114297866821e-02
5.325285196304321289e-01 8.856784552335739136e-02
5.219098329544067383e-01 9.035080671310424805e-02
5.131158232688903809e-01 9.178102761507034302e-02
5.089036822319030762e-01 9.245043247938156128e-02
4.993447065353393555e-01 9.393040835857391357e-02
4.949958026409149170e-01 9.458502382040023804e-02
4.836272001266479492e-01 9.623859822750091553e-02
4.732465744018554688e-01 9.767208993434906006e-02
4.604423344135284424e-01 9.933385252952575684e-02
4.552214443683624268e-01 9.997607767581939697e-02
4.457566440105438232e-01 1.010860949754714966e-01
4.384267032146453857e-01 1.018960401415824890e-01
4.282286167144775391e-01 1.029479280114173889e-01
4.147373735904693604e-01 1.041999086737632751e-01
4.074758291244506836e-01 1.048053205013275146e-01
4.000945985317230225e-01 1.053699180483818054e-01
3.889994323253631592e-01 1.061194464564323425e-01
3.771856427192687988e-01 1.067822203040122986e-01
3.678121864795684814e-01 1.072054281830787659e-01
3.636890351772308350e-01 1.073621064424514771e-01
3.527351915836334229e-01 1.076888740062713623e-01
3.458178639411926270e-01 1.078268364071846008e-01
3.350941240787506104e-01 1.079335734248161316e-01
3.247864544391632080e-01 1.079104989767074585e-01
3.168116509914398193e-01 1.078060865402221680e-01
3.059959113597869873e-01 1.075411960482597351e-01
3.020780086517333984e-01 1.074096038937568665e-01
2.926441133022308350e-01 1.070136725902557373e-01
2.806096076965332031e-01 1.063433811068534851e-01
2.693599462509155273e-01 1.055453568696975708e-01
2.639287114143371582e-01 1.050995811820030212e-01
2.463113963603973389e-01 1.033755913376808167e-01
2.402046918869018555e-01 1.026766896247863770e-01
2.319458127021789551e-01 1.016464233398437500e-01
2.263034433126449585e-01 1.008854731917381287e-01
2.149977385997772217e-01 9.921820461750030518e-02
2.067176401615142822e-01 9.787379950284957886e-02
1.848278790712356567e-01 9.379599243402481079e-02
1.702497005462646484e-01 9.063652902841567993e-02
1.515385359525680542e-01 8.602015674114227295e-02
1.482334285974502563e-01 8.513508737087249756e-02
1.398977786302566528e-01 8.280430734157562256e-02
1.299037486314773560e-01 7.981450110673904419e-02
1.240466609597206116e-01 7.795717567205429077e-02
1.178813278675079346e-01 7.591280341148376465e-02
1.074546575546264648e-01 7.223144918680191040e-02
9.936272352933883667e-02 6.916216015815734863e-02
8.730484545230865479e-02 6.419634819030761719e-02
7.610756158828735352e-02 5.909030511975288391e-02
6.951394677162170410e-02 5.581595003604888916e-02
6.263834238052368164e-02 5.214807763695716858e-02
5.858524888753890991e-02 4.984484612941741943e-02
4.914654418826103210e-02 4.398067295551300049e-02
4.501957818865776062e-02 4.114435985684394836e-02
3.624643757939338684e-02 3.434669598937034607e-02
3.259694203734397888e-02 3.109850734472274780e-02
2.744796872138977051e-02 2.587648853659629822e-02
2.381155081093311310e-02 2.150808461010456085e-02
2.091171965003013611e-02 1.734805852174758911e-02
1.837546937167644501e-02 1.281273271888494492e-02
1.700553670525550842e-02 9.677347727119922638e-03
1.531989127397537231e-02 3.921314142644405365e-03
1.487337704747915268e-02 8.803022792562842369e-04
1.474288944154977798e-02 -1.961308997124433517e-03
1.495053898543119431e-02 -5.256230477243661880e-03
1.750164665281772614e-02 -1.397077366709709167e-02
1.919127255678176880e-02 -1.708840392529964447e-02
2.435539476573467255e-02 -2.370358072221279144e-02
3.280023112893104553e-02 -3.081826865673065186e-02
3.863839432597160339e-02 -3.448507189750671387e-02
4.417217895388603210e-02 -3.739074990153312683e-02
4.741216078400611877e-02 -3.889618441462516785e-02
5.737164244055747986e-02 -4.283518716692924500e-02
6.418581306934356689e-02 -4.506113380193710327e-02
7.095486670732498169e-02 -4.697807505726814270e-02
7.907923310995101929e-02 -4.895934835076332092e-02
8.572811633348464966e-02 -5.036192387342453003e-02
9.340184181928634644e-02 -5.177170038223266602e-02
1.038103550672531128e-01 -5.337793380022048950e-02
1.132886409759521484e-01 -5.457941442728042603e-02
1.220872476696968079e-01 -5.550353974103927612e-02
1.305327862501144409e-01 -5.623880401253700256e-02
1.357406079769134521e-01 -5.662545561790466309e-02
1.448662728071212769e-01 -5.719187855720520020e-02
1.602847129106521606e-01 -5.786449089646339417e-02
1.685061454772949219e-01 -5.809475481510162354e-02
1.790660917758941650e-01 -5.827521532773971558e-02
1.838657408952713013e-01 -5.831785127520561218e-02
1.933890730142593384e-01 -5.833549797534942627e-02
2.013636380434036255e-01 -5.828666687011718750e-02
2.229176014661788940e-01 -5.789817497134208679e-02
2.267688810825347900e-01 -5.779316648840904236e-02
2.374911159276962280e-01 -5.744978785514831543e-02
2.433277815580368042e-01 -5.723313242197036743e-02
2.503367662429809570e-01 -5.694698914885520935e-02
2.564722597599029541e-01 -5.667446926236152649e-02
2.665250897407531738e-01 -5.618622526526451111e-02
2.708799540996551514e-01 -5.595949664711952209e-02
2.857840955257415771e-01 -5.511913448572158813e-02
2.945109009742736816e-01 -5.458411946892738342e-02
3.048075437545776367e-01 -5.391557142138481140e-02
3.089875280857086182e-01 -5.363334715366363525e-02
3.163367509841918945e-01 -5.312284454703330994e-02
3.272742033004760742e-01 -5.233131721615791321e-02
3.435688912868499756e-01 -5.108806490898132324e-02
3.498723208904266357e-01 -5.058845132589340210e-02
3.582124114036560059e-01 -4.991285130381584167e-02
3.633970618247985840e-01 -4.948500916361808777e-02
3.755151927471160889e-01 -4.846343025565147400e-02
3.820790946483612061e-01 -4.789850488305091858e-02
3.896292746067047119e-01 -4.723962768912315369e-02
4.112137258052825928e-01 -4.531002044677734375e-02
4.355812072753906250e-01 -4.307019338011741638e-02
4.492742121219635010e-01 -4.179361835122108459e-02
4.556986689567565918e-01 -4.119221866130828857e-02
4.624226987361907959e-01 -4.056194052100181580e-02
4.711002409458160400e-01 -3.974828869104385376e-02
4.792425036430358887e-01 -3.898573294281959534e-02
4.936433136463165283e-01 -3.764274343848228455e-02
5.058088898658752441e-01 -3.651793673634529114e-02
5.177646279335021973e-01 -3.542509302496910095e-02
5.273554921150207520e-01 -3.455983847379684448e-02
5.515475869178771973e-01 -3.243496641516685486e-02
5.651798248291015625e-01 -3.128150850534439087e-02
5.757973790168762207e-01 -3.040856122970581055e-02
5.893940329551696777e-01 -2.932614088058471680e-02
6.016508340835571289e-01 -2.838687598705291748e-02
6.056546568870544434e-01 -2.808785438537597656e-02
6.275826096534729004e-01 -2.652112208306789398e-02
6.354547142982482910e-01 -2.598850242793560028e-02
6.460288166999816895e-01 -2.529808506369590759e-02
6.594715714454650879e-01 -2.446159720420837402e-02
6.686388254165649414e-01 -2.391721680760383606e-02
6.808852553367614746e-01 -2.322200499475002289e-02
7.003502249717712402e-01 -2.218865975737571716e-02
7.072124481201171875e-01 -2.184402570128440857e-02
7.162634730339050293e-01 -2.140401303768157959e-02
7.306119203567504883e-01 -2.073776349425315857e-02
7.498177289962768555e-01 -1.989810727536678314e-02
7.582076787948608398e-01 -1.954692415893077850e-02
7.717713713645935059e-01 -1.899488270282745361e-02
7.797651886940002441e-01 -1.867661438882350922e-02
7.926287055015563965e-01 -1.817158795893192291e-02
8.018814325332641602e-01 -1.781091280281543732e-02
8.147257566452026367e-01 -1.730880886316299438e-02
8.208804726600646973e-01 -1.706578396260738373e-02
8.297265768051147461e-01 -1.671144738793373108e-02
8.470013141632080078e-01 -1.599205471575260162e-02
8.702269792556762695e-01 -1.492725592106580734e-02
8.823077082633972168e-01 -1.430370565503835678e-02
9.019390344619750977e-01 -1.313199661672115326e-02
9.140625000000000000e-01 -1.226766314357519150e-02
9.397147893905639648e-01 -9.831979870796203613e-03
9.507629871368408203e-01 -8.351825177669525146e-03
9.580467939376831055e-01 -7.134061772376298904e-03
9.614148139953613281e-01 -6.482855882495641708e-03
