9.599397778511047363e-01 -9.121048497036099434e-04
9.586987495422363281e-01 -7.736900006420910358e-04
9.521033167839050293e-01 -4.691368303610943258e-05
9.374139904975891113e-01 1.536477939225733280e-03
9.202259778976440430e-01 3.359570167958736420e-03
9.091671705245971680e-01 4.527378827333450317e-03
8.898811340332031250e-01 6.568094715476036072e-03
8.817189931869506836e-01 7.436156738549470901e-03
8.596981763839721680e-01 9.798796847462654114e-03
8.463602662086486816e-01 1.124807912856340408e-02
8.249187469482421875e-01 1.361257769167423248e-02
8.189312219619750977e-01 1.428128872066736221e-02
8.047530651092529297e-01 1.588077098131179810e-02
7.949498891830444336e-01 1.700046472251415253e-02
7.795009613037109375e-01 1.878942176699638367e-02
7.750419974327087402e-01 1.931150257587432861e-02
7.592064738273620605e-01 2.118760906159877777e-02
7.425875067710876465e-01 2.319482713937759399e-02
7.360091805458068848e-01 2.400060743093490601e-02
7.314624786376953125e-01 2.456137165427207947e-02
7.201532125473022461e-01 2.596997842192649841e-02
7.093652486801147461e-01 2.733232267200946808e-02
6.984860301017761230e-01 2.872499823570251465e-02
6.903452277183532715e-01 2.977964654564857483e-02
6.715530753135681152e-01 3.225532919168472290e-02
6.643862724304199219e-01 3.321459144353866577e-02
6.442818641662597656e-01 3.594939038157463074e-02
6.364684700965881348e-01 3.702923282980918884e-02
6.260079145431518555e-01 3.848929703235626221e-02
6.178974509239196777e-01 3.963216766715049744e-02
5.979887247085571289e-01 4.247491806745529175e-02
5.906642675399780273e-01 4.353288188576698303e-02
5.750623345375061035e-01 4.580536857247352600e-02
5.659254193305969238e-01 4.714639484882354736e-02
5.594812035560607910e-01 4.809603095054626465e-02
5.558022260665893555e-01 4.863931983709335327e-02
5.418744683265686035e-01 5.070236697793006897e-02
5.319039225578308105e-01 5.218338221311569214e-02
5.099573731422424316e-01 5.544466897845268250e-02
5.004810690879821777e-01 5.684923008084297180e-02
4.911718964576721191e-01 5.822420865297317505e-02
4.820002913475036621e-01 5.957236140966415405e-02
4.697690904140472412e-01 6.135695427656173706e-02
4.645579457283020020e-01 6.211161613464355469e-02
4.510584771633148193e-01 6.404751539230346680e-02
4.423747360706329346e-01 6.527578085660934448e-02
4.344475865364074707e-01 6.638349592685699463e-02
4.303552806377410889e-01 6.694977730512619019e-02
4.198398590087890625e-01 6.838575750589370728e-02
4.079387187957763672e-01 6.997387856245040894e-02
3.978365063667297363e-01 7.128701359033584595e-02
3.909517526626586914e-01 7.216153293848037720e-02
3.792721629142761230e-01 7.360339909791946411e-02
3.685992360115051270e-01 7.487048208713531494e-02
3.640224933624267578e-01 7.539775967597961426e-02
3.538531661033630371e-01 7.653205096721649170e-02
3.412989079952239990e-01 7.785535603761672974e-02
3.344829082489013672e-01 7.853501290082931519e-02
3.258585631847381592e-01 7.935264706611633301e-02
3.151262104511260986e-01 8.029916137456893921e-02
2.987290322780609131e-01 8.157783746719360352e-02
2.880854010581970215e-01 8.228821307420730591e-02
2.728736400604248047e-01 8.312132954597473145e-02
2.691336870193481445e-01 8.329082280397415161e-02
2.623248398303985596e-01 8.356118947267532349e-02
2.527187466621398926e-01 8.385456353425979614e-02
2.468370646238327026e-01 8.398052304983139038e-02
2.402001619338989258e-01 8.407099545001983643e-02
2.240349650382995605e-01 8.404602110385894775e-02
2.183914333581924438e-01 8.394977450370788574e-02
2.139441221952438354e-01 8.384004980325698853e-02
1.972059756517410278e-01 8.314208686351776123e-02
1.939804553985595703e-01 8.295292407274246216e-02
1.812121868133544922e-01 8.201761543750762939e-02
1.712639778852462769e-01 8.107028901576995850e-02
1.570085585117340088e-01 7.935093343257904053e-02
1.445508152246475220e-01 7.747034728527069092e-02
1.411935687065124512e-01 7.689919322729110718e-02
1.336491107940673828e-01 7.551091164350509644e-02
1.249397248029708862e-01 7.371991127729415894e-02
1.155098676681518555e-01 7.153999060392379761e-02
1.075591668486595154e-01 6.949568539857864380e-02
9.294994920492172241e-02 6.520906835794448853e-02
8.582162857055664062e-02 6.284919381141662598e-02
7.532770186662673950e-02 5.902596190571784973e-02
6.794384121894836426e-02 5.606707185506820679e-02
4.531972855329513550e-02 4.538999497890472412e-02
3.605208545923233032e-02 4.016128182411193848e-02
3.113176114857196808e-02 3.712611645460128784e-02
2.426630072295665741e-02 3.251881152391433716e-02
1.945708692073822021e-02 2.896699123084545135e-02
1.038404740393161774e-02 2.115558460354804993e-02
5.749345757067203522e-03 1.614874601364135742e-02
3.755975747480988503e-03 1.354309078305959702e-02
1.069374266080558300e-03 8.958858437836170197e-03
5.359841743484139442e-04 7.682381197810173035e-03
-2.675618161447346210e-04 4.748407751321792603e-03
-4.201374249532818794e-04 2.531190635636448860e-03
1.377781736664474010e-04 -4.342669271863996983e-04
5.745412781834602356e-04 -1.456608413718640804e-03
1.660967245697975159e-03 -3.185741603374481201e-03
3.150405129417777061e-03 -4.805257543921470642e-03
5.454176105558872223e-03 -6.587963551282882690e-03
9.719527326524257660e-03 -8.843861520290374756e-03
1.167395059019327164e-02 -9.626653976738452911e-03
1.572359725832939148e-02 -1.094323769211769104e-02
2.139839902520179749e-02 -1.232223864644765854e-02
2.724974788725376129e-02 -1.337077096104621887e-02
3.988219425082206726e-02 -1.483203191310167313e-02
4.959945753216743469e-02 -1.547052152454853058e-02
5.839826911687850952e-02 -1.580036245286464691e-02
7.185471057891845703e-02 -1.596852578222751617e-02
8.005093038082122803e-02 -1.591566950082778931e-02
9.146318584680557251e-02 -1.568773947656154633e-02
9.739996492862701416e-02 -1.550906430929899216e-02
1.171361431479454041e-01 -1.467883586883544922e-02
1.262091547250747681e-01 -1.419799774885177612e-02
1.384669989347457886e-01 -1.347122434526681900e-02
1.450486779212951660e-01 -1.305037457495927811e-02
1.602911800146102905e-01 -1.201080996543169022e-02
1.697430759668350220e-01 -1.133040245622396469e-02
1.793691217899322510e-01 -1.061691716313362122e-02
1.827389895915985107e-01 -1.036332547664642334e-02
1.917277276515960693e-01 -9.679704904556274414e-03
2.017872929573059082e-01 -8.906265720725059509e-03
2.119272649288177490e-01 -8.122902363538742065e-03
2.342428863048553467e-01 -6.409524008631706238e-03
2.400487959384918213e-01 -5.970445927232503891e-03
2.495598196983337402e-01 -5.260501988232135773e-03
2.542468905448913574e-01 -4.915636498481035233e-03
2.712012529373168945e-01 -3.701613750308752060e-03
2.756964564323425293e-01 -3.389671910554170609e-03
2.870182394981384277e-01 -2.624969929456710815e-03
2.981765270233154297e-01 -1.903190161101520061e-03
3.113361597061157227e-01 -1.096458523534238338e-03
3.247064650058746338e-01 -3.299905511084944010e-04
3.389247953891754150e-01 4.224067379254847765e-04
3.485172986984252930e-01 8.918314706534147263e-04
3.560213148593902588e-01 1.236960175447165966e-03
3.625298440456390381e-01 1.520334742963314056e-03
3.761708140373229980e-01 2.065364969894289970e-03
3.865167200565338135e-01 2.434127964079380035e-03
3.911732435226440430e-01 2.587476512417197227e-03
4.061962962150573730e-01 3.028814448043704033e-03
4.161716997623443604e-01 3.277087118476629257e-03
4.247804880142211914e-01 3.462990978732705116e-03
4.372369349002838135e-01 3.686367766931653023e-03
4.449951648712158203e-01 3.798833815380930901e-03
4.622563719749450684e-01 3.978461492806673050e-03
4.699839949607849121e-01 4.028593190014362335e-03
4.759507179260253906e-01 4.055054392665624619e-03
4.865228533744812012e-01 4.076817072927951813e-03
4.944222271442413330e-01 4.073046147823333740e-03
5.019357800483703613e-01 4.054394084960222244e-03
5.106464028358459473e-01 4.015357699245214462e-03
5.197871923446655273e-01 3.955491818487644196e-03
5.400498509407043457e-01 3.760432126000523567e-03
5.488701462745666504e-01 3.651511156931519508e-03
5.627233982086181641e-01 3.454760881140828133e-03
5.758569836616516113e-01 3.242505481466650963e-03
6.049389243125915527e-01 2.698750235140323639e-03
6.147337555885314941e-01 2.496408531442284584e-03
6.265167593955993652e-01 2.242051996290683746e-03
6.361590623855590820e-01 2.025723224505782127e-03
6.483184695243835449e-01 1.743207685649394989e-03
6.514777541160583496e-01 1.668113050982356071e-03
6.631445288658142090e-01 1.384988427162170410e-03
6.803759336471557617e-01 9.507031645625829697e-04
6.846256256103515625e-01 8.407160057686269283e-04
6.913028359413146973e-01 6.656295736320316792e-04
7.061764001846313477e-01 2.657056029420346022e-04
7.151978611946105957e-01 1.650306330702733248e-05
7.333793044090270996e-01 -5.008946754969656467e-04
7.383165955543518066e-01 -6.448795320466160774e-04
7.540676593780517578e-01 -1.114018494263291359e-03
7.622131705284118652e-01 -1.362381619401276112e-03
7.809728384017944336e-01 -1.948627061210572720e-03
7.875204086303710938e-01 -2.157655078917741776e-03
8.011866807937622070e-01 -2.600570674985647202e-03
8.128010034561157227e-01 -2.983125159516930580e-03
8.407213687896728516e-01 -3.917369525879621506e-03
8.453345894813537598e-01 -4.072340670973062515e-03
8.644868731498718262e-01 -4.710203502327203751e-03
8.744578361511230469e-01 -5.034182220697402954e-03
8.850699663162231445e-01 -5.367327015846967697e-03
8.943830132484436035e-01 -5.644652061164379120e-03
9.118011593818664551e-01 -6.101789418607950211e-03
9.313557744026184082e-01 -6.442268379032611847e-03
9.443271756172180176e-01 -6.483014207333326340e-03
9.550180435180664062e-01 -6.336373742669820786e-03
9.565992951393127441e-01 -6.297508720308542252e-03
9.601249694824218750e-01 -6.193855777382850647e-03
