9.618669152259826660e-01 -1.306326244957745075e-03
9.612255692481994629e-01 -1.181400148198008537e-03
9.587698578834533691e-01 -6.979372119531035423e-04
9.522057175636291504e-01 6.229954306036233902e-04
9.323400855064392090e-01 4.719341173768043518e-03
9.225181341171264648e-01 6.749969441443681717e-03
9.116595387458801270e-01 8.979897946119308472e-03
9.077985286712646484e-01 9.767453186213970184e-03
9.015407562255859375e-01 1.103670336306095123e-02
8.921846151351928711e-01 1.291621569544076920e-02
8.798141479492187500e-01 1.536395866423845291e-02
8.755181431770324707e-01 1.620332896709442139e-02
8.578237891197204590e-01 1.959696598351001740e-02
8.502433896064758301e-01 2.101795002818107605e-02
8.411412239074707031e-01 2.269677259027957916e-02
8.344677686691284180e-01 2.390783838927745819e-02
8.241583704948425293e-01 2.574495784938335419e-02
8.186123371124267578e-01 2.671573683619499207e-02
8.076984882354736328e-01 2.858931012451648712e-02
8.009611368179321289e-01 2.972091734409332275e-02
7.840019464492797852e-01 3.248198330402374268e-02
7.710192799568176270e-01 3.450831398367881775e-02
7.566970586776733398e-01 3.665262460708618164e-02
7.505424618721008301e-01 3.754406422376632690e-02
7.388794422149658203e-01 3.918273374438285828e-02
7.286978363990783691e-01 4.055827856063842773e-02
7.156728506088256836e-01 4.224207624793052673e-02
7.090588808059692383e-01 4.306407645344734192e-02
6.873121857643127441e-01 4.560840502381324768e-02
6.746496558189392090e-01 4.697722569108009338e-02
6.646618843078613281e-01 4.799827560782432556e-02
6.490055322647094727e-01 4.949490725994110107e-02
6.392821073532104492e-01 5.036092549562454224e-02
6.317101120948791504e-01 5.100190266966819763e-02
6.185496449470520020e-01 5.204693973064422607e-02
6.090294718742370605e-01 5.274888873100280762e-02
5.959170460700988770e-01 5.364261567592620850e-02
5.838367342948913574e-01 5.439229309558868408e-02
5.704328417778015137e-01 5.514305830001831055e-02
5.602854490280151367e-01 5.565588548779487610e-02
5.530948042869567871e-01 5.599090456962585449e-02
5.423881411552429199e-01 5.644674971699714661e-02
5.295795798301696777e-01 5.692599713802337646e-02
5.243428945541381836e-01 5.710159987211227417e-02
5.115013718605041504e-01 5.748331919312477112e-02
4.988561272621154785e-01 5.779271200299263000e-02
4.883018136024475098e-01 5.800166353583335876e-02
4.685585498809814453e-01 5.827565491199493408e-02
4.541119039058685303e-01 5.838242173194885254e-02
4.452871978282928467e-01 5.840974673628807068e-02
4.293612539768218994e-01 5.838792026042938232e-02
4.210783839225769043e-01 5.834105238318443298e-02
4.111768901348114014e-01 5.825367197394371033e-02
4.047692418098449707e-01 5.817913264036178589e-02
3.931938111782073975e-01 5.800903588533401489e-02
3.879444003105163574e-01 5.791699513792991638e-02
3.787518143653869629e-01 5.773358792066574097e-02
3.648077845573425293e-01 5.740167200565338135e-02
3.515759706497192383e-01 5.702724307775497437e-02
3.418691158294677734e-01 5.671581253409385681e-02
3.357295691967010498e-01 5.650274828076362610e-02
3.174509704113006592e-01 5.579430982470512390e-02
3.088776469230651855e-01 5.542346462607383728e-02
2.975636124610900879e-01 5.489580705761909485e-02
2.907067835330963135e-01 5.455451831221580505e-02
2.754370868206024170e-01 5.373497679829597473e-02
2.661554217338562012e-01 5.319564044475555420e-02
2.562820315361022949e-01 5.258661881089210510e-02
2.497261613607406616e-01 5.216158181428909302e-02
2.388228923082351685e-01 5.141687393188476562e-02
2.259397804737091064e-01 5.047354474663734436e-02
2.135975211858749390e-01 4.950162768363952637e-02
2.063423842191696167e-01 4.889739304780960083e-02
1.840868741273880005e-01 4.687842726707458496e-02
1.722007840871810913e-01 4.568795487284660339e-02
1.605058610439300537e-01 4.443113878369331360e-02
1.513144969940185547e-01 4.337813332676887512e-02
1.358029991388320923e-01 4.145520925521850586e-02
1.262753158807754517e-01 4.017202183604240417e-02
1.152507513761520386e-01 3.857639059424400330e-02
1.013760566711425781e-01 3.637307882308959961e-02
9.305148571729660034e-02 3.492954000830650330e-02
8.056483417749404907e-02 3.256000950932502747e-02
5.993556976318359375e-02 2.795152738690376282e-02
5.147604271769523621e-02 2.572525106370449066e-02
4.212476685643196106e-02 2.294623479247093201e-02
3.624435141682624817e-02 2.097644098103046417e-02
3.238384425640106201e-02 1.956353895366191864e-02
2.322511188685894012e-02 1.568677090108394623e-02
1.966067589819431305e-02 1.389342453330755234e-02
1.514230296015739441e-02 1.124961674213409424e-02
1.148523669689893723e-02 8.613031357526779175e-03
8.218358270823955536e-03 5.472626071423292160e-03
7.061854470521211624e-03 3.949163947254419327e-03
5.650823935866355896e-03 1.039123977534472942e-03
5.344244185835123062e-03 -4.985569394193589687e-04
5.581549834460020065e-03 -3.169975709170103073e-03
6.759711541235446930e-03 -5.659770220518112183e-03
7.104741875082254410e-03 -6.142877042293548584e-03
8.178090676665306091e-03 -7.384156342595815659e-03
1.018420699983835220e-02 -9.136282838881015778e-03
1.244869455695152283e-02 -1.066231913864612579e-02
1.538876071572303772e-02 -1.225449517369270325e-02
1.858538947999477386e-02 -1.367993000894784927e-02
2.524846978485584259e-02 -1.603958755731582642e-02
3.800157830119132996e-02 -1.930196955800056458e-02
5.527180805802345276e-02 -2.239704132080078125e-02
6.970381736755371094e-02 -2.434953302145004272e-02
8.672048896551132202e-02 -2.620092034339904785e-02
9.945935010910034180e-02 -2.736370824277400970e-02
1.066915690898895264e-01 -2.795809507369995117e-02
1.156581491231918335e-01 -2.863943390548229218e-02
1.224734112620353699e-01 -2.912093326449394226e-02
1.352814137935638428e-01 -2.995187416672706604e-02
1.500205248594284058e-01 -3.080507181584835052e-02
1.691913604736328125e-01 -3.177629038691520691e-02
1.785852909088134766e-01 -3.220245987176895142e-02
1.851418614387512207e-01 -3.248232975602149963e-02
1.973501741886138916e-01 -3.296745568513870239e-02
2.074082046747207642e-01 -3.333403170108795166e-02
2.135499417781829834e-01 -3.354394435882568359e-02
2.243666797876358032e-01 -3.388910368084907532e-02
2.411631345748901367e-01 -3.436597064137458801e-02
2.502674758434295654e-01 -3.459572419524192810e-02
2.607514262199401855e-01 -3.483624756336212158e-02
2.662372291088104248e-01 -3.495205938816070557e-02
2.837257087230682373e-01 -3.527628630399703979e-02
2.890194952487945557e-01 -3.536118194460868835e-02
2.995617687702178955e-01 -3.551219031214714050e-02
3.165085315704345703e-01 -3.570516407489776611e-02
3.250758945941925049e-01 -3.577960655093193054e-02
3.321368396282196045e-01 -3.582936525344848633e-02
3.439590632915496826e-01 -3.588924556970596313e-02
3.495296239852905273e-01 -3.590730950236320496e-02
3.629207611083984375e-01 -3.592411056160926819e-02
3.705956041812896729e-01 -3.591673448681831360e-02
3.885401189327239990e-01 -3.585084527730941772e-02
3.908438086509704590e-01 -3.583742305636405945e-02
4.022254645824432373e-01 -3.575438261032104492e-02
4.155950248241424561e-01 -3.562102094292640686e-02
4.298992753028869629e-01 -3.543486818671226501e-02
4.409304261207580566e-01 -3.526016324758529663e-02
4.503693580627441406e-01 -3.508879616856575012e-02
4.581953585147857666e-01 -3.493123129010200500e-02
4.699357151985168457e-01 -3.466813266277313232e-02
4.751713871955871582e-01 -3.454034030437469482e-02
4.839709401130676270e-01 -3.431083634495735168e-02
4.953330755233764648e-01 -3.398685529828071594e-02
5.067895054817199707e-01 -3.362814337015151978e-02
5.230188369750976562e-01 -3.306392207741737366e-02
5.319040417671203613e-01 -3.272676095366477966e-02
5.383350849151611328e-01 -3.247008472681045532e-02
5.544089078903198242e-01 -3.178180381655693054e-02
5.604492425918579102e-01 -3.150575980544090271e-02
5.709895491600036621e-01 -3.100125119090080261e-02
5.874264836311340332e-01 -3.015664219856262207e-02
5.965660214424133301e-01 -2.965670824050903320e-02
6.022077202796936035e-01 -2.933741919696331024e-02
6.107465624809265137e-01 -2.883882634341716766e-02
6.204547286033630371e-01 -2.824994549155235291e-02
6.263461709022521973e-01 -2.788140252232551575e-02
6.443319320678710938e-01 -2.670605294406414032e-02
6.500495076179504395e-01 -2.631725370883941650e-02
6.609719395637512207e-01 -2.555538155138492584e-02
6.787279844284057617e-01 -2.426734752953052521e-02
7.057093381881713867e-01 -2.221049182116985321e-02
7.154439091682434082e-01 -2.144461497664451599e-02
7.284050583839416504e-01 -2.040994353592395782e-02
7.363763451576232910e-01 -1.976682618260383606e-02
7.486484050750732422e-01 -1.876945793628692627e-02
7.614340186119079590e-01 -1.772465556859970093e-02
7.737039327621459961e-01 -1.672061160206794739e-02
7.847844958305358887e-01 -1.581621728837490082e-02
7.945724129676818848e-01 -1.502175256609916687e-02
8.046447038650512695e-01 -1.421102695167064667e-02
8.102316260337829590e-01 -1.376525312662124634e-02
8.276008963584899902e-01 -1.240331400185823441e-02
8.349890112876892090e-01 -1.183773111552000046e-02
8.485601544380187988e-01 -1.082625519484281540e-02
8.566346764564514160e-01 -1.024457253515720367e-02
8.683822154998779297e-01 -9.430820122361183167e-03
8.734439611434936523e-01 -9.093927219510078430e-03
8.891184329986572266e-01 -8.114103227853775024e-03
8.972774147987365723e-01 -7.649204228073358536e-03
9.089775681495666504e-01 -7.049714680761098862e-03
9.149088263511657715e-01 -6.781564094126224518e-03
9.250375628471374512e-01 -6.390900351107120514e-03
9.373396635055541992e-01 -6.056499201804399490e-03
9.473026990890502930e-01 -5.927588790655136108e-03
9.547872543334960938e-01 -5.931001622229814529e-03
9.594049453735351562e-01 -5.979174282401800156e-03
9.620605111122131348e-01 -6.022294983267784119e-03
