9.555251002311706543e-01 -4.426894593052566051e-04
9.544534087181091309e-01 -3.625843964982777834e-04
9.505942463874816895e-01 -4.665824599214829504e-05
9.370019435882568359e-01 1.323231728747487068e-03
9.209523797035217285e-01 3.282798686996102333e-03
9.081770777702331543e-01 5.019311793148517609e-03
8.907294273376464844e-01 7.573401089757680893e-03
8.838268518447875977e-01 8.630633354187011719e-03
8.746378421783447266e-01 1.007267832756042480e-02
8.604726195335388184e-01 1.236259657889604568e-02
8.414751291275024414e-01 1.553865708410739899e-02
8.351067304611206055e-01 1.662563532590866089e-02
8.251274824142456055e-01 1.834769174456596375e-02
8.129555583000183105e-01 2.047461457550525665e-02
7.847548723220825195e-01 2.548147737979888916e-02
7.787567377090454102e-01 2.655531838536262512e-02
7.669826149940490723e-01 2.866712585091590881e-02
7.570682168006896973e-01 3.044593520462512970e-02
7.480044364929199219e-01 3.206962347030639648e-02
7.357090115547180176e-01 3.426362946629524231e-02
7.191531658172607422e-01 3.719178959727287292e-02
7.100539207458496094e-01 3.878333047032356262e-02
6.928794980049133301e-01 4.174151644110679626e-02
6.837381720542907715e-01 4.328691586852073669e-02
6.682184934616088867e-01 4.585554078221321106e-02
6.565436124801635742e-01 4.773622751235961914e-02
6.473020315170288086e-01 4.919015988707542419e-02
6.409727334976196289e-01 5.016700550913810730e-02
6.252819895744323730e-01 5.251797288656234741e-02
6.142745018005371094e-01 5.410363897681236267e-02
5.985167026519775391e-01 5.627672746777534485e-02
5.754150152206420898e-01 5.924542993307113647e-02
5.674266815185546875e-01 6.020965799689292908e-02
5.631695985794067383e-01 6.071011349558830261e-02
5.516575574874877930e-01 6.201641634106636047e-02
5.463714003562927246e-01 6.259308010339736938e-02
5.347177386283874512e-01 6.381212919950485229e-02
5.174782276153564453e-01 6.548287719488143921e-02
5.012822747230529785e-01 6.690684705972671509e-02
4.900802671909332275e-01 6.780856847763061523e-02
4.847325980663299561e-01 6.821490824222564697e-02
4.735146164894104004e-01 6.901643425226211548e-02
4.602012336254119873e-01 6.987774372100830078e-02
4.519334435462951660e-01 7.036320865154266357e-02
4.450426101684570312e-01 7.073864340782165527e-02
4.333913922309875488e-01 7.131276279687881470e-02
4.213975965976715088e-01 7.182335108518600464e-02
4.054474830627441406e-01 7.237417250871658325e-02
3.961732387542724609e-01 7.262618839740753174e-02
3.871375024318695068e-01 7.282265275716781616e-02
3.725352287292480469e-01 7.303600758314132690e-02
3.585345447063446045e-01 7.311710715293884277e-02
3.512026369571685791e-01 7.311023771762847900e-02
3.428133130073547363e-01 7.305988669395446777e-02
3.324938118457794189e-01 7.293456792831420898e-02
3.282591402530670166e-01 7.286255061626434326e-02
3.222485482692718506e-01 7.273937761783599854e-02
3.112283349037170410e-01 7.244855910539627075e-02
3.034767806529998779e-01 7.219244539737701416e-02
2.932849228382110596e-01 7.178913056850433350e-02
2.867636978626251221e-01 7.149040699005126953e-02
2.799723744392395020e-01 7.114475220441818237e-02
2.722095847129821777e-01 7.070551067590713501e-02
2.645187973976135254e-01 7.022266089916229248e-02
2.484000474214553833e-01 6.905107945203781128e-02
2.408596277236938477e-01 6.842588633298873901e-02
2.352292835712432861e-01 6.792580336332321167e-02
2.290105372667312622e-01 6.733952462673187256e-02
2.182368785142898560e-01 6.623689830303192139e-02
2.054440528154373169e-01 6.477823108434677124e-02
1.875953078269958496e-01 6.245462223887443542e-02
1.835859268903732300e-01 6.188387051224708557e-02
1.762839853763580322e-01 6.079606711864471436e-02
1.626730710268020630e-01 5.859460309147834778e-02
1.519099622964859009e-01 5.668393522500991821e-02
1.442984789609909058e-01 5.523649603128433228e-02
1.386148333549499512e-01 5.410102009773254395e-02
1.268237382173538208e-01 5.158806964755058289e-02
1.182344406843185425e-01 4.961551353335380554e-02
1.076072677969932556e-01 4.699603095650672913e-02
9.778374433517456055e-02 4.438390955328941345e-02
9.032359719276428223e-02 4.226692765951156616e-02
7.580853253602981567e-02 3.777876496315002441e-02
6.844776123762130737e-02 3.529213741421699524e-02
5.992551892995834351e-02 3.220709413290023804e-02
4.808766394853591919e-02 2.748187631368637085e-02
4.316407069563865662e-02 2.533132769167423248e-02
3.842495381832122803e-02 2.313285320997238159e-02
2.997691556811332703e-02 1.880763843655586243e-02
2.201830223202705383e-02 1.399928051978349686e-02
1.791668124496936798e-02 1.101454161107540131e-02
1.429945416748523712e-02 7.777089718729257584e-03
1.296055410057306290e-02 6.284871138632297516e-03
1.168398000299930573e-02 4.530691076070070267e-03
1.088223699480295181e-02 3.052135230973362923e-03
1.029867585748434067e-02 1.322428812272846699e-03
1.017416734248399734e-02 -7.972863386385142803e-04
1.094259321689605713e-02 -3.173389937728643417e-03
1.165223214775323868e-02 -4.240454174578189850e-03
1.215642876923084259e-02 -4.833127837628126144e-03
1.335826329886913300e-02 -5.964990705251693726e-03
1.508032251149415970e-02 -7.209582719951868057e-03
1.851240731775760651e-02 -9.045364335179328918e-03
2.178511023521423340e-02 -1.037496794015169144e-02
3.129174560308456421e-02 -1.313640177249908447e-02
4.094163328409194946e-02 -1.509683020412921906e-02
5.433654412627220154e-02 -1.712767593562602997e-02
6.131139397621154785e-02 -1.799311302602291107e-02
7.593951374292373657e-02 -1.954095810651779175e-02
9.255904704332351685e-02 -2.101057395339012146e-02
1.072134822607040405e-01 -2.214273251593112946e-02
1.118584945797920227e-01 -2.247796021401882172e-02
1.214275285601615906e-01 -2.313936688005924225e-02
1.327832788228988647e-01 -2.388044260442256927e-02
1.548454165458679199e-01 -2.520897053182125092e-02
1.634825170040130615e-01 -2.569434791803359985e-02
1.734246015548706055e-01 -2.623086608946323395e-02
1.835691630840301514e-01 -2.675455249845981598e-02
1.904937177896499634e-01 -2.709837444126605988e-02
1.972312182188034058e-01 -2.742231637239456177e-02
2.091934084892272949e-01 -2.797141484916210175e-02
2.166569828987121582e-01 -2.829685062170028687e-02
2.326314896345138550e-01 -2.894766815006732941e-02
2.372695654630661011e-01 -2.912461012601852417e-02
2.483074218034744263e-01 -2.952317334711551666e-02
2.562325000762939453e-01 -2.978922054171562195e-02
2.701573371887207031e-01 -3.021433018147945404e-02
2.774084210395812988e-01 -3.041359595954418182e-02
2.880778014659881592e-01 -3.067823499441146851e-02
2.969707846641540527e-01 -3.087204694747924805e-02
3.092301785945892334e-01 -3.109794668853282928e-02
3.165725469589233398e-01 -3.120966255664825439e-02
3.258152902126312256e-01 -3.132448717951774597e-02
3.293686211109161377e-01 -3.136083856225013733e-02
3.447150886058807373e-01 -3.146684542298316956e-02
3.525047004222869873e-01 -3.148833662271499634e-02
3.659935891628265381e-01 -3.147268667817115784e-02
3.713664412498474121e-01 -3.144749626517295837e-02
3.801190257072448730e-01 -3.138293698430061340e-02
3.916250169277191162e-01 -3.125324472784996033e-02
4.000522196292877197e-01 -3.112560324370861053e-02
4.104475975036621094e-01 -3.092982061207294464e-02
4.267032146453857422e-01 -3.053842857480049133e-02
4.305817484855651855e-01 -3.042968921363353729e-02
4.388867318630218506e-01 -3.017708286643028259e-02
4.468199312686920166e-01 -2.991078048944473267e-02
4.553582370281219482e-01 -2.959719300270080566e-02
4.664289951324462891e-01 -2.914976701140403748e-02
4.773933291435241699e-01 -2.866252325475215912e-02
4.910682737827301025e-01 -2.799611166119575500e-02
4.966907203197479248e-01 -2.770416252315044403e-02
5.049409866333007812e-01 -2.725790441036224365e-02
5.157370567321777344e-01 -2.664390578866004944e-02
5.228704214096069336e-01 -2.622102573513984680e-02
5.336951613426208496e-01 -2.555595152080059052e-02
5.507642626762390137e-01 -2.445941045880317688e-02
5.614944100379943848e-01 -2.374722808599472046e-02
5.660480260848999023e-01 -2.344113960862159729e-02
5.721233487129211426e-01 -2.303014136850833893e-02
5.817915797233581543e-01 -2.237204276025295258e-02
5.894867181777954102e-01 -2.184691466391086578e-02
6.031835079193115234e-01 -2.091569080948829651e-02
6.138359308242797852e-01 -2.020015940070152283e-02
6.187347769737243652e-01 -1.987509243190288544e-02
6.359314322471618652e-01 -1.876143738627433777e-02
6.444321274757385254e-01 -1.823022030293941498e-02
6.553760170936584473e-01 -1.756875403225421906e-02
6.727069616317749023e-01 -1.657933555543422699e-02
6.784691214561462402e-01 -1.626740768551826477e-02
6.872997283935546875e-01 -1.580668427050113678e-02
6.992073059082031250e-01 -1.521934848278760910e-02
7.097942829132080078e-01 -1.473023742437362671e-02
7.256270051002502441e-01 -1.405659690499305725e-02
7.335074543952941895e-01 -1.374657172709703445e-02
7.557540535926818848e-01 -1.295736618340015411e-02
7.612006068229675293e-01 -1.278240140527486801e-02
7.690324783325195312e-01 -1.254249364137649536e-02
7.792255282402038574e-01 -1.224968861788511276e-02
8.014357089996337891e-01 -1.167853362858295441e-02
8.195083737373352051e-01 -1.126776728779077530e-02
8.373121023178100586e-01 -1.089389994740486145e-02
8.439423441886901855e-01 -1.075872033834457397e-02
8.545265793800354004e-01 -1.054325792938470840e-02
8.654135465621948242e-01 -1.031672768294811249e-02
8.809077739715576172e-01 -9.970305487513542175e-03
8.872261643409729004e-01 -9.814969263970851898e-03
8.998127579689025879e-01 -9.466438554227352142e-03
9.186801314353942871e-01 -8.783178403973579407e-03
9.325410127639770508e-01 -8.060711435973644257e-03
9.496212601661682129e-01 -6.652601528912782669e-03
9.536780714988708496e-01 -6.176082417368888855e-03
9.559727907180786133e-01 -5.871938541531562805e-03
