9.536744356155395508e-01 1.440740190446376801e-03
9.526901841163635254e-01 1.514336094260215759e-03
9.474419951438903809e-01 1.892582979053258896e-03
9.375461935997009277e-01 2.559819258749485016e-03
9.212019443511962891e-01 3.595194546505808830e-03
9.061459302902221680e-01 4.525647498667240143e-03
8.794437646865844727e-01 6.199127063155174255e-03
8.726283311843872070e-01 6.638122722506523132e-03
8.561778068542480469e-01 7.724719587713479996e-03
8.458324670791625977e-01 8.429889567196369171e-03
8.299197554588317871e-01 9.550736285746097565e-03
8.207844495773315430e-01 1.021512970328330994e-02
8.064475059509277344e-01 1.129013299942016602e-02
7.915475368499755859e-01 1.245056372135877609e-02
7.624189853668212891e-01 1.485107652842998505e-02
7.567036747932434082e-01 1.534299366176128387e-02
7.448877692222595215e-01 1.638199761509895325e-02
7.322585582733154297e-01 1.752525195479393005e-02
7.224445939064025879e-01 1.843697018921375275e-02
7.118841409683227539e-01 1.944056339561939240e-02
7.030648589134216309e-01 2.029627189040184021e-02
6.928641796112060547e-01 2.130556106567382812e-02
6.838174462318420410e-01 2.221775427460670471e-02
6.774121522903442383e-01 2.287298627197742462e-02
6.619111299514770508e-01 2.448923513293266296e-02
6.561805605888366699e-01 2.509712055325508118e-02
6.437175273895263672e-01 2.643682621419429779e-02
6.330856680870056152e-01 2.759710140526294708e-02
6.252819299697875977e-01 2.845777012407779694e-02
6.166597008705139160e-01 2.941638976335525513e-02
6.073467731475830078e-01 3.045951016247272491e-02
5.912601947784423828e-01 3.227539733052253723e-02
5.818762183189392090e-01 3.333983197808265686e-02
5.747129321098327637e-01 3.415351733565330505e-02
5.652644038200378418e-01 3.522661700844764709e-02
5.562682747840881348e-01 3.624657541513442993e-02
5.352445244789123535e-01 3.861393406987190247e-02
5.236185193061828613e-01 3.990735858678817749e-02
5.010076165199279785e-01 4.237572476267814636e-02
4.870081245899200439e-01 4.386454448103904724e-02
4.816526174545288086e-01 4.442473873496055603e-02
4.671293795108795166e-01 4.591495543718338013e-02
4.578635692596435547e-01 4.684175178408622742e-02
4.515702426433563232e-01 4.745977371931076050e-02
4.407775700092315674e-01 4.849663376808166504e-02
4.280826747417449951e-01 4.967664554715156555e-02
4.050022661685943604e-01 5.170150846242904663e-02
3.997873365879058838e-01 5.213576182723045349e-02
3.860688209533691406e-01 5.323389172554016113e-02
3.780923783779144287e-01 5.384146422147750854e-02
3.684679567813873291e-01 5.454263463616371155e-02
3.578883409500122070e-01 5.527099967002868652e-02
3.488647639751434326e-01 5.585532262921333313e-02
3.366473913192749023e-01 5.658920481801033020e-02
3.190505504608154297e-01 5.752227455377578735e-02
3.097155988216400146e-01 5.795359611511230469e-02
3.044623136520385742e-01 5.817578360438346863e-02
2.930042445659637451e-01 5.860658735036849976e-02
2.861301898956298828e-01 5.882808193564414978e-02
2.728716433048248291e-01 5.917223542928695679e-02
2.613884210586547852e-01 5.937657877802848816e-02
2.526680529117584229e-01 5.946981161832809448e-02
2.343100756406784058e-01 5.947761610150337219e-02
2.314908206462860107e-01 5.945480614900588989e-02
2.276224493980407715e-01 5.941255763173103333e-02
2.169903069734573364e-01 5.922891572117805481e-02
2.060047388076782227e-01 5.892935767769813538e-02
2.018118202686309814e-01 5.878394842147827148e-02
1.881111711263656616e-01 5.818122625350952148e-02
1.762635260820388794e-01 5.749153718352317810e-02
1.671485751867294312e-01 5.684565380215644836e-02
1.536542475223541260e-01 5.568922311067581177e-02
1.504151374101638794e-01 5.537367612123489380e-02
1.403991729021072388e-01 5.429826304316520691e-02
1.317223757505416870e-01 5.323727056384086609e-02
1.212321147322654724e-01 5.178019031882286072e-02
1.081559136509895325e-01 4.966913536190986633e-02
1.020711660385131836e-01 4.856403917074203491e-02
9.165896475315093994e-02 4.647245630621910095e-02
8.843906968832015991e-02 4.577044025063514709e-02
8.262749016284942627e-02 4.443199560046195984e-02
7.341387867927551270e-02 4.210603982210159302e-02
6.124753504991531372e-02 3.859618678689002991e-02
5.712211504578590393e-02 3.727557510137557983e-02
4.888864979147911072e-02 3.440793603658676147e-02
3.503758460283279419e-02 2.870971709489822388e-02
2.675957977771759033e-02 2.456602267920970917e-02
2.053036168217658997e-02 2.087299898266792297e-02
1.456995587795972824e-02 1.654973253607749939e-02
1.116930134594440460e-02 1.342359092086553574e-02
8.437902666628360748e-03 1.010144781321287155e-02
6.881176959723234177e-03 7.266342174261808395e-03
6.183086428791284561e-03 4.934564698487520218e-03
6.033055018633604050e-03 3.313806839287281036e-03
6.150770932435989380e-03 1.850269385613501072e-03
6.839090492576360703e-03 -4.062492516823112965e-04
7.643938530236482620e-03 -1.876146765425801277e-03
8.853125385940074921e-03 -3.461050800979137421e-03
1.034636888653039932e-02 -4.959605634212493896e-03
1.182149164378643036e-02 -6.172136869281530380e-03
1.348938420414924622e-02 -7.344098761677742004e-03
1.784381270408630371e-02 -9.809502400457859039e-03
2.034781314432621002e-02 -1.097938232123851776e-02
2.464792132377624512e-02 -1.271878648549318314e-02
2.883975580334663391e-02 -1.417869888246059418e-02
3.351824730634689331e-02 -1.560927741229534149e-02
4.128259792923927307e-02 -1.764714531600475311e-02
4.925118759274482727e-02 -1.942024379968643188e-02
5.762666463851928711e-02 -2.102680690586566925e-02
7.261700183153152466e-02 -2.341506816446781158e-02
8.501102775335311890e-02 -2.502955496311187744e-02
9.257440268993377686e-02 -2.588571049273014069e-02
1.029977947473526001e-01 -2.692766673862934113e-02
1.146932318806648254e-01 -2.792842686176300049e-02
1.228303760290145874e-01 -2.853054925799369812e-02
1.410627663135528564e-01 -2.962999232113361359e-02
1.512312740087509155e-01 -3.010710701346397400e-02
1.670188754796981812e-01 -3.067383915185928345e-02
1.728916913270950317e-01 -3.083415888249874115e-02
1.894948333501815796e-01 -3.114991076290607452e-02
2.030685842037200928e-01 -3.126670047640800476e-02
2.202545404434204102e-01 -3.124655596911907196e-02
2.303732633590698242e-01 -3.115263395011425018e-02
2.341347187757492065e-01 -3.110299073159694672e-02
2.439140975475311279e-01 -3.093794919550418854e-02
2.559060752391815186e-01 -3.066743910312652588e-02
2.672081887722015381e-01 -3.034730814397335052e-02
2.777211070060729980e-01 -2.999574318528175354e-02
2.865574359893798828e-01 -2.966204285621643066e-02
2.925825715065002441e-01 -2.941530756652355194e-02
3.021815717220306396e-01 -2.899129875004291534e-02
3.134304881095886230e-01 -2.844814956188201904e-02
3.256241679191589355e-01 -2.780601754784584045e-02
3.338286876678466797e-01 -2.734434604644775391e-02
3.478930294513702393e-01 -2.650080434978008270e-02
3.571586012840270996e-01 -2.591109834611415863e-02
3.649857342243194580e-01 -2.539309673011302948e-02
3.742035031318664551e-01 -2.476094849407672882e-02
3.839435577392578125e-01 -2.406839281320571899e-02
3.861193060874938965e-01 -2.391038462519645691e-02
3.995576202869415283e-01 -2.290928922593593597e-02
4.075768887996673584e-01 -2.229236625134944916e-02
4.175283610820770264e-01 -2.150810509920120239e-02
4.310137331485748291e-01 -2.041520550847053528e-02
4.389109015464782715e-01 -1.976065523922443390e-02
4.445276558399200439e-01 -1.928921416401863098e-02
4.605386555194854736e-01 -1.792159117758274078e-02
4.692513942718505859e-01 -1.716476678848266602e-02
4.759641885757446289e-01 -1.657673716545104980e-02
4.816489517688751221e-01 -1.607594452798366547e-02
4.896677136421203613e-01 -1.536599732935428619e-02
5.028832554817199707e-01 -1.418985892087221146e-02
5.112943649291992188e-01 -1.343960966914892197e-02
5.249384641647338867e-01 -1.222449075430631638e-02
5.358106493949890137e-01 -1.126207970082759857e-02
5.423437952995300293e-01 -1.068799477070569992e-02
5.535960197448730469e-01 -9.709714911878108978e-03
5.619841814041137695e-01 -8.991359733045101166e-03
5.684783458709716797e-01 -8.443003520369529724e-03
5.809729695320129395e-01 -7.410742342472076416e-03
5.852844715118408203e-01 -7.062416058033704758e-03
6.004853844642639160e-01 -5.871799308806657791e-03
6.204422116279602051e-01 -4.411411006003618240e-03
6.329518556594848633e-01 -3.564464859664440155e-03
6.431540846824645996e-01 -2.916680183261632919e-03
6.456116437911987305e-01 -2.766656456515192986e-03
6.578567028045654297e-01 -2.055227290838956833e-03
6.729571223258972168e-01 -1.263123238459229469e-03
6.792099475860595703e-01 -9.633508743718266487e-04
6.926233172416687012e-01 -3.768423630390316248e-04
7.015916109085083008e-01 -2.788176789181306958e-05
7.107608318328857422e-01 2.931759809143841267e-04
7.212948799133300781e-01 6.177436443977057934e-04
7.272662520408630371e-01 7.808814989402890205e-04
7.418066263198852539e-01 1.115915714763104916e-03
7.469045519828796387e-01 1.212776056490838528e-03
7.588232755661010742e-01 1.398212043568491936e-03
7.653043866157531738e-01 1.475266530178487301e-03
7.760531306266784668e-01 1.566766179166734219e-03
7.896338701248168945e-01 1.618777052499353886e-03
8.027476668357849121e-01 1.602993579581379890e-03
8.099702000617980957e-01 1.567070721648633480e-03
8.228226900100708008e-01 1.455972203984856606e-03
8.328987360000610352e-01 1.327064004726707935e-03
8.439837098121643066e-01 1.143160392530262470e-03
8.630048632621765137e-01 7.253914372995495796e-04
8.813353776931762695e-01 2.008047304116189480e-04
9.097929000854492188e-01 -8.492795168422162533e-04
9.214906692504882812e-01 -1.359809422865509987e-03
9.479199051856994629e-01 -2.610682044178247452e-03
9.498121142387390137e-01 -2.697520889341831207e-03
9.530665874481201172e-01 -2.841745968908071518e-03
