9.572620987892150879e-01 -2.659911056980490685e-03
9.564847946166992188e-01 -2.509786048904061317e-03
9.531372189521789551e-01 -1.879276591353118420e-03
9.366210103034973145e-01 9.644614183343946934e-04
9.171339273452758789e-01 3.991887904703617096e-03
9.038652181625366211e-01 5.940193310379981995e-03
8.834497928619384766e-01 8.824537508189678192e-03
8.711362481117248535e-01 1.051435992121696472e-02
8.516585826873779297e-01 1.312588248401880264e-02
8.449060320854187012e-01 1.401539146900177002e-02
8.259842991828918457e-01 1.646712422370910645e-02
8.208703994750976562e-01 1.711954176425933838e-02
8.135479688644409180e-01 1.804619655013084412e-02
8.041291236877441406e-01 1.922490634024143219e-02
7.895812988281250000e-01 2.101536095142364502e-02
7.785884141921997070e-01 2.234313078224658966e-02
7.641723752021789551e-01 2.404970675706863403e-02
7.545077204704284668e-01 2.517062798142433167e-02
7.459115982055664062e-01 2.615116536617279053e-02
7.380230426788330078e-01 2.703683637082576752e-02
7.255449295043945312e-01 2.840889431536197662e-02
7.202310562133789062e-01 2.898205071687698364e-02
7.070503234863281250e-01 3.037375956773757935e-02
6.990349888801574707e-01 3.119850717484951019e-02
6.852359771728515625e-01 3.257869929075241089e-02
6.757553219795227051e-01 3.349700942635536194e-02
6.644741892814636230e-01 3.455707058310508728e-02
6.580545306205749512e-01 3.514423593878746033e-02
6.513357758522033691e-01 3.574616461992263794e-02
6.424100995063781738e-01 3.652573376893997192e-02
6.225398182868957520e-01 3.817900642752647400e-02
6.156389117240905762e-01 3.872679919004440308e-02
6.035753488540649414e-01 3.965228796005249023e-02
5.956347584724426270e-01 4.023954644799232483e-02
5.834006071090698242e-01 4.111121594905853271e-02
5.768133401870727539e-01 4.156434163451194763e-02
5.647708177566528320e-01 4.236445948481559753e-02
5.540833473205566406e-01 4.304505139589309692e-02
5.351711511611938477e-01 4.418532177805900574e-02
5.271001458168029785e-01 4.464834928512573242e-02
5.155313611030578613e-01 4.528882354497909546e-02
4.980802237987518311e-01 4.620577022433280945e-02
4.861705005168914795e-01 4.679925739765167236e-02
4.794132411479949951e-01 4.712477698922157288e-02
4.610666930675506592e-01 4.796859622001647949e-02
4.541738331317901611e-01 4.827070608735084534e-02
4.402612745761871338e-01 4.885563626885414124e-02
4.351252019405364990e-01 4.906310513615608215e-02
4.234985411167144775e-01 4.951554164290428162e-02
4.155285656452178955e-01 4.981153458356857300e-02
4.029285311698913574e-01 5.025510117411613464e-02
3.901562690734863281e-01 5.067267641425132751e-02
3.815479278564453125e-01 5.093480274081230164e-02
3.692582249641418457e-01 5.128033459186553955e-02
3.611072599887847900e-01 5.148973688483238220e-02
3.530109822750091553e-01 5.168117582798004150e-02
3.437102735042572021e-01 5.187952145934104919e-02
3.353002369403839111e-01 5.203783884644508362e-02
3.133429884910583496e-01 5.234808102250099182e-02
3.033013045787811279e-01 5.243540927767753601e-02
2.937949895858764648e-01 5.248334631323814392e-02
2.876748740673065186e-01 5.249523743987083435e-02
2.695801556110382080e-01 5.243645980954170227e-02
2.578300833702087402e-01 5.231652036309242249e-02
2.381384223699569702e-01 5.195360630750656128e-02
2.293127030134201050e-01 5.171866342425346375e-02
2.238720208406448364e-01 5.154972150921821594e-02
2.204078435897827148e-01 5.143218487501144409e-02
1.916925162076950073e-01 5.013031512498855591e-02
1.860743314027786255e-01 4.980070888996124268e-02
1.754213720560073853e-01 4.910064488649368286e-02
1.636569648981094360e-01 4.820483550429344177e-02
1.583876162767410278e-01 4.775871708989143372e-02
1.449024677276611328e-01 4.647980257868766785e-02
1.364013105630874634e-01 4.556405916810035706e-02
1.179339885711669922e-01 4.324611276388168335e-02
1.109332293272018433e-01 4.223652184009552002e-02
9.841971844434738159e-02 4.022828862071037292e-02
8.843255788087844849e-02 3.841648995876312256e-02
8.283550292253494263e-02 3.731041774153709412e-02
7.352365553379058838e-02 3.530922532081604004e-02
6.595271825790405273e-02 3.351679816842079163e-02
5.978172644972801208e-02 3.193167224526405334e-02
5.163449048995971680e-02 2.964377216994762421e-02
4.238038510084152222e-02 2.672610431909561157e-02
3.901989385485649109e-02 2.556696720421314240e-02
2.765239961445331573e-02 2.113880217075347900e-02
2.331511676311492920e-02 1.918209902942180634e-02
1.888899318873882294e-02 1.697105728089809418e-02
1.185430493205785751e-02 1.278258953243494034e-02
7.340254727751016617e-03 9.269612841308116913e-03
4.143236204981803894e-03 5.680241622030735016e-03
3.331625135615468025e-03 4.292205441743135452e-03
2.866013208404183388e-03 3.170965472236275673e-03
2.490275539457798004e-03 1.028534257784485817e-03
2.527353353798389435e-03 3.117123851552605629e-04
2.919771708548069000e-03 -1.255302573554217815e-03
3.579334588721394539e-03 -2.530288184061646461e-03
5.879401694983243942e-03 -5.039401818066835403e-03
6.568890064954757690e-03 -5.582217592746019363e-03
1.010822225362062454e-02 -7.763876114040613174e-03
1.140099670737981796e-02 -8.406133390963077545e-03
1.549178268760442734e-02 -1.013201847672462463e-02
1.980404183268547058e-02 -1.162336580455303192e-02
3.226701170206069946e-02 -1.493174117058515549e-02
4.052175581455230713e-02 -1.664876937866210938e-02
4.654728248715400696e-02 -1.774878799915313721e-02
5.974273011088371277e-02 -1.982555910944938660e-02
6.917545199394226074e-02 -2.109185233712196350e-02
7.577428221702575684e-02 -2.188947051763534546e-02
8.241274207830429077e-02 -2.262727729976177216e-02
9.413337707519531250e-02 -2.378888987004756927e-02
1.002779379487037659e-01 -2.433262392878532410e-02
1.148616150021553040e-01 -2.546227909624576569e-02
1.282586753368377686e-01 -2.631920203566551208e-02
1.396324783563613892e-01 -2.692377194762229919e-02
1.485825330018997192e-01 -2.732597291469573975e-02
1.584069877862930298e-01 -2.769747190177440643e-02
1.753536015748977661e-01 -2.817762643098831177e-02
1.826513558626174927e-01 -2.832557260990142822e-02
2.002465277910232544e-01 -2.854708768427371979e-02
2.081134617328643799e-01 -2.858765795826911926e-02
2.128209322690963745e-01 -2.859552390873432159e-02
2.231285870075225830e-01 -2.857139706611633301e-02
2.516087889671325684e-01 -2.822949178516864777e-02
2.623227536678314209e-01 -2.800420112907886505e-02
2.736001610755920410e-01 -2.771437726914882660e-02
2.858733236789703369e-01 -2.734076231718063354e-02
2.961344420909881592e-01 -2.698422223329544067e-02
3.046973049640655518e-01 -2.665735594928264618e-02
3.120178878307342529e-01 -2.635760046541690826e-02
3.159988522529602051e-01 -2.618697471916675568e-02
3.234924077987670898e-01 -2.585163898766040802e-02
3.325045704841613770e-01 -2.542465738952159882e-02
3.452787399291992188e-01 -2.477707713842391968e-02
3.542739748954772949e-01 -2.429270371794700623e-02
3.693341612815856934e-01 -2.343223802745342255e-02
3.792860209941864014e-01 -2.283147349953651428e-02
3.900957405567169189e-01 -2.215158566832542419e-02
3.996080160140991211e-01 -2.153096161782741547e-02
4.076405167579650879e-01 -2.099139243364334106e-02
4.189487397670745850e-01 -2.020898461341857910e-02
4.357406198978424072e-01 -1.900126598775386810e-02
4.428332746028900146e-01 -1.847582869231700897e-02
4.605686068534851074e-01 -1.712572947144508362e-02
4.702396094799041748e-01 -1.636954396963119507e-02
4.752254784107208252e-01 -1.597468554973602295e-02
4.867456257343292236e-01 -1.505036838352680206e-02
4.963802993297576904e-01 -1.426568906754255295e-02
5.100400447845458984e-01 -1.313774008303880692e-02
5.149826407432556152e-01 -1.272580493241548538e-02
5.249385833740234375e-01 -1.189109589904546738e-02
5.395564436912536621e-01 -1.065682899206876755e-02
5.466004610061645508e-01 -1.005997974425554276e-02
5.592794418334960938e-01 -8.985407650470733643e-03
5.739394426345825195e-01 -7.748250849545001984e-03
5.788816809654235840e-01 -7.333869114518165588e-03
5.940697789192199707e-01 -6.074104458093643188e-03
6.136080622673034668e-01 -4.498309455811977386e-03
6.204325556755065918e-01 -3.963958937674760818e-03
6.258609294891357422e-01 -3.546074964106082916e-03
6.319549679756164551e-01 -3.085237927734851837e-03
6.389370560646057129e-01 -2.568973228335380554e-03
6.420104503631591797e-01 -2.345979679375886917e-03
6.542119383811950684e-01 -1.488580950535833836e-03
6.669242978096008301e-01 -6.472549284808337688e-04
6.836155652999877930e-01 3.672827151603996754e-04
7.100833654403686523e-01 1.741155865602195263e-03
7.185077071189880371e-01 2.113108290359377861e-03
7.280367612838745117e-01 2.493811305612325668e-03
7.477086186408996582e-01 3.140647197142243385e-03
7.540385723114013672e-01 3.307770006358623505e-03
7.632672786712646484e-01 3.514684271067380905e-03
7.677827477455139160e-01 3.599805291742086411e-03
7.762026786804199219e-01 3.729782532900571823e-03
7.864226102828979492e-01 3.836323274299502373e-03
7.963049411773681641e-01 3.884640056639909744e-03
8.083738088607788086e-01 3.868456231430172920e-03
8.236876726150512695e-01 3.723952919244766235e-03
8.329537510871887207e-01 3.565950319170951843e-03
8.523570299148559570e-01 3.050388535484671593e-03
8.562867045402526855e-01 2.913622651249170303e-03
8.700021505355834961e-01 2.343663247302174568e-03
8.746228218078613281e-01 2.117328112944960594e-03
8.894493579864501953e-01 1.262462930753827095e-03
8.974779248237609863e-01 7.098169298842549324e-04
9.171813130378723145e-01 -9.618580807000398636e-04
9.258764386177062988e-01 -1.867037848569452763e-03
9.365716576576232910e-01 -3.148874733597040176e-03
9.515287280082702637e-01 -5.295751616358757019e-03
9.531615376472473145e-01 -5.555881652981042862e-03
9.563434123992919922e-01 -6.076243706047534943e-03
