9.673082828521728516e-01 -5.677489563822746277e-03
9.661719202995300293e-01 -5.456307437270879745e-03
9.618846178054809570e-01 -4.627613350749015808e-03
9.552676677703857422e-01 -3.357884706929326057e-03
9.420707821846008301e-01 -8.366345427930355072e-04
9.312410950660705566e-01 1.233328715898096561e-03
9.171523451805114746e-01 3.937097731977701187e-03
9.152598977088928223e-01 4.301608540117740631e-03
9.118877053260803223e-01 4.952000454068183899e-03
9.033330678939819336e-01 6.607705261558294296e-03
8.946089148521423340e-01 8.305551484227180481e-03
8.890826106071472168e-01 9.386507794260978699e-03
8.809962868690490723e-01 1.097635459154844284e-02
8.694400191307067871e-01 1.326667331159114838e-02
8.586227297782897949e-01 1.543170027434825897e-02
8.481042385101318359e-01 1.755811274051666260e-02
8.419823050498962402e-01 1.880583912134170532e-02
8.359613418579101562e-01 2.004048787057399750e-02
8.267952203750610352e-01 2.193492650985717773e-02
8.230441808700561523e-01 2.271544747054576874e-02
8.129686713218688965e-01 2.482756599783897400e-02
8.049117326736450195e-01 2.653303369879722595e-02
7.930267453193664551e-01 2.907605096697807312e-02
7.908698320388793945e-01 2.954107150435447693e-02
7.792542576789855957e-01 3.206367790699005127e-02
7.710925936698913574e-01 3.385465592145919800e-02
7.560908198356628418e-01 3.718487918376922607e-02
7.525309920310974121e-01 3.798220679163932800e-02
7.362694740295410156e-01 4.165659844875335693e-02
7.265445590019226074e-01 4.387741535902023315e-02
7.214264869689941406e-01 4.505253583192825317e-02
7.066744565963745117e-01 4.846097156405448914e-02
6.908344030380249023e-01 5.214939638972282410e-02
6.754519939422607422e-01 5.575020983815193176e-02
6.715163588523864746e-01 5.667317286133766174e-02
6.649838089942932129e-01 5.820586904883384705e-02
6.549746990203857422e-01 6.055422499775886536e-02
6.404296755790710449e-01 6.396111845970153809e-02
6.293829679489135742e-01 6.653885543346405029e-02
6.277450323104858398e-01 6.692004203796386719e-02
6.012430191040039062e-01 7.303702831268310547e-02
5.873520374298095703e-01 7.619295269250869751e-02
5.673121213912963867e-01 8.066494762897491455e-02
5.520160198211669922e-01 8.400155603885650635e-02
5.436516404151916504e-01 8.579408377408981323e-02
5.395542979240417480e-01 8.666326850652694702e-02
5.223549008369445801e-01 9.024330973625183105e-02
5.092333555221557617e-01 9.289433807134628296e-02
5.005074739456176758e-01 9.461575746536254883e-02
4.776306152343750000e-01 9.895813465118408203e-02
4.553573429584503174e-01 1.029262542724609375e-01
4.495919644832611084e-01 1.039083003997802734e-01
4.411171376705169678e-01 1.053163185715675354e-01
4.239910840988159180e-01 1.080268546938896179e-01
4.166800379753112793e-01 1.091265156865119934e-01
4.068422913551330566e-01 1.105493903160095215e-01
3.953461349010467529e-01 1.121263056993484497e-01
3.877763748168945312e-01 1.131121441721916199e-01
3.712263703346252441e-01 1.151153594255447388e-01
3.669041097164154053e-01 1.156028360128402710e-01
3.620062172412872314e-01 1.161366999149322510e-01
3.376876711845397949e-01 1.184828132390975952e-01
2.959795594215393066e-01 1.212011650204658508e-01
2.854632139205932617e-01 1.215955540537834167e-01
2.733913064002990723e-01 1.218887567520141602e-01
2.607929110527038574e-01 1.220021173357963562e-01
2.466757148504257202e-01 1.218789666891098022e-01
2.313100546598434448e-01 1.214204281568527222e-01
2.292235195636749268e-01 1.213304325938224792e-01
2.225594222545623779e-01 1.209965124726295471e-01
2.101051956415176392e-01 1.201736330986022949e-01
2.008275985717773438e-01 1.193815842270851135e-01
1.932356655597686768e-01 1.186117604374885559e-01
1.788746118545532227e-01 1.168325841426849365e-01
1.743338704109191895e-01 1.161758899688720703e-01
1.475208997726440430e-01 1.112510934472084045e-01
1.398255676031112671e-01 1.094652563333511353e-01
1.331309378147125244e-01 1.077574342489242554e-01
1.268514543771743774e-01 1.060151383280754089e-01
1.160125434398651123e-01 1.026577800512313843e-01
1.071478649973869324e-01 9.954583644866943359e-02
9.522388130426406860e-02 9.476254880428314209e-02
8.461203426122665405e-02 8.983366936445236206e-02
7.156774401664733887e-02 8.271995186805725098e-02
6.745417416095733643e-02 8.019046485424041748e-02
6.123525276780128479e-02 7.606032490730285645e-02
5.572455748915672302e-02 7.205212861299514771e-02
5.160428211092948914e-02 6.881049275398254395e-02
4.818516224622726440e-02 6.594076007604598999e-02
4.400504007935523987e-02 6.218203529715538025e-02
3.624995425343513489e-02 5.433014407753944397e-02
2.859606035053730011e-02 4.508063942193984985e-02
1.905355416238307953e-02 2.994025871157646179e-02
1.696194894611835480e-02 2.560653723776340485e-02
1.476707868278026581e-02 2.022683434188365936e-02
1.224297471344470978e-02 1.156706735491752625e-02
1.153762452304363251e-02 7.415989413857460022e-03
1.134437508881092072e-02 5.541631951928138733e-03
1.126151066273450851e-02 4.252194426953792572e-03
1.131642889231443405e-02 5.709372999262996018e-06
1.233579311519861221e-02 -5.488566588610410690e-03
1.601921580731868744e-02 -1.225609797984361649e-02
1.919827796518802643e-02 -1.517580449581146240e-02
2.258112654089927673e-02 -1.720238104462623596e-02
2.745690383017063141e-02 -1.906953006982803345e-02
3.045036830008029938e-02 -1.982788555324077606e-02
3.375400602817535400e-02 -2.042943984270095825e-02
4.112509265542030334e-02 -2.115358412265777588e-02
5.183957517147064209e-02 -2.126242034137248993e-02
5.900504440069198608e-02 -2.095989324152469635e-02
6.364331394433975220e-02 -2.065797336399555206e-02
7.526955753564834595e-02 -1.964960806071758270e-02
9.172978997230529785e-02 -1.784252375364303589e-02
1.032269969582557678e-01 -1.643578708171844482e-02
1.112236231565475464e-01 -1.541867945343255997e-02
1.202577129006385803e-01 -1.424725260585546494e-02
1.592519879341125488e-01 -9.139608591794967651e-03
1.632967144250869751e-01 -8.617150597274303436e-03
1.725132763385772705e-01 -7.437301333993673325e-03
1.998118162155151367e-01 -4.050537012517452240e-03
2.091901153326034546e-01 -2.930475631728768349e-03
2.206426560878753662e-01 -1.596234389580786228e-03
2.300381064414978027e-01 -5.305546801537275314e-04
2.432931959629058838e-01 9.266177075915038586e-04
2.587706744670867920e-01 2.556706545874476433e-03
2.658793926239013672e-01 3.278789343312382698e-03
2.759560346603393555e-01 4.272881895303726196e-03
2.878651022911071777e-01 5.402292590588331223e-03
2.988851070404052734e-01 6.402564235031604767e-03
3.170436918735504150e-01 7.954522036015987396e-03
3.217754960060119629e-01 8.338870480656623840e-03
3.331479728221893311e-01 9.228078648447990417e-03
3.426733016967773438e-01 9.934841655194759369e-03
3.488712012767791748e-01 1.037586200982332230e-02
3.606262803077697754e-01 1.117093861103057861e-02
3.717502653598785400e-01 1.187279075384140015e-02
3.925046920776367188e-01 1.304853335022926331e-02
3.974168598651885986e-01 1.330095902085304260e-02
4.074841141700744629e-01 1.378703117370605469e-02
4.129293859004974365e-01 1.403231360018253326e-02
4.460689425468444824e-01 1.525494828820228577e-02
4.536432325839996338e-01 1.546876598149538040e-02
4.577604830265045166e-01 1.557471137493848801e-02
4.736159741878509521e-01 1.591517962515354156e-02
4.959220886230468750e-01 1.621388271450996399e-02
5.027976632118225098e-01 1.626405119895935059e-02
5.148947238922119141e-01 1.630540005862712860e-02
5.299929380416870117e-01 1.627508364617824554e-02
5.339804887771606445e-01 1.625233143568038940e-02
5.481451153755187988e-01 1.612344197928905487e-02
5.603671073913574219e-01 1.595446653664112091e-02
5.686857104301452637e-01 1.581053249537944794e-02
5.849901437759399414e-01 1.546507608145475388e-02
5.915493965148925781e-01 1.530404761433601379e-02
6.119794249534606934e-01 1.472978200763463974e-02
6.236721873283386230e-01 1.435680594295263290e-02
6.312274932861328125e-01 1.410066150128841400e-02
6.370902657508850098e-01 1.389434095472097397e-02
6.486136913299560547e-01 1.347104366868734360e-02
6.673523783683776855e-01 1.273772679269313812e-02
6.793221235275268555e-01 1.224327925592660904e-02
6.963136792182922363e-01 1.150960940867662430e-02
7.013234496116638184e-01 1.128640770912170410e-02
7.126706242561340332e-01 1.076930109411478043e-02
7.290952801704406738e-01 9.991648606956005096e-03
7.381414771080017090e-01 9.547811932861804962e-03
7.466574907302856445e-01 9.119200520217418671e-03
7.507128715515136719e-01 8.911239914596080780e-03
7.832115292549133301e-01 7.143647409975528717e-03
7.883313894271850586e-01 6.846877280622720718e-03
8.008669018745422363e-01 6.096222437918186188e-03
8.099083304405212402e-01 5.531999282538890839e-03
8.204454779624938965e-01 4.848106298595666885e-03
8.282642960548400879e-01 4.320888314396142960e-03
8.340226411819458008e-01 3.921097610145807266e-03
8.391873836517333984e-01 3.553758608177304268e-03
8.469716310501098633e-01 2.983589190989732742e-03
8.562996387481689453e-01 2.272363053634762764e-03
8.779279589653015137e-01 4.905015812255442142e-04
8.879072070121765137e-01 -4.036105528939515352e-04
8.945121169090270996e-01 -1.024204189889132977e-03
8.997677564620971680e-01 -1.535943476483225822e-03
9.068942070007324219e-01 -2.257494255900382996e-03
9.117441773414611816e-01 -2.768318867310881615e-03
9.202956557273864746e-01 -3.712413599714636803e-03
9.281844496726989746e-01 -4.638807848095893860e-03
9.418436884880065918e-01 -6.395541131496429443e-03
9.511212706565856934e-01 -7.726192940026521683e-03
9.572277069091796875e-01 -8.676789700984954834e-03
9.617853760719299316e-01 -9.429887868463993073e-03
9.676617383956909180e-01 -1.045783702284097672e-02
9.695927500724792480e-01 -1.080889720469713211e-02
