9.630958437919616699e-01 -2.465632744133472443e-03
9.619698524475097656e-01 -2.264010952785611153e-03
9.580736160278320312e-01 -1.540369354188442230e-03
9.483034610748291016e-01 3.712143516167998314e-04
9.341207742691040039e-01 3.269614186137914658e-03
9.212837815284729004e-01 5.968976300209760666e-03
8.998182415962219238e-01 1.060194708406925201e-02
8.927657604217529297e-01 1.215273514389991760e-02
8.782451748847961426e-01 1.538733765482902527e-02
8.692532777786254883e-01 1.741762086749076843e-02
8.488157987594604492e-01 2.210768498480319977e-02
8.419381976127624512e-01 2.370890602469444275e-02
8.326115012168884277e-01 2.589841373264789581e-02
8.168895840644836426e-01 2.963470853865146637e-02
7.932795882225036621e-01 3.534663096070289612e-02
7.827222943305969238e-01 3.793659433722496033e-02
7.702943682670593262e-01 4.101062193512916565e-02
7.578694224357604980e-01 4.410795867443084717e-02
7.404208183288574219e-01 4.849048703908920288e-02
7.314823269844055176e-01 5.074685811996459961e-02
7.146263718605041504e-01 5.501462519168853760e-02
7.041100859642028809e-01 5.768063664436340332e-02
6.872977614402770996e-01 6.193794682621955872e-02
6.801233887672424316e-01 6.374966353178024292e-02
6.511334776878356934e-01 7.100911438465118408e-02
6.449490189552307129e-01 7.253974676132202148e-02
6.315596103668212891e-01 7.582471519708633423e-02
6.223557591438293457e-01 7.805626094341278076e-02
5.987208485603332520e-01 8.366756141185760498e-02
5.926767587661743164e-01 8.507102727890014648e-02
5.780758261680603027e-01 8.840093016624450684e-02
5.711019039154052734e-01 8.995892852544784546e-02
5.616992712020874023e-01 9.202383458614349365e-02
5.535173416137695312e-01 9.378530085086822510e-02
5.450662970542907715e-01 9.556835889816284180e-02
5.391550064086914062e-01 9.679251164197921753e-02
5.230534076690673828e-01 1.000254899263381958e-01
5.177785754203796387e-01 1.010507345199584961e-01
4.954723417758941650e-01 1.051880195736885071e-01
4.822166562080383301e-01 1.074852645397186279e-01
4.714555442333221436e-01 1.092558503150939941e-01
4.660112559795379639e-01 1.101182177662849426e-01
4.524631798267364502e-01 1.121628507971763611e-01
4.402552545070648193e-01 1.138767823576927185e-01
4.322634935379028320e-01 1.149302646517753601e-01
4.162487089633941650e-01 1.168714091181755066e-01
4.078705012798309326e-01 1.177934408187866211e-01
4.027381837368011475e-01 1.183255314826965332e-01
3.947194516658782959e-01 1.191059798002243042e-01
3.781187534332275391e-01 1.205187290906906128e-01
3.661325275897979736e-01 1.213623955845832825e-01
3.593558371067047119e-01 1.217716336250305176e-01
3.503903448581695557e-01 1.222358718514442444e-01
3.352031409740447998e-01 1.228158175945281982e-01
3.313894867897033691e-01 1.229195520281791687e-01
3.234543800354003906e-01 1.230801269412040710e-01
3.124213516712188721e-01 1.231767758727073669e-01
3.056594431400299072e-01 1.231613457202911377e-01
2.948300242424011230e-01 1.230152621865272522e-01
2.855977714061737061e-01 1.227695941925048828e-01
2.780524194240570068e-01 1.224837526679039001e-01
2.646461427211761475e-01 1.217815354466438293e-01
2.556372284889221191e-01 1.211654469370841980e-01
2.490139007568359375e-01 1.206363588571548462e-01
2.439840137958526611e-01 1.201904490590095520e-01
2.305406928062438965e-01 1.188064143061637878e-01
2.207693308591842651e-01 1.176188737154006958e-01
2.131670713424682617e-01 1.165852248668670654e-01
1.952793449163436890e-01 1.137563958764076233e-01
1.803025007247924805e-01 1.109341010451316833e-01
1.756151914596557617e-01 1.099608391523361206e-01
1.625626087188720703e-01 1.070116534829139709e-01
1.523186713457107544e-01 1.044377163052558899e-01
1.468684822320938110e-01 1.029698178172111511e-01
1.389179229736328125e-01 1.006994098424911499e-01
1.274797320365905762e-01 9.714790433645248413e-02
1.218675151467323303e-01 9.527411311864852905e-02
1.134735941886901855e-01 9.229826182126998901e-02
1.019451618194580078e-01 8.784379810094833374e-02
9.815154224634170532e-02 8.627700805664062500e-02
8.998095244169235229e-02 8.271642774343490601e-02
7.971186935901641846e-02 7.784353196620941162e-02
7.329828292131423950e-02 7.454589009284973145e-02
6.287167221307754517e-02 6.869678199291229248e-02
5.408077314496040344e-02 6.320438534021377563e-02
4.797541350126266479e-02 5.901864916086196899e-02
3.612218424677848816e-02 4.973866045475006104e-02
2.992540970444679260e-02 4.404351115226745605e-02
2.791854739189147949e-02 4.202531278133392334e-02
2.407163381576538086e-02 3.784478083252906799e-02
2.127583697438240051e-02 3.447742760181427002e-02
1.752684637904167175e-02 2.933008223772048950e-02
1.505266502499580383e-02 2.531843632459640503e-02
1.165279466658830643e-02 1.814941130578517914e-02
1.009622029960155487e-02 1.306981965899467468e-02
9.480744600296020508e-03 9.602244012057781219e-03
9.276110678911209106e-03 5.313954316079616547e-03
9.854531846940517426e-03 6.010872893966734409e-04
1.213030423969030380e-02 -5.559218116104602814e-03
1.338582485914230347e-02 -7.676357869058847427e-03
1.504940818995237350e-02 -9.950591251254081726e-03
1.770174503326416016e-02 -1.285079587250947952e-02
2.231257595121860504e-02 -1.671946421265602112e-02
2.641822211444377899e-02 -1.944457367062568665e-02
3.383689746260643005e-02 -2.338801324367523193e-02
4.432077333331108093e-02 -2.771463803946971893e-02
4.960611835122108459e-02 -2.955050021409988403e-02
5.578465014696121216e-02 -3.149172291159629822e-02
6.440736353397369385e-02 -3.391681984066963196e-02
7.193948328495025635e-02 -3.582417219877243042e-02
8.910560607910156250e-02 -3.962319716811180115e-02
9.825567156076431274e-02 -4.140271246433258057e-02
1.062739640474319458e-01 -4.284616932272911072e-02
1.139726042747497559e-01 -4.414047673344612122e-02
1.348198801279067993e-01 -4.724648222327232361e-02
1.440279036760330200e-01 -4.845082387328147888e-02
1.540047377347946167e-01 -4.964963719248771667e-02
1.635971665382385254e-01 -5.070353299379348755e-02
1.780736893415451050e-01 -5.212047323584556580e-02
1.817201972007751465e-01 -5.244576930999755859e-02
1.960978806018829346e-01 -5.360961332917213440e-02
2.063727825880050659e-01 -5.432923138141632080e-02
2.117896974086761475e-01 -5.467227846384048462e-02
2.238568067550659180e-01 -5.534901842474937439e-02
2.422263473272323608e-01 -5.615585669875144958e-02
2.565391659736633301e-01 -5.660565197467803955e-02
2.700904011726379395e-01 -5.689326301217079163e-02
2.750400602817535400e-01 -5.696575716137886047e-02
2.918678820133209229e-01 -5.708581954240798950e-02
2.976368367671966553e-01 -5.708302557468414307e-02
3.089456260204315186e-01 -5.701429396867752075e-02
3.166851699352264404e-01 -5.691987276077270508e-02
3.255675137042999268e-01 -5.676516145467758179e-02
3.315844535827636719e-01 -5.663271248340606689e-02
3.474946022033691406e-01 -5.617743730545043945e-02
3.554964959621429443e-01 -5.589223653078079224e-02
3.671414256095886230e-01 -5.541188642382621765e-02
3.718948960304260254e-01 -5.519399419426918030e-02
3.818493187427520752e-01 -5.469766259193420410e-02
3.947590887546539307e-01 -5.397519841790199280e-02
4.036625921726226807e-01 -5.342659354209899902e-02
4.140370190143585205e-01 -5.273714661598205566e-02
4.212993979454040527e-01 -5.222323536872863770e-02
4.292298257350921631e-01 -5.163348838686943054e-02
4.390244483947753906e-01 -5.086515471339225769e-02
4.485829770565032959e-01 -5.007426440715789795e-02
4.587576389312744141e-01 -4.918969795107841492e-02
4.704874157905578613e-01 -4.811803251504898071e-02
4.790234863758087158e-01 -4.730507358908653259e-02
4.948649406433105469e-01 -4.572812840342521667e-02
5.043121576309204102e-01 -4.474890604615211487e-02
5.124289989471435547e-01 -4.388665035367012024e-02
5.250475406646728516e-01 -4.251164570450782776e-02
5.343202352523803711e-01 -4.147774726152420044e-02
5.467039942741394043e-01 -4.007119312882423401e-02
5.539906024932861328e-01 -3.923232853412628174e-02
5.663485527038574219e-01 -3.779563307762145996e-02
5.797352194786071777e-01 -3.622712939977645874e-02
5.913328528404235840e-01 -3.486555814743041992e-02
6.046373844146728516e-01 -3.330966830253601074e-02
6.204205751419067383e-01 -3.148587420582771301e-02
6.289977431297302246e-01 -3.051031567156314850e-02
6.387177109718322754e-01 -2.942216768860816956e-02
6.441480517387390137e-01 -2.882354520261287689e-02
6.518260240554809570e-01 -2.798990905284881592e-02
6.576108932495117188e-01 -2.737254090607166290e-02
6.682562828063964844e-01 -2.626269496977329254e-02
6.841544508934020996e-01 -2.467471361160278320e-02
6.912080049514770508e-01 -2.399888075888156891e-02
7.044016718864440918e-01 -2.278481982648372650e-02
7.230249047279357910e-01 -2.118623815476894379e-02
7.314214706420898438e-01 -2.051029913127422333e-02
7.406849265098571777e-01 -1.979684829711914062e-02
7.459387779235839844e-01 -1.940711773931980133e-02
7.647435665130615234e-01 -1.809846982359886169e-02
7.716205120086669922e-01 -1.765252463519573212e-02
7.865045070648193359e-01 -1.674387603998184204e-02
7.944412827491760254e-01 -1.628932543098926544e-02
8.148201704025268555e-01 -1.520884409546852112e-02
8.240696787834167480e-01 -1.475537568330764771e-02
8.340979814529418945e-01 -1.428621727973222733e-02
8.453142642974853516e-01 -1.378532312810420990e-02
8.622632026672363281e-01 -1.306475140154361725e-02
8.725873231887817383e-01 -1.263906620442867279e-02
8.914994001388549805e-01 -1.185978390276432037e-02
9.005775451660156250e-01 -1.147242169827222824e-02
9.292346835136413574e-01 -1.004640571773052216e-02
9.404160380363464355e-01 -9.303758852183818817e-03
9.516956806182861328e-01 -8.321332745254039764e-03
9.605067968368530273e-01 -7.270367816090583801e-03
9.619393944740295410e-01 -7.065295241773128510e-03
9.634960293769836426e-01 -6.829268299043178558e-03
