9.601678848266601562e-01 -2.041755709797143936e-03
9.595982432365417480e-01 -1.912832609377801418e-03
9.555519819259643555e-01 -1.004129648208618164e-03
9.453129172325134277e-01 1.259880024008452892e-03
9.242003560066223145e-01 5.861809942871332169e-03
9.143143296241760254e-01 8.009217679500579834e-03
8.926820158958435059e-01 1.272155251353979111e-02
8.847709894180297852e-01 1.445366535335779190e-02
8.630285263061523438e-01 1.924759149551391602e-02
8.531647324562072754e-01 2.144030481576919556e-02
8.380628228187561035e-01 2.482049167156219482e-02
8.305678367614746094e-01 2.650856785476207733e-02
8.177518844604492188e-01 2.941078133881092072e-02
8.044567108154296875e-01 3.244196996092796326e-02
7.724947929382324219e-01 3.980452567338943481e-02
7.672281861305236816e-01 4.102638363838195801e-02
7.355520129203796387e-01 4.840978235006332397e-02
7.285926938056945801e-01 5.003680288791656494e-02
7.144545316696166992e-01 5.334263667464256287e-02
7.042218446731567383e-01 5.573315918445587158e-02
6.698236465454101562e-01 6.372164934873580933e-02
6.567906737327575684e-01 6.671436876058578491e-02
6.503054499626159668e-01 6.819356232881546021e-02
6.376656889915466309e-01 7.105368375778198242e-02
6.234631538391113281e-01 7.422513514757156372e-02
6.153494119644165039e-01 7.601366192102432251e-02
5.988277196884155273e-01 7.959500700235366821e-02
5.924968719482421875e-01 8.094341307878494263e-02
5.882937312126159668e-01 8.183062821626663208e-02
5.731984972953796387e-01 8.496052771806716919e-02
5.584133863449096680e-01 8.793207257986068726e-02
5.514750480651855469e-01 8.929131925106048584e-02
5.429520606994628906e-01 9.092794358730316162e-02
5.341407060623168945e-01 9.257957339286804199e-02
5.217754840850830078e-01 9.482355415821075439e-02
5.184999108314514160e-01 9.540284425020217896e-02
5.025568604469299316e-01 9.812612831592559814e-02
4.968114495277404785e-01 9.906658530235290527e-02
4.865812361240386963e-01 1.006843671202659607e-01
4.798203706741333008e-01 1.017121449112892151e-01
4.660142362117767334e-01 1.037033200263977051e-01
4.604769647121429443e-01 1.044597327709197998e-01
4.522373378276824951e-01 1.055386886000633240e-01
4.465430676937103271e-01 1.062509641051292419e-01
4.326623380184173584e-01 1.078680232167243958e-01
4.223176240921020508e-01 1.089589521288871765e-01
4.122098088264465332e-01 1.099265962839126587e-01
4.002247750759124756e-01 1.109429895877838135e-01
3.835820555686950684e-01 1.121082231402397156e-01
3.796713054180145264e-01 1.123390197753906250e-01
3.748920559883117676e-01 1.125982254743576050e-01
3.700360059738159180e-01 1.128355488181114197e-01
3.622780442237854004e-01 1.131592690944671631e-01
3.563911914825439453e-01 1.133586242794990540e-01
3.509115874767303467e-01 1.135075762867927551e-01
3.471888005733489990e-01 1.135884448885917664e-01
3.321175575256347656e-01 1.137436106801033020e-01
3.120624423027038574e-01 1.135079786181449890e-01
3.064468801021575928e-01 1.133485659956932068e-01
2.889866828918457031e-01 1.125834435224533081e-01
2.836124300956726074e-01 1.122641712427139282e-01
2.781374454498291016e-01 1.118975505232810974e-01
2.753359973430633545e-01 1.116937175393104553e-01
2.655329704284667969e-01 1.108925715088844299e-01
2.595093846321105957e-01 1.103317514061927795e-01
2.516337633132934570e-01 1.095185652375221252e-01
2.344768792390823364e-01 1.074273288249969482e-01
2.204107642173767090e-01 1.053776890039443970e-01
2.123181819915771484e-01 1.040581688284873962e-01
2.082354277372360229e-01 1.033528819680213928e-01
2.064879238605499268e-01 1.030428186058998108e-01
1.935735493898391724e-01 1.005970686674118042e-01
1.858554631471633911e-01 9.900350868701934814e-02
1.682672202587127686e-01 9.499175101518630981e-02
1.635351479053497314e-01 9.381972253322601318e-02
1.574498116970062256e-01 9.225312620401382446e-02
1.444991081953048706e-01 8.869064599275588989e-02
1.322561800479888916e-01 8.502547442913055420e-02
1.215905174612998962e-01 8.158417046070098877e-02
1.157702133059501648e-01 7.960374653339385986e-02
1.075617074966430664e-01 7.668152451515197754e-02
1.002126187086105347e-01 7.393042743206024170e-02
9.002394229173660278e-02 6.989074498414993286e-02
7.603978365659713745e-02 6.387353688478469849e-02
7.013434171676635742e-02 6.114804744720458984e-02
6.196806952357292175e-02 5.717335641384124756e-02
4.258454591035842896e-02 4.655554145574569702e-02
3.795120865106582642e-02 4.369987547397613525e-02
2.675861492753028870e-02 3.606839105486869812e-02
2.466685883700847626e-02 3.449399769306182861e-02
2.067682892084121704e-02 3.131728991866111755e-02
1.677161268889904022e-02 2.793293446302413940e-02
8.440196514129638672e-03 1.922775432467460632e-02
6.045373156666755676e-03 1.604674570262432098e-02
3.100998466834425926e-03 1.118177454918622971e-02
2.124848309904336929e-03 9.116451255977153778e-03
1.386551070027053356e-03 7.245056331157684326e-03
7.014487637206912041e-04 5.047256592661142349e-03
1.143454428529366851e-04 2.199262147769331932e-03
-1.176992664113640785e-04 -1.761854160577058792e-03
4.874511796515434980e-04 -6.296413950622081757e-03
2.394944429397583008e-03 -1.152256876230239868e-02
9.190258570015430450e-03 -2.079471386969089508e-02
1.242861431092023849e-02 -2.382705360651016235e-02
1.862512528896331787e-02 -2.859213389456272125e-02
2.604600228369235992e-02 -3.320811316370964050e-02
2.876461483538150787e-02 -3.469429165124893188e-02
3.097072802484035492e-02 -3.583560138940811157e-02
4.166745766997337341e-02 -4.070397838950157166e-02
4.969774186611175537e-02 -4.378624260425567627e-02
5.201501399278640747e-02 -4.460149630904197693e-02
6.603521108627319336e-02 -4.894674569368362427e-02
7.397932559251785278e-02 -5.102746933698654175e-02
8.545836806297302246e-02 -5.363227427005767822e-02
9.922326356172561646e-02 -5.622289329767227173e-02
1.218259036540985107e-01 -5.944583564996719360e-02
1.320891380310058594e-01 -6.055436655879020691e-02
1.377547830343246460e-01 -6.108323112130165100e-02
1.559499502182006836e-01 -6.242245063185691833e-02
1.709324866533279419e-01 -6.315811723470687866e-02
1.795735210180282593e-01 -6.344841420650482178e-02
1.881423890590667725e-01 -6.364741921424865723e-02
1.936488747596740723e-01 -6.373126059770584106e-02
2.144075185060501099e-01 -6.376277655363082886e-02
2.256089299917221069e-01 -6.360895931720733643e-02
2.330908626317977905e-01 -6.344537436962127686e-02
2.440325468778610229e-01 -6.312412768602371216e-02
2.473746985197067261e-01 -6.300747394561767578e-02
2.547171115875244141e-01 -6.272223591804504395e-02
2.596313953399658203e-01 -6.250980496406555176e-02
2.656015753746032715e-01 -6.222946196794509888e-02
2.709977030754089355e-01 -6.195574626326560974e-02
2.903403937816619873e-01 -6.082621216773986816e-02
2.969748675823211670e-01 -6.038890033960342407e-02
3.029021024703979492e-01 -5.997810512781143188e-02
3.110992014408111572e-01 -5.938020348548889160e-02
3.277381062507629395e-01 -5.806734785437583923e-02
3.314091265201568604e-01 -5.776093527674674988e-02
3.366982340812683105e-01 -5.730950087308883667e-02
3.560171127319335938e-01 -5.556717887520790100e-02
3.714448213577270508e-01 -5.408126115798950195e-02
3.748841881752014160e-01 -5.373975634574890137e-02
3.847856223583221436e-01 -5.273764953017234802e-02
3.965075016021728516e-01 -5.151791870594024658e-02
4.043147563934326172e-01 -5.068757385015487671e-02
4.097969233989715576e-01 -5.009681731462478638e-02
4.145935177803039551e-01 -4.957513138651847839e-02
4.330336153507232666e-01 -4.753373563289642334e-02
4.480519294738769531e-01 -4.583827406167984009e-02
4.586571753025054932e-01 -4.462893307209014893e-02
4.619286656379699707e-01 -4.425449669361114502e-02
4.685814976692199707e-01 -4.349162802100181580e-02
4.760627448558807373e-01 -4.263244196772575378e-02
4.776373803615570068e-01 -4.245152696967124939e-02
4.872603416442871094e-01 -4.134625196456909180e-02
4.923183619976043701e-01 -4.076611995697021484e-02
5.055232644081115723e-01 -3.925732523202896118e-02
5.228591561317443848e-01 -3.729762136936187744e-02
5.384243130683898926e-01 -3.556873276829719543e-02
5.458761453628540039e-01 -3.475413843989372253e-02
5.532682538032531738e-01 -3.395575284957885742e-02
5.663946866989135742e-01 -3.256450966000556946e-02
5.778017640113830566e-01 -3.138597682118415833e-02
5.788679122924804688e-01 -3.127737715840339661e-02
6.049768328666687012e-01 -2.870818600058555603e-02
6.226921677589416504e-01 -2.707121707499027252e-02
6.303154826164245605e-01 -2.639486826956272125e-02
6.457004547119140625e-01 -2.508295327425003052e-02
6.633058190345764160e-01 -2.366981282830238342e-02
6.686333417892456055e-01 -2.326075546443462372e-02
6.832513213157653809e-01 -2.218226529657840729e-02
6.995623707771301270e-01 -2.105332165956497192e-02
7.060238718986511230e-01 -2.062719315290451050e-02
7.142135500907897949e-01 -2.010375075042247772e-02
7.426672577857971191e-01 -1.842187717556953430e-02
7.534677982330322266e-01 -1.783485524356365204e-02
7.654898762702941895e-01 -1.721136458218097687e-02
7.692306041717529297e-01 -1.702337898313999176e-02
7.839924097061157227e-01 -1.630709506571292877e-02
7.944650650024414062e-01 -1.582136005163192749e-02
8.097068667411804199e-01 -1.514259912073612213e-02
8.155765533447265625e-01 -1.488875132054090500e-02
8.246558904647827148e-01 -1.450282987207174301e-02
8.308237195014953613e-01 -1.424451358616352081e-02
8.576473593711853027e-01 -1.314045581966638565e-02
8.793573975563049316e-01 -1.223758794367313385e-02
8.962648510932922363e-01 -1.149671338498592377e-02
9.164726734161376953e-01 -1.051621045917272568e-02
9.421763420104980469e-01 -8.959090337157249451e-03
9.548958539962768555e-01 -7.938532158732414246e-03
9.594092965126037598e-01 -7.510955445468425751e-03
9.608795642852783203e-01 -7.362400181591510773e-03
