9.576476216316223145e-01 -1.931828330270946026e-03
9.563121199607849121e-01 -1.664076698943972588e-03
9.525246024131774902e-01 -9.343532146885991096e-04
9.388089776039123535e-01 1.481287181377410889e-03
9.144071340560913086e-01 5.376934073865413666e-03
9.033121466636657715e-01 7.072368171066045761e-03
8.845584392547607422e-01 9.889421984553337097e-03
8.753399252891540527e-01 1.126176305115222931e-02
8.627268671989440918e-01 1.313354261219501495e-02
8.527098894119262695e-01 1.461852435022592545e-02
8.414670228958129883e-01 1.628627255558967590e-02
8.359982371330261230e-01 1.709857210516929626e-02
8.261685967445373535e-01 1.856113038957118988e-02
8.173109889030456543e-01 1.988252252340316772e-02
8.049504160881042480e-01 2.173292264342308044e-02
7.990028262138366699e-01 2.262618392705917358e-02
7.893563508987426758e-01 2.407908998429775238e-02
7.773681282997131348e-01 2.589192241430282593e-02
7.683547735214233398e-01 2.725985273718833923e-02
7.572709918022155762e-01 2.894742600619792938e-02
7.387669086456298828e-01 3.177540376782417297e-02
7.360528707504272461e-01 3.219101205468177795e-02
7.147579789161682129e-01 3.545450791716575623e-02
7.083603143692016602e-01 3.643454983830451965e-02
6.948156952857971191e-01 3.850545734167098999e-02
6.867087483406066895e-01 3.974089771509170532e-02
6.687890887260437012e-01 4.245457798242568970e-02
6.619465351104736328e-01 4.348260164260864258e-02
6.564442515373229980e-01 4.430519789457321167e-02
6.500043272972106934e-01 4.526287317276000977e-02
6.358644366264343262e-01 4.734345525503158569e-02
6.223534941673278809e-01 4.929850250482559204e-02
6.134960651397705078e-01 5.056012794375419617e-02
6.085453033447265625e-01 5.125774070620536804e-02
5.997245907783508301e-01 5.248634144663810730e-02
5.923756957054138184e-01 5.349516868591308594e-02
5.812397003173828125e-01 5.499652773141860962e-02
5.705226659774780273e-01 5.640829727053642273e-02
5.564127564430236816e-01 5.821406841278076172e-02
5.374836325645446777e-01 6.053525209426879883e-02
5.229559540748596191e-01 6.223244965076446533e-02
5.115746259689331055e-01 6.350808590650558472e-02
4.978252649307250977e-01 6.498304754495620728e-02
4.896169006824493408e-01 6.582791358232498169e-02
4.775031805038452148e-01 6.702441722154617310e-02
4.676994085311889648e-01 6.794757395982742310e-02
4.516293406486511230e-01 6.937040388584136963e-02
4.465888738632202148e-01 6.979291141033172607e-02
4.331005811691284180e-01 7.086612284183502197e-02
4.229720830917358398e-01 7.161571830511093140e-02
4.008410871028900146e-01 7.307897508144378662e-02
3.901295065879821777e-01 7.369799911975860596e-02
3.818377852439880371e-01 7.413581758737564087e-02
3.726602494716644287e-01 7.457726448774337769e-02
3.604768812656402588e-01 7.509125769138336182e-02
3.526144623756408691e-01 7.537825405597686768e-02
3.449262082576751709e-01 7.562399655580520630e-02
3.338061869144439697e-01 7.591681182384490967e-02
3.236163556575775146e-01 7.611819356679916382e-02
3.109824359416961670e-01 7.627570629119873047e-02
2.982764542102813721e-01 7.632700353860855103e-02
2.903907001018524170e-01 7.630269229412078857e-02
2.764708101749420166e-01 7.615023851394653320e-02
2.705771923065185547e-01 7.604199647903442383e-02
2.567315697669982910e-01 7.568057626485824585e-02
2.463593631982803345e-01 7.530698925256729126e-02
2.350775897502899170e-01 7.479500025510787964e-02
2.313155084848403931e-01 7.459874451160430908e-02
2.108612656593322754e-01 7.329431176185607910e-02
1.939815282821655273e-01 7.189128547906875610e-02
1.840401589870452881e-01 7.091292738914489746e-02
1.688826680183410645e-01 6.918300688266754150e-02
1.603702157735824585e-01 6.807457655668258667e-02
1.525197923183441162e-01 6.695766746997833252e-02
1.482551693916320801e-01 6.631062924861907959e-02
1.373892575502395630e-01 6.452480703592300415e-02
1.250257492065429688e-01 6.223167851567268372e-02
1.114687621593475342e-01 5.935531482100486755e-02
9.407140314579010010e-02 5.501094460487365723e-02
8.856011182069778442e-02 5.345649272203445435e-02
8.330523222684860229e-02 5.188361927866935730e-02
7.655040174722671509e-02 4.971950128674507141e-02
7.121624052524566650e-02 4.788630828261375427e-02
6.333387643098831177e-02 4.495153203606605530e-02
5.595789849758148193e-02 4.192596301436424255e-02
5.185798555612564087e-02 4.010991752147674561e-02
4.483500495553016663e-02 3.673913702368736267e-02
3.487609699368476868e-02 3.126263618469238281e-02
3.052362613379955292e-02 2.853737398982048035e-02
2.531254664063453674e-02 2.491591311991214752e-02
1.472594868391752243e-02 1.555516477674245834e-02
1.119175553321838379e-02 1.112425327301025391e-02
9.975319728255271912e-03 9.190329350531101227e-03
8.559139445424079895e-03 6.278713699430227280e-03
7.768603507429361343e-03 3.681244794279336929e-03
7.500454783439636230e-03 1.306226360611617565e-03
7.707979064434766769e-03 -8.744614315219223499e-04
8.342623710632324219e-03 -2.838006475940346718e-03
9.863680228590965271e-03 -5.267130210995674133e-03
1.057222858071327209e-02 -6.055952515453100204e-03
1.239038724452257156e-02 -7.639889139682054520e-03
1.439790986478328705e-02 -8.960414677858352661e-03
1.889299415051937103e-02 -1.107570063322782516e-02
2.270999178290367126e-02 -1.235557533800601959e-02
3.172888979315757751e-02 -1.438831724226474762e-02
3.937944397330284119e-02 -1.547569222748279572e-02
4.270009323954582214e-02 -1.582957431674003601e-02
5.496156960725784302e-02 -1.671118661761283875e-02
6.277395039796829224e-02 -1.701973378658294678e-02
7.151051610708236694e-02 -1.720128580927848816e-02
8.642785996198654175e-02 -1.722434721887111664e-02
9.432344138622283936e-02 -1.712902262806892395e-02
1.033504530787467957e-01 -1.695218868553638458e-02
1.132675558328628540e-01 -1.669183932244777679e-02
1.241591945290565491e-01 -1.634403504431247711e-02
1.378361582756042480e-01 -1.583842746913433075e-02
1.540386974811553955e-01 -1.516874507069587708e-02
1.660712361335754395e-01 -1.463679783046245575e-02
1.756782382726669312e-01 -1.419705152511596680e-02
1.823057234287261963e-01 -1.388777140527963638e-02
2.057552635669708252e-01 -1.276760920882225037e-02
2.130144238471984863e-01 -1.241569966077804565e-02
2.168368399143218994e-01 -1.222984958440065384e-02
2.290231436491012573e-01 -1.163583341985940933e-02
2.449460625648498535e-01 -1.085900701582431793e-02
2.599627375602722168e-01 -1.012875698506832123e-02
2.728563845157623291e-01 -9.505441412329673767e-03
2.855285406112670898e-01 -8.897365070879459381e-03
2.951679229736328125e-01 -8.438379503786563873e-03
3.028748035430908203e-01 -8.073875680565834045e-03
3.120846152305603027e-01 -7.641375996172428131e-03
3.178226947784423828e-01 -7.373709697276353836e-03
3.244909644126892090e-01 -7.064453326165676117e-03
3.332827091217041016e-01 -6.659798324108123779e-03
3.480490446090698242e-01 -5.988405086100101471e-03
3.571096360683441162e-01 -5.581777542829513550e-03
3.713321983814239502e-01 -4.952042363584041595e-03
3.809672594070434570e-01 -4.531565122306346893e-03
3.959940969944000244e-01 -3.886069171130657196e-03
4.039050340652465820e-01 -3.551419591531157494e-03
4.165984988212585449e-01 -3.022160846740007401e-03
4.241546690464019775e-01 -2.711723092943429947e-03
4.367913603782653809e-01 -2.200505696237087250e-03
4.436126351356506348e-01 -1.928794663399457932e-03
4.612807631492614746e-01 -1.239379285834729671e-03
4.672023653984069824e-01 -1.013117609545588493e-03
4.791067838668823242e-01 -5.658676964230835438e-04
4.919765889644622803e-01 -9.427301120012998581e-05
4.980140328407287598e-01 1.224977895617485046e-04
5.073515772819519043e-01 4.518681380432099104e-04
5.171831846237182617e-01 7.905910606496036053e-04
5.280495285987854004e-01 1.154750003479421139e-03
5.442715883255004883e-01 1.676824758760631084e-03
5.580648779869079590e-01 2.098353812471032143e-03
5.736475586891174316e-01 2.546755596995353699e-03
5.794013142585754395e-01 2.704116515815258026e-03
5.875797271728515625e-01 2.919504884630441666e-03
5.959933996200561523e-01 3.130244789645075798e-03
6.046010851860046387e-01 3.333595581352710724e-03
6.120655536651611328e-01 3.499153302982449532e-03
6.246175169944763184e-01 3.753022523596882820e-03
6.348553299903869629e-01 3.935291897505521774e-03
6.450966596603393555e-01 4.093301016837358475e-03
6.474764347076416016e-01 4.126334097236394882e-03
6.580742001533508301e-01 4.255632869899272919e-03
6.639398336410522461e-01 4.314189776778221130e-03
6.780377030372619629e-01 4.414761438965797424e-03
7.024790048599243164e-01 4.445416387170553207e-03
7.085743546485900879e-01 4.423205740749835968e-03
7.153782248497009277e-01 4.383932333439588547e-03
7.297760248184204102e-01 4.249870311468839645e-03
7.404397130012512207e-01 4.105676431208848953e-03
7.500439286231994629e-01 3.943118266761302948e-03
7.531020641326904297e-01 3.884881036356091499e-03
7.677620649337768555e-01 3.562643425539135933e-03
7.769753336906433105e-01 3.324071876704692841e-03
7.831388711929321289e-01 3.149167401716113091e-03
7.922272682189941406e-01 2.869194140657782555e-03
8.097507953643798828e-01 2.256563398987054825e-03
8.180475234985351562e-01 1.933775958605110645e-03
8.324512243270874023e-01 1.324673881754279137e-03
8.377237915992736816e-01 1.086492673493921757e-03
8.522840738296508789e-01 3.871882800012826920e-04
8.592110872268676758e-01 3.336335066705942154e-05
8.704351782798767090e-01 -5.684493225999176502e-04
8.767016530036926270e-01 -9.196007158607244492e-04
8.903110623359680176e-01 -1.719025545753538609e-03
9.155074954032897949e-01 -3.326759906485676765e-03
9.323123693466186523e-01 -4.478292074054479599e-03
9.543803334236145020e-01 -6.006117910146713257e-03
9.569543600082397461e-01 -6.173199508339166641e-03
9.591621160507202148e-01 -6.311900913715362549e-03
