9.741161465644836426e-01 -7.475407794117927551e-03
9.735345840454101562e-01 -7.357928901910781860e-03
9.718562960624694824e-01 -7.015551906079053879e-03
9.654618501663208008e-01 -5.679503083229064941e-03
9.396208524703979492e-01 -6.448653039115015417e-06
9.200581908226013184e-01 4.484617151319980621e-03
9.117631912231445312e-01 6.432105787098407745e-03
9.067853689193725586e-01 7.612673100084066391e-03
8.952748775482177734e-01 1.037582382559776306e-02
8.864827752113342285e-01 1.251741778105497360e-02
8.758315443992614746e-01 1.514741685241460800e-02
8.643584251403808594e-01 1.802371256053447723e-02
8.572465181350708008e-01 1.982904411852359772e-02
8.416889309883117676e-01 2.383737824857234955e-02
8.168507218360900879e-01 3.040137514472007751e-02
8.118795752525329590e-01 3.173848986625671387e-02
8.067510128021240234e-01 3.312589973211288452e-02
8.003440499305725098e-01 3.487017378211021423e-02
7.928850650787353516e-01 3.691571205854415894e-02
7.748180031776428223e-01 4.193255305290222168e-02
7.571204304695129395e-01 4.692224040627479553e-02
7.442454099655151367e-01 5.059108138084411621e-02
7.305076718330383301e-01 5.453377589583396912e-02
7.290263772010803223e-01 5.496028438210487366e-02
7.194708585739135742e-01 5.771662667393684387e-02
7.139110565185546875e-01 5.932342261075973511e-02
7.074570059776306152e-01 6.119063496589660645e-02
6.986487507820129395e-01 6.374042481184005737e-02
6.730760931968688965e-01 7.113023102283477783e-02
6.676737666130065918e-01 7.268463820219039917e-02
6.538878083229064941e-01 7.663304358720779419e-02
6.403462290763854980e-01 8.047837764024734497e-02
6.188002228736877441e-01 8.650669455528259277e-02
6.137030124664306641e-01 8.791343867778778076e-02
6.093708276748657227e-01 8.910251408815383911e-02
5.962656140327453613e-01 9.266012907028198242e-02
5.881571173667907715e-01 9.482928365468978882e-02
5.712233185768127441e-01 9.927197545766830444e-02
5.576230287551879883e-01 1.027466803789138794e-01
5.503360033035278320e-01 1.045714467763900757e-01
5.384050607681274414e-01 1.074999570846557617e-01
5.338152647018432617e-01 1.086061894893646240e-01
5.148022174835205078e-01 1.130611225962638855e-01
4.924360513687133789e-01 1.180207580327987671e-01
4.876953661441802979e-01 1.190305054187774658e-01
4.833620786666870117e-01 1.199403330683708191e-01
4.578379690647125244e-01 1.250325739383697510e-01
4.522994756698608398e-01 1.260748803615570068e-01
4.448153674602508545e-01 1.274462938308715820e-01
4.249454736709594727e-01 1.308732926845550537e-01
4.083648324012756348e-01 1.334837228059768677e-01
4.037244617938995361e-01 1.341719031333923340e-01
3.948408663272857666e-01 1.354361027479171753e-01
3.761668503284454346e-01 1.378574073314666748e-01
3.698786795139312744e-01 1.385981589555740356e-01
3.506977856159210205e-01 1.406149268150329590e-01
3.316018879413604736e-01 1.422419697046279907e-01
3.220403194427490234e-01 1.429063975811004639e-01
3.147823214530944824e-01 1.433410793542861938e-01
3.049566745758056641e-01 1.438309848308563232e-01
2.914346754550933838e-01 1.443130224943161011e-01
2.662124931812286377e-01 1.445815265178680420e-01
2.556791901588439941e-01 1.444351673126220703e-01
2.490419894456863403e-01 1.442603319883346558e-01
2.445423752069473267e-01 1.441043913364410400e-01
2.330177277326583862e-01 1.435624808073043823e-01
2.234446257352828979e-01 1.429505497217178345e-01
2.181810885667800903e-01 1.425490230321884155e-01
2.069846838712692261e-01 1.415348649024963379e-01
1.744675785303115845e-01 1.372462958097457886e-01
1.531310975551605225e-01 1.332045048475265503e-01
1.418243050575256348e-01 1.306108534336090088e-01
1.359073817729949951e-01 1.291171014308929443e-01
1.318340748548507690e-01 1.280311942100524902e-01
1.277079433202743530e-01 1.268815845251083374e-01
1.217220053076744080e-01 1.251214146614074707e-01
1.165615394711494446e-01 1.235122084617614746e-01
1.101151779294013977e-01 1.213761195540428162e-01
9.298127144575119019e-02 1.149517148733139038e-01
8.891037851572036743e-02 1.132495552301406860e-01
7.971326261758804321e-02 1.091247797012329102e-01
6.868743151426315308e-02 1.036133617162704468e-01
6.339275836944580078e-02 1.007194370031356812e-01
6.020198389887809753e-02 9.888990223407745361e-02
4.825048521161079407e-02 9.139377623796463013e-02
3.460066765546798706e-02 8.132604509592056274e-02
2.645326033234596252e-02 7.432135194540023804e-02
1.794959045946598053e-02 6.594280898571014404e-02
1.314958464354276657e-02 6.058463826775550842e-02
9.780840016901493073e-03 5.647487193346023560e-02
2.365817315876483917e-03 4.602783545851707458e-02
-4.403580969665199518e-04 4.135344177484512329e-02
-1.687822747044265270e-03 3.909037262201309204e-02
-6.397494114935398102e-03 2.892029471695423126e-02
-8.118294179439544678e-03 2.405987679958343506e-02
-1.101476326584815979e-02 9.164433926343917847e-03
-1.105928793549537659e-02 4.468472208827733994e-03
-1.068005524575710297e-02 3.811818605754524469e-04
-9.784461930394172668e-03 -3.939445130527019501e-03
-8.838927373290061951e-03 -6.869099102914333344e-03
-7.078910712152719498e-03 -1.076090894639492035e-02
-3.892747918143868446e-03 -1.560857146978378296e-02
-6.984752253629267216e-04 -1.912398450076580048e-02
3.688276046887040138e-03 -2.280131727457046509e-02
9.532911702990531921e-03 -2.650234289467334747e-02
1.564133167266845703e-02 -2.948260679841041565e-02
2.460247650742530823e-02 -3.284293040633201599e-02
3.174538165330886841e-02 -3.495088592171669006e-02
3.800687193870544434e-02 -3.650499135255813599e-02
5.206474661827087402e-02 -3.928324580192565918e-02
7.095746695995330811e-02 -4.196983575820922852e-02
8.104406297206878662e-02 -4.306252300739288330e-02
9.692979604005813599e-02 -4.442584887146949768e-02
1.034147962927818298e-01 -4.487711936235427856e-02
1.139205917716026306e-01 -4.549719393253326416e-02
1.208542808890342712e-01 -4.583830758929252625e-02
1.485860943794250488e-01 -4.673970863223075867e-02
1.666420996189117432e-01 -4.698657616972923279e-02
1.763128489255905151e-01 -4.702366143465042114e-02
1.968698352575302124e-01 -4.690504074096679688e-02
2.065761536359786987e-01 -4.676328226923942566e-02
2.146506011486053467e-01 -4.660659655928611755e-02
2.238183766603469849e-01 -4.638815298676490784e-02
2.269845008850097656e-01 -4.630308970808982849e-02
2.457133978605270386e-01 -4.570432752370834351e-02
2.626517713069915771e-01 -4.503163695335388184e-02
2.694563567638397217e-01 -4.472891613841056824e-02
2.792537212371826172e-01 -4.426221176981925964e-02
2.893344163894653320e-01 -4.374584555625915527e-02
2.971228957176208496e-01 -4.332298785448074341e-02
3.090603053569793701e-01 -4.263657331466674805e-02
3.223146200180053711e-01 -4.182336479425430298e-02
3.331154286861419678e-01 -4.112362489104270935e-02
3.369380235671997070e-01 -4.086842015385627747e-02
3.739272058010101318e-01 -3.821652382612228394e-02
3.845616579055786133e-01 -3.739987313747406006e-02
3.931493163108825684e-01 -3.672519698739051819e-02
4.036605656147003174e-01 -3.588258475065231323e-02
4.109970927238464355e-01 -3.528444468975067139e-02
4.214785099029541016e-01 -3.441708907485008240e-02
4.402560889720916748e-01 -3.283140063285827637e-02
4.452340304851531982e-01 -3.240542858839035034e-02
4.488184154033660889e-01 -3.209749609231948853e-02
4.672955870628356934e-01 -3.049770928919315338e-02
4.807060360908508301e-01 -2.932872064411640167e-02
4.831202924251556396e-01 -2.911801263689994812e-02
4.983827769756317139e-01 -2.778736129403114319e-02
5.097877383232116699e-01 -2.679794654250144958e-02
5.180392265319824219e-01 -2.608697675168514252e-02
5.251327157020568848e-01 -2.548027969896793365e-02
5.427470803260803223e-01 -2.399780414998531342e-02
5.528306961059570312e-01 -2.316890843212604523e-02
5.601559877395629883e-01 -2.257777936756610870e-02
5.699996352195739746e-01 -2.180017717182636261e-02
5.851041078567504883e-01 -2.064984664320945740e-02
5.874285697937011719e-01 -2.047792635858058929e-02
6.080995202064514160e-01 -1.901669986546039581e-02
6.216213107109069824e-01 -1.813335344195365906e-02
6.249792575836181641e-01 -1.792364008724689484e-02
6.411435008049011230e-01 -1.697096042335033417e-02
6.562648415565490723e-01 -1.616867259144783020e-02
6.650456190109252930e-01 -1.574354618787765503e-02
6.832768917083740234e-01 -1.495757885277271271e-02
6.962282061576843262e-01 -1.447778940200805664e-02
7.038536667823791504e-01 -1.422505360096693039e-02
7.068302035331726074e-01 -1.413224823772907257e-02
7.158451080322265625e-01 -1.387068629264831543e-02
7.253278493881225586e-01 -1.362622622400522232e-02
7.303318381309509277e-01 -1.350941322743892670e-02
7.532235383987426758e-01 -1.307458803057670593e-02
7.643043398857116699e-01 -1.291771885007619858e-02
7.704179286956787109e-01 -1.284463424235582352e-02
7.803171873092651367e-01 -1.274503860622644424e-02
7.847753763198852539e-01 -1.270728278905153275e-02
7.945389747619628906e-01 -1.263880729675292969e-02
8.186258673667907715e-01 -1.254232786595821381e-02
8.275634646415710449e-01 -1.252837665379047394e-02
8.375123143196105957e-01 -1.252396218478679657e-02
8.496268391609191895e-01 -1.253142487257719040e-02
8.697662949562072754e-01 -1.256445795297622681e-02
8.735160231590270996e-01 -1.257205940783023834e-02
8.795280456542968750e-01 -1.258432492613792419e-02
9.089321494102478027e-01 -1.261810399591922760e-02
9.142692089080810547e-01 -1.261267066001892090e-02
9.275055527687072754e-01 -1.256714761257171631e-02
9.345608949661254883e-01 -1.251554954797029495e-02
9.472567439079284668e-01 -1.234397757798433304e-02
9.550511240959167480e-01 -1.216091960668563843e-02
9.605700373649597168e-01 -1.197706628590822220e-02
9.691573977470397949e-01 -1.156554464250802994e-02
9.709253907203674316e-01 -1.145828701555728912e-02
9.730013608932495117e-01 -1.132231764495372772e-02
