9.669898748397827148e-01 -1.737862359732389450e-03
9.667071104049682617e-01 -1.639351830817759037e-03
9.644795656204223633e-01 -8.795863832347095013e-04
9.561545252799987793e-01 1.786322449333965778e-03
9.435454607009887695e-01 5.516485776752233505e-03
9.333672523498535156e-01 8.351625874638557434e-03
9.282303452491760254e-01 9.736088104546070099e-03
9.251947999000549316e-01 1.054127886891365051e-02
9.134451150894165039e-01 1.357668172568082809e-02
9.050109982490539551e-01 1.568450778722763062e-02
8.935983180999755859e-01 1.845431886613368988e-02
8.879309892654418945e-01 1.979792490601539612e-02
8.824685811996459961e-01 2.107448317110538483e-02
8.711489439010620117e-01 2.366697788238525391e-02
8.569549322128295898e-01 2.682670950889587402e-02
8.524889349937438965e-01 2.780197560787200928e-02
8.436675071716308594e-01 2.970428019762039185e-02
8.394301533699035645e-01 3.060725145041942596e-02
8.339447975158691406e-01 3.176650777459144592e-02
8.314481973648071289e-01 3.229060396552085876e-02
8.229640126228332520e-01 3.405640274286270142e-02
8.034729361534118652e-01 3.803205117583274841e-02
7.934193611145019531e-01 4.004423320293426514e-02
7.912129759788513184e-01 4.048264771699905396e-02
7.756403684616088867e-01 4.354831576347351074e-02
7.698453664779663086e-01 4.467717185616493225e-02
7.579715251922607422e-01 4.697214066982269287e-02
7.528956532478332520e-01 4.794630780816078186e-02
7.338050007820129395e-01 5.157669261097908020e-02
7.300603389739990234e-01 5.228298902511596680e-02
7.178805470466613770e-01 5.456807836890220642e-02
7.101948261260986328e-01 5.600064620375633240e-02
7.010914683341979980e-01 5.768817290663719177e-02
6.922904253005981445e-01 5.931023880839347839e-02
6.811629533767700195e-01 6.134758517146110535e-02
6.732225418090820312e-01 6.279189139604568481e-02
6.669131517410278320e-01 6.393366307020187378e-02
6.601610183715820312e-01 6.514958292245864868e-02
6.465770006179809570e-01 6.757601350545883179e-02
6.404172778129577637e-01 6.866700947284698486e-02
6.162751317024230957e-01 7.288054376840591431e-02
6.100283861160278320e-01 7.395295798778533936e-02
5.991680026054382324e-01 7.579796016216278076e-02
5.873194336891174316e-01 7.778033614158630371e-02
5.741224288940429688e-01 7.994732260704040527e-02
5.656774640083312988e-01 8.130934834480285645e-02
5.539641976356506348e-01 8.316397666931152344e-02
5.441933274269104004e-01 8.467809110879898071e-02
5.382931232452392578e-01 8.557707071304321289e-02
5.271267890930175781e-01 8.724467456340789795e-02
5.173491835594177246e-01 8.866660296916961670e-02
5.138297080993652344e-01 8.916927129030227661e-02
4.940660893917083740e-01 9.189566969871520996e-02
4.638625979423522949e-01 9.571371972560882568e-02
4.543360173702239990e-01 9.682120382785797119e-02
4.374495744705200195e-01 9.865934401750564575e-02
4.094632267951965332e-01 1.013235747814178467e-01
3.960807621479034424e-01 1.024143397808074951e-01
3.829365074634552002e-01 1.033611968159675598e-01
3.740917742252349854e-01 1.039256006479263306e-01
3.653258979320526123e-01 1.044247746467590332e-01
3.566476702690124512e-01 1.048578619956970215e-01
3.384091854095458984e-01 1.055605560541152954e-01
3.101074993610382080e-01 1.060528159141540527e-01
3.040915727615356445e-01 1.060570552945137024e-01
2.913468778133392334e-01 1.059425026178359985e-01
2.796984910964965820e-01 1.056847423315048218e-01
2.711227834224700928e-01 1.053972020745277405e-01
2.664337158203125000e-01 1.052037030458450317e-01
2.591119110584259033e-01 1.048486605286598206e-01
2.522327899932861328e-01 1.044546961784362793e-01
2.326871752738952637e-01 1.029990836977958679e-01
2.216580212116241455e-01 1.019446253776550293e-01
2.099702507257461548e-01 1.006301194429397583e-01
2.008088082075119019e-01 9.944956004619598389e-02
1.860921978950500488e-01 9.725713729858398438e-02
1.809054017066955566e-01 9.639213234186172485e-02
1.711333841085433960e-01 9.462291747331619263e-02
1.626876890659332275e-01 9.293868392705917358e-02
1.548053324222564697e-01 9.122831374406814575e-02
1.449356973171234131e-01 8.888449519872665405e-02
1.384540498256683350e-01 8.721411973237991333e-02
1.277548521757125854e-01 8.420949429273605347e-02
1.086381077766418457e-01 7.797010242938995361e-02
1.024374887347221375e-01 7.567080855369567871e-02
9.936801344156265259e-02 7.447630912065505981e-02
8.484400063753128052e-02 6.825564056634902954e-02
6.198099255561828613e-02 5.604164302349090576e-02
5.723826959729194641e-02 5.301266536116600037e-02
4.683252796530723572e-02 4.553551226854324341e-02
4.371937736868858337e-02 4.302562773227691650e-02
3.746584802865982056e-02 3.748699650168418884e-02
3.027806803584098816e-02 3.001008555293083191e-02
1.999239437282085419e-02 1.516079157590866089e-02
1.691295206546783447e-02 7.836158387362957001e-03
1.606218516826629639e-02 4.776221234351396561e-03
1.564985886216163635e-02 2.719762269407510757e-03
1.551499404013156891e-02 1.839617732912302017e-03
1.525531429797410965e-02 -2.819484798237681389e-03
1.587491296231746674e-02 -7.477496284991502762e-03
1.798141002655029297e-02 -1.287347357720136642e-02
2.053855173289775848e-02 -1.658320613205432892e-02
2.373041026294231415e-02 -1.983722485601902008e-02
2.809416316449642181e-02 -2.313784137368202209e-02
3.338475525379180908e-02 -2.619127370417118073e-02
4.366583004593849182e-02 -3.055061027407646179e-02
4.784099012613296509e-02 -3.195133060216903687e-02
5.413530394434928894e-02 -3.378602117300033569e-02
6.221485510468482971e-02 -3.576012328267097473e-02
6.986990571022033691e-02 -3.732010722160339355e-02
7.768907397985458374e-02 -3.866052255034446716e-02
9.453408420085906982e-02 -4.085188359022140503e-02
1.098606735467910767e-01 -4.218263551592826843e-02
1.252617388963699341e-01 -4.300940409302711487e-02
1.311097741127014160e-01 -4.320825263857841492e-02
1.354106068611145020e-01 -4.331795498728752136e-02
1.511576920747756958e-01 -4.348016157746315002e-02
1.557417809963226318e-01 -4.346303641796112061e-02
1.619233191013336182e-01 -4.339841753244400024e-02
1.770701259374618530e-01 -4.305750504136085510e-02
1.867782473564147949e-01 -4.271802306175231934e-02
1.987435072660446167e-01 -4.218721762299537659e-02
2.058020979166030884e-01 -4.182223230600357056e-02
2.169069647789001465e-01 -4.117929935455322266e-02
2.274944037199020386e-01 -4.049702361226081848e-02
2.370308190584182739e-01 -3.983196243643760681e-02
2.593834698200225830e-01 -3.811875730752944946e-02
2.687877416610717773e-01 -3.734521195292472839e-02
2.793401479721069336e-01 -3.644777089357376099e-02
2.951161265373229980e-01 -3.505927696824073792e-02
2.982938587665557861e-01 -3.477406874299049377e-02
3.032307624816894531e-01 -3.432789817452430725e-02
3.234657347202301025e-01 -3.246911987662315369e-02
3.389235436916351318e-01 -3.102913126349449158e-02
3.505323827266693115e-01 -2.994390390813350677e-02
3.564953207969665527e-01 -2.938684262335300446e-02
3.750602602958679199e-01 -2.766120433807373047e-02
3.814331591129302979e-01 -2.707390487194061279e-02
3.920707106590270996e-01 -2.610184252262115479e-02
4.177230298519134521e-01 -2.381432242691516876e-02
4.279417693614959717e-01 -2.293104305863380432e-02
4.479452669620513916e-01 -2.125831693410873413e-02
4.515912830829620361e-01 -2.096227556467056274e-02
4.705863595008850098e-01 -1.946861483156681061e-02
4.782634079456329346e-01 -1.888950541615486145e-02
4.878979027271270752e-01 -1.818397082388401031e-02
5.004788637161254883e-01 -1.729963161051273346e-02
5.087114572525024414e-01 -1.674437522888183594e-02
5.276481509208679199e-01 -1.553959678858518600e-02
5.503831505775451660e-01 -1.422868017107248306e-02
5.561537146568298340e-01 -1.391941308975219727e-02
5.610707998275756836e-01 -1.366324443370103836e-02
5.734749436378479004e-01 -1.304658222943544388e-02
5.770870447158813477e-01 -1.287477836012840271e-02
5.920591950416564941e-01 -1.219833921641111374e-02
6.021616458892822266e-01 -1.177262701094150543e-02
6.085210442543029785e-01 -1.151642017066478729e-02
6.264653205871582031e-01 -1.083750464022159576e-02
6.384752392768859863e-01 -1.041462365537881851e-02
6.615351438522338867e-01 -9.656335227191448212e-03
6.806569099426269531e-01 -9.063228033483028412e-03
6.860806345939636230e-01 -8.898408152163028717e-03
6.972081065177917480e-01 -8.562678471207618713e-03
7.097038030624389648e-01 -8.186959661543369293e-03
7.175341248512268066e-01 -7.950940169394016266e-03
7.288023233413696289e-01 -7.609192281961441040e-03
7.382315397262573242e-01 -7.320580538362264633e-03
7.499671578407287598e-01 -6.957496982067823410e-03
7.741010189056396484e-01 -6.198526360094547272e-03
7.811128497123718262e-01 -5.976046435534954071e-03
7.891447544097900391e-01 -5.721122492104768753e-03
7.978253960609436035e-01 -5.446546245366334915e-03
8.071045875549316406e-01 -5.155683029443025589e-03
8.112368583679199219e-01 -5.027558654546737671e-03
8.163376450538635254e-01 -4.871004726737737656e-03
8.215825557708740234e-01 -4.712324123829603195e-03
8.546948432922363281e-01 -3.801146754994988441e-03
8.610575199127197266e-01 -3.653488354757428169e-03
8.747369647026062012e-01 -3.382231807336211205e-03
8.847331404685974121e-01 -3.234818577766418457e-03
8.883233666419982910e-01 -3.194814780727028847e-03
8.921117782592773438e-01 -3.161107888445258141e-03
9.018027186393737793e-01 -3.120573703199625015e-03
9.098437428474426270e-01 -3.146606963127851486e-03
9.250739812850952148e-01 -3.393503604456782341e-03
9.279313683509826660e-01 -3.476131241768598557e-03
9.437909722328186035e-01 -4.220276139676570892e-03
9.490764141082763672e-01 -4.601257387548685074e-03
9.586628675460815430e-01 -5.498361773788928986e-03
9.641326069831848145e-01 -6.125491578131914139e-03
9.653949141502380371e-01 -6.279467605054378510e-03
9.677458405494689941e-01 -6.572416052222251892e-03
