9.626328945159912109e-01 -6.022604648023843765e-03
9.618560671806335449e-01 -5.841852165758609772e-03
9.574941992759704590e-01 -4.793331492692232132e-03
9.470989108085632324e-01 -2.159848576411604881e-03
9.248185753822326660e-01 3.780997125431895256e-03
9.142124056816101074e-01 6.683839950710535049e-03
8.950548768043518066e-01 1.199344452470541000e-02
8.854270577430725098e-01 1.468193251639604568e-02
8.772482872009277344e-01 1.697150804102420807e-02
8.693787455558776855e-01 1.917731203138828278e-02
8.574814796447753906e-01 2.251256629824638367e-02
8.510408997535705566e-01 2.431644126772880554e-02
8.419303297996520996e-01 2.686396986246109009e-02
8.316059112548828125e-01 2.974190190434455872e-02
8.042656779289245605e-01 3.729186207056045532e-02
8.004705309867858887e-01 3.832931071519851685e-02
7.814382910728454590e-01 4.348241537809371948e-02
7.718843221664428711e-01 4.603440314531326294e-02
7.581700086593627930e-01 4.965140670537948608e-02
7.530953884124755859e-01 5.097494274377822876e-02
7.369701862335205078e-01 5.512289702892303467e-02
7.262985110282897949e-01 5.781698971986770630e-02
7.061827778816223145e-01 6.277611106634140015e-02
7.012926936149597168e-01 6.395708024501800537e-02
6.823006868362426758e-01 6.844759732484817505e-02
6.743385791778564453e-01 7.028345763683319092e-02
6.548044681549072266e-01 7.466644793748855591e-02
6.469749808311462402e-01 7.637367397546768188e-02
6.344587802886962891e-01 7.904276251792907715e-02
6.200127601623535156e-01 8.202974498271942139e-02
6.074072122573852539e-01 8.455273509025573730e-02
5.973725914955139160e-01 8.650460839271545410e-02
5.916751027107238770e-01 8.759023249149322510e-02
5.808542370796203613e-01 8.960665017366409302e-02
5.507965087890625000e-01 9.488803893327713013e-02
5.446311235427856445e-01 9.591203182935714722e-02
5.295612812042236328e-01 9.832757711410522461e-02
5.228741168975830078e-01 9.935919195413589478e-02
5.139912962913513184e-01 1.006906032562255859e-01
5.050706863403320312e-01 1.019822806119918823e-01
4.992550611495971680e-01 1.027994975447654724e-01
4.895150959491729736e-01 1.041236072778701782e-01
4.795498847961425781e-01 1.054194495081901550e-01
4.707732796669006348e-01 1.065103411674499512e-01
4.602268934249877930e-01 1.077575609087944031e-01
4.505391418933868408e-01 1.088405102491378784e-01
4.399327933788299561e-01 1.099555715918540955e-01
4.240340292453765869e-01 1.114844456315040588e-01
4.163238704204559326e-01 1.121624186635017395e-01
3.943985700607299805e-01 1.138536930084228516e-01
3.884355425834655762e-01 1.142509728670120239e-01
3.841514885425567627e-01 1.145192533731460571e-01
3.727142810821533203e-01 1.151638031005859375e-01
3.619210720062255859e-01 1.156735494732856750e-01
3.559138476848602295e-01 1.159145310521125793e-01
3.536934852600097656e-01 1.159956753253936768e-01
3.348392248153686523e-01 1.165071502327919006e-01
3.208553194999694824e-01 1.166721358895301819e-01
3.146765530109405518e-01 1.166839823126792908e-01
3.055518269538879395e-01 1.166303232312202454e-01
2.935664951801300049e-01 1.164261698722839355e-01
2.890899181365966797e-01 1.163095757365226746e-01
2.854798734188079834e-01 1.161990985274314880e-01
2.753613889217376709e-01 1.158090829849243164e-01
2.686646580696105957e-01 1.154838278889656067e-01
2.487418055534362793e-01 1.141814664006233215e-01
2.440206706523895264e-01 1.137956827878952026e-01
2.367748618125915527e-01 1.131429746747016907e-01
2.231521308422088623e-01 1.117082312703132629e-01
2.157461643218994141e-01 1.108086556196212769e-01
2.075520753860473633e-01 1.097098290920257568e-01
1.974042356014251709e-01 1.081907004117965698e-01
1.808764934539794922e-01 1.053144857287406921e-01
1.722348332405090332e-01 1.035972759127616882e-01
1.631896644830703735e-01 1.016308739781379700e-01
1.546709984540939331e-01 9.961114078760147095e-02
1.501339823007583618e-01 9.846545010805130005e-02
1.387412101030349731e-01 9.536083787679672241e-02
1.293001770973205566e-01 9.252467751502990723e-02
1.187945231795310974e-01 8.906342089176177979e-02
1.093677431344985962e-01 8.566007763147354126e-02
1.023549735546112061e-01 8.293041586875915527e-02
8.903326839208602905e-02 7.723339647054672241e-02
7.715509086847305298e-02 7.152099907398223877e-02
7.085324823856353760e-02 6.821761280298233032e-02
6.642433255910873413e-02 6.577166914939880371e-02
4.809619113802909851e-02 5.438831821084022522e-02
4.412753134965896606e-02 5.161101371049880981e-02
3.691270947456359863e-02 4.621100053191184998e-02
3.115962632000446320e-02 4.152368381619453430e-02
2.611201442778110504e-02 3.706620633602142334e-02
1.959322765469551086e-02 3.067865222692489624e-02
1.612726226449012756e-02 2.688203752040863037e-02
1.211781706660985947e-02 2.196302451193332672e-02
7.584129460155963898e-03 1.518874987959861755e-02
5.877933464944362640e-03 1.194217056035995483e-02
4.547760821878910065e-03 8.754181675612926483e-03
4.012242425233125687e-03 7.108914665877819061e-03
3.452940145507454872e-03 4.778478760272264481e-03
3.210319206118583679e-03 3.082598326727747917e-03
3.166771028190851212e-03 2.500636619515717030e-04
3.802411723881959915e-03 -2.977356547489762306e-03
4.711395129561424255e-03 -5.039768293499946594e-03
7.847493514418601990e-03 -8.755834773182868958e-03
1.282639801502227783e-02 -1.169820968061685562e-02
2.473775856196880341e-02 -1.451947912573814392e-02
2.835417911410331726e-02 -1.484608184546232224e-02
3.121890500187873840e-02 -1.500217989087104797e-02
4.416031017899513245e-02 -1.495398767292499542e-02
5.265877768397331238e-02 -1.450773794203996658e-02
6.136002019047737122e-02 -1.386858429759740829e-02
7.256104797124862671e-02 -1.290151197463274002e-02
8.706741780042648315e-02 -1.156335324048995972e-02
9.896998107433319092e-02 -1.047760806977748871e-02
1.147913187742233276e-01 -9.122334420680999756e-03
1.232208311557769775e-01 -8.455861359834671021e-03
1.332029551267623901e-01 -7.722769863903522491e-03
1.428375542163848877e-01 -7.074940018355846405e-03
1.590460240840911865e-01 -6.117757409811019897e-03
1.647663712501525879e-01 -5.818894132971763611e-03
1.712785959243774414e-01 -5.502630956470966339e-03
1.771644204854965210e-01 -5.238245707005262375e-03
1.847887933254241943e-01 -4.925151821225881577e-03
1.907697618007659912e-01 -4.702044185250997543e-03
2.100049257278442383e-01 -4.111091140657663345e-03
2.154499888420104980e-01 -3.976936917752027512e-03
2.247029691934585571e-01 -3.780335653573274612e-03
2.298916131258010864e-01 -3.686685347929596901e-03
2.410286664962768555e-01 -3.523895516991615295e-03
2.528855800628662109e-01 -3.404584014788269997e-03
2.653648853302001953e-01 -3.334704553708434105e-03
2.690622806549072266e-01 -3.324303310364484787e-03
2.798781394958496094e-01 -3.319327719509601593e-03
2.868785858154296875e-01 -3.335338551551103592e-03
2.986938953399658203e-01 -3.394317813217639923e-03
3.082161843776702881e-01 -3.469108603894710541e-03
3.211037516593933105e-01 -3.605855163186788559e-03
3.294627368450164795e-01 -3.714699530974030495e-03
3.345748484134674072e-01 -3.788520116358995438e-03
3.614387512207031250e-01 -4.257142543792724609e-03
3.683966696262359619e-01 -4.398097284138202667e-03
3.750475347042083740e-01 -4.539388231933116913e-03
3.928642868995666504e-01 -4.946026951074600220e-03
3.985639810562133789e-01 -5.083783995360136032e-03
4.060638546943664551e-01 -5.269985646009445190e-03
4.187493920326232910e-01 -5.596215836703777313e-03
4.254115223884582520e-01 -5.772462580353021622e-03
4.372595548629760742e-01 -6.092874798923730850e-03
4.528342485427856445e-01 -6.524738855659961700e-03
4.602129161357879639e-01 -6.732491776347160339e-03
4.685798585414886475e-01 -6.969812326133251190e-03
4.727977216243743896e-01 -7.089977618306875229e-03
4.838443994522094727e-01 -7.405788172036409378e-03
4.870170950889587402e-01 -7.496668491512537003e-03
5.095502734184265137e-01 -8.141672238707542419e-03
5.264355540275573730e-01 -8.621510118246078491e-03
5.346434712409973145e-01 -8.852832950651645660e-03
5.473917126655578613e-01 -9.208950214087963104e-03
5.606206059455871582e-01 -9.573870338499546051e-03
5.775491595268249512e-01 -1.003325264900922775e-02
5.866055488586425781e-01 -1.027532294392585754e-02
5.986965298652648926e-01 -1.059438940137624741e-02
6.066659092903137207e-01 -1.080207712948322296e-02
6.093196272850036621e-01 -1.087076961994171143e-02
6.257176399230957031e-01 -1.129003707319498062e-02
6.399921178817749023e-01 -1.164755318313837051e-02
6.495634913444519043e-01 -1.188323739916086197e-02
6.607006788253784180e-01 -1.215317007154226303e-02
6.728051900863647461e-01 -1.244093663990497589e-02
6.807368993759155273e-01 -1.262606773525476456e-02
6.899099946022033691e-01 -1.283648889511823654e-02
6.989600658416748047e-01 -1.303986180573701859e-02
7.095902562141418457e-01 -1.327281445264816284e-02
7.165168523788452148e-01 -1.342079974710941315e-02
7.339176535606384277e-01 -1.377735473215579987e-02
7.442185282707214355e-01 -1.397664658725261688e-02
7.610579729080200195e-01 -1.427980698645114899e-02
7.680623531341552734e-01 -1.439638622105121613e-02
7.914451360702514648e-01 -1.473616436123847961e-02
8.059200644493103027e-01 -1.490037702023983002e-02
8.195099830627441406e-01 -1.501455437391996384e-02
8.253057599067687988e-01 -1.504957675933837891e-02
8.396553993225097656e-01 -1.509520411491394043e-02
8.556995987892150879e-01 -1.506353076547384262e-02
8.753361701965332031e-01 -1.487062126398086548e-02
8.844389319419860840e-01 -1.470728125423192978e-02
9.052446484565734863e-01 -1.409250777214765549e-02
9.162175059318542480e-01 -1.358585245907306671e-02
9.432631134986877441e-01 -1.143194735050201416e-02
9.585134387016296387e-01 -9.256579913198947906e-03
9.606214761734008789e-01 -8.879424072802066803e-03
9.622890353202819824e-01 -8.567838929593563080e-03
