9.693467617034912109e-01 -2.992738969624042511e-03
9.689780473709106445e-01 -2.879459410905838013e-03
9.671679139137268066e-01 -2.312989905476570129e-03
9.578375816345214844e-01 7.554805488325655460e-04
9.296894073486328125e-01 1.035558525472879410e-02
9.126681089401245117e-01 1.612310670316219330e-02
8.912419676780700684e-01 2.323098108172416687e-02
8.846698403358459473e-01 2.536898292601108551e-02
8.765146732330322266e-01 2.799155190587043762e-02
8.679367303848266602e-01 3.071151301264762878e-02
8.604645133018493652e-01 3.304721042513847351e-02
8.543662428855895996e-01 3.492949903011322021e-02
8.386214375495910645e-01 3.968533128499984741e-02
8.341760039329528809e-01 4.100022464990615845e-02
8.202880620956420898e-01 4.502600803971290588e-02
8.163026571273803711e-01 4.615790024399757385e-02
7.940059900283813477e-01 5.229251459240913391e-02
7.884009480476379395e-01 5.378093570470809937e-02
7.785558700561523438e-01 5.634181946516036987e-02
7.551258802413940430e-01 6.216038763523101807e-02
7.296828031539916992e-01 6.803420931100845337e-02
7.217010855674743652e-01 6.978141516447067261e-02
7.150161862373352051e-01 7.120988517999649048e-02
7.056219577789306641e-01 7.316381484270095825e-02
6.904296875000000000e-01 7.619283348321914673e-02
6.757724285125732422e-01 7.896405458450317383e-02
6.586661338806152344e-01 8.201470971107482910e-02
6.529532670974731445e-01 8.299031853675842285e-02
6.398689150810241699e-01 8.514484763145446777e-02
6.292857527732849121e-01 8.680755645036697388e-02
6.144703030586242676e-01 8.901768177747726440e-02
6.019617319107055664e-01 9.077931195497512817e-02
5.928379297256469727e-01 9.200509637594223022e-02
5.886479616165161133e-01 9.255158156156539917e-02
5.766570568084716797e-01 9.405879676342010498e-02
5.721421837806701660e-01 9.460476040840148926e-02
5.481569170951843262e-01 9.731017798185348511e-02
5.386077165603637695e-01 9.829697757959365845e-02
5.337772369384765625e-01 9.877666085958480835e-02
5.227500796318054199e-01 9.982299804687500000e-02
5.115469098091125488e-01 1.008165776729583740e-01
5.050058960914611816e-01 1.013642698526382446e-01
4.977528154850006104e-01 1.019436120986938477e-01
4.864288568496704102e-01 1.027890369296073914e-01
4.785046875476837158e-01 1.033375337719917297e-01
4.702048301696777344e-01 1.038736626505851746e-01
4.593145549297332764e-01 1.045170575380325317e-01
4.454310834407806396e-01 1.052370816469192505e-01
4.345504045486450195e-01 1.057215109467506409e-01
4.296327531337738037e-01 1.059170737862586975e-01
4.197712242603302002e-01 1.062647104263305664e-01
4.115519523620605469e-01 1.065083816647529602e-01
4.051260352134704590e-01 1.066692620515823364e-01
3.972567915916442871e-01 1.068303436040878296e-01
3.788776695728302002e-01 1.070487052202224731e-01
3.753863275051116943e-01 1.070646345615386963e-01
3.602213263511657715e-01 1.070363298058509827e-01
3.488597273826599121e-01 1.069086790084838867e-01
3.398283421993255615e-01 1.067400798201560974e-01
3.334395885467529297e-01 1.065840497612953186e-01
3.308570384979248047e-01 1.065122112631797791e-01
3.185500502586364746e-01 1.060988232493400574e-01
3.105650842189788818e-01 1.057664155960083008e-01
2.980205416679382324e-01 1.051387563347816467e-01
2.942432463169097900e-01 1.049238592386245728e-01
2.886191308498382568e-01 1.045811772346496582e-01
2.781701683998107910e-01 1.038705557584762573e-01
2.529367506504058838e-01 1.017385497689247131e-01
2.461487948894500732e-01 1.010591536760330200e-01
2.260400652885437012e-01 9.876394271850585938e-02
2.207292765378952026e-01 9.808386862277984619e-02
2.147136330604553223e-01 9.727443754673004150e-02
1.954701542854309082e-01 9.439171105623245239e-02
1.890947967767715454e-01 9.333247691392898560e-02
1.866963803768157959e-01 9.291988611221313477e-02
1.816498190164566040e-01 9.202581644058227539e-02
1.611891537904739380e-01 8.801987767219543457e-02
1.430223584175109863e-01 8.389767259359359741e-02
1.282507032155990601e-01 8.009789139032363892e-02
1.175207719206809998e-01 7.705244421958923340e-02
1.103480607271194458e-01 7.486803084611892700e-02
1.031473726034164429e-01 7.254424691200256348e-02
8.278312534093856812e-02 6.515523046255111694e-02
7.620061188936233521e-02 6.246554106473922729e-02
7.378401607275009155e-02 6.143537908792495728e-02
5.788077786564826965e-02 5.399084091186523438e-02
5.306130275130271912e-02 5.146827176213264465e-02
4.434643685817718506e-02 4.651211574673652649e-02
3.271914646029472351e-02 3.888412192463874817e-02
2.942445129156112671e-02 3.644508868455886841e-02
2.142050676047801971e-02 2.979888580739498138e-02
1.410378701984882355e-02 2.238379232585430145e-02
9.525456465780735016e-03 1.655580103397369385e-02
6.871096324175596237e-03 1.234008278697729111e-02
4.034685902297496796e-03 6.124076899141073227e-03
3.113835118710994720e-03 2.859625499695539474e-03
2.815713407471776009e-03 1.209089765325188637e-03
2.635276410728693008e-03 -2.964460756629705429e-03
2.755768131464719772e-03 -4.163138568401336670e-03
3.064335091039538383e-03 -5.800407379865646362e-03
4.335770383477210999e-03 -9.208413772284984589e-03
6.378825288265943527e-03 -1.222609449177980423e-02
1.162585429847240448e-02 -1.653669960796833038e-02
1.397230569273233414e-02 -1.780221611261367798e-02
2.210124209523200989e-02 -2.080022543668746948e-02
2.772894874215126038e-02 -2.216841466724872589e-02
3.275530785322189331e-02 -2.311431616544723511e-02
4.243652150034904480e-02 -2.448420412838459015e-02
5.646630004048347473e-02 -2.587813884019851685e-02
6.661821901798248291e-02 -2.665487863123416901e-02
7.063788175582885742e-02 -2.692969702184200287e-02
7.879512757062911987e-02 -2.744716778397560120e-02
8.303940296173095703e-02 -2.769965864717960358e-02
9.753861278295516968e-02 -2.850198186933994293e-02
1.206115484237670898e-01 -2.966012246906757355e-02
1.282409131526947021e-01 -3.002318181097507477e-02
1.427895277738571167e-01 -3.069627843797206879e-02
1.509745568037033081e-01 -3.106545098125934601e-02
1.637201905250549316e-01 -3.162810951471328735e-02
1.724648028612136841e-01 -3.200589865446090698e-02
1.862883865833282471e-01 -3.258953243494033813e-02
1.963030844926834106e-01 -3.300172090530395508e-02
2.053373306989669800e-01 -3.336559236049652100e-02
2.256347984075546265e-01 -3.415377065539360046e-02
2.337640821933746338e-01 -3.445729240775108337e-02
2.411626279354095459e-01 -3.472710773348808289e-02
2.562917172908782959e-01 -3.525863587856292725e-02
2.607017457485198975e-01 -3.540822491049766541e-02
2.759717702865600586e-01 -3.590631484985351562e-02
2.828361690044403076e-01 -3.611972928047180176e-02
2.933372557163238525e-01 -3.643288090825080872e-02
3.021095395088195801e-01 -3.668158128857612610e-02
3.181867003440856934e-01 -3.710516914725303650e-02
3.213092088699340820e-01 -3.718238696455955505e-02
3.242973387241363525e-01 -3.725468367338180542e-02
3.307592570781707764e-01 -3.740561753511428833e-02
3.510126173496246338e-01 -3.782846406102180481e-02
3.541973233222961426e-01 -3.788772225379943848e-02
3.624767959117889404e-01 -3.803217038512229919e-02
3.667099177837371826e-01 -3.810054808855056763e-02
3.865949511528015137e-01 -3.836993500590324402e-02
3.900370299816131592e-01 -3.840757161378860474e-02
4.062278866767883301e-01 -3.854731470346450806e-02
4.190472364425659180e-01 -3.861257806420326233e-02
4.311104118824005127e-01 -3.863567486405372620e-02
4.378899037837982178e-01 -3.863182291388511658e-02
4.509550333023071289e-01 -3.858916461467742920e-02
4.761045575141906738e-01 -3.837158903479576111e-02
4.832159280776977539e-01 -3.827672451734542847e-02
4.891575276851654053e-01 -3.818595409393310547e-02
4.959715604782104492e-01 -3.806883469223976135e-02
5.068272948265075684e-01 -3.785336390137672424e-02
5.228352546691894531e-01 -3.747054561972618103e-02
5.245652198791503906e-01 -3.742452338337898254e-02
5.417892932891845703e-01 -3.691738098859786987e-02
5.481020808219909668e-01 -3.670944273471832275e-02
5.612652897834777832e-01 -3.623866289854049683e-02
5.652583241462707520e-01 -3.608612343668937683e-02
5.746695995330810547e-01 -3.570920601487159729e-02
5.806908011436462402e-01 -3.545557335019111633e-02
5.956532955169677734e-01 -3.478506207466125488e-02
6.138702034950256348e-01 -3.389703482389450073e-02
6.249441504478454590e-01 -3.332263231277465820e-02
6.277261376380920410e-01 -3.317459672689437866e-02
6.573189496994018555e-01 -3.151996806263923645e-02
6.719650030136108398e-01 -3.065687231719493866e-02
6.844097971916198730e-01 -2.990657091140747070e-02
6.945627331733703613e-01 -2.928553521633148193e-02
7.030179500579833984e-01 -2.876363135874271393e-02
7.084017992019653320e-01 -2.842954918742179871e-02
7.134855389595031738e-01 -2.811309881508350372e-02
7.348450422286987305e-01 -2.677706629037857056e-02
7.502336502075195312e-01 -2.581284195184707642e-02
7.560359239578247070e-01 -2.544981054961681366e-02
7.786055803298950195e-01 -2.404406107962131500e-02
7.810886502265930176e-01 -2.389021031558513641e-02
7.884819507598876953e-01 -2.343319915235042572e-02
7.929732203483581543e-01 -2.315641753375530243e-02
8.289052844047546387e-01 -2.096472494304180145e-02
8.357437252998352051e-01 -2.055146731436252594e-02
8.474074006080627441e-01 -1.984809339046478271e-02
8.524459004402160645e-01 -1.954442076385021210e-02
8.683552742004394531e-01 -1.858318597078323364e-02
8.749861121177673340e-01 -1.817992702126502991e-02
9.030762910842895508e-01 -1.642451994121074677e-02
9.080368280410766602e-01 -1.610040850937366486e-02
9.198619127273559570e-01 -1.529718376696109772e-02
9.398671984672546387e-01 -1.377186737954616547e-02
9.492467045783996582e-01 -1.292745396494865417e-02
9.607837200164794922e-01 -1.168031338602304459e-02
9.684261679649353027e-01 -1.065910048782825470e-02
9.692227840423583984e-01 -1.054119132459163666e-02
