9.647911787033081055e-01 -9.532318450510501862e-03
9.641220569610595703e-01 -9.492385201156139374e-03
9.618884325027465820e-01 -9.336994029581546783e-03
9.549828767776489258e-01 -8.691330440342426300e-03
9.456910490989685059e-01 -7.555658929049968719e-03
9.368651509284973145e-01 -6.288642529398202896e-03
9.243084192276000977e-01 -4.267897456884384155e-03
9.194386601448059082e-01 -3.430966753512620926e-03
9.127700328826904297e-01 -2.245607320219278336e-03
9.029663205146789551e-01 -4.326838534325361252e-04
8.945428729057312012e-01 1.181191648356616497e-03
8.892793655395507812e-01 2.212185179814696312e-03
8.790868520736694336e-01 4.250890109688043594e-03
8.727764487266540527e-01 5.537332966923713684e-03
8.594110012054443359e-01 8.312544785439968109e-03
8.549881577491760254e-01 9.243684820830821991e-03
8.467941284179687500e-01 1.098253205418586731e-02
8.379005789756774902e-01 1.288676261901855469e-02
8.257074356079101562e-01 1.551911141723394394e-02
8.214321136474609375e-01 1.644643582403659821e-02
8.034275174140930176e-01 2.036488987505435944e-02
7.983611822128295898e-01 2.146881073713302612e-02
7.796647548675537109e-01 2.553385682404041290e-02
7.748869657516479492e-01 2.656807005405426025e-02
7.661904692649841309e-01 2.844325639307498932e-02
7.594958543777465820e-01 2.987889200448989868e-02
7.480338215827941895e-01 3.231750428676605225e-02
7.393373250961303711e-01 3.414836153388023376e-02
7.249896526336669922e-01 3.712591156363487244e-02
7.152169346809387207e-01 3.911912441253662109e-02
7.066787481307983398e-01 4.083473980426788330e-02
6.880214810371398926e-01 4.449149593710899353e-02
6.817485690116882324e-01 4.569042101502418518e-02
6.717143058776855469e-01 4.757423326373100281e-02
6.570017933845520020e-01 5.025707930326461792e-02
6.523390412330627441e-01 5.108698830008506775e-02
6.404443383216857910e-01 5.315835401415824890e-02
6.270419955253601074e-01 5.541165545582771301e-02
6.115186810493469238e-01 5.791231989860534668e-02
5.968843698501586914e-01 6.016052514314651489e-02
5.905225276947021484e-01 6.110456213355064392e-02
5.762668848037719727e-01 6.314617395401000977e-02
5.457728505134582520e-01 6.717055290937423706e-02
5.354524254798889160e-01 6.842681020498275757e-02
5.253475308418273926e-01 6.960520148277282715e-02
5.178011655807495117e-01 7.045193761587142944e-02
4.861502647399902344e-01 7.369355112314224243e-02
4.755977690219879150e-01 7.466299086809158325e-02
4.622166752815246582e-01 7.581184059381484985e-02
4.439781010150909424e-01 7.723168283700942993e-02
4.312789142131805420e-01 7.811966538429260254e-02
4.258814752101898193e-01 7.847176492214202881e-02
4.170715510845184326e-01 7.901364564895629883e-02
4.080483615398406982e-01 7.952595502138137817e-02
3.853082060813903809e-01 8.062110096216201782e-02
3.774833381175994873e-01 8.093133568763732910e-02
3.624465763568878174e-01 8.142851293087005615e-02
3.518838584423065186e-01 8.169756084680557251e-02
3.475542962551116943e-01 8.178817480802536011e-02
3.309267163276672363e-01 8.202648162841796875e-02
3.125197887420654297e-01 8.207790553569793701e-02
3.086631298065185547e-01 8.205901831388473511e-02
2.894710302352905273e-01 8.180361241102218628e-02
2.810726165771484375e-01 8.160327374935150146e-02
2.694429159164428711e-01 8.123130351305007935e-02
2.495917677879333496e-01 8.032467216253280640e-02
2.369946241378784180e-01 7.955674827098846436e-02
2.331637889146804810e-01 7.929139584302902222e-02
2.151910960674285889e-01 7.783336192369461060e-02
2.019118666648864746e-01 7.651159912347793579e-02
1.909964829683303833e-01 7.525291293859481812e-02
1.770716458559036255e-01 7.339796423912048340e-02
1.647544354200363159e-01 7.149835675954818726e-02
1.589926630258560181e-01 7.051794975996017456e-02
1.464191079139709473e-01 6.815395504236221313e-02
1.379270553588867188e-01 6.636607646942138672e-02
1.312860995531082153e-01 6.484901905059814453e-02
1.228849887847900391e-01 6.276582926511764526e-02
1.123666837811470032e-01 5.986995622515678406e-02
1.006057038903236389e-01 5.619605630636215210e-02
9.574105590581893921e-02 5.452279746532440186e-02
8.983650058507919312e-02 5.235567688941955566e-02
7.424996793270111084e-02 4.579432308673858643e-02
6.863728910684585571e-02 4.307472705841064453e-02
6.175116449594497681e-02 3.942104429006576538e-02
5.550002679228782654e-02 3.574865683913230896e-02
4.530053213238716125e-02 2.883206680417060852e-02
4.094666615128517151e-02 2.542590349912643433e-02
3.577527776360511780e-02 2.089302800595760345e-02
3.006769716739654541e-02 1.498682331293821335e-02
2.727463841438293457e-02 1.151096913963556290e-02
2.458485029637813568e-02 7.368212100118398666e-03
2.340101264417171478e-02 4.897223319858312607e-03
2.271771058440208435e-02 2.696570474654436111e-03
2.253909036517143250e-02 1.247940934263169765e-03
2.271832898259162903e-02 -3.255511401221156120e-04
2.356728352606296539e-02 -1.884679310023784637e-03
2.411358803510665894e-02 -2.394508104771375656e-03
2.519099041819572449e-02 -3.040118375793099403e-03
2.594096772372722626e-02 -3.332705004140734673e-03
2.737161144614219666e-02 -3.685625968500971794e-03
2.847614139318466187e-02 -3.835570532828569412e-03
2.941270731389522552e-02 -3.903895150870084763e-03
3.155283257365226746e-02 -3.913961350917816162e-03
3.545752912759780884e-02 -3.589730709791183472e-03
4.279127344489097595e-02 -2.333379816263914108e-03
5.344860628247261047e-02 1.886261306935921311e-04
5.966453626751899719e-02 1.829907530918717384e-03
7.126197963953018188e-02 5.000825971364974976e-03
8.501197397708892822e-02 8.724713698029518127e-03
1.031579300761222839e-01 1.331518869847059250e-02
1.130236089229583740e-01 1.559705752879381180e-02
1.226085200905799866e-01 1.765425130724906921e-02
1.303175091743469238e-01 1.919220015406608582e-02
1.350829601287841797e-01 2.009094320237636566e-02
1.448626071214675903e-01 2.181264199316501617e-02
1.600151062011718750e-01 2.416390739381313324e-02
1.683866381645202637e-01 2.530508488416671753e-02
1.749158203601837158e-01 2.612063847482204437e-02
1.813175529241561890e-01 2.685908600687980652e-02
1.909958124160766602e-01 2.786482684314250946e-02
1.949365437030792236e-01 2.823749557137489319e-02
2.098891437053680420e-01 2.946731075644493103e-02
2.135960906744003296e-01 2.972890250384807587e-02
2.267129421234130859e-01 3.052406571805477142e-02
2.341226339340209961e-01 3.088718838989734650e-02
2.437945455312728882e-01 3.127267956733703613e-02
2.529204189777374268e-01 3.154869377613067627e-02
2.632909715175628662e-01 3.176415711641311646e-02
2.765026390552520752e-01 3.189578652381896973e-02
2.883702218532562256e-01 3.188575431704521179e-02
2.979672551155090332e-01 3.179403766989707947e-02
3.107948899269104004e-01 3.156155720353126526e-02
3.197362720966339111e-01 3.132913634181022644e-02
3.346474468708038330e-01 3.082107193768024445e-02
3.395494818687438965e-01 3.062285669147968292e-02
3.486331403255462646e-01 3.021691553294658661e-02
3.572009205818176270e-01 2.978998795151710510e-02
3.697830736637115479e-01 2.909014932811260223e-02
3.791230916976928711e-01 2.851806953549385071e-02
3.829295039176940918e-01 2.827280201017856598e-02
3.960172832012176514e-01 2.737913094460964203e-02
4.054836928844451904e-01 2.668727748095989227e-02
4.159458875656127930e-01 2.588211745023727417e-02
4.432182908058166504e-01 2.361082844436168671e-02
4.530239403247833252e-01 2.274325303733348846e-02
4.701674282550811768e-01 2.117631211876869202e-02
4.831105470657348633e-01 1.996022462844848633e-02
4.895302653312683105e-01 1.934914663434028625e-02
4.934175908565521240e-01 1.897711306810379028e-02
5.109350085258483887e-01 1.728787645697593689e-02
5.260747671127319336e-01 1.582107506692409515e-02
5.340672731399536133e-01 1.504817698150873184e-02
5.482056736946105957e-01 1.368910633027553558e-02
5.775951743125915527e-01 1.092557981610298157e-02
5.898762941360473633e-01 9.805557318031787872e-03
5.996258258819580078e-01 8.934036828577518463e-03
6.053081154823303223e-01 8.433782495558261871e-03
6.157756447792053223e-01 7.527749985456466675e-03
6.233423352241516113e-01 6.885653827339410782e-03
6.358713507652282715e-01 5.846740212291479111e-03
6.515366435050964355e-01 4.590700846165418625e-03
6.653792858123779297e-01 3.520161844789981842e-03
6.783308386802673340e-01 2.551021287217736244e-03
6.938580274581909180e-01 1.428832416422665119e-03
7.027764320373535156e-01 8.029114105738699436e-04
7.179593443870544434e-01 -2.332216972718015313e-04
7.349615693092346191e-01 -1.352459774352610111e-03
7.441940903663635254e-01 -1.943393494002521038e-03
7.588662505149841309e-01 -2.860020380467176437e-03
7.704998850822448730e-01 -3.568536834791302681e-03
7.812877297401428223e-01 -4.212156403809785843e-03
7.889727950096130371e-01 -4.663260187953710556e-03
7.953575253486633301e-01 -5.033582448959350586e-03
8.023459911346435547e-01 -5.434473510831594467e-03
8.063797354698181152e-01 -5.663822405040264130e-03
8.203591108322143555e-01 -6.447559688240289688e-03
8.292611837387084961e-01 -6.938064005225896835e-03
8.547531962394714355e-01 -8.308234624564647675e-03
8.692525029182434082e-01 -9.065899066627025604e-03
8.833273649215698242e-01 -9.786786511540412903e-03
8.901620507240295410e-01 -1.013164967298507690e-02
9.082567095756530762e-01 -1.102796290069818497e-02
9.170070886611938477e-01 -1.145254448056221008e-02
9.227960109710693359e-01 -1.173024997115135193e-02
9.282278418540954590e-01 -1.198862679302692413e-02
9.372997879981994629e-01 -1.241600234061479568e-02
9.475638866424560547e-01 -1.289647072553634644e-02
9.560134410858154297e-01 -1.329706702381372452e-02
9.616118073463439941e-01 -1.357277203351259232e-02
9.630275964736938477e-01 -1.364491321146488190e-02
9.643640518188476562e-01 -1.371420826762914658e-02
