9.628624916076660156e-01 -4.685041960328817368e-03
9.620310664176940918e-01 -4.527190700173377991e-03
9.589455127716064453e-01 -3.922320436686277390e-03
9.509627223014831543e-01 -2.265620743855834007e-03
9.350112080574035645e-01 1.257199561223387718e-03
9.228789210319519043e-01 4.042452201247215271e-03
9.025017023086547852e-01 8.842255920171737671e-03
8.962579965591430664e-01 1.033481769263744354e-02
8.813945651054382324e-01 1.391769014298915863e-02
8.708481788635253906e-01 1.647996529936790466e-02
8.598366379737854004e-01 1.916810497641563416e-02
8.538714051246643066e-01 2.062852308154106140e-02
8.468153476715087891e-01 2.235874347388744354e-02
8.373849391937255859e-01 2.467426657676696777e-02
8.127592802047729492e-01 3.072297945618629456e-02
8.085707426071166992e-01 3.175015747547149658e-02
7.907307147979736328e-01 3.611266240477561951e-02
7.807284593582153320e-01 3.854573890566825867e-02
7.749985456466674805e-01 3.993421047925949097e-02
7.629211544990539551e-01 4.284543171525001526e-02
7.467573285102844238e-01 4.670235887169837952e-02
7.385079264640808105e-01 4.865043982863426208e-02
7.271707057952880859e-01 5.130189657211303711e-02
7.191092371940612793e-01 5.316736921668052673e-02
7.068018913269042969e-01 5.598006397485733032e-02
6.974809765815734863e-01 5.807967856526374817e-02
6.887830495834350586e-01 6.001323834061622620e-02
6.747711896896362305e-01 6.307247281074523926e-02
6.641227006912231445e-01 6.534827500581741333e-02
6.573088765144348145e-01 6.678106635808944702e-02
6.413714289665222168e-01 7.005685567855834961e-02
6.270452141761779785e-01 7.290656864643096924e-02
6.121375560760498047e-01 7.577109336853027344e-02
6.063058376312255859e-01 7.686255872249603271e-02
5.968806147575378418e-01 7.859092950820922852e-02
5.888612270355224609e-01 8.002600818872451782e-02
5.743634700775146484e-01 8.253517001867294312e-02
5.609675049781799316e-01 8.475311845541000366e-02
5.492017269134521484e-01 8.661889284849166870e-02
5.403785109519958496e-01 8.796625584363937378e-02
5.295048952102661133e-01 8.956423401832580566e-02
5.160130262374877930e-01 9.144866466522216797e-02
5.094054937362670898e-01 9.233091771602630615e-02
4.971709251403808594e-01 9.389238059520721436e-02
4.888868033885955811e-01 9.489541500806808472e-02
4.786173105239868164e-01 9.607665985822677612e-02
4.681091904640197754e-01 9.721264988183975220e-02
4.573615789413452148e-01 9.829657524824142456e-02
4.464915394783020020e-01 9.931090474128723145e-02
4.386869966983795166e-01 9.998715668916702271e-02
4.203882813453674316e-01 1.013974249362945557e-01
4.099836945533752441e-01 1.020865589380264282e-01
4.050540030002593994e-01 1.023837402462959290e-01
3.967521786689758301e-01 1.028408780694007874e-01
3.805972933769226074e-01 1.035704910755157471e-01
3.766889274120330811e-01 1.037145256996154785e-01
3.652508854866027832e-01 1.040613129734992981e-01
3.566047251224517822e-01 1.042480021715164185e-01
3.467604219913482666e-01 1.043793112039566040e-01
3.338590264320373535e-01 1.044166460633277893e-01
3.265594542026519775e-01 1.043681278824806213e-01
3.124400675296783447e-01 1.041267216205596924e-01
3.033903837203979492e-01 1.038665473461151123e-01
2.883090376853942871e-01 1.032427251338958740e-01
2.830258905887603760e-01 1.029661893844604492e-01
2.735309302806854248e-01 1.023910939693450928e-01
2.632523477077484131e-01 1.016521751880645752e-01
2.458273768424987793e-01 1.001110151410102844e-01
2.282465994358062744e-01 9.816753864288330078e-02
2.054650783538818359e-01 9.502352774143218994e-02
1.956494450569152832e-01 9.343555569648742676e-02
1.845612227916717529e-01 9.146125614643096924e-02
1.759450137615203857e-01 8.978855609893798828e-02
1.706624776124954224e-01 8.870054781436920166e-02
1.631718277931213379e-01 8.707317709922790527e-02
1.546264439821243286e-01 8.509059995412826538e-02
1.463663280010223389e-01 8.304016292095184326e-02
1.263760030269622803e-01 7.748716324567794800e-02
1.149472296237945557e-01 7.389868795871734619e-02
1.069296896457672119e-01 7.118118554353713989e-02
9.726577997207641602e-02 6.766509264707565308e-02
8.708025515079498291e-02 6.364406645298004150e-02
7.850686460733413696e-02 5.997711420059204102e-02
7.399836927652359009e-02 5.793304368853569031e-02
6.711357831954956055e-02 5.463972315192222595e-02
5.480159446597099304e-02 4.814383387565612793e-02
4.887740686535835266e-02 4.468064010143280029e-02
3.834756836295127869e-02 3.780303150415420532e-02
3.289137780666351318e-02 3.375452384352684021e-02
2.960211597383022308e-02 3.109544701874256134e-02
2.198680117726325989e-02 2.401630952954292297e-02
1.714574173092842102e-02 1.838743127882480621e-02
1.493171043694019318e-02 1.524208765476942062e-02
1.298369653522968292e-02 1.189392432570457458e-02
1.111631933599710464e-02 7.516402285546064377e-03
9.987049736082553864e-03 2.079052152112126350e-03
9.983789175748825073e-03 -6.635944009758532047e-04
1.063821371644735336e-02 -4.241775721311569214e-03
1.122359372675418854e-02 -5.896905902773141861e-03
1.201236713677644730e-02 -7.559595163911581039e-03
1.342987082898616791e-02 -9.805618785321712494e-03
1.662029139697551727e-02 -1.335504278540611267e-02
2.283547073602676392e-02 -1.791625469923019409e-02
2.690583840012550354e-02 -2.012391202151775360e-02
3.791861608624458313e-02 -2.462526783347129822e-02
4.497756063938140869e-02 -2.685809507966041565e-02
5.033297464251518250e-02 -2.834147028625011444e-02
5.967110395431518555e-02 -3.061880916357040405e-02
6.703308969736099243e-02 -3.220741078257560730e-02
8.317462354898452759e-02 -3.524285927414894104e-02
9.848175942897796631e-02 -3.771249204874038696e-02
1.054545342922210693e-01 -3.873617574572563171e-02
1.150946840643882751e-01 -4.006314650177955627e-02
1.343620121479034424e-01 -4.244876280426979065e-02
1.528020054101943970e-01 -4.444389417767524719e-02
1.588758379220962524e-01 -4.504548013210296631e-02
1.712611466646194458e-01 -4.619245231151580811e-02
1.865202039480209351e-01 -4.746562242507934570e-02
1.997518986463546753e-01 -4.845082014799118042e-02
2.060454189777374268e-01 -4.888211563229560852e-02
2.211531400680541992e-01 -4.982241988182067871e-02
2.277472913265228271e-01 -5.019174888730049133e-02
2.351980060338973999e-01 -5.057964473962783813e-02
2.475064843893051147e-01 -5.115339159965515137e-02
2.596374452114105225e-01 -5.163869261741638184e-02
2.645920515060424805e-01 -5.181440338492393494e-02
2.740275263786315918e-01 -5.211345106363296509e-02
2.876865565776824951e-01 -5.246485769748687744e-02
3.000551164150238037e-01 -5.270117893815040588e-02
3.088074326515197754e-01 -5.282206088304519653e-02
3.190785646438598633e-01 -5.291550979018211365e-02
3.260828554630279541e-01 -5.294953659176826477e-02
3.420785367488861084e-01 -5.293789505958557129e-02
3.451459705829620361e-01 -5.292155966162681580e-02
3.532988131046295166e-01 -5.285630747675895691e-02
3.593018352985382080e-01 -5.278801545500755310e-02
3.725958764553070068e-01 -5.257616192102432251e-02
3.787790536880493164e-01 -5.244931951165199280e-02
3.889298439025878906e-01 -5.220247432589530945e-02
3.954827487468719482e-01 -5.201771110296249390e-02
4.067961871623992920e-01 -5.165218934416770935e-02
4.157423377037048340e-01 -5.132167786359786987e-02
4.357921481132507324e-01 -5.044931545853614807e-02
4.397320747375488281e-01 -5.025671049952507019e-02
4.505390524864196777e-01 -4.969312250614166260e-02
4.581880867481231689e-01 -4.926321655511856079e-02
4.687529206275939941e-01 -4.862774908542633057e-02
4.932189881801605225e-01 -4.697496816515922546e-02
5.023691654205322266e-01 -4.629385843873023987e-02
5.113816261291503906e-01 -4.559075832366943359e-02
5.227227210998535156e-01 -4.466209933161735535e-02
5.342034697532653809e-01 -4.367442056536674500e-02
5.487784743309020996e-01 -4.235599189996719360e-02
5.528388619422912598e-01 -4.197666794061660767e-02
5.657689571380615234e-01 -4.073661193251609802e-02
5.752472877502441406e-01 -3.979919105768203735e-02
5.839822292327880859e-01 -3.891647234559059143e-02
5.921629071235656738e-01 -3.807544335722923279e-02
5.983381271362304688e-01 -3.743262216448783875e-02
6.057569384574890137e-01 -3.665269538760185242e-02
6.111900210380554199e-01 -3.607704490423202515e-02
6.258544325828552246e-01 -3.451007604598999023e-02
6.365388631820678711e-01 -3.336201235651969910e-02
6.399046182632446289e-01 -3.300024196505546570e-02
6.639050245285034180e-01 -3.043649159371852875e-02
6.728680133819580078e-01 -2.949387580156326294e-02
6.879311203956604004e-01 -2.793945372104644775e-02
7.046179771423339844e-01 -2.627401612699031830e-02
7.105789184570312500e-01 -2.569621615111827850e-02
7.245838642120361328e-01 -2.437889017164707184e-02
7.364470362663269043e-01 -2.331078425049781799e-02
7.432889342308044434e-01 -2.271600440144538879e-02
7.562157511711120605e-01 -2.163655497133731842e-02
7.615408301353454590e-01 -2.120916172862052917e-02
7.861513495445251465e-01 -1.936826109886169434e-02
7.927656173706054688e-01 -1.891141198575496674e-02
8.024600744247436523e-01 -1.827068440616130829e-02
8.080193400382995605e-01 -1.791858673095703125e-02
8.362650275230407715e-01 -1.629633083939552307e-02
8.448616862297058105e-01 -1.585508696734905243e-02
8.599464297294616699e-01 -1.513462327420711517e-02
8.688357472419738770e-01 -1.473935041576623917e-02
8.883103728294372559e-01 -1.393614523112773895e-02
8.915991783142089844e-01 -1.380726788192987442e-02
9.063555002212524414e-01 -1.324281375855207443e-02
9.113686680793762207e-01 -1.305291615426540375e-02
9.244223833084106445e-01 -1.254732999950647354e-02
9.448482990264892578e-01 -1.162937376648187637e-02
9.549127817153930664e-01 -1.103185769170522690e-02
9.630147814750671387e-01 -1.040936447679996490e-02
9.644846320152282715e-01 -1.027754787355661392e-02
9.653753042221069336e-01 -1.019436400383710861e-02
