9.660538434982299805e-01 -5.075689405202865601e-03
9.651197791099548340e-01 -4.834632389247417450e-03
9.592074751853942871e-01 -3.394484054297208786e-03
9.461810588836669922e-01 -5.894582136534154415e-04
9.230428934097290039e-01 3.673761151731014252e-03
9.083316922187805176e-01 6.099224556237459183e-03
8.882864117622375488e-01 9.179849177598953247e-03
8.816189765930175781e-01 1.016173046082258224e-02
8.706614375114440918e-01 1.173944957554340363e-02
8.564367294311523438e-01 1.373390574008226395e-02
8.400354385375976562e-01 1.597766764461994171e-02
8.306402564048767090e-01 1.724370568990707397e-02
8.216405510902404785e-01 1.844730228185653687e-02
8.086860179901123047e-01 2.016950212419033051e-02
7.937371134757995605e-01 2.215036936104297638e-02
7.858317494392395020e-01 2.319844253361225128e-02
7.751419544219970703e-01 2.461938001215457916e-02
7.606634497642517090e-01 2.655594237148761749e-02
7.525389194488525391e-01 2.765109948813915253e-02
7.503513097763061523e-01 2.794720605015754700e-02
7.375463843345642090e-01 2.969249896705150604e-02
7.189364433288574219e-01 3.227101638913154602e-02
6.989015936851501465e-01 3.511120751500129700e-02
6.933574080467224121e-01 3.590985760092735291e-02
6.835514307022094727e-01 3.733626008033752441e-02
6.767020821571350098e-01 3.834309056401252747e-02
6.697407364845275879e-01 3.937508538365364075e-02
6.607667803764343262e-01 4.071820527315139771e-02
6.452354788780212402e-01 4.307480528950691223e-02
6.345011591911315918e-01 4.472528770565986633e-02
6.184931397438049316e-01 4.721436277031898499e-02
6.072509884834289551e-01 4.897829517722129822e-02
5.989928245544433594e-01 5.028012394905090332e-02
5.907528400421142578e-01 5.158250033855438232e-02
5.730782747268676758e-01 5.438058450818061829e-02
5.680159330368041992e-01 5.518139153718948364e-02
5.557746887207031250e-01 5.711284652352333069e-02
5.460289716720581055e-01 5.864264070987701416e-02
5.345016717910766602e-01 6.043872982263565063e-02
5.293858647346496582e-01 6.122999638319015503e-02
5.182402133941650391e-01 6.293898820877075195e-02
5.108937621116638184e-01 6.405252963304519653e-02
4.940282404422760010e-01 6.656290590763092041e-02
4.867172837257385254e-01 6.762837618589401245e-02
4.744707345962524414e-01 6.937807798385620117e-02
4.692131876945495605e-01 7.011463493108749390e-02
4.584704339504241943e-01 7.159002870321273804e-02
4.530819356441497803e-01 7.231424748897552490e-02
4.469876587390899658e-01 7.311981171369552612e-02
4.310995638370513916e-01 7.514821738004684448e-02
4.220603704452514648e-01 7.625269144773483276e-02
4.179431200027465820e-01 7.674308866262435913e-02
4.062376022338867188e-01 7.809203118085861206e-02
3.934250175952911377e-01 7.948742806911468506e-02
3.853552937507629395e-01 8.032020926475524902e-02
3.705198764801025391e-01 8.175247162580490112e-02
3.573498129844665527e-01 8.291026204824447632e-02
3.441451787948608398e-01 8.395653218030929565e-02
3.305246233940124512e-01 8.490779250860214233e-02
3.199880123138427734e-01 8.554926514625549316e-02
3.000549972057342529e-01 8.652163296937942505e-02
2.924757897853851318e-01 8.680348098278045654e-02
2.764984369277954102e-01 8.722780644893646240e-02
2.647469639778137207e-01 8.738411217927932739e-02
2.465927302837371826e-01 8.734518289566040039e-02
2.369772642850875854e-01 8.717679232358932495e-02
2.316232919692993164e-01 8.703589439392089844e-02
2.295259833335876465e-01 8.697124570608139038e-02
2.202538251876831055e-01 8.661924302577972412e-02
2.123703956604003906e-01 8.623190224170684814e-02
1.982497870922088623e-01 8.532211184501647949e-02
1.877120137214660645e-01 8.444932103157043457e-02
1.723073720932006836e-01 8.284610509872436523e-02
1.538823395967483521e-01 8.035702258348464966e-02
1.371459215879440308e-01 7.747420668601989746e-02
1.235579326748847961e-01 7.462657988071441650e-02
1.194802746176719666e-01 7.367227226495742798e-02
1.131212040781974792e-01 7.208339869976043701e-02
1.053149774670600891e-01 6.995233893394470215e-02
9.921972453594207764e-02 6.813738495111465454e-02
9.018102288246154785e-02 6.517480313777923584e-02
8.436106145381927490e-02 6.307673454284667969e-02
6.987844407558441162e-02 5.709145590662956238e-02
6.568292528390884399e-02 5.512018129229545593e-02
5.422125011682510376e-02 4.906047880649566650e-02
4.846991598606109619e-02 4.557427391409873962e-02
4.331491887569427490e-02 4.213662818074226379e-02
3.560849279165267944e-02 3.631150722503662109e-02
2.898453548550605774e-02 3.043391928076744080e-02
2.093908004462718964e-02 2.159915305674076080e-02
1.799791306257247925e-02 1.758649386465549469e-02
1.423933636397123337e-02 1.114114280790090561e-02
1.321577467024326324e-02 8.829352445900440216e-03
1.201737392693758011e-02 5.120744463056325912e-03
1.156916655600070953e-02 2.109103603288531303e-03
1.157807093113660812e-02 7.809292874298989773e-04
1.176548842340707779e-02 -5.764963570982217789e-04
1.195375900715589523e-02 -1.284534693695604801e-03
1.241395156830549240e-02 -2.397926058620214462e-03
1.265649311244487762e-02 -2.824056893587112427e-03
1.367748063057661057e-02 -4.083548206835985184e-03
1.498892623931169510e-02 -5.080153234302997589e-03
1.560681872069835663e-02 -5.418695043772459030e-03
1.891299523413181305e-02 -6.476502399891614914e-03
2.347156964242458344e-02 -6.860266905277967453e-03
2.889134362339973450e-02 -6.541735958307981491e-03
3.238734975457191467e-02 -6.075662560760974884e-03
3.672124817967414856e-02 -5.308990366756916046e-03
4.777794331312179565e-02 -2.747856546193361282e-03
5.478721484541893005e-02 -8.496895898133516312e-04
6.497958302497863770e-02 2.106506144627928734e-03
7.076791673898696899e-02 3.836555173620581627e-03
8.466248214244842529e-02 7.998841814696788788e-03
9.459426254034042358e-02 1.089696679264307022e-02
1.015424653887748718e-01 1.285551302134990692e-02
1.099377050995826721e-01 1.512861158698797226e-02
1.195127889513969421e-01 1.758249476552009583e-02
1.269164234399795532e-01 1.937303878366947174e-02
1.307923495769500732e-01 2.027267962694168091e-02
1.395461708307266235e-01 2.220940403640270233e-02
1.515237390995025635e-01 2.465022914111614227e-02
1.631579399108886719e-01 2.680004946887493134e-02
1.721563339233398438e-01 2.832208573818206787e-02
1.768884509801864624e-01 2.907575480639934540e-02
1.915813833475112915e-01 3.122291900217533112e-02
2.030821442604064941e-01 3.271355479955673218e-02
2.299060225486755371e-01 3.561371564865112305e-02
2.419906556606292725e-01 3.668365254998207092e-02
2.552267611026763916e-01 3.770391270518302917e-02
2.619123756885528564e-01 3.816252574324607849e-02
2.694499492645263672e-01 3.863615170121192932e-02
2.823958694934844971e-01 3.934700787067413330e-02
2.893898189067840576e-01 3.967947885394096375e-02
2.966915071010589600e-01 3.998956084251403809e-02
3.121886253356933594e-01 4.052785038948059082e-02
3.163222074508666992e-01 4.064493998885154724e-02
3.273156583309173584e-01 4.090423882007598877e-02
3.404684662818908691e-01 4.111856594681739807e-02
3.497548103332519531e-01 4.120957106351852417e-02
3.593865334987640381e-01 4.125319048762321472e-02
3.673649728298187256e-01 4.125143960118293762e-02
3.738900721073150635e-01 4.122520238161087036e-02
3.857995271682739258e-01 4.112149775028228760e-02
3.977916836738586426e-01 4.094684869050979614e-02
4.085988998413085938e-01 4.073156043887138367e-02
4.270828962326049805e-01 4.024268314242362976e-02
4.369049668312072754e-01 3.992417082190513611e-02
4.462944567203521729e-01 3.958362713456153870e-02
4.600637555122375488e-01 3.902379795908927917e-02
4.699696898460388184e-01 3.857910633087158203e-02
4.767111837863922119e-01 3.825751692056655884e-02
4.835671782493591309e-01 3.791550546884536743e-02
4.916158616542816162e-01 3.749562054872512817e-02
5.075803995132446289e-01 3.660811856389045715e-02
5.235056281089782715e-01 3.565753996372222900e-02
5.370236039161682129e-01 3.480565920472145081e-02
5.489930510520935059e-01 3.402095288038253784e-02
5.604802370071411133e-01 3.324392810463905334e-02
5.703276991844177246e-01 3.256101533770561218e-02
5.838096737861633301e-01 3.160327300429344177e-02
5.926472544670104980e-01 3.096233680844306946e-02
6.028565764427185059e-01 3.020989522337913513e-02
6.096644997596740723e-01 2.970125526189804077e-02
6.178101897239685059e-01 2.908566966652870178e-02
6.257591247558593750e-01 2.847769670188426971e-02
6.343705654144287109e-01 2.781102806329727173e-02
6.510270237922668457e-01 2.649764530360698700e-02
6.666938066482543945e-01 2.523262612521648407e-02
6.758602261543273926e-01 2.447845228016376495e-02
6.869506239891052246e-01 2.355145104229450226e-02
6.970877647399902344e-01 2.268956042826175690e-02
7.054151296615600586e-01 2.197061665356159210e-02
7.232335209846496582e-01 2.039735578000545502e-02
7.332454323768615723e-01 1.949128694832324982e-02
7.425457239151000977e-01 1.863459683954715729e-02
7.501485347747802734e-01 1.792309992015361786e-02
7.725158333778381348e-01 1.576829515397548676e-02
7.904184460639953613e-01 1.397284679114818573e-02
8.125761747360229492e-01 1.165543030947446823e-02
8.310533761978149414e-01 9.634961374104022980e-03
8.390666842460632324e-01 8.731702342629432678e-03
8.468405008316040039e-01 7.838821969926357269e-03
8.622530102729797363e-01 6.016834639012813568e-03
8.739424943923950195e-01 4.585070535540580750e-03
8.866842985153198242e-01 2.969567663967609406e-03
8.956775665283203125e-01 1.790839713066816330e-03
9.136046171188354492e-01 -6.711680907756090164e-04
9.317564964294433594e-01 -3.360979026183485985e-03
9.456102252006530762e-01 -5.610310006886720657e-03
9.601025581359863281e-01 -8.269166573882102966e-03
9.627016186714172363e-01 -8.795768953859806061e-03
9.671981930732727051e-01 -9.754479862749576569e-03
