9.591354727745056152e-01 -1.225462998263537884e-03
9.582833051681518555e-01 -1.101351575925946236e-03
9.537786245346069336e-01 -4.801482136826962233e-04
9.481795430183410645e-01 2.297161554452031851e-04
9.339884519577026367e-01 1.840673852711915970e-03
9.276037216186523438e-01 2.510372782126069069e-03
9.102790951728820801e-01 4.229962825775146484e-03
9.054718613624572754e-01 4.689897410571575165e-03
8.915214538574218750e-01 5.997899454087018967e-03
8.806998133659362793e-01 6.993594113737344742e-03
8.665413856506347656e-01 8.281618356704711914e-03
8.602672219276428223e-01 8.849243633449077606e-03
8.532542586326599121e-01 9.482486173510551453e-03
8.327307105064392090e-01 1.133456453680992126e-02
8.163195252418518066e-01 1.282129622995853424e-02
8.092737793922424316e-01 1.346268132328987122e-02
7.996945977210998535e-01 1.433861255645751953e-02
7.851214408874511719e-01 1.568151265382766724e-02
7.765207290649414062e-01 1.648077182471752167e-02
7.672761082649230957e-01 1.734608784317970276e-02
7.588334679603576660e-01 1.814238354563713074e-02
7.510613203048706055e-01 1.888084039092063904e-02
7.324489355087280273e-01 2.067166753113269806e-02
7.293143272399902344e-01 2.097652852535247803e-02
7.183792591094970703e-01 2.204758301377296448e-02
7.134919166564941406e-01 2.253013849258422852e-02
7.020882368087768555e-01 2.366543188691139221e-02
6.951913833618164062e-01 2.435838617384433746e-02
6.869900822639465332e-01 2.518857456743717194e-02
6.794239282608032227e-01 2.596027404069900513e-02
6.700140237808227539e-01 2.692753262817859650e-02
6.547798514366149902e-01 2.850991301238536835e-02
6.397659182548522949e-01 3.008690848946571350e-02
6.342573165893554688e-01 3.066914901137351990e-02
6.244798898696899414e-01 3.170653432607650757e-02
6.171707510948181152e-01 3.248462080955505371e-02
6.019251346588134766e-01 3.411189839243888855e-02
5.801444649696350098e-01 3.643661737442016602e-02
5.599345564842224121e-01 3.857828304171562195e-02
5.513130426406860352e-01 3.948325663805007935e-02
5.425535440444946289e-01 4.039551317691802979e-02
5.269193053245544434e-01 4.200135171413421631e-02
5.086877942085266113e-01 4.382907226681709290e-02
5.030532479286193848e-01 4.438241943717002869e-02
4.928413331508636475e-01 4.536970332264900208e-02
4.865470826625823975e-01 4.596750438213348389e-02
4.622630178928375244e-01 4.818824678659439087e-02
4.513847827911376953e-01 4.913435131311416626e-02
4.430226087570190430e-01 4.983912408351898193e-02
4.323557913303375244e-01 5.070818588137626648e-02
4.075847566127777100e-01 5.258644744753837585e-02
3.911255598068237305e-01 5.371709167957305908e-02
3.827592134475708008e-01 5.425322800874710083e-02
3.758656382560729980e-01 5.467457324266433716e-02
3.467679917812347412e-01 5.623740702867507935e-02
3.340717256069183350e-01 5.680298432707786560e-02
3.242369294166564941e-01 5.718927457928657532e-02
3.136398196220397949e-01 5.755259469151496887e-02
3.046579062938690186e-01 5.781598389148712158e-02
2.924745082855224609e-01 5.810512974858283997e-02
2.806231975555419922e-01 5.830778554081916809e-02
2.652369737625122070e-01 5.844874680042266846e-02
2.361371219158172607e-01 5.830601230263710022e-02
2.254231274127960205e-01 5.810670554637908936e-02
2.184605747461318970e-01 5.793149769306182861e-02
2.099835872650146484e-01 5.766736716032028198e-02
1.983875334262847900e-01 5.721106007695198059e-02
1.940502077341079712e-01 5.701088905334472656e-02
1.842929422855377197e-01 5.649870634078979492e-02
1.687420308589935303e-01 5.549411848187446594e-02
1.458043903112411499e-01 5.354054272174835205e-02
1.388404071331024170e-01 5.282290279865264893e-02
1.357706785202026367e-01 5.248646810650825500e-02
1.191036477684974670e-01 5.042748153209686279e-02
1.129346638917922974e-01 4.955744370818138123e-02
1.003069505095481873e-01 4.757148772478103638e-02
8.785397559404373169e-02 4.530916735529899597e-02
7.767219841480255127e-02 4.319968074560165405e-02
6.644743680953979492e-02 4.055598378181457520e-02
6.181658804416656494e-02 3.935367614030838013e-02
5.717097967863082886e-02 3.807360306382179260e-02
4.718184843659400940e-02 3.503546491265296936e-02
3.529917448759078979e-02 3.079485893249511719e-02
3.236344084143638611e-02 2.961599268019199371e-02
2.122912742197513580e-02 2.450492233037948608e-02
9.891433641314506531e-03 1.767014898359775543e-02
7.628784514963626862e-03 1.595300808548927307e-02
4.582111258059740067e-03 1.329367700964212418e-02
1.608244492672383785e-03 1.000378560274839401e-02
9.947944636223837733e-05 7.716570515185594559e-03
-9.346558945253491402e-04 5.292911548167467117e-03
-1.284861238673329353e-03 2.712930087000131607e-03
-1.055463100783526897e-03 1.193593372590839863e-03
-6.881810841150581837e-04 1.777365541784092784e-04
-2.066958841169252992e-04 -7.109605357982218266e-04
1.280575990676879883e-03 -2.488813363015651703e-03
3.704303642734885216e-03 -4.316931124776601791e-03
5.023251287639141083e-03 -5.068448372185230255e-03
5.733106285333633423e-03 -5.429115146398544312e-03
7.066847756505012512e-03 -6.043328903615474701e-03
8.182735182344913483e-03 -6.505881436169147491e-03
1.045298390090465546e-02 -7.337288465350866318e-03
1.202829927206039429e-02 -7.847023196518421173e-03
1.512750983238220215e-02 -8.730888366699218750e-03
1.851922273635864258e-02 -9.563158266246318817e-03
2.263708226382732391e-02 -1.043693255633115768e-02
3.008469380438327789e-02 -1.175390463322401047e-02
3.995079174637794495e-02 -1.315333787351846695e-02
5.159637331962585449e-02 -1.447492744773626328e-02
7.451064139604568481e-02 -1.640192978084087372e-02
8.408141881227493286e-02 -1.701232790946960449e-02
9.206233918666839600e-02 -1.744980923831462860e-02
1.184945926070213318e-01 -1.849837973713874817e-02
1.273918002843856812e-01 -1.872840337455272675e-02
1.366091072559356689e-01 -1.890766993165016174e-02
1.485254317522048950e-01 -1.905536837875843048e-02
1.671123355627059937e-01 -1.910892501473426819e-02
1.807725280523300171e-01 -1.902015134692192078e-02
1.875292658805847168e-01 -1.893836446106433868e-02
2.172055095434188843e-01 -1.830247417092323303e-02
2.312110364437103271e-01 -1.785616576671600342e-02
2.372403591871261597e-01 -1.763707585632801056e-02
2.501294016838073730e-01 -1.711660251021385193e-02
2.563051879405975342e-01 -1.684290170669555664e-02
2.704371511936187744e-01 -1.615997962653636932e-02
2.781426310539245605e-01 -1.575567200779914856e-02
2.971004247665405273e-01 -1.467038597911596298e-02
3.280798196792602539e-01 -1.264215353876352310e-02
3.338782489299774170e-01 -1.223032735288143158e-02
3.437766134738922119e-01 -1.150562614202499390e-02
3.556936979293823242e-01 -1.059852633625268936e-02
3.654454648494720459e-01 -9.829745627939701080e-03
3.758912086486816406e-01 -8.981452323496341705e-03
3.811050355434417725e-01 -8.548941463232040405e-03
3.902800083160400391e-01 -7.773936260491609573e-03
3.967504203319549561e-01 -7.217276841402053833e-03
4.142503142356872559e-01 -5.673334002494812012e-03
4.266159832477569580e-01 -4.552195779979228973e-03
4.363308250904083252e-01 -3.656240180134773254e-03
4.414846301078796387e-01 -3.176120808348059654e-03
4.563992023468017578e-01 -1.770720584318041801e-03
4.678352773189544678e-01 -6.801254930905997753e-04
4.774212539196014404e-01 2.401508536422625184e-04
4.911709725856781006e-01 1.565601793117821217e-03
5.068036317825317383e-01 3.072696737945079803e-03
5.129125714302062988e-01 3.659455105662345886e-03
5.267686843872070312e-01 4.980593454092741013e-03
5.401198267936706543e-01 6.233663763850927353e-03
5.453185439109802246e-01 6.714267656207084656e-03
5.525341629981994629e-01 7.372899912297725677e-03
5.595511794090270996e-01 8.002490736544132233e-03
5.734305381774902344e-01 9.209364652633666992e-03
5.835640430450439453e-01 1.005149818956851959e-02
5.913497209548950195e-01 1.067184377461671829e-02
6.056095361709594727e-01 1.173743512481451035e-02
6.128989458084106445e-01 1.224189251661300659e-02
6.244989037513732910e-01 1.298056915402412415e-02
6.337369084358215332e-01 1.350668072700500488e-02
6.391500234603881836e-01 1.378720346838235855e-02
6.484643816947937012e-01 1.421875972300767899e-02
6.550214886665344238e-01 1.448189932852983475e-02
6.642253994941711426e-01 1.479193568229675293e-02
6.844573616981506348e-01 1.521903648972511292e-02
6.937364935874938965e-01 1.529504731297492981e-02
7.008878588676452637e-01 1.530202664434909821e-02
7.062625885009765625e-01 1.527793984860181808e-02
7.163317203521728516e-01 1.516606006771326065e-02
7.284017205238342285e-01 1.492012199014425278e-02
7.350969910621643066e-01 1.473284792155027390e-02
7.472899556159973145e-01 1.430244278162717819e-02
7.565398812294006348e-01 1.390217896550893784e-02
7.628364562988281250e-01 1.359491050243377686e-02
7.723388671875000000e-01 1.307998318225145340e-02
7.783381938934326172e-01 1.272431109100580215e-02
7.882019877433776855e-01 1.209019310772418976e-02
7.977550029754638672e-01 1.141998078674077988e-02
8.079010844230651855e-01 1.065054628998041153e-02
8.147782087326049805e-01 1.009663473814725876e-02
8.309118747711181641e-01 8.699283935129642487e-03
8.426923155784606934e-01 7.596325594931840897e-03
8.507937788963317871e-01 6.799190305173397064e-03
8.579764962196350098e-01 6.066970992833375931e-03
8.714278936386108398e-01 4.633647389709949493e-03
8.775330781936645508e-01 3.957307431846857071e-03
8.858916163444519043e-01 3.006339538842439651e-03
8.954502344131469727e-01 1.885074190795421600e-03
9.022789597511291504e-01 1.063447212800383568e-03
9.229128956794738770e-01 -1.503368024714291096e-03
9.329782724380493164e-01 -2.778738504275679588e-03
9.511657953262329102e-01 -4.988532513380050659e-03
9.541254043579101562e-01 -5.311884451657533646e-03
9.580860733985900879e-01 -5.713407881557941437e-03
