9.611240625381469727e-01 2.869119169190526009e-03
9.606770873069763184e-01 3.010984510183334351e-03
9.575868248939514160e-01 3.927962854504585266e-03
9.511278867721557617e-01 5.607360973954200745e-03
9.403380751609802246e-01 8.037051185965538025e-03
9.305959343910217285e-01 1.001989748328924179e-02
9.210200309753417969e-01 1.185861509293317795e-02
9.164071679115295410e-01 1.271794177591800690e-02
9.081915616989135742e-01 1.421777158975601196e-02
9.015246629714965820e-01 1.541276462376117706e-02
8.850866556167602539e-01 1.830329373478889465e-02
8.812158703804016113e-01 1.897597871720790863e-02
8.715674281120300293e-01 2.064409665763378143e-02
8.640592694282531738e-01 2.193593047559261322e-02
8.503322005271911621e-01 2.428898960351943970e-02
8.448709845542907715e-01 2.522304467856884003e-02
8.352413773536682129e-01 2.686818130314350128e-02
8.244329690933227539e-01 2.871253713965415955e-02
8.161618709564208984e-01 3.012233786284923553e-02
8.104872107505798340e-01 3.108870051801204681e-02
8.023916482925415039e-01 3.246559202671051025e-02
7.936193346977233887e-01 3.395472094416618347e-02
7.751241922378540039e-01 3.707996383309364319e-02
7.707137465476989746e-01 3.782131150364875793e-02
7.590038776397705078e-01 3.978011384606361389e-02
7.506721615791320801e-01 4.116380959749221802e-02
7.396935224533081055e-01 4.297174140810966492e-02
7.309120297431945801e-01 4.440321028232574463e-02
7.174157500267028809e-01 4.657390341162681580e-02
7.111067771911621094e-01 4.757488518953323364e-02
7.000755071640014648e-01 4.930168017745018005e-02
6.837690472602844238e-01 5.179384723305702209e-02
6.671586036682128906e-01 5.424949154257774353e-02
6.633157730102539062e-01 5.480464175343513489e-02
6.546693444252014160e-01 5.603501573204994202e-02
6.441717743873596191e-01 5.749243870377540588e-02
6.242324113845825195e-01 6.014452874660491943e-02
6.121128797531127930e-01 6.167796626687049866e-02
6.026063561439514160e-01 6.283741444349288940e-02
5.886338949203491211e-01 6.447005271911621094e-02
5.783837437629699707e-01 6.561218202114105225e-02
5.680868625640869141e-01 6.671108305454254150e-02
5.539374947547912598e-01 6.814032047986984253e-02
5.458010435104370117e-01 6.891908496618270874e-02
5.338473916053771973e-01 7.000525295734405518e-02
5.226635932922363281e-01 7.095822691917419434e-02
5.041251182556152344e-01 7.240124791860580444e-02
4.963179528713226318e-01 7.295732945203781128e-02
4.879348278045654297e-01 7.352002710103988647e-02
4.722173810005187988e-01 7.447815686464309692e-02
4.519208371639251709e-01 7.552650570869445801e-02
4.391506910324096680e-01 7.607570290565490723e-02
4.270219206809997559e-01 7.651752978563308716e-02
4.144198894500732422e-01 7.689350098371505737e-02
4.024133086204528809e-01 7.717224955558776855e-02
3.942231535911560059e-01 7.731753587722778320e-02
3.862589001655578613e-01 7.742365449666976929e-02
3.755221068859100342e-01 7.751138508319854736e-02
3.568147122859954834e-01 7.751081138849258423e-02
3.470523655414581299e-01 7.743201404809951782e-02
3.362301886081695557e-01 7.728080451488494873e-02
3.210947811603546143e-01 7.695496827363967896e-02
3.052285909652709961e-01 7.646732032299041748e-02
2.928112447261810303e-01 7.597884535789489746e-02
2.853119671344757080e-01 7.563741505146026611e-02
2.779824733734130859e-01 7.526930421590805054e-02
2.709276080131530762e-01 7.488232105970382690e-02
2.567285597324371338e-01 7.400406897068023682e-02
2.430242002010345459e-01 7.302649319171905518e-02
2.158613651990890503e-01 7.068952172994613647e-02
1.961172968149185181e-01 6.863146275281906128e-02
1.843480616807937622e-01 6.724770367145538330e-02
1.786881089210510254e-01 6.653772294521331787e-02
1.719961762428283691e-01 6.565923243761062622e-02
1.630113571882247925e-01 6.441007554531097412e-02
1.574869751930236816e-01 6.360047310590744019e-02
1.453129947185516357e-01 6.169698014855384827e-02
1.246184408664703369e-01 5.804122984409332275e-02
1.129188984632492065e-01 5.570436269044876099e-02
1.069826781749725342e-01 5.443278700113296509e-02
9.655091166496276855e-02 5.204038694500923157e-02
8.779342472553253174e-02 4.985661059617996216e-02
7.601285725831985474e-02 4.662013426423072815e-02
6.767182797193527222e-02 4.408032447099685669e-02
5.781094729900360107e-02 4.074759036302566528e-02
5.156993120908737183e-02 3.841084986925125122e-02
4.612146317958831787e-02 3.619295731186866760e-02
3.815468773245811462e-02 3.257362917065620422e-02
3.207174316048622131e-02 2.941426821053028107e-02
2.793130837380886078e-02 2.699755690991878510e-02
2.183479629456996918e-02 2.287574112415313721e-02
1.547240559011697769e-02 1.735817827284336090e-02
1.333834975957870483e-02 1.497528608888387680e-02
1.054416783154010773e-02 1.090743672102689743e-02
8.955490775406360626e-03 7.212273776531219482e-03
8.520387113094329834e-03 5.388716701418161392e-03
8.436633273959159851e-03 1.403964939527213573e-03
9.239620529115200043e-03 -1.589820138178765774e-03
1.029989589005708694e-02 -3.676416119560599327e-03
1.131294947117567062e-02 -5.132850259542465210e-03
1.290434505790472031e-02 -6.927342619746923447e-03
1.617703028023242950e-02 -9.671855717897415161e-03
1.972951367497444153e-02 -1.190697867423295975e-02
2.373955585062503815e-02 -1.391313970088958740e-02
2.950135059654712677e-02 -1.621207222342491150e-02
3.535855188965797424e-02 -1.809437572956085205e-02
4.392008110880851746e-02 -2.031189016997814178e-02
6.419526785612106323e-02 -2.407920733094215393e-02
7.092873752117156982e-02 -2.503648772835731506e-02
8.163934201002120972e-02 -2.635411173105239868e-02
9.513766318559646606e-02 -2.773354761302471161e-02
1.056947782635688782e-01 -2.863997220993041992e-02
1.136213168501853943e-01 -2.923805825412273407e-02
1.278336793184280396e-01 -3.015965409576892853e-02
1.359367072582244873e-01 -3.060912154614925385e-02
1.491425782442092896e-01 -3.123852796852588654e-02
1.626512408256530762e-01 -3.176479041576385498e-02
1.738243699073791504e-01 -3.212023153901100159e-02
1.820855736732482910e-01 -3.234078362584114075e-02
1.869619637727737427e-01 -3.245519846677780151e-02
1.956050544977188110e-01 -3.263089433312416077e-02
2.041848003864288330e-01 -3.277298435568809509e-02
2.155653983354568481e-01 -3.291534259915351868e-02
2.217434346675872803e-01 -3.297206759452819824e-02
2.338661253452301025e-01 -3.304449096322059631e-02
2.414108067750930786e-01 -3.306528925895690918e-02
2.540461719036102295e-01 -3.306187689304351807e-02
2.589307129383087158e-01 -3.304858505725860596e-02
2.747622430324554443e-01 -3.296358510851860046e-02
2.819606959819793701e-01 -3.290534019470214844e-02
2.930695414543151855e-01 -3.279370069503784180e-02
3.059960305690765381e-01 -3.263329714536666870e-02
3.191637396812438965e-01 -3.243960067629814148e-02
3.235900402069091797e-01 -3.236819058656692505e-02
3.424569666385650635e-01 -3.203162923455238342e-02
3.504828214645385742e-01 -3.187390789389610291e-02
3.671148717403411865e-01 -3.152215853333473206e-02
3.745541870594024658e-01 -3.135467320680618286e-02
3.844106495380401611e-01 -3.112369962036609650e-02
3.979563117027282715e-01 -3.079012967646121979e-02
4.080626964569091797e-01 -3.052947297692298889e-02
4.203396737575531006e-01 -3.019952028989791870e-02
4.269233047962188721e-01 -3.001657687127590179e-02
4.372436702251434326e-01 -2.972121909260749817e-02
4.543490111827850342e-01 -2.920790947973728180e-02
4.594003260135650635e-01 -2.905039861798286438e-02
4.752864837646484375e-01 -2.853621169924736023e-02
4.879588782787322998e-01 -2.810410968959331512e-02
4.973296821117401123e-01 -2.777097746729850769e-02
5.180047750473022461e-01 -2.699054032564163208e-02
5.299548506736755371e-01 -2.650787495076656342e-02
5.406180024147033691e-01 -2.605557255446910858e-02
5.526658892631530762e-01 -2.551799081265926361e-02
5.654794573783874512e-01 -2.491289563477039337e-02
5.783485770225524902e-01 -2.426803112030029297e-02
5.886451005935668945e-01 -2.372362837195396423e-02
6.040770411491394043e-01 -2.285782434046268463e-02
6.151922941207885742e-01 -2.219577319920063019e-02
6.232424974441528320e-01 -2.169577218592166901e-02
6.383523344993591309e-01 -2.071048691868782043e-02
6.477886438369750977e-01 -2.006449736654758453e-02
6.597302556037902832e-01 -1.921425200998783112e-02
6.723420023918151855e-01 -1.827856339514255524e-02
6.868534684181213379e-01 -1.715812459588050842e-02
6.967636346817016602e-01 -1.636913977563381195e-02
7.090958952903747559e-01 -1.536463666707277298e-02
7.195991277694702148e-01 -1.449302397668361664e-02
7.409436106681823730e-01 -1.269242633134126663e-02
7.481979727745056152e-01 -1.207619160413742065e-02
7.668448686599731445e-01 -1.049629505723714828e-02
7.785966396331787109e-01 -9.512158110737800598e-03
7.848507761955261230e-01 -8.994710631668567657e-03
7.946199774742126465e-01 -8.198061026632785797e-03
7.993950843811035156e-01 -7.814766839146614075e-03
8.158304095268249512e-01 -6.533502601087093353e-03
8.261356949806213379e-01 -5.766166374087333679e-03
8.446208834648132324e-01 -4.476990550756454468e-03
8.514611721038818359e-01 -4.033187404274940491e-03
8.633970618247985840e-01 -3.309013554826378822e-03
8.719329237937927246e-01 -2.834914252161979675e-03
8.840594291687011719e-01 -2.233053091913461685e-03
8.899502158164978027e-01 -1.974540529772639275e-03
9.007264375686645508e-01 -1.566325896419584751e-03
9.065679907798767090e-01 -1.383593422360718250e-03
9.178523421287536621e-01 -1.117477542720735073e-03
9.207383394241333008e-01 -1.069513149559497833e-03
9.290540814399719238e-01 -9.817305253818631172e-04
9.378626942634582520e-01 -9.767635492607951164e-04
9.487391114234924316e-01 -1.102196634747087955e-03
9.575994610786437988e-01 -1.297144102863967419e-03
9.616032838821411133e-01 -1.397817977704107761e-03
9.627826809883117676e-01 -1.426836592145264149e-03
