9.671218395233154297e-01 -1.944473013281822205e-03
9.662204980850219727e-01 -1.826851745136082172e-03
9.649459123611450195e-01 -1.660193316638469696e-03
9.585156440734863281e-01 -8.108334150165319443e-04
9.536283016204833984e-01 -1.539507793495431542e-04
9.463784098625183105e-01 8.397207711823284626e-04
9.314113259315490723e-01 2.963308244943618774e-03
9.288085103034973145e-01 3.342228708788752556e-03
9.095473885536193848e-01 6.229993421584367752e-03
9.062246680259704590e-01 6.742533296346664429e-03
8.924099802970886230e-01 8.916198275983333588e-03
8.874844908714294434e-01 9.707379154860973358e-03
8.815125226974487305e-01 1.067761890590190887e-02
8.631085157394409180e-01 1.373998634517192841e-02
8.420243263244628906e-01 1.737299747765064240e-02
8.334341049194335938e-01 1.888808980584144592e-02
8.250371217727661133e-01 2.038709446787834167e-02
8.209592700004577637e-01 2.112114243209362030e-02
8.034354448318481445e-01 2.431731857359409332e-02
7.990087270736694336e-01 2.513450756669044495e-02
7.791024446487426758e-01 2.885073423385620117e-02
7.650089263916015625e-01 3.151514381170272827e-02
7.608656287193298340e-01 3.230243548750877380e-02
7.555356621742248535e-01 3.331734985113143921e-02
7.479544281959533691e-01 3.476421162486076355e-02
7.387727499008178711e-01 3.651997447013854980e-02
7.233048081398010254e-01 3.948020935058593750e-02
7.163025736808776855e-01 4.081863909959793091e-02
7.025381922721862793e-01 4.344125092029571533e-02
6.911901235580444336e-01 4.559027031064033508e-02
6.803199648857116699e-01 4.763310775160789490e-02
6.707217097282409668e-01 4.942114278674125671e-02
6.593598723411560059e-01 5.151489004492759705e-02
6.414045095443725586e-01 5.476446822285652161e-02
6.355636715888977051e-01 5.580394342541694641e-02
6.315342187881469727e-01 5.651559308171272278e-02
6.122750639915466309e-01 5.985122174024581909e-02
6.012139320373535156e-01 6.171432510018348694e-02
5.839736461639404297e-01 6.453573703765869141e-02
5.780442953109741211e-01 6.548184901475906372e-02
5.641572475433349609e-01 6.764711439609527588e-02
5.496145486831665039e-01 6.983628123998641968e-02
5.227230787277221680e-01 7.366417348384857178e-02
5.070305466651916504e-01 7.576092332601547241e-02
4.963084459304809570e-01 7.713354378938674927e-02
4.852097928524017334e-01 7.850181311368942261e-02
4.632278680801391602e-01 8.104965835809707642e-02
4.501014649868011475e-01 8.246499300003051758e-02
4.301815330982208252e-01 8.445502072572708130e-02
4.257812798023223877e-01 8.486815541982650757e-02
4.114610850811004639e-01 8.614415675401687622e-02
4.026389718055725098e-01 8.687667548656463623e-02
3.940944075584411621e-01 8.754601329565048218e-02
3.760642409324645996e-01 8.882402628660202026e-02
3.716601133346557617e-01 8.910752832889556885e-02
3.659357726573944092e-01 8.945866674184799194e-02
3.502115905284881592e-01 9.031906723976135254e-02
3.388831615447998047e-01 9.084045886993408203e-02
3.294182121753692627e-01 9.120987355709075928e-02
3.165445625782012939e-01 9.161113202571868896e-02
3.068956732749938965e-01 9.183200448751449585e-02
2.975583076477050781e-01 9.197758138179779053e-02
2.765287756919860840e-01 9.204506874084472656e-02
2.696908712387084961e-01 9.198481589555740356e-02
2.639000713825225830e-01 9.190054237842559814e-02
2.525672614574432373e-01 9.164399653673171997e-02
2.286738604307174683e-01 9.067738801240921021e-02
2.156087607145309448e-01 8.988347649574279785e-02
2.036036103963851929e-01 8.897363394498825073e-02
1.916021108627319336e-01 8.787910640239715576e-02
1.890774816274642944e-01 8.762408792972564697e-02
1.827647536993026733e-01 8.694726228713989258e-02
1.722798794507980347e-01 8.569443970918655396e-02
1.493951976299285889e-01 8.235435187816619873e-02
1.392038911581039429e-01 8.057349920272827148e-02
1.329035311937332153e-01 7.937390357255935669e-02
1.126771345734596252e-01 7.496687769889831543e-02
1.024949923157691956e-01 7.239667326211929321e-02
8.907413482666015625e-02 6.860455870628356934e-02
8.417434245347976685e-02 6.709565967321395874e-02
7.383901625871658325e-02 6.367392092943191528e-02
6.127957254648208618e-02 5.903445184230804443e-02
5.298912525177001953e-02 5.564470216631889343e-02
4.577746987342834473e-02 5.245543271303176880e-02
3.904576972126960754e-02 4.925066605210304260e-02
3.124055452644824982e-02 4.521822556853294373e-02
2.006443962454795837e-02 3.871380165219306946e-02
1.514773257076740265e-02 3.550332784652709961e-02
1.216629985719919205e-02 3.342330455780029297e-02
6.264043506234884262e-03 2.892599627375602722e-02
8.988489280454814434e-04 2.422256395220756531e-02
-3.431219607591629028e-03 1.970976032316684723e-02
-9.604780003428459167e-03 9.899015538394451141e-03
-1.029745861887931824e-02 7.352560758590698242e-03
-1.047155819833278656e-02 4.443112760782241821e-03
-1.011919695883989334e-02 2.440621843561530113e-03
-9.495473466813564301e-03 8.501307456754148006e-04
-8.890491910278797150e-03 -1.852948189480230212e-04
-7.395998109132051468e-03 -1.959301764145493507e-03
-5.629423074424266815e-03 -3.396551590412855148e-03
-4.144556354731321335e-03 -4.314394202083349228e-03
2.587415656307712197e-05 -6.117830052971839905e-03
3.131993813440203667e-03 -7.013841532170772552e-03
5.926566664129495621e-03 -7.612670306116342545e-03
1.168503239750862122e-02 -8.424078114330768585e-03
1.654276624321937561e-02 -8.800997398793697357e-03
2.232921682298183441e-02 -8.999988436698913574e-03
2.814277075231075287e-02 -9.004844352602958679e-03
5.156682804226875305e-02 -7.948238402605056763e-03
7.072066515684127808e-02 -6.538777146488428116e-03
7.550320774316787720e-02 -6.162797566503286362e-03
9.227219223976135254e-02 -4.835005849599838257e-03
1.017504706978797913e-01 -4.097631666809320450e-03
1.194798946380615234e-01 -2.775269793346524239e-03
1.314760148525238037e-01 -1.932848943397402763e-03
1.357924193143844604e-01 -1.640972332097589970e-03
1.444524973630905151e-01 -1.073774415999650955e-03
1.503388583660125732e-01 -7.023349171504378319e-04
1.652863621711730957e-01 1.898670889204367995e-04
1.764037907123565674e-01 8.068534079939126968e-04
1.918974071741104126e-01 1.602776465006172657e-03
2.141853272914886475e-01 2.624097047373652458e-03
2.177664488554000854e-01 2.775270957499742508e-03
2.452091872692108154e-01 3.822888946160674095e-03
2.553451657295227051e-01 4.162837751209735870e-03
2.592803835868835449e-01 4.288353491574525833e-03
2.785060107707977295e-01 4.851729609072208405e-03
2.957400381565093994e-01 5.289888940751552582e-03
3.056080639362335205e-01 5.513895303010940552e-03
3.143736720085144043e-01 5.697133950889110565e-03
3.212554454803466797e-01 5.830914247781038284e-03
3.302861154079437256e-01 5.993383005261421204e-03
3.394772410392761230e-01 6.143883336335420609e-03
3.462136089801788330e-01 6.244919728487730026e-03
3.538593947887420654e-01 6.350311450660228729e-03
3.606398403644561768e-01 6.435684394091367722e-03
3.902222216129302979e-01 6.722568068653345108e-03
3.964754939079284668e-01 6.765983067452907562e-03
4.053770601749420166e-01 6.817742716521024704e-03
4.163916409015655518e-01 6.865711417049169540e-03
4.259405732154846191e-01 6.893132347613573074e-03
4.326991140842437744e-01 6.904683541506528854e-03
4.393676221370697021e-01 6.909742951393127441e-03
4.562813341617584229e-01 6.894581951200962067e-03
4.855041801929473877e-01 6.773944012820720673e-03
5.103428363800048828e-01 6.575954612344503403e-03
5.174609422683715820e-01 6.502578500658273697e-03
5.257493257522583008e-01 6.407541222870349884e-03
5.319151282310485840e-01 6.330030038952827454e-03
5.446347594261169434e-01 6.151335313916206360e-03
5.495429039001464844e-01 6.075466517359018326e-03
5.578610301017761230e-01 5.937883164733648300e-03
5.662364363670349121e-01 5.787668284028768539e-03
5.693246722221374512e-01 5.729272961616516113e-03
5.883461833000183105e-01 5.332885310053825378e-03
5.916057229042053223e-01 5.258493125438690186e-03
5.995435714721679688e-01 5.069248378276824951e-03
6.073206067085266113e-01 4.872611258178949356e-03
6.228248476982116699e-01 4.446999169886112213e-03
6.301178336143493652e-01 4.231221508234739304e-03
6.440152525901794434e-01 3.792473115026950836e-03
6.549710631370544434e-01 3.421370405703783035e-03
6.657919287681579590e-01 3.033477114513516426e-03
6.691129803657531738e-01 2.910267561674118042e-03
6.958580613136291504e-01 1.850344240665435791e-03
7.168794274330139160e-01 9.400973794981837273e-04
7.264695167541503906e-01 5.051734624430537224e-04
7.334167957305908203e-01 1.832701236708089709e-04
7.499161362648010254e-01 -6.014696555212140083e-04
7.569329142570495605e-01 -9.426647447980940342e-04
7.663035988807678223e-01 -1.404024078510701656e-03
7.725517749786376953e-01 -1.714701065793633461e-03
7.818832993507385254e-01 -2.182244556024670601e-03
7.909418344497680664e-01 -2.639004727825522423e-03
8.025041818618774414e-01 -3.223970299586653709e-03
8.047219514846801758e-01 -3.336193971335887909e-03
8.134168982505798340e-01 -3.775489516556262970e-03
8.206061720848083496e-01 -4.137112293392419815e-03
8.435377478599548340e-01 -5.269376561045646667e-03
8.513428568840026855e-01 -5.642817355692386627e-03
8.604007959365844727e-01 -6.064894609153270721e-03
8.672572374343872070e-01 -6.374363787472248077e-03
8.757414221763610840e-01 -6.742537487298250198e-03
8.799928426742553711e-01 -6.919757463037967682e-03
9.021363258361816406e-01 -7.736049592494964600e-03
9.100971221923828125e-01 -7.969950325787067413e-03
9.266226291656494141e-01 -8.298778906464576721e-03
9.420997500419616699e-01 -8.306993171572685242e-03
9.522259235382080078e-01 -8.052295073866844177e-03
9.628888964653015137e-01 -7.433429360389709473e-03
9.651448726654052734e-01 -7.243298925459384918e-03
9.663360118865966797e-01 -7.133626379072666168e-03
