9.745442867279052734e-01 7.593138143420219421e-04
9.742451906204223633e-01 8.534805965609848499e-04
9.720451831817626953e-01 1.539693912491202354e-03
9.641832709312438965e-01 3.941293805837631226e-03
9.563071131706237793e-01 6.305900402367115021e-03
9.455189704895019531e-01 9.504975751042366028e-03
9.358544349670410156e-01 1.234127115458250046e-02
9.327275156974792480e-01 1.325366459786891937e-02
9.252934455871582031e-01 1.541310921311378479e-02
9.200513958930969238e-01 1.692788675427436829e-02
9.098776578903198242e-01 1.984902843832969666e-02
9.056162834167480469e-01 2.106529660522937775e-02
8.973947167396545410e-01 2.339961566030979156e-02
8.908371925354003906e-01 2.524958364665508270e-02
8.779878616333007812e-01 2.884365059435367584e-02
8.739665746688842773e-01 2.995966374874114990e-02
8.645836114883422852e-01 3.254707530140876770e-02
8.574638962745666504e-01 3.449407964944839478e-02
8.410536646842956543e-01 3.892628103494644165e-02
8.308424353599548340e-01 4.164275154471397400e-02
8.150516748428344727e-01 4.577683657407760620e-02
8.073921203613281250e-01 4.775136709213256836e-02
7.958604693412780762e-01 5.068404972553253174e-02
7.883232831954956055e-01 5.257382988929748535e-02
7.777878046035766602e-01 5.517800524830818176e-02
7.738474607467651367e-01 5.614037439227104187e-02
7.666493654251098633e-01 5.788169428706169128e-02
7.602915167808532715e-01 5.940121412277221680e-02
7.499009966850280762e-01 6.184601038694381714e-02
7.409000396728515625e-01 6.392373144626617432e-02
7.308407425880432129e-01 6.620002537965774536e-02
7.195933461189270020e-01 6.868576258420944214e-02
7.104658484458923340e-01 7.065510749816894531e-02
7.052651047706604004e-01 7.175739109516143799e-02
6.986680626869201660e-01 7.313445210456848145e-02
6.919804215431213379e-01 7.450583577156066895e-02
6.833701133728027344e-01 7.623391598463058472e-02
6.706213355064392090e-01 7.871289551258087158e-02
6.575607061386108398e-01 8.115036040544509888e-02
6.456221342086791992e-01 8.328482508659362793e-02
6.367660760879516602e-01 8.480881899595260620e-02
6.241881251335144043e-01 8.688408881425857544e-02
6.085171699523925781e-01 8.931948244571685791e-02
5.980998873710632324e-01 9.084406495094299316e-02
5.902782678604125977e-01 9.193826466798782349e-02
5.804926753044128418e-01 9.324564784765243530e-02
5.612144470214843750e-01 9.561765193939208984e-02
5.511094927787780762e-01 9.675178676843643188e-02
5.424956083297729492e-01 9.765864908695220947e-02
5.343296527862548828e-01 9.846712648868560791e-02
5.202484726905822754e-01 9.974372386932373047e-02
4.974931478500366211e-01 1.014902815222740173e-01
4.839823544025421143e-01 1.023417264223098755e-01
4.748904109001159668e-01 1.028367280960083008e-01
4.500324428081512451e-01 1.038697138428688049e-01
4.388183951377868652e-01 1.041822209954261780e-01
4.330713152885437012e-01 1.043053641915321350e-01
4.254825711250305176e-01 1.044296100735664368e-01
4.139099717140197754e-01 1.045349165797233582e-01
4.038340747356414795e-01 1.045437678694725037e-01
3.991828262805938721e-01 1.045218408107757568e-01
3.822472691535949707e-01 1.043027788400650024e-01
3.697365522384643555e-01 1.040003821253776550e-01
3.540353178977966309e-01 1.034508645534515381e-01
3.406359255313873291e-01 1.028312742710113525e-01
3.283087611198425293e-01 1.021375730633735657e-01
3.144124746322631836e-01 1.012117862701416016e-01
2.830137610435485840e-01 9.854622930288314819e-02
2.744770944118499756e-01 9.768023341894149780e-02
2.364668548107147217e-01 9.305118024349212646e-02
2.140861004590988159e-01 8.969634026288986206e-02
2.062470167875289917e-01 8.840215206146240234e-02
1.980984359979629517e-01 8.698780834674835205e-02
1.877198070287704468e-01 8.508010208606719971e-02
1.774158328771591187e-01 8.306225389242172241e-02
1.632042080163955688e-01 8.006218820810317993e-02
1.576648205518722534e-01 7.882010191679000854e-02
1.443136185407638550e-01 7.564456015825271606e-02
1.258457005023956299e-01 7.078038156032562256e-02
1.165977939963340759e-01 6.810949742794036865e-02
1.089636534452438354e-01 6.576976180076599121e-02
9.737759083509445190e-02 6.195481121540069580e-02
7.966569066047668457e-02 5.537641420960426331e-02
7.237204909324645996e-02 5.233990028500556946e-02
6.197619810700416565e-02 4.758300632238388062e-02
5.382351204752922058e-02 4.340479522943496704e-02
4.948771372437477112e-02 4.097752645611763000e-02
4.393734410405158997e-02 3.760692849755287170e-02
3.537973761558532715e-02 3.162011131644248962e-02
2.974922768771648407e-02 2.688439562916755676e-02
2.416583150625228882e-02 2.106081135571002960e-02
2.141867391765117645e-02 1.742159947752952576e-02
1.868287101387977600e-02 1.264799851924180984e-02
1.699629239737987518e-02 8.047658950090408325e-03
1.654358580708503723e-02 5.931077525019645691e-03
1.626991853117942810e-02 3.111258614808320999e-03
1.642365194857120514e-02 1.126733059209072962e-05
1.855689659714698792e-02 -6.708509288728237152e-03
2.030494250357151031e-02 -9.563244879245758057e-03
2.149461768567562103e-02 -1.111658569425344467e-02
2.386374399065971375e-02 -1.368494797497987747e-02
3.040163777768611908e-02 -1.889320649206638336e-02
3.433887287974357605e-02 -2.131667546927928925e-02
4.110760614275932312e-02 -2.479869686067104340e-02
4.753014445304870605e-02 -2.758799493312835693e-02
5.823429301381111145e-02 -3.155663982033729553e-02
7.029198855161666870e-02 -3.539916500449180603e-02
8.963222801685333252e-02 -4.076214134693145752e-02
9.950808435678482056e-02 -4.325477406382560730e-02
1.123477444052696228e-01 -4.631849750876426697e-02
1.231204345822334290e-01 -4.876212403178215027e-02
1.302431225776672363e-01 -5.032251402735710144e-02
1.374733597040176392e-01 -5.186518281698226929e-02
1.494191884994506836e-01 -5.432897806167602539e-02
1.620979607105255127e-01 -5.683501064777374268e-02
1.700737029314041138e-01 -5.835656449198722839e-02
1.886174380779266357e-01 -6.173596158623695374e-02
2.027067244052886963e-01 -6.415884196758270264e-02
2.105450034141540527e-01 -6.545331329107284546e-02
2.162212878465652466e-01 -6.636703759431838989e-02
2.340257018804550171e-01 -6.910391896963119507e-02
2.378326207399368286e-01 -6.966371089220046997e-02
2.597500085830688477e-01 -7.271227985620498657e-02
2.663284838199615479e-01 -7.356916368007659912e-02
2.815218269824981689e-01 -7.544496655464172363e-02
2.889744937419891357e-01 -7.631220668554306030e-02
2.991408407688140869e-01 -7.743878662586212158e-02
3.057451546192169189e-01 -7.813554257154464722e-02
3.168401122093200684e-01 -7.924348860979080200e-02
3.264405429363250732e-01 -8.013845235109329224e-02
3.340079188346862793e-01 -8.080188930034637451e-02
3.505144119262695312e-01 -8.211938291788101196e-02
3.684479296207427979e-01 -8.334647864103317261e-02
3.726677298545837402e-01 -8.360385894775390625e-02
3.990358710289001465e-01 -8.493639528751373291e-02
4.094853699207305908e-01 -8.533046394586563110e-02
4.335434138774871826e-01 -8.593951165676116943e-02
4.376839399337768555e-01 -8.600145578384399414e-02
4.484222233295440674e-01 -8.610206842422485352e-02
4.556732475757598877e-01 -8.612025529146194458e-02
4.779265820980072021e-01 -8.591847866773605347e-02
4.904344975948333740e-01 -8.562915772199630737e-02
4.994092583656311035e-01 -8.534067124128341675e-02
5.080398917198181152e-01 -8.499798178672790527e-02
5.280712246894836426e-01 -8.394742757081985474e-02
5.317425131797790527e-01 -8.371504396200180054e-02
5.497244596481323242e-01 -8.239134401082992554e-02
5.666456818580627441e-01 -8.085342496633529663e-02
5.742981433868408203e-01 -8.006086200475692749e-02
5.917444825172424316e-01 -7.801801711320877075e-02
6.059338450431823730e-01 -7.610523700714111328e-02
6.177662014961242676e-01 -7.433072477579116821e-02
6.285907626152038574e-01 -7.255972921848297119e-02
6.373263597488403320e-01 -7.102520018815994263e-02
6.504636406898498535e-01 -6.853666901588439941e-02
6.612638831138610840e-01 -6.632585823535919189e-02
6.712177991867065430e-01 -6.415537744760513306e-02
6.786979436874389648e-01 -6.244060397148132324e-02
6.851168274879455566e-01 -6.091221794486045837e-02
6.963543295860290527e-01 -5.811220407485961914e-02
7.090372443199157715e-01 -5.476853996515274048e-02
7.209864258766174316e-01 -5.145144462585449219e-02
7.370949983596801758e-01 -4.675152152776718140e-02
7.450004220008850098e-01 -4.436287283897399902e-02
7.615695595741271973e-01 -3.922278061509132385e-02
7.671688795089721680e-01 -3.745570778846740723e-02
7.741135358810424805e-01 -3.525124862790107727e-02
7.883971929550170898e-01 -3.070110082626342773e-02
7.961402535438537598e-01 -2.824360318481922150e-02
8.146333098411560059e-01 -2.247578836977481842e-02
8.337554931640625000e-01 -1.678970269858837128e-02
8.385866880416870117e-01 -1.541712135076522827e-02
8.471986055374145508e-01 -1.304923370480537415e-02
8.518767952919006348e-01 -1.180976629257202148e-02
8.616870641708374023e-01 -9.330474771559238434e-03
8.668261766433715820e-01 -8.102782070636749268e-03
8.741624355316162109e-01 -6.443417165428400040e-03
8.803374171257019043e-01 -5.138599779456853867e-03
8.932077884674072266e-01 -2.719541080296039581e-03
8.985710740089416504e-01 -1.843922771513462067e-03
9.110242724418640137e-01 -1.522975799161940813e-04
9.171875119209289551e-01 4.885190865024924278e-04
9.248761534690856934e-01 1.081542694009840488e-03
9.305843710899353027e-01 1.357833272777497768e-03
9.435280561447143555e-01 1.381140900775790215e-03
9.464067220687866211e-01 1.255940180271863937e-03
9.550845623016357422e-01 5.384929245337843895e-04
9.623727798461914062e-01 -5.165752954781055450e-04
9.669603109359741211e-01 -1.421632128767669201e-03
9.720193147659301758e-01 -2.641933737322688103e-03
9.743437170982360840e-01 -3.271877532824873924e-03
9.756935834884643555e-01 -3.652498358860611916e-03
