9.653559923171997070e-01 4.918785416521131992e-04
9.647990465164184570e-01 5.628347280435264111e-04
9.616999030113220215e-01 9.518149890936911106e-04
9.501996040344238281e-01 2.347602508962154388e-03
9.427486062049865723e-01 3.235284937545657158e-03
9.311426281929016113e-01 4.611073061823844910e-03
9.124968051910400391e-01 6.820794194936752319e-03
9.060590267181396484e-01 7.584796287119388580e-03
8.928726315498352051e-01 9.150947444140911102e-03
8.834441304206848145e-01 1.027100346982479095e-02
8.698484301567077637e-01 1.188451796770095825e-02
8.612431883811950684e-01 1.290366053581237793e-02
8.561441898345947266e-01 1.350639667361974716e-02
8.475128412246704102e-01 1.452422514557838440e-02
8.291904926300048828e-01 1.667125709354877472e-02
8.236732482910156250e-01 1.731328293681144714e-02
8.028235435485839844e-01 1.971565373241901398e-02
7.877537012100219727e-01 2.142379805445671082e-02
7.746720910072326660e-01 2.288355492055416107e-02
7.705990076065063477e-01 2.333321794867515564e-02
7.570592761039733887e-01 2.480984665453433990e-02
7.478472590446472168e-01 2.579739503562450409e-02
7.335121035575866699e-01 2.730403468012809753e-02
7.269133329391479492e-01 2.798436582088470459e-02
7.117854356765747070e-01 2.951032109558582306e-02
7.048325538635253906e-01 3.019500523805618286e-02
6.965579986572265625e-01 3.099555522203445435e-02
6.856389045715332031e-01 3.202716261148452759e-02
6.758230924606323242e-01 3.292951360344886780e-02
6.671527028083801270e-01 3.370620310306549072e-02
6.567050814628601074e-01 3.461594879627227783e-02
6.419539451599121094e-01 3.585044294595718384e-02
6.350870132446289062e-01 3.640478476881980896e-02
6.213966012001037598e-01 3.747078776359558105e-02
6.008629202842712402e-01 3.897127881646156311e-02
5.922367572784423828e-01 3.956652432680130005e-02
5.762664675712585449e-01 4.061459377408027649e-02
5.655335783958435059e-01 4.128044471144676208e-02
5.417762994766235352e-01 4.264888167381286621e-02
5.284016728401184082e-01 4.335874319076538086e-02
5.200710892677307129e-01 4.378020763397216797e-02
5.111392140388488770e-01 4.421522468328475952e-02
4.986625611782073975e-01 4.479515925049781799e-02
4.853112101554870605e-01 4.538200050592422485e-02
4.719953238964080811e-01 4.593496769666671753e-02
4.655177593231201172e-01 4.619295522570610046e-02
4.402143359184265137e-01 4.713691398501396179e-02
4.338174760341644287e-01 4.736037924885749817e-02
4.229158461093902588e-01 4.772788658738136292e-02
4.086288809776306152e-01 4.818474501371383667e-02
4.008896946907043457e-01 4.842069745063781738e-02
3.916105031967163086e-01 4.869297146797180176e-02
3.825614750385284424e-01 4.894723743200302124e-02
3.686439096927642822e-01 4.931605979800224304e-02
3.513629138469696045e-01 4.973458871245384216e-02
3.408710062503814697e-01 4.996579140424728394e-02
3.285383880138397217e-01 5.021341517567634583e-02
3.180110454559326172e-01 5.040242150425910950e-02
3.103156089782714844e-01 5.052643641829490662e-02
2.978638708591461182e-01 5.069952085614204407e-02
2.871638536453247070e-01 5.081845447421073914e-02
2.823864817619323730e-01 5.086190626025199890e-02
2.636026144027709961e-01 5.096848309040069580e-02
2.537750899791717529e-01 5.097903683781623840e-02
2.394615262746810913e-01 5.093109980225563049e-02
2.263139188289642334e-01 5.081287398934364319e-02
2.186104208230972290e-01 5.070686712861061096e-02
2.163121551275253296e-01 5.066961050033569336e-02
1.876781582832336426e-01 4.996067658066749573e-02
1.816394627094268799e-01 4.974644258618354797e-02
1.704260706901550293e-01 4.928002879023551941e-02
1.586170494556427002e-01 4.868348315358161926e-02
1.507354825735092163e-01 4.821926355361938477e-02
1.450916528701782227e-01 4.785170406103134155e-02
1.202735602855682373e-01 4.584265500307083130e-02
9.811482578516006470e-02 4.340757802128791809e-02
9.497685730457305908e-02 4.300520569086074829e-02
8.795906603336334229e-02 4.204775765538215637e-02
7.606407254934310913e-02 4.022808000445365906e-02
7.271715998649597168e-02 3.966767340898513794e-02
6.184742599725723267e-02 3.768552094697952271e-02
5.218392983078956604e-02 3.569377213716506958e-02
3.664284572005271912e-02 3.195764496922492981e-02
3.436369821429252625e-02 3.134641423821449280e-02
2.367568388581275940e-02 2.822540700435638428e-02
1.659611426293849945e-02 2.589175477623939514e-02
2.767666475847363472e-03 2.051390521228313446e-02
-3.989109303802251816e-03 1.731506921350955963e-02
-6.427387706935405731e-03 1.601993478834629059e-02
-1.233024988323450089e-02 1.239272486418485641e-02
-1.587560400366783142e-02 9.615276008844375610e-03
-1.848158426582813263e-02 6.833780091255903244e-03
-1.940103061497211456e-02 5.419942550361156464e-03
-2.010120078921318054e-02 3.724593203514814377e-03
-2.031813561916351318e-02 2.196564339101314545e-03
-2.023223601281642914e-02 1.224445062689483166e-03
-1.975313946604728699e-02 -2.200550225097686052e-04
-1.921007223427295685e-02 -1.142427325248718262e-03
-1.677574217319488525e-02 -3.585305297747254372e-03
-1.607344113290309906e-02 -4.092153161764144897e-03
-1.337324269115924835e-02 -5.689145997166633606e-03
-1.140944287180900574e-02 -6.632334552705287933e-03
-9.691701270639896393e-03 -7.361543830484151840e-03
-3.198628779500722885e-03 -9.618354029953479767e-03
2.611650619655847549e-03 -1.123225782066583633e-02
1.085714530199766159e-02 -1.314594317227602005e-02
2.084184251725673676e-02 -1.509119663387537003e-02
2.708194777369499207e-02 -1.616429723799228668e-02
3.637911751866340637e-02 -1.761232316493988037e-02
4.422330483794212341e-02 -1.872111856937408447e-02
5.795878544449806213e-02 -2.046429924666881561e-02
8.189300447702407837e-02 -2.302743121981620789e-02
8.894389122724533081e-02 -2.368637546896934509e-02
9.759378433227539062e-02 -2.444157935678958893e-02
1.082293018698692322e-01 -2.529432997107505798e-02
1.142529696226119995e-01 -2.574194781482219696e-02
1.278269439935684204e-01 -2.666129358112812042e-02
1.428127735853195190e-01 -2.753891050815582275e-02
1.672735214233398438e-01 -2.867933548986911774e-02
1.768556237220764160e-01 -2.903180383145809174e-02
1.911803483963012695e-01 -2.946374751627445221e-02
1.982287168502807617e-01 -2.963554114103317261e-02
2.240535914897918701e-01 -3.004362434148788452e-02
2.291016280651092529e-01 -3.008392825722694397e-02
2.506338953971862793e-01 -3.011669777333736420e-02
2.546798884868621826e-01 -3.009827621281147003e-02
2.646320164203643799e-01 -3.002079203724861145e-02
2.791155576705932617e-01 -2.982806600630283356e-02
2.866733074188232422e-01 -2.969079464673995972e-02
3.031107485294342041e-01 -2.930790558457374573e-02
3.126239478588104248e-01 -2.903487719595432281e-02
3.206239044666290283e-01 -2.877688594162464142e-02
3.306230902671813965e-01 -2.841866388916969299e-02
3.489060103893280029e-01 -2.766386047005653381e-02
3.653922677040100098e-01 -2.687624283134937286e-02
3.702761530876159668e-01 -2.662400156259536743e-02
3.796357810497283936e-01 -2.611699700355529785e-02
3.883360028266906738e-01 -2.561833336949348450e-02
4.109039902687072754e-01 -2.420536056160926819e-02
4.185448884963989258e-01 -2.368894033133983612e-02
4.230760335922241211e-01 -2.337381057441234589e-02
4.472912847995758057e-01 -2.158065326511859894e-02
4.623633921146392822e-01 -2.037451229989528656e-02
4.710155725479125977e-01 -1.965200155973434448e-02
4.867171049118041992e-01 -1.828649453818798065e-02
5.109731554985046387e-01 -1.604559831321239471e-02
5.217489004135131836e-01 -1.500195171684026718e-02
5.323094129562377930e-01 -1.395244617015123367e-02
5.402563810348510742e-01 -1.314634177833795547e-02
5.442110896110534668e-01 -1.274025999009609222e-02
5.513722896575927734e-01 -1.199711021035909653e-02
5.652245879173278809e-01 -1.053382549434900284e-02
5.732555985450744629e-01 -9.672257117927074432e-03
5.868973135948181152e-01 -8.192382752895355225e-03
6.020981669425964355e-01 -6.530400365591049194e-03
6.149029135704040527e-01 -5.132453050464391708e-03
6.213269829750061035e-01 -4.436097107827663422e-03
6.285888552665710449e-01 -3.655833425000309944e-03
6.455077528953552246e-01 -1.881780335679650307e-03
6.534847617149353027e-01 -1.074691652320325375e-03
6.602435708045959473e-01 -4.096194461453706026e-04
6.714392304420471191e-01 6.477397982962429523e-04
6.849318146705627441e-01 1.836600946262478828e-03
6.902285218238830566e-01 2.274709055200219154e-03
7.042691111564636230e-01 3.350484883412718773e-03
7.075177431106567383e-01 3.580809570848941803e-03
7.213521003723144531e-01 4.479510243982076645e-03
7.365096807479858398e-01 5.306459031999111176e-03
7.440102100372314453e-01 5.653326399624347687e-03
7.631737589836120605e-01 6.350532174110412598e-03
7.795916199684143066e-01 6.732195150107145309e-03
7.864636182785034180e-01 6.833236664533615112e-03
7.951818108558654785e-01 6.911830510944128036e-03
8.007647395133972168e-01 6.933099124580621719e-03
8.068916797637939453e-01 6.930361036211252213e-03
8.103299736976623535e-01 6.916864775121212006e-03
8.219445943832397461e-01 6.807567086070775986e-03
8.350274562835693359e-01 6.565820891410112381e-03
8.515045046806335449e-01 6.078681908547878265e-03
8.599277734756469727e-01 5.748386494815349579e-03
8.718830347061157227e-01 5.180657841265201569e-03
8.768732547760009766e-01 4.907848313450813293e-03
8.885047435760498047e-01 4.184856079518795013e-03
8.985155224800109863e-01 3.457846119999885559e-03
9.079042077064514160e-01 2.678639255464076996e-03
9.162483811378479004e-01 1.897834590636193752e-03
9.309997558593750000e-01 2.791141450870782137e-04
9.399763941764831543e-01 -8.857263601385056973e-04
9.492642283439636230e-01 -2.269163494929671288e-03
9.628946185111999512e-01 -4.702914506196975708e-03
9.635828733444213867e-01 -4.839806817471981049e-03
9.657119512557983398e-01 -5.271696951240301132e-03
