9.753776192665100098e-01 -2.555354731157422066e-03
9.746934175491333008e-01 -2.451765118166804314e-03
9.735882282257080078e-01 -2.252497011795639992e-03
9.703422784805297852e-01 -1.537105417810380459e-03
9.646089076995849609e-01 -3.945381104131229222e-05
9.605187177658081055e-01 1.125925453379750252e-03
9.544792175292968750e-01 2.935581607744097710e-03
9.513185024261474609e-01 3.913304302841424942e-03
9.426620006561279297e-01 6.669116672128438950e-03
9.376816749572753906e-01 8.294446393847465515e-03
9.290013313293457031e-01 1.117885950952768326e-02
9.228023290634155273e-01 1.327051222324371338e-02
9.167783260345458984e-01 1.532327197492122650e-02
9.099637269973754883e-01 1.766489446163177490e-02
8.966164588928222656e-01 2.229686453938484192e-02
8.915854096412658691e-01 2.405450865626335144e-02
8.840984106063842773e-01 2.667867019772529602e-02
8.784879446029663086e-01 2.865010499954223633e-02
8.595345020294189453e-01 3.532574325799942017e-02
8.557502031326293945e-01 3.665918111801147461e-02
8.311958909034729004e-01 4.528821259737014771e-02
8.146504759788513184e-01 5.105774477124214172e-02
7.992268800735473633e-01 5.638526752591133118e-02
7.980879545211791992e-01 5.677631124854087830e-02
7.878893017768859863e-01 6.026251986622810364e-02
7.806786894798278809e-01 6.270884722471237183e-02
7.701103091239929199e-01 6.626427918672561646e-02
7.573781013488769531e-01 7.049601525068283081e-02
7.381535768508911133e-01 7.676776498556137085e-02
7.304475903511047363e-01 7.923879474401473999e-02
7.220637798309326172e-01 8.189771324396133423e-02
7.111628651618957520e-01 8.530704677104949951e-02
7.032639384269714355e-01 8.774229139089584351e-02
6.882771849632263184e-01 9.227854758501052856e-02
6.738508939743041992e-01 9.653653204441070557e-02
6.671497225761413574e-01 9.847684204578399658e-02
6.582800149917602539e-01 1.010073497891426086e-01
6.510562896728515625e-01 1.030359044671058655e-01
6.276670098304748535e-01 1.093982160091400146e-01
6.162179112434387207e-01 1.123941168189048767e-01
5.922060608863830566e-01 1.184130385518074036e-01
5.869436264038085938e-01 1.196829080581665039e-01
5.708335041999816895e-01 1.234569847583770752e-01
5.492498874664306641e-01 1.282370090484619141e-01
5.355067253112792969e-01 1.311099976301193237e-01
5.263836383819580078e-01 1.329415589570999146e-01
5.133094787597656250e-01 1.354585736989974976e-01
4.970140457153320312e-01 1.384132951498031616e-01
4.897661209106445312e-01 1.396607905626296997e-01
4.710138738155364990e-01 1.426919996738433838e-01
4.657188653945922852e-01 1.434954255819320679e-01
4.619017839431762695e-01 1.440599709749221802e-01
4.394004642963409424e-01 1.471335738897323608e-01
4.138906896114349365e-01 1.500705480575561523e-01
4.061631560325622559e-01 1.508403718471527100e-01
3.908070325851440430e-01 1.521983742713928223e-01
3.565775752067565918e-01 1.543620675802230835e-01
3.461339771747589111e-01 1.547722369432449341e-01
3.412457406520843506e-01 1.549222022294998169e-01
3.304164111614227295e-01 1.551567167043685913e-01
3.200143873691558838e-01 1.552518755197525024e-01
3.091359138488769531e-01 1.552106142044067383e-01
2.972605228424072266e-01 1.549954116344451904e-01
2.762294411659240723e-01 1.541569828987121582e-01
2.693101465702056885e-01 1.537474393844604492e-01
2.363149821758270264e-01 1.508120745420455933e-01
2.243141084909439087e-01 1.493125706911087036e-01
2.124865204095840454e-01 1.475903987884521484e-01
2.063266932964324951e-01 1.465927213430404663e-01
1.858170926570892334e-01 1.427407711744308472e-01
1.817464828491210938e-01 1.418738067150115967e-01
1.713752448558807373e-01 1.395016163587570190e-01
1.525355428457260132e-01 1.345492005348205566e-01
1.468492895364761353e-01 1.328787952661514282e-01
1.413869708776473999e-01 1.311919987201690674e-01
1.338542550802230835e-01 1.287276446819305420e-01
1.260654777288436890e-01 1.260018199682235718e-01
1.064793244004249573e-01 1.182671636343002319e-01
9.091893583536148071e-02 1.110977828502655029e-01
8.464073389768600464e-02 1.079099401831626892e-01
7.613322883844375610e-02 1.032864525914192200e-01
6.893630325794219971e-02 9.907615184783935547e-02
6.055717542767524719e-02 9.378883242607116699e-02
5.379155650734901428e-02 8.918138593435287476e-02
4.787676408886909485e-02 8.487538248300552368e-02
4.432804882526397705e-02 8.215468376874923706e-02
3.011952899396419525e-02 7.004324346780776978e-02
2.020571380853652954e-02 6.013110652565956116e-02
1.756596565246582031e-02 5.722701177000999451e-02
1.284772064536809921e-02 5.168884992599487305e-02
1.007142104208469391e-02 4.818424582481384277e-02
5.861115641891956329e-03 4.243138432502746582e-02
2.248691860586404800e-03 3.694415837526321411e-02
-4.151750821620225906e-03 2.506090328097343445e-02
-6.641224492341279984e-03 1.880601607263088226e-02
-8.214331232011318207e-03 1.334240846335887909e-02
-9.018095210194587708e-03 8.675497956573963165e-03
-9.158854372799396515e-03 7.059420458972454071e-03
-9.157824330031871796e-03 3.265063278377056122e-03
-8.204713463783264160e-03 -1.957107800990343094e-03
-7.598754484206438065e-03 -3.632591571658849716e-03
-5.952202249318361282e-03 -6.762955337762832642e-03
-5.028457380831241608e-03 -8.064162917435169220e-03
5.047096055932343006e-04 -1.313989795744419098e-02
4.717882722616195679e-03 -1.554006058722734451e-02
1.823299936950206757e-02 -2.004624530673027039e-02
2.604247443377971649e-02 -2.157624438405036926e-02
3.307700902223587036e-02 -2.260290831327438354e-02
4.374577477574348450e-02 -2.375250682234764099e-02
6.083141639828681946e-02 -2.498123422265052795e-02
7.275355607271194458e-02 -2.557800710201263428e-02
8.478597551584243774e-02 -2.605009078979492188e-02
1.066701486706733704e-01 -2.670237049460411072e-02
1.166120916604995728e-01 -2.694089524447917938e-02
1.262347102165222168e-01 -2.714732289314270020e-02
1.310127824544906616e-01 -2.724222093820571899e-02
1.445949077606201172e-01 -2.748824283480644226e-02
1.547276079654693604e-01 -2.765143848955631256e-02
1.670495271682739258e-01 -2.782891690731048584e-02
1.738744676113128662e-01 -2.791788801550865173e-02
1.815943568944931030e-01 -2.801079116761684418e-02
1.936170756816864014e-01 -2.813948504626750946e-02
2.064291089773178101e-01 -2.825553156435489655e-02
2.167835235595703125e-01 -2.833353914320468903e-02
2.255064547061920166e-01 -2.838836424052715302e-02
2.408211976289749146e-01 -2.846051193773746490e-02
2.584730982780456543e-01 -2.850569039583206177e-02
2.666891217231750488e-01 -2.851291932165622711e-02
2.757667899131774902e-01 -2.851076796650886536e-02
2.936585247516632080e-01 -2.847577631473541260e-02
3.011835217475891113e-01 -2.844905108213424683e-02
3.092409074306488037e-01 -2.841268479824066162e-02
3.267489373683929443e-01 -2.830670028924942017e-02
3.421403765678405762e-01 -2.818408235907554626e-02
3.636420071125030518e-01 -2.796937711536884308e-02
3.685346841812133789e-01 -2.791385725140571594e-02
3.824873566627502441e-01 -2.774285338819026947e-02
3.877047896385192871e-01 -2.767430804669857025e-02
3.977853059768676758e-01 -2.753528207540512085e-02
4.418183863162994385e-01 -2.684265002608299255e-02
4.495542645454406738e-01 -2.670997008681297302e-02
4.552801847457885742e-01 -2.661033347249031067e-02
4.622178971767425537e-01 -2.648825570940971375e-02
4.755876064300537109e-01 -2.625011652708053589e-02
4.875389337539672852e-01 -2.603582851588726044e-02
4.993615746498107910e-01 -2.582458406686782837e-02
5.141081213951110840e-01 -2.556523121893405914e-02
5.223275423049926758e-01 -2.542406693100929260e-02
5.317467451095581055e-01 -2.526645176112651825e-02
5.398941040039062500e-01 -2.513450011610984802e-02
5.534283518791198730e-01 -2.492626197636127472e-02
5.596045851707458496e-01 -2.483648806810379028e-02
5.839655399322509766e-01 -2.452089264988899231e-02
5.901995897293090820e-01 -2.445118874311447144e-02
6.027945876121520996e-01 -2.432551048696041107e-02
6.099516749382019043e-01 -2.426347136497497559e-02
6.191813349723815918e-01 -2.419373020529747009e-02
6.323413848876953125e-01 -2.411435544490814209e-02
6.414614319801330566e-01 -2.407287620007991791e-02
6.554802656173706055e-01 -2.402936108410358429e-02
6.772244572639465332e-01 -2.400322631001472473e-02
6.808065176010131836e-01 -2.400274574756622314e-02
6.919399499893188477e-01 -2.400601655244827271e-02
6.961894631385803223e-01 -2.400865964591503143e-02
7.111491560935974121e-01 -2.402008511126041412e-02
7.270042896270751953e-01 -2.402712777256965637e-02
7.390316128730773926e-01 -2.402111142873764038e-02
7.522653937339782715e-01 -2.399505116045475006e-02
7.714284062385559082e-01 -2.390408702194690704e-02
7.828919887542724609e-01 -2.380958199501037598e-02
7.909432053565979004e-01 -2.372119762003421783e-02
8.017286062240600586e-01 -2.357002906501293182e-02
8.105911612510681152e-01 -2.341419085860252380e-02
8.167265057563781738e-01 -2.328779920935630798e-02
8.260930776596069336e-01 -2.306275069713592529e-02
8.335692882537841797e-01 -2.285279892385005951e-02
8.485551476478576660e-01 -2.234070003032684326e-02
8.547931909561157227e-01 -2.208760753273963928e-02
8.724607825279235840e-01 -2.122261188924312592e-02
8.818956613540649414e-01 -2.065769210457801819e-02
8.889385461807250977e-01 -2.018164657056331635e-02
8.964233994483947754e-01 -1.961844600737094879e-02
9.161433577537536621e-01 -1.779088750481605530e-02
9.236868023872375488e-01 -1.692665740847587585e-02
9.365195631980895996e-01 -1.517007965594530106e-02
9.413092136383056641e-01 -1.439740229398012161e-02
9.535663127899169922e-01 -1.201506704092025757e-02
9.596559405326843262e-01 -1.053968444466590881e-02
9.674140810966491699e-01 -8.267966099083423615e-03
9.707102179527282715e-01 -7.145822048187255859e-03
9.720450639724731445e-01 -6.663733161985874176e-03
9.734661579132080078e-01 -6.133639253675937653e-03
