9.685252904891967773e-01 -2.128284890204668045e-03
9.677406549453735352e-01 -2.013704506680369377e-03
9.657537341117858887e-01 -1.710814307443797588e-03
9.626423120498657227e-01 -1.209140871651470661e-03
9.574289321899414062e-01 -3.162795910611748695e-04
9.453390240669250488e-01 1.921497052535414696e-03
9.279438853263854980e-01 5.417509470134973526e-03
9.175631999969482422e-01 7.620738353580236435e-03
9.063943624496459961e-01 1.007228344678878784e-02
8.977878689765930176e-01 1.201281510293483734e-02
8.825320601463317871e-01 1.555120665580034256e-02
8.763009309768676758e-01 1.702991127967834473e-02
8.692234158515930176e-01 1.873116753995418549e-02
8.609772920608520508e-01 2.074099332094192505e-02
8.473871350288391113e-01 2.411382272839546204e-02
8.408780694007873535e-01 2.575398422777652740e-02
8.240808248519897461e-01 3.005378507077693939e-02
8.140067458152770996e-01 3.267452493309974670e-02
8.011888265609741211e-01 3.604922443628311157e-02
7.938414216041564941e-01 3.800172731280326843e-02
7.750685214996337891e-01 4.304100945591926575e-02
7.633630037307739258e-01 4.621328040957450867e-02
7.504110932350158691e-01 4.974334686994552612e-02
7.450233101844787598e-01 5.121649801731109619e-02
7.319637537002563477e-01 5.479480698704719543e-02
7.281666398048400879e-01 5.583645030856132507e-02
7.081871032714843750e-01 6.131815165281295776e-02
6.942706704139709473e-01 6.512774527072906494e-02
6.821184754371643066e-01 6.844133883714675903e-02
6.732848882675170898e-01 7.083915174007415771e-02
6.667516827583312988e-01 7.260539382696151733e-02
6.509472727775573730e-01 7.684733718633651733e-02
6.437918543815612793e-01 7.875143736600875854e-02
6.255105733871459961e-01 8.356066793203353882e-02
6.043342351913452148e-01 8.901488035917282104e-02
5.972384810447692871e-01 9.081044048070907593e-02
5.874053835868835449e-01 9.326953440904617310e-02
5.792405009269714355e-01 9.528420120477676392e-02
5.535479784011840820e-01 1.014467403292655945e-01
5.473153591156005859e-01 1.028981059789657593e-01
5.384785532951354980e-01 1.049245074391365051e-01
5.293655395507812500e-01 1.069742143154144287e-01
5.143160223960876465e-01 1.102653145790100098e-01
4.966038465499877930e-01 1.139791384339332581e-01
4.869285821914672852e-01 1.159303560853004456e-01
4.771063923835754395e-01 1.178522333502769470e-01
4.538567066192626953e-01 1.221502125263214111e-01
4.440206289291381836e-01 1.238559633493423462e-01
4.359450340270996094e-01 1.252035200595855713e-01
4.107983112335205078e-01 1.290769129991531372e-01
4.042931497097015381e-01 1.299950033426284790e-01
3.987459540367126465e-01 1.307492703199386597e-01
3.907085955142974854e-01 1.317943334579467773e-01
3.770467638969421387e-01 1.334358006715774536e-01
3.570325076580047607e-01 1.355163305997848511e-01
3.511405587196350098e-01 1.360514312982559204e-01
3.380822241306304932e-01 1.371051669120788574e-01
3.308062851428985596e-01 1.376103609800338745e-01
3.281873762607574463e-01 1.377773582935333252e-01
3.058288693428039551e-01 1.388695091009140015e-01
2.895402610301971436e-01 1.392660439014434814e-01
2.853188216686248779e-01 1.393105536699295044e-01
2.776137292385101318e-01 1.393271088600158691e-01
2.690429687500000000e-01 1.392445564270019531e-01
2.587246894836425781e-01 1.389982700347900391e-01
2.367525249719619751e-01 1.379044353961944580e-01
2.211755961179733276e-01 1.366224288940429688e-01
2.105731666088104248e-01 1.354899555444717407e-01
2.016484886407852173e-01 1.343635767698287964e-01
1.935467272996902466e-01 1.331973522901535034e-01
1.860564947128295898e-01 1.319921463727951050e-01
1.672055870294570923e-01 1.283835619688034058e-01
1.573289930820465088e-01 1.261409372091293335e-01
1.496465951204299927e-01 1.242170035839080811e-01
1.378594189882278442e-01 1.209409087896347046e-01
1.234829425811767578e-01 1.163744404911994934e-01
1.205052956938743591e-01 1.153450682759284973e-01
1.128796562552452087e-01 1.125706359744071960e-01
9.941139817237854004e-02 1.071555688977241516e-01
9.312558174133300781e-02 1.043873578310012817e-01
8.730573952198028564e-02 1.016782298684120178e-01
7.646892219781875610e-02 9.623418748378753662e-02
5.818232893943786621e-02 8.573195338249206543e-02
5.285308882594108582e-02 8.232039958238601685e-02
4.628419503569602966e-02 7.786890119314193726e-02
3.872336819767951965e-02 7.237451523542404175e-02
2.641344070434570312e-02 6.243320181965827942e-02
2.186284214258193970e-02 5.838360264897346497e-02
1.735501177608966827e-02 5.412885546684265137e-02
1.234622579067945480e-02 4.906471446156501770e-02
9.125013835728168488e-03 4.558274149894714355e-02
6.243479903787374496e-03 4.228671267628669739e-02
-6.423257582355290651e-05 3.427757695317268372e-02
-4.350237548351287842e-03 2.789621241390705109e-02
-7.455307058990001678e-03 2.242661081254482269e-02
-9.645358659327030182e-03 1.776308007538318634e-02
-1.149826310575008392e-02 1.266594883054494858e-02
-1.256215292960405350e-02 8.359931409358978271e-03
-1.312698703259229660e-02 1.933617750182747841e-03
-1.267860643565654755e-02 -2.290059113875031471e-03
-1.193734817206859589e-02 -5.087130237370729446e-03
-9.093940258026123047e-03 -1.067167427390813828e-02
-8.222802542150020599e-03 -1.182803325355052948e-02
-5.303444340825080872e-03 -1.489593181759119034e-02
4.477640031836926937e-04 -1.901452988386154175e-02
4.793455824255943298e-03 -2.123436518013477325e-02
1.467996649444103241e-02 -2.478163316845893860e-02
1.723839342594146729e-02 -2.547466754913330078e-02
3.536369651556015015e-02 -2.884048782289028168e-02
4.702873900532722473e-02 -3.008376620709896088e-02
6.485544890165328979e-02 -3.116906434297561646e-02
8.009621500968933105e-02 -3.157448768615722656e-02
9.617038071155548096e-02 -3.164706379175186157e-02
1.008292660117149353e-01 -3.161541745066642761e-02
1.098491474986076355e-01 -3.149894624948501587e-02
1.253858506679534912e-01 -3.115555644035339355e-02
1.424230784177780151e-01 -3.061690367758274078e-02
1.556237041950225830e-01 -3.011047281324863434e-02
1.671032905578613281e-01 -2.962050400674343109e-02
1.734710633754730225e-01 -2.933214418590068817e-02
1.840159595012664795e-01 -2.883267961442470551e-02
1.883168667554855347e-01 -2.862206287682056427e-02
2.095050811767578125e-01 -2.753773145377635956e-02
2.158178091049194336e-01 -2.720254100859165192e-02
2.303201109170913696e-01 -2.641704678535461426e-02
2.359898239374160767e-01 -2.610525861382484436e-02
2.459921091794967651e-01 -2.555040270090103149e-02
2.525208592414855957e-01 -2.518564462661743164e-02
2.625053524971008301e-01 -2.462510764598846436e-02
2.716311514377593994e-01 -2.411100268363952637e-02
2.809565365314483643e-01 -2.358505316078662872e-02
2.955557405948638916e-01 -2.276276424527168274e-02
3.096362352371215820e-01 -2.197376079857349396e-02
3.186229169368743896e-01 -2.147352695465087891e-02
3.501089513301849365e-01 -1.975106634199619293e-02
3.623024225234985352e-01 -1.909993402659893036e-02
3.737871348857879639e-01 -1.849635690450668335e-02
3.799810409545898438e-01 -1.817505434155464172e-02
3.881849050521850586e-01 -1.775428280234336853e-02
3.949103355407714844e-01 -1.741361990571022034e-02
4.006835520267486572e-01 -1.712436042726039886e-02
4.125534296035766602e-01 -1.653927564620971680e-02
4.239262342453002930e-01 -1.599141396582126617e-02
4.344383776187896729e-01 -1.549664139747619629e-02
4.526061415672302246e-01 -1.466928701847791672e-02
4.683997631072998047e-01 -1.398021075874567032e-02
4.781157374382019043e-01 -1.357094943523406982e-02
4.947040975093841553e-01 -1.289919111877679825e-02
5.014774203300476074e-01 -1.263503450900316238e-02
5.033900141716003418e-01 -1.256153173744678497e-02
5.129005908966064453e-01 -1.220331341028213501e-02
5.215193629264831543e-01 -1.188934035599231720e-02
5.256476998329162598e-01 -1.174261979758739471e-02
5.403489470481872559e-01 -1.123990584164857864e-02
5.594484210014343262e-01 -1.063444651663303375e-02
5.675039887428283691e-01 -1.039576902985572815e-02
5.777443051338195801e-01 -1.010702736675739288e-02
5.857949852943420410e-01 -9.891725145280361176e-03
5.961068272590637207e-01 -9.631200693547725677e-03
6.081849932670593262e-01 -9.348051622509956360e-03
6.153480410575866699e-01 -9.191405028104782104e-03
6.361819505691528320e-01 -8.783504366874694824e-03
6.567930579185485840e-01 -8.448873646557331085e-03
6.674064993858337402e-01 -8.302508853375911713e-03
6.823346614837646484e-01 -8.125242777168750763e-03
6.876935958862304688e-01 -8.069464936852455139e-03
7.001245617866516113e-01 -7.955335080623626709e-03
7.141746282577514648e-01 -7.850630208849906921e-03
7.226052284240722656e-01 -7.799360901117324829e-03
7.381964921951293945e-01 -7.725475355982780457e-03
7.508864998817443848e-01 -7.683532312512397766e-03
7.568797469139099121e-01 -7.668837904930114746e-03
7.605616450309753418e-01 -7.661318406462669373e-03
7.691736817359924316e-01 -7.647911086678504944e-03
7.780574560165405273e-01 -7.639709394425153732e-03
7.813412547111511230e-01 -7.637990172952413559e-03
8.046162128448486328e-01 -7.642596494406461716e-03
8.106147646903991699e-01 -7.647592108696699142e-03
8.284997940063476562e-01 -7.668205536901950836e-03
8.387296199798583984e-01 -7.681993301957845688e-03
8.507764339447021484e-01 -7.697891909629106522e-03
8.605626821517944336e-01 -7.708975579589605331e-03
8.769214749336242676e-01 -7.719572633504867554e-03
8.933729529380798340e-01 -7.712895050644874573e-03
9.072842001914978027e-01 -7.685533724725246429e-03
9.260497689247131348e-01 -7.598821073770523071e-03
9.401597976684570312e-01 -7.474794983863830566e-03
9.510430097579956055e-01 -7.324744481593370438e-03
9.615210294723510742e-01 -7.110785227268934250e-03
9.659175276756286621e-01 -6.991683039814233780e-03
9.672377705574035645e-01 -6.951556075364351273e-03
9.685889482498168945e-01 -6.908150389790534973e-03
