9.626179933547973633e-01 1.859892159700393677e-03
9.620370268821716309e-01 2.041906584054231644e-03
9.571349620819091797e-01 3.456093138083815575e-03
9.513869285583496094e-01 4.919153638184070587e-03
9.335667490959167480e-01 8.749282918870449066e-03
9.248964786529541016e-01 1.039237622171640396e-02
9.148088097572326660e-01 1.219427213072776794e-02
9.086055755615234375e-01 1.325744017958641052e-02
9.003185033798217773e-01 1.463533751666545868e-02
8.897318840026855469e-01 1.633779704570770264e-02
8.752648234367370605e-01 1.858118362724781036e-02
8.690243363380432129e-01 1.952433586120605469e-02
8.513798117637634277e-01 2.212476544082164764e-02
8.445033431053161621e-01 2.311464585363864899e-02
8.382560014724731445e-01 2.400359697639942169e-02
8.347540497779846191e-01 2.449774183332920074e-02
8.225411176681518555e-01 2.619862556457519531e-02
8.112634420394897461e-01 2.773943543434143066e-02
8.030306100845336914e-01 2.884662523865699768e-02
7.993886470794677734e-01 2.933168970048427582e-02
7.862302660942077637e-01 3.106007725000381470e-02
7.707397341728210449e-01 3.304566442966461182e-02
7.490479350090026855e-01 3.573310747742652893e-02
7.397035956382751465e-01 3.685574606060981750e-02
7.270852327346801758e-01 3.833656013011932373e-02
7.218117117881774902e-01 3.894306719303131104e-02
7.103932499885559082e-01 4.023055359721183777e-02
7.033526897430419922e-01 4.100639373064041138e-02
6.962237358093261719e-01 4.177758470177650452e-02
6.855013370513916016e-01 4.290961474180221558e-02
6.758610606193542480e-01 4.389810189604759216e-02
6.636813879013061523e-01 4.510620236396789551e-02
6.494717001914978027e-01 4.645675793290138245e-02
6.427291631698608398e-01 4.707499220967292786e-02
6.234655976295471191e-01 4.875933378934860229e-02
6.162415146827697754e-01 4.935928806662559509e-02
6.034754514694213867e-01 5.037678405642509460e-02
5.925046205520629883e-01 5.120725929737091064e-02
5.786897540092468262e-01 5.219493061304092407e-02
5.701521039009094238e-01 5.277280882000923157e-02
5.527881979942321777e-01 5.387134477496147156e-02
5.450374484062194824e-01 5.432849749922752380e-02
5.279621481895446777e-01 5.526323989033699036e-02
5.229336619377136230e-01 5.551959201693534851e-02
5.053724646568298340e-01 5.634728819131851196e-02
5.001307129859924316e-01 5.657400935888290405e-02
4.868360757827758789e-01 5.710722133517265320e-02
4.786429405212402344e-01 5.740593746304512024e-02
4.596708714962005615e-01 5.801011994481086731e-02
4.520702660083770752e-01 5.821783468127250671e-02
4.397936761379241943e-01 5.851168558001518250e-02
4.363592863082885742e-01 5.858464539051055908e-02
4.266504645347595215e-01 5.876903608441352844e-02
4.194284975528717041e-01 5.888508632779121399e-02
4.082157909870147705e-01 5.902944505214691162e-02
3.995209336280822754e-01 5.911110341548919678e-02
3.835469484329223633e-01 5.919142812490463257e-02
3.669089972972869873e-01 5.917745828628540039e-02
3.575503528118133545e-01 5.912488698959350586e-02
3.499827682971954346e-01 5.905839428305625916e-02
3.355469703674316406e-01 5.887075886130332947e-02
3.252851963043212891e-01 5.868770182132720947e-02
3.141617476940155029e-01 5.844127386808395386e-02
3.030619025230407715e-01 5.814403295516967773e-02
2.968406975269317627e-01 5.795432999730110168e-02
2.889342904090881348e-01 5.768864601850509644e-02
2.746047079563140869e-01 5.713449791073799133e-02
2.724107503890991211e-01 5.704112723469734192e-02
2.617070078849792480e-01 5.655189976096153259e-02
2.545830309391021729e-01 5.619438737630844116e-02
2.418928295373916626e-01 5.549127981066703796e-02
2.195543348789215088e-01 5.403194576501846313e-02
2.126012891530990601e-01 5.351537093520164490e-02
1.938996016979217529e-01 5.196372792124748230e-02
1.776127070188522339e-01 5.040028318762779236e-02
1.661943346261978149e-01 4.917199909687042236e-02
1.400752365589141846e-01 4.588525742292404175e-02
1.285922527313232422e-01 4.419542476534843445e-02
1.153281703591346741e-01 4.202206060290336609e-02
1.038626134395599365e-01 3.992370143532752991e-02
9.511925280094146729e-02 3.816636279225349426e-02
9.056215733289718628e-02 3.719029575586318970e-02
7.771142572164535522e-02 3.418581560254096985e-02
7.157083600759506226e-02 3.260162100195884705e-02
6.349061429500579834e-02 3.034652955830097198e-02
5.265538394451141357e-02 2.696477063000202179e-02
4.288359731435775757e-02 2.347906492650508881e-02
3.630840405821800232e-02 2.083687484264373779e-02
2.722162939608097076e-02 1.665535941720008850e-02
2.193058282136917114e-02 1.382529921829700470e-02
1.783015020191669464e-02 1.133366767317056656e-02
1.500806026160717010e-02 9.397519752383232117e-03
1.195196527987718582e-02 6.982441991567611694e-03
8.327570743858814240e-03 3.233902622014284134e-03
6.935880519449710846e-03 1.033026026561856270e-03
6.477701477706432343e-03 -8.194490510504692793e-05
6.206424441188573837e-03 -1.222902326844632626e-03
6.153737660497426987e-03 -2.219189424067735672e-03
6.246910430490970612e-03 -2.995847724378108978e-03
6.558639928698539734e-03 -3.984384238719940186e-03
7.724710740149021149e-03 -5.707906559109687805e-03
9.176334366202354431e-03 -6.941277533769607544e-03
1.072968915104866028e-02 -7.877829484641551971e-03
1.361398119479417801e-02 -9.128056466579437256e-03
1.849000342190265656e-02 -1.053753774613142014e-02
2.510147355496883392e-02 -1.176301762461662292e-02
3.082080930471420288e-02 -1.247630454599857330e-02
4.403137415647506714e-02 -1.344979368150234222e-02
5.951201543211936951e-02 -1.391629222780466080e-02
6.937950849533081055e-02 -1.398603990674018860e-02
7.576909661293029785e-02 -1.396363880485296249e-02
8.466044813394546509e-02 -1.386159285902976990e-02
9.604681283235549927e-02 -1.363290846347808838e-02
1.049994453787803650e-01 -1.339046657085418701e-02
1.095483973622322083e-01 -1.324947178363800049e-02
1.258168965578079224e-01 -1.266423612833023071e-02
1.313424855470657349e-01 -1.244119182229042053e-02
1.415392905473709106e-01 -1.200353167951107025e-02
1.468081474304199219e-01 -1.176594570279121399e-02
1.582442224025726318e-01 -1.122827548533678055e-02
1.681050211191177368e-01 -1.074517983943223953e-02
1.783053278923034668e-01 -1.023134216666221619e-02
1.912403702735900879e-01 -9.565690532326698303e-03
1.966440677642822266e-01 -9.284658357501029968e-03
2.024174332618713379e-01 -8.983341045677661896e-03
2.107532620429992676e-01 -8.547529578208923340e-03
2.378586679697036743e-01 -7.142119109630584717e-03
2.437792420387268066e-01 -6.840795278549194336e-03
2.542327344417572021e-01 -6.316373124718666077e-03
2.620037794113159180e-01 -5.933888256549835205e-03
2.736239433288574219e-01 -5.375617183744907379e-03
2.811217308044433594e-01 -5.025125574320554733e-03
2.899817228317260742e-01 -4.621768835932016373e-03
3.110932409763336182e-01 -3.713052021339535713e-03
3.196460604667663574e-01 -3.367846598848700523e-03
3.246170878410339355e-01 -3.173708217218518257e-03
3.391481041908264160e-01 -2.634849399328231812e-03
3.456744849681854248e-01 -2.407252555713057518e-03
3.555881679058074951e-01 -2.079305471852421761e-03
3.683352470397949219e-01 -1.690184348262846470e-03
3.759565055370330811e-01 -1.475533121265470982e-03
3.869954347610473633e-01 -1.189152710139751434e-03
3.957837224006652832e-01 -9.822882711887359619e-04
4.087593555450439453e-01 -7.117774221114814281e-04
4.222376346588134766e-01 -4.755349364131689072e-04
4.280544519424438477e-01 -3.877993149217218161e-04
4.444270431995391846e-01 -1.871250278782099485e-04
4.571525752544403076e-01 -7.824436033843085170e-05
4.771868288516998291e-01 1.081482241716003045e-05
4.822794795036315918e-01 1.771815732354298234e-05
4.936908185482025146e-01 1.072447230399120599e-05
4.997311830520629883e-01 -5.246917680779006332e-06
5.172023773193359375e-01 -9.689173748483881354e-05
5.330431461334228516e-01 -2.341050567338243127e-04
5.451930761337280273e-01 -3.703300899360328913e-04
5.536104440689086914e-01 -4.785883938893675804e-04
5.705511569976806641e-01 -7.253043004311621189e-04
5.923449397087097168e-01 -1.083632581867277622e-03
6.021085977554321289e-01 -1.252635847777128220e-03
6.189281940460205078e-01 -1.546051003970205784e-03
6.330392956733703613e-01 -1.786016509868204594e-03
6.418730020523071289e-01 -1.929591409862041473e-03
6.574429869651794434e-01 -2.163671655580401421e-03
6.692299842834472656e-01 -2.319969004020094872e-03
6.800448894500732422e-01 -2.444064011797308922e-03
6.895505785942077637e-01 -2.535908017307519913e-03
7.041341066360473633e-01 -2.642250619828701019e-03
7.142156958580017090e-01 -2.689558314159512520e-03
7.201046943664550781e-01 -2.706851111724972725e-03
7.328241467475891113e-01 -2.717530354857444763e-03
7.477458715438842773e-01 -2.683127066120505333e-03
7.669339179992675781e-01 -2.565549919381737709e-03
7.749966382980346680e-01 -2.492538187652826309e-03
7.842205762863159180e-01 -2.392918104305863380e-03
7.961373925209045410e-01 -2.240571193397045135e-03
8.076981902122497559e-01 -2.070004120469093323e-03
8.165174126625061035e-01 -1.926952973008155823e-03
8.286908864974975586e-01 -1.714866375550627708e-03
8.456820845603942871e-01 -1.401086803525686264e-03
8.512261509895324707e-01 -1.297203823924064636e-03
8.643994927406311035e-01 -1.054990221746265888e-03
8.732920885086059570e-01 -9.010436479002237320e-04
8.849337100982666016e-01 -7.220334373414516449e-04
8.912301659584045410e-01 -6.410591886378824711e-04
8.976582884788513184e-01 -5.740961642004549503e-04
9.064045548439025879e-01 -5.160542204976081848e-04
9.156258106231689453e-01 -5.096309469081461430e-04
9.259937405586242676e-01 -5.945846205577254295e-04
9.383757710456848145e-01 -8.771417778916656971e-04
9.557198286056518555e-01 -1.761583494953811169e-03
9.572676420211791992e-01 -1.874149427749216557e-03
9.629641175270080566e-01 -2.333789831027388573e-03
