9.674178361892700195e-01 -4.130264278501272202e-03
9.669710993766784668e-01 -4.036138765513896942e-03
9.648573398590087891e-01 -3.600648604333400726e-03
9.574433565139770508e-01 -2.157965674996376038e-03
9.438143372535705566e-01 3.365434822626411915e-04
9.340751767158508301e-01 2.072533825412392616e-03
9.240133762359619141e-01 3.853826550766825676e-03
9.200007319450378418e-01 4.563482012599706650e-03
9.139980077743530273e-01 5.625789519399404526e-03
9.079622030258178711e-01 6.695759482681751251e-03
8.979958295822143555e-01 8.468240499496459961e-03
8.921111226081848145e-01 9.518832899630069733e-03
8.801953792572021484e-01 1.165629178285598755e-02
8.670809268951416016e-01 1.402482949197292328e-02
8.532124757766723633e-01 1.654705405235290527e-02
8.495774865150451660e-01 1.721087284386157990e-02
8.307318091392517090e-01 2.066765911877155304e-02
8.252615928649902344e-01 2.167495526373386383e-02
8.165420889854431152e-01 2.328326180577278137e-02
8.124478459358215332e-01 2.403928525745868683e-02
7.856048345565795898e-01 2.899842336773872375e-02
7.743948698043823242e-01 3.106408193707466125e-02
7.659742832183837891e-01 3.261064365506172180e-02
7.596828937530517578e-01 3.376216441392898560e-02
7.504320740699768066e-01 3.544770181179046631e-02
7.373592257499694824e-01 3.780988231301307678e-02
7.218559980392456055e-01 4.057275131344795227e-02
7.178491353988647461e-01 4.127867892384529114e-02
7.003560662269592285e-01 4.431395605206489563e-02
6.908289790153503418e-01 4.593070223927497864e-02
6.808250546455383301e-01 4.759699851274490356e-02
6.672092080116271973e-01 4.980757087469100952e-02
6.546388864517211914e-01 5.178398638963699341e-02
6.464793086051940918e-01 5.303104221820831299e-02
6.325624585151672363e-01 5.508862435817718506e-02
6.279047727584838867e-01 5.575685203075408936e-02
6.090567111968994141e-01 5.835130438208580017e-02
5.817375183105468750e-01 6.178430095314979553e-02
5.750110745429992676e-01 6.256808340549468994e-02
5.690714120864868164e-01 6.323964893817901611e-02
5.625749826431274414e-01 6.395202875137329102e-02
5.512179136276245117e-01 6.514166295528411865e-02
5.343974828720092773e-01 6.677307933568954468e-02
5.284348130226135254e-01 6.731407344341278076e-02
5.173407196998596191e-01 6.826880574226379395e-02
5.128498673439025879e-01 6.863617897033691406e-02
4.993906617164611816e-01 6.967157870531082153e-02
4.830715656280517578e-01 7.079590111970901489e-02
4.581910073757171631e-01 7.223609089851379395e-02
4.504685699939727783e-01 7.261625677347183228e-02
4.344761371612548828e-01 7.330327481031417847e-02
4.294233918190002441e-01 7.349221408367156982e-02
4.155599176883697510e-01 7.394115626811981201e-02
4.064678847789764404e-01 7.418007403612136841e-02
3.924754858016967773e-01 7.446121424436569214e-02
3.892694413661956787e-01 7.451076805591583252e-02
3.608954846858978271e-01 7.470303773880004883e-02
3.558481931686401367e-01 7.469005882740020752e-02
3.446742892265319824e-01 7.460930943489074707e-02
3.308413922786712646e-01 7.440789788961410522e-02
3.213514089584350586e-01 7.420296221971511841e-02
3.125647604465484619e-01 7.396341860294342041e-02
3.060319125652313232e-01 7.375353574752807617e-02
2.900783419609069824e-01 7.312317192554473877e-02
2.871700227260589600e-01 7.298970222473144531e-02
2.712552547454833984e-01 7.215386629104614258e-02
2.612407803535461426e-01 7.153289765119552612e-02
2.490133792161941528e-01 7.066981494426727295e-02
2.323305904865264893e-01 6.929510086774826050e-02
2.263189405202865601e-01 6.874081492424011230e-02
2.199420928955078125e-01 6.811711937189102173e-02
2.130593210458755493e-01 6.740120798349380493e-02
2.033544629812240601e-01 6.631328165531158447e-02
1.757410913705825806e-01 6.267222762107849121e-02
1.647973954677581787e-01 6.098369136452674866e-02
1.545650660991668701e-01 5.926556140184402466e-02
1.367518007755279541e-01 5.592422559857368469e-02
1.301429122686386108e-01 5.456189066171646118e-02
1.172615811228752136e-01 5.169727280735969543e-02
1.026682779192924500e-01 4.808513820171356201e-02
9.709311276674270630e-02 4.659182205796241760e-02
8.805957436561584473e-02 4.402584955096244812e-02
7.024357467889785767e-02 3.836365044116973877e-02
5.649166554212570190e-02 3.333245590329170227e-02
5.003934726119041443e-02 3.072442859411239624e-02
4.025732725858688354e-02 2.638982050120830536e-02
3.501573950052261353e-02 2.383275516331195831e-02
3.326905146241188049e-02 2.293626591563224792e-02
2.547312714159488678e-02 1.859347522258758545e-02
1.955186761915683746e-02 1.478151325136423111e-02
1.702943444252014160e-02 1.295309420675039291e-02
1.392116863280534744e-02 1.044253818690776825e-02
8.180275559425354004e-03 4.131207242608070374e-03
7.709331810474395752e-03 3.339982824400067329e-03
6.663415580987930298e-03 7.244582520797848701e-04
6.494208704680204391e-03 -7.927154074423015118e-04
6.579155568033456802e-03 -1.648725243285298347e-03
6.999735254794359207e-03 -2.904046326875686646e-03
7.106068544089794159e-03 -3.105404088273644447e-03
7.851844653487205505e-03 -4.127101041376590729e-03
9.291024878621101379e-03 -5.317455623298883438e-03
1.023581624031066895e-02 -5.857846699655056000e-03
1.257551461458206177e-02 -6.796412635594606400e-03
1.483503356575965881e-02 -7.389727514237165451e-03
2.090868540108203888e-02 -8.217606693506240845e-03
2.747448533773422241e-02 -8.459582924842834473e-03
3.499548137187957764e-02 -8.312586694955825806e-03
3.775889426469802856e-02 -8.187619969248771667e-03
6.943715363740921021e-02 -5.622548051178455353e-03
8.907973766326904297e-02 -3.738695057108998299e-03
9.227521717548370361e-02 -3.436023835092782974e-03
1.041563376784324646e-01 -2.335854806005954742e-03
1.196678206324577332e-01 -9.777344530448317528e-04
1.294594705104827881e-01 -1.741471205605193973e-04
1.405916213989257812e-01 6.850322824902832508e-04
1.540320962667465210e-01 1.642950344830751419e-03
1.680098921060562134e-01 2.546324627473950386e-03
1.747664809226989746e-01 2.949306508526206017e-03
1.873668134212493896e-01 3.643025876954197884e-03
2.059407681226730347e-01 4.531671293079853058e-03
2.155868113040924072e-01 4.932049196213483810e-03
2.201050966978073120e-01 5.105589050799608231e-03
2.311786562204360962e-01 5.493937060236930847e-03
2.384758293628692627e-01 5.721696186810731888e-03
2.506988346576690674e-01 6.054418161511421204e-03
2.542835175991058350e-01 6.140646990388631821e-03
2.677169144153594971e-01 6.419179029762744904e-03
2.760140895843505859e-01 6.556820590049028397e-03
2.920761406421661377e-01 6.751160603016614914e-03
3.022681176662445068e-01 6.826695986092090607e-03
3.182231783866882324e-01 6.873310077935457230e-03
3.221350312232971191e-01 6.871763616800308228e-03
3.345485329627990723e-01 6.834092084318399429e-03
3.386650681495666504e-01 6.810821592807769775e-03
3.419952988624572754e-01 6.788141094148159027e-03
3.473806679248809814e-01 6.744263228029012680e-03
3.771198689937591553e-01 6.348379887640476227e-03
3.824394643306732178e-01 6.251384504139423370e-03
3.871367871761322021e-01 6.159448530524969101e-03
3.990665674209594727e-01 5.900230258703231812e-03
4.085683524608612061e-01 5.668325349688529968e-03
4.177612364292144775e-01 5.423474591225385666e-03
4.259888827800750732e-01 5.188007373362779617e-03
4.307437837123870850e-01 5.045178811997175217e-03
4.527735114097595215e-01 4.323440603911876678e-03
4.604829251766204834e-01 4.049345385283231735e-03
4.682673215866088867e-01 3.762348322197794914e-03
4.909494221210479736e-01 2.874267520383000374e-03
5.045217275619506836e-01 2.311803400516510010e-03
5.079458355903625488e-01 2.166876802220940590e-03
5.177374482154846191e-01 1.746715395711362362e-03
5.289573073387145996e-01 1.256514922715723515e-03
5.415650010108947754e-01 6.974763236939907074e-04
5.437152981758117676e-01 6.015027174726128578e-04
5.617049336433410645e-01 -2.052334311883896589e-04
5.777899026870727539e-01 -9.269709698855876923e-04
5.881308317184448242e-01 -1.388108474202454090e-03
5.940665006637573242e-01 -1.651071361266076565e-03
6.120961904525756836e-01 -2.439082367345690727e-03
6.186924576759338379e-01 -2.722434233874082565e-03
6.274554729461669922e-01 -3.094049869105219841e-03
6.407152414321899414e-01 -3.644793527200818062e-03
6.513727903366088867e-01 -4.076403100043535233e-03
6.553213596343994141e-01 -4.233656916767358780e-03
6.795397400856018066e-01 -5.164685193449258804e-03
7.090720534324645996e-01 -6.216855719685554504e-03
7.212436795234680176e-01 -6.622435059398412704e-03
7.285977602005004883e-01 -6.859286688268184662e-03
7.345498204231262207e-01 -7.046387065201997757e-03
7.387798428535461426e-01 -7.176822517067193985e-03
7.546453475952148438e-01 -7.646968122571706772e-03
7.644853591918945312e-01 -7.923062890768051147e-03
7.754164934158325195e-01 -8.215392939746379852e-03
7.832793593406677246e-01 -8.416030555963516235e-03
7.953155040740966797e-01 -8.706942200660705566e-03
8.001748919486999512e-01 -8.818646892905235291e-03
8.237881064414978027e-01 -9.311203844845294952e-03
8.287376165390014648e-01 -9.403205476701259613e-03
8.440210223197937012e-01 -9.660243056714534760e-03
8.536368012428283691e-01 -9.799351915717124939e-03
8.643801212310791016e-01 -9.931874461472034454e-03
8.690565228462219238e-01 -9.981369599699974060e-03
8.751530647277832031e-01 -1.003784034401178360e-02
8.823276758193969727e-01 -1.009177509695291519e-02
9.019690155982971191e-01 -1.015924941748380661e-02
9.083403348922729492e-01 -1.015143748372793198e-02
9.184744358062744141e-01 -1.010242011398077011e-02
9.367513060569763184e-01 -9.870943613350391388e-03
9.495900273323059082e-01 -9.560376405715942383e-03
9.595258235931396484e-01 -9.209943003952503204e-03
9.633888602256774902e-01 -9.045163169503211975e-03
9.655571579933166504e-01 -8.945953100919723511e-03
