9.621255397796630859e-01 1.366164186038076878e-03
9.615285992622375488e-01 1.544459373690187931e-03
9.584121704101562500e-01 2.466536359861493111e-03
9.462518692016601562e-01 6.005581934005022049e-03
9.273309707641601562e-01 1.145301572978496552e-02
9.109567403793334961e-01 1.615061424672603607e-02
8.934732675552368164e-01 2.116025425493717194e-02
8.890349268913269043e-01 2.243105508387088776e-02
8.777753710746765137e-01 2.565240487456321716e-02
8.691635131835937500e-01 2.811272814869880676e-02
8.479695320129394531e-01 3.414670005440711975e-02
8.409407138824462891e-01 3.613844513893127441e-02
8.292754292488098145e-01 3.942945972084999084e-02
8.160889744758605957e-01 4.312267154455184937e-02
7.912531495094299316e-01 4.997527226805686951e-02
7.766871452331542969e-01 5.391394719481468201e-02
7.578237652778625488e-01 5.890475586056709290e-02
7.433195114135742188e-01 6.264466047286987305e-02
7.344607114791870117e-01 6.488233804702758789e-02
7.193494439125061035e-01 6.861051917076110840e-02
6.961461305618286133e-01 7.409675419330596924e-02
6.848666667938232422e-01 7.665086537599563599e-02
6.790009140968322754e-01 7.794821262359619141e-02
6.706824898719787598e-01 7.975068688392639160e-02
6.414139270782470703e-01 8.572848886251449585e-02
6.347720026969909668e-01 8.700268715620040894e-02
6.219362616539001465e-01 8.937553316354751587e-02
6.104168295860290527e-01 9.140216559171676636e-02
5.992376208305358887e-01 9.327378869056701660e-02
5.816900134086608887e-01 9.601843357086181641e-02
5.723589062690734863e-01 9.737990051507949829e-02
5.667273998260498047e-01 9.816817194223403931e-02
5.507521629333496094e-01 1.002656519412994385e-01
5.444031357765197754e-01 1.010416820645332336e-01
5.361291766166687012e-01 1.020033806562423706e-01
5.316807627677917480e-01 1.024970039725303650e-01
5.127101540565490723e-01 1.044167578220367432e-01
5.075675845146179199e-01 1.048849821090698242e-01
4.899144470691680908e-01 1.063208952546119690e-01
4.792782068252563477e-01 1.070568114519119263e-01
4.651966989040374756e-01 1.078800410032272339e-01
4.561025798320770264e-01 1.083195582032203674e-01
4.422728121280670166e-01 1.088482141494750977e-01
4.339412450790405273e-01 1.090847849845886230e-01
4.242243766784667969e-01 1.092824488878250122e-01
4.128089249134063721e-01 1.094063445925712585e-01
4.008014500141143799e-01 1.094096601009368896e-01
3.958486616611480713e-01 1.093728914856910706e-01
3.856240212917327881e-01 1.092261299490928650e-01
3.726510703563690186e-01 1.089018806815147400e-01
3.610787689685821533e-01 1.084815040230751038e-01
3.560195565223693848e-01 1.082586199045181274e-01
3.498293459415435791e-01 1.079534515738487244e-01
3.441350758075714111e-01 1.076410263776779175e-01
3.372544050216674805e-01 1.072228699922561646e-01
3.307546675205230713e-01 1.067868098616600037e-01
3.233673572540283203e-01 1.062425225973129272e-01
3.123787641525268555e-01 1.053365394473075867e-01
3.057777583599090576e-01 1.047365292906761169e-01
2.973584532737731934e-01 1.039100214838981628e-01
2.913598716259002686e-01 1.032790169119834900e-01
2.786454856395721436e-01 1.018245965242385864e-01
2.643862068653106689e-01 1.000020056962966919e-01
2.613078653812408447e-01 9.958163648843765259e-02
2.465480268001556396e-01 9.743127226829528809e-02
2.386596500873565674e-01 9.618925303220748901e-02
2.300340980291366577e-01 9.475579857826232910e-02
2.217083126306533813e-01 9.329619258642196655e-02
2.108267247676849365e-01 9.127356857061386108e-02
2.043363749980926514e-01 9.000377357006072998e-02
1.993884295225143433e-01 8.900318294763565063e-02
1.848321110010147095e-01 8.589175343513488770e-02
1.727461963891983032e-01 8.311038464307785034e-02
1.632669568061828613e-01 8.079657703638076782e-02
1.572518944740295410e-01 7.926522195339202881e-02
1.494695693254470825e-01 7.720804959535598755e-02
1.425448358058929443e-01 7.530241459608078003e-02
1.354258507490158081e-01 7.326587289571762085e-02
1.258947849273681641e-01 7.040882855653762817e-02
1.170135959982872009e-01 6.760212779045104980e-02
1.082764863967895508e-01 6.469266116619110107e-02
9.410477429628372192e-02 5.962158739566802979e-02
8.682191371917724609e-02 5.682288482785224915e-02
7.563728839159011841e-02 5.222462862730026245e-02
6.718821078538894653e-02 4.846764355897903442e-02
6.098122149705886841e-02 4.552175849676132202e-02
4.782636836171150208e-02 3.861508890986442566e-02
4.478927329182624817e-02 3.685919195413589478e-02
3.866349533200263977e-02 3.307415172457695007e-02
3.528435528278350830e-02 3.081643022596836090e-02
3.056441433727741241e-02 2.739870361983776093e-02
2.328815497457981110e-02 2.122888714075088501e-02
1.630301401019096375e-02 1.299561653286218643e-02
1.480441540479660034e-02 1.033383142203092575e-02
1.367362774908542633e-02 7.473341189324855804e-03
1.313691306859254837e-02 4.952340386807918549e-03
1.305557787418365479e-02 2.924802945926785469e-03
1.372398063540458679e-02 -4.789542872458696365e-04
1.483056694269180298e-02 -2.773218089714646339e-03
1.591303944587707520e-02 -4.313331097364425659e-03
1.895890571177005768e-02 -7.351323962211608887e-03
2.085894346237182617e-02 -8.782164193689823151e-03
2.586546167731285095e-02 -1.175167504698038101e-02
2.994246780872344971e-02 -1.368209440261125565e-02
3.883183375000953674e-02 -1.711163669824600220e-02
4.762618616223335266e-02 -1.992575637996196747e-02
5.436022579669952393e-02 -2.185777202248573303e-02
5.850942805409431458e-02 -2.298178710043430328e-02
6.637386232614517212e-02 -2.500813268125057220e-02
7.021906226873397827e-02 -2.595864050090312958e-02
7.919278740882873535e-02 -2.809485048055648804e-02
9.194533526897430420e-02 -3.096925094723701477e-02
9.865123778581619263e-02 -3.241607546806335449e-02
1.143497228622436523e-01 -3.564666956663131714e-02
1.366145163774490356e-01 -3.987120464444160461e-02
1.587758064270019531e-01 -4.366408661007881165e-02
1.646194308996200562e-01 -4.459520801901817322e-02
1.764718443155288696e-01 -4.639472812414169312e-02
1.886334419250488281e-01 -4.811689630150794983e-02
1.956678926944732666e-01 -4.905550554394721985e-02
2.158530056476593018e-01 -5.151522159576416016e-02
2.238629162311553955e-01 -5.239566043019294739e-02
2.311104238033294678e-01 -5.314575135707855225e-02
2.440829128026962280e-01 -5.437852069735527039e-02
2.602689266204833984e-01 -5.572073906660079956e-02
2.671122550964355469e-01 -5.622334405779838562e-02
2.806607782840728760e-01 -5.710578709840774536e-02
2.871022224426269531e-01 -5.747318640351295471e-02
2.992249131202697754e-01 -5.807422846555709839e-02
3.040493428707122803e-01 -5.828076601028442383e-02
3.158828616142272949e-01 -5.870920047163963318e-02
3.233031630516052246e-01 -5.892151594161987305e-02
3.381861150264739990e-01 -5.921734496951103210e-02
3.449590802192687988e-01 -5.929487943649291992e-02
3.563017845153808594e-01 -5.934521928429603577e-02
3.656011819839477539e-01 -5.931256338953971863e-02
3.730442821979522705e-01 -5.923860892653465271e-02
3.785905241966247559e-01 -5.915598198771476746e-02
3.895252048969268799e-01 -5.892435461282730103e-02
3.988137543201446533e-01 -5.865624547004699707e-02
4.105819165706634521e-01 -5.822268500924110413e-02
4.193580150604248047e-01 -5.783130601048469543e-02
4.329192340373992920e-01 -5.711247771978378296e-02
4.402843117713928223e-01 -5.666426569223403931e-02
4.521347880363464355e-01 -5.585797503590583801e-02
4.593610167503356934e-01 -5.531496182084083557e-02
4.646557569503784180e-01 -5.489247292280197144e-02
4.759482145309448242e-01 -5.392219871282577515e-02
4.855004251003265381e-01 -5.302831903100013733e-02
5.024230480194091797e-01 -5.128207802772521973e-02
5.093343853950500488e-01 -5.050989240407943726e-02
5.159433484077453613e-01 -4.973999410867691040e-02
5.279526114463806152e-01 -4.826357215642929077e-02
5.308291316032409668e-01 -4.789534956216812134e-02
5.416945219039916992e-01 -4.645503684878349304e-02
5.503225922584533691e-01 -4.525705426931381226e-02
5.592277050018310547e-01 -4.397238790988922119e-02
5.730686783790588379e-01 -4.188421368598937988e-02
5.857487916946411133e-01 -3.988197073340415955e-02
5.929846167564392090e-01 -3.870533034205436707e-02
5.999211072921752930e-01 -3.755670785903930664e-02
6.161510348320007324e-01 -3.480318561196327209e-02
6.230125427246093750e-01 -3.361727297306060791e-02
6.271377801895141602e-01 -3.289971128106117249e-02
6.376404166221618652e-01 -3.106235153973102570e-02
6.467347145080566406e-01 -2.946561016142368317e-02
6.603552103042602539e-01 -2.708052098751068115e-02
6.716178655624389648e-01 -2.512939460575580597e-02
6.836709380149841309e-01 -2.307876385748386383e-02
6.939985156059265137e-01 -2.136397175490856171e-02
7.154228687286376953e-01 -1.796972192823886871e-02
7.247295975685119629e-01 -1.657652109861373901e-02
7.371725440025329590e-01 -1.480057369917631149e-02
7.434595227241516113e-01 -1.394310034811496735e-02
7.684706449508666992e-01 -1.081065833568572998e-02
7.736563086509704590e-01 -1.021842285990715027e-02
7.856799960136413574e-01 -8.921784348785877228e-03
8.015217781066894531e-01 -7.376621011644601822e-03
8.246162533760070801e-01 -5.453150253742933273e-03
8.311051130294799805e-01 -4.981992300599813461e-03
8.420702815055847168e-01 -4.253949970006942749e-03
8.478115200996398926e-01 -3.906696103513240814e-03
8.647651672363281250e-01 -3.016548231244087219e-03
8.728039264678955078e-01 -2.665012842044234276e-03
8.851739168167114258e-01 -2.213254803791642189e-03
8.943943381309509277e-01 -1.947811106219887733e-03
9.192982912063598633e-01 -1.549297594465315342e-03
9.310947656631469727e-01 -1.536256400868296623e-03
9.508520364761352539e-01 -1.812541508115828037e-03
9.594456553459167480e-01 -2.066864632070064545e-03
9.621869325637817383e-01 -2.165520330891013145e-03
9.632140398025512695e-01 -2.204452175647020340e-03
