9.604969620704650879e-01 -1.797277582227252424e-05
9.594836831092834473e-01 5.088978468847926706e-06
9.478343725204467773e-01 3.531452093739062548e-04
9.187736511230468750e-01 1.483059022575616837e-03
8.502740859985351562e-01 4.489757586270570755e-03
8.325878381729125977e-01 5.281407386064529419e-03
8.050181269645690918e-01 6.513484753668308258e-03
7.977603673934936523e-01 6.837105378508567810e-03
7.839431166648864746e-01 7.452407386153936386e-03
7.656966447830200195e-01 8.263945579528808594e-03
7.538331747055053711e-01 8.791691623628139496e-03
7.461100220680236816e-01 9.135645814239978790e-03
7.397554516792297363e-01 9.419064968824386597e-03
7.277469635009765625e-01 9.956205263733863831e-03
7.119601368904113770e-01 1.066690869629383087e-02
7.023683190345764160e-01 1.110230479389429092e-02
6.917523145675659180e-01 1.158831827342510223e-02
6.810507774353027344e-01 1.208358630537986755e-02
6.766172647476196289e-01 1.229057833552360535e-02
6.670533418655395508e-01 1.274120435118675232e-02
6.411252617835998535e-01 1.399624906480312347e-02
6.339652538299560547e-01 1.435281336307525635e-02
6.210622787475585938e-01 1.500781439244747162e-02
6.191304326057434082e-01 1.510734297335147858e-02
5.988381505012512207e-01 1.617694459855556488e-02
5.896144509315490723e-01 1.667838543653488159e-02
5.728389024734497070e-01 1.761567778885364532e-02
5.578268170356750488e-01 1.848218031227588654e-02
5.474258065223693848e-01 1.909751072525978088e-02
5.291994214057922363e-01 2.020365372300148010e-02
5.182856917381286621e-01 2.088152244687080383e-02
5.059069991111755371e-01 2.166272513568401337e-02
4.860048592090606689e-01 2.294115908443927765e-02
4.810466766357421875e-01 2.326299808919429779e-02
4.758710861206054688e-01 2.360005676746368408e-02
4.686985909938812256e-01 2.406859025359153748e-02
4.610098004341125488e-01 2.457218803465366364e-02
4.508430361747741699e-01 2.523903548717498779e-02
4.422989785671234131e-01 2.579915523529052734e-02
4.371221661567687988e-01 2.613797783851623535e-02
4.262047708034515381e-01 2.684990689158439636e-02
4.144578278064727783e-01 2.760999277234077454e-02
4.002439677715301514e-01 2.851773612201213837e-02
3.886345922946929932e-01 2.924632281064987183e-02
3.824895918369293213e-01 2.962636016309261322e-02
3.781360983848571777e-01 2.989299595355987549e-02
3.645663559436798096e-01 3.070864081382751465e-02
3.596506714820861816e-01 3.099781461060047150e-02
3.528526723384857178e-01 3.139172121882438660e-02
3.381224870681762695e-01 3.221939131617546082e-02
3.234776556491851807e-01 3.300377726554870605e-02
3.207041025161743164e-01 3.314769640564918518e-02
3.150871396064758301e-01 3.343443945050239563e-02
3.063829541206359863e-01 3.386591002345085144e-02
3.015210926532745361e-01 3.409993276000022888e-02
2.968891859054565430e-01 3.431809693574905396e-02
2.894165813922882080e-01 3.465998172760009766e-02
2.725994884967803955e-01 3.538258746266365051e-02
2.663363516330718994e-01 3.563470020890235901e-02
2.618650197982788086e-01 3.580892086029052734e-02
2.455651164054870605e-01 3.640252351760864258e-02
2.390713244676589966e-01 3.662053495645523071e-02
2.246474772691726685e-01 3.706611692905426025e-02
2.182987630367279053e-01 3.724489733576774597e-02
2.036865502595901489e-01 3.761410340666770935e-02
1.867388188838958740e-01 3.796263039112091064e-02
1.820623725652694702e-01 3.804215788841247559e-02
1.787414848804473877e-01 3.809389472007751465e-02
1.716848313808441162e-01 3.818980604410171509e-02
1.653933823108673096e-01 3.825802728533744812e-02
1.574714183807373047e-01 3.831809759140014648e-02
1.508638560771942139e-01 3.834349289536476135e-02
1.409992277622222900e-01 3.833290189504623413e-02
1.333807110786437988e-01 3.827827796339988708e-02
1.294151693582534790e-01 3.823135793209075928e-02
1.184832006692886353e-01 3.802501782774925232e-02
1.123313456773757935e-01 3.785096853971481323e-02
1.053228005766868591e-01 3.759191185235977173e-02
9.915414452552795410e-02 3.730182349681854248e-02
9.533584862947463989e-02 3.708909824490547180e-02
9.049315750598907471e-02 3.677829355001449585e-02
8.269371092319488525e-02 3.616776317358016968e-02
8.001389354467391968e-02 3.592253848910331726e-02
7.414377480745315552e-02 3.531298413872718811e-02
6.278668344020843506e-02 3.379837796092033386e-02
5.329929664731025696e-02 3.210328891873359680e-02
4.573029652237892151e-02 3.038527816534042358e-02
4.076542332768440247e-02 2.903824672102928162e-02
3.711504116654396057e-02 2.791496552526950836e-02
3.086873888969421387e-02 2.567907609045505524e-02
2.018748968839645386e-02 2.060559019446372986e-02
1.085135061293840408e-02 1.394490059465169907e-02
9.160596877336502075e-03 1.232008356600999832e-02
6.008921191096305847e-03 8.582015521824359894e-03
3.300543641671538353e-03 3.530376125127077103e-03
2.433115849271416664e-03 -1.172554213553667068e-03
2.765436889603734016e-03 -3.950500860810279846e-03
3.141904482617974281e-03 -5.186261143535375595e-03
3.925391007214784622e-03 -6.907494738698005676e-03
5.320653319358825684e-03 -8.994561620056629181e-03
7.386033888906240463e-03 -1.119430549442768097e-02
9.117710404098033905e-03 -1.264095678925514221e-02
1.286226976662874222e-02 -1.511810813099145889e-02
1.552253309637308121e-02 -1.654765941202640533e-02
2.499018236994743347e-02 -2.045573480427265167e-02
3.024814277887344360e-02 -2.214606292545795441e-02
3.242249786853790283e-02 -2.277781441807746887e-02
4.007003456354141235e-02 -2.475713007152080536e-02
5.033852159976959229e-02 -2.695842273533344269e-02
5.444473400712013245e-02 -2.772409282624721527e-02
6.169727817177772522e-02 -2.894441783428192139e-02
6.881784647703170776e-02 -2.999912574887275696e-02
8.393193781375885010e-02 -3.184525668621063232e-02
9.438329935073852539e-02 -3.286084532737731934e-02
1.033733189105987549e-01 -3.359179198741912842e-02
1.090243160724639893e-01 -3.399189934134483337e-02
1.213708817958831787e-01 -3.472750261425971985e-02
1.335789710283279419e-01 -3.529591485857963562e-02
1.436375379562377930e-01 -3.566660359501838684e-02
1.532193571329116821e-01 -3.595171123743057251e-02
1.630757302045822144e-01 -3.618705645203590393e-02
1.680246293544769287e-01 -3.628619387745857239e-02
1.711450666189193726e-01 -3.634286299347877502e-02
1.791906952857971191e-01 -3.647015616297721863e-02
2.072535902261734009e-01 -3.674729913473129272e-02
2.153344303369522095e-01 -3.679091110825538635e-02
2.247165441513061523e-01 -3.682655096054077148e-02
2.456022799015045166e-01 -3.686059266328811646e-02
2.574458420276641846e-01 -3.685870021581649780e-02
2.663380503654479980e-01 -3.684961423277854919e-02
2.732113301753997803e-01 -3.683880344033241272e-02
2.769235074520111084e-01 -3.683176264166831970e-02
2.853526473045349121e-01 -3.681297227740287781e-02
2.962394058704376221e-01 -3.678365424275398254e-02
3.074537515640258789e-01 -3.674853965640068054e-02
3.139470815658569336e-01 -3.672624379396438599e-02
3.235451281070709229e-01 -3.669097647070884705e-02
3.341987431049346924e-01 -3.664901480078697205e-02
3.403038680553436279e-01 -3.662374615669250488e-02
3.456996679306030273e-01 -3.660074248909950256e-02
3.681725263595581055e-01 -3.649830445647239685e-02
3.717862069606781006e-01 -3.648086637258529663e-02
3.807171881198883057e-01 -3.643660992383956909e-02
3.854468762874603271e-01 -3.641249611973762512e-02
3.969774544239044189e-01 -3.635158017277717590e-02
4.046618640422821045e-01 -3.630922362208366394e-02
4.127308130264282227e-01 -3.626308217644691467e-02
4.368304610252380371e-01 -3.611347079277038574e-02
4.456655681133270264e-01 -3.605341166257858276e-02
4.488664865493774414e-01 -3.603084385395050049e-02
4.685637056827545166e-01 -3.588125854730606079e-02
4.736808240413665771e-01 -3.583899885416030884e-02
4.982960224151611328e-01 -3.561162576079368591e-02
5.030145645141601562e-01 -3.556280583143234253e-02
5.304386019706726074e-01 -3.523765131831169128e-02
5.371266603469848633e-01 -3.514598682522773743e-02
5.433031320571899414e-01 -3.505638986825942993e-02
5.619627833366394043e-01 -3.475363552570343018e-02
5.751630663871765137e-01 -3.450664132833480835e-02
5.950472950935363770e-01 -3.407479077577590942e-02
6.007272601127624512e-01 -3.393677249550819397e-02
6.106439828872680664e-01 -3.367871791124343872e-02
6.227461099624633789e-01 -3.333229944109916687e-02
6.282426714897155762e-01 -3.316278755664825439e-02
6.443716883659362793e-01 -3.261813893914222717e-02
6.574410796165466309e-01 -3.212132677435874939e-02
6.735926270484924316e-01 -3.143255785107612610e-02
6.841750144958496094e-01 -3.093315102159976959e-02
6.956375837326049805e-01 -3.034635633230209351e-02
7.067090868949890137e-01 -2.973185665905475616e-02
7.232451438903808594e-01 -2.872131206095218658e-02
7.313004732131958008e-01 -2.818656526505947113e-02
7.500045895576477051e-01 -2.683062665164470673e-02
7.542551159858703613e-01 -2.649918757379055023e-02
7.728568315505981445e-01 -2.494090609252452850e-02
7.821460962295532227e-01 -2.409394457936286926e-02
7.944394350051879883e-01 -2.289832197129726410e-02
8.022001385688781738e-01 -2.209777198731899261e-02
8.181636333465576172e-01 -2.033350616693496704e-02
8.352931141853332520e-01 -1.825328171253204346e-02
8.453925848007202148e-01 -1.693014428019523621e-02
8.493633270263671875e-01 -1.638947054743766785e-02
8.601965308189392090e-01 -1.485387235879898071e-02
8.671786785125732422e-01 -1.381639298051595688e-02
8.784511685371398926e-01 -1.206184830516576767e-02
8.852623105049133301e-01 -1.095514651387929916e-02
8.995690941810607910e-01 -8.529793471097946167e-03
9.121810197830200195e-01 -6.323017645627260208e-03
9.324186444282531738e-01 -3.019429044798016548e-03
9.536231756210327148e-01 -1.333700260147452354e-03
9.557110667228698730e-01 -1.330512110143899918e-03
9.596970677375793457e-01 -1.398921245709061623e-03
