9.655673503875732422e-01 1.225862535648047924e-03
9.652376174926757812e-01 1.262940117157995701e-03
9.636349678039550781e-01 1.450351439416408539e-03
9.570499658584594727e-01 2.308084629476070404e-03
9.513773322105407715e-01 3.118203487247228622e-03
9.453917145729064941e-01 4.017791710793972015e-03
9.355809092521667480e-01 5.558784585446119308e-03
9.323545098304748535e-01 6.078795064240694046e-03
9.233179092407226562e-01 7.560427766293287277e-03
9.163839221000671387e-01 8.716737851500511169e-03
9.085034728050231934e-01 1.004536636173725128e-02
9.032683372497558594e-01 1.093430444598197937e-02
8.903820514678955078e-01 1.313563063740730286e-02
8.823997974395751953e-01 1.450387667864561081e-02
8.487889766693115234e-01 2.023876085877418518e-02
8.451070785522460938e-01 2.086004801094532013e-02
8.269357085227966309e-01 2.389288507401943207e-02
8.205645680427551270e-01 2.494084648787975311e-02
8.070025444030761719e-01 2.714010886847972870e-02
8.036846518516540527e-01 2.767105959355831146e-02
7.933829426765441895e-01 2.930019237101078033e-02
7.846155762672424316e-01 3.066211752593517303e-02
7.753936052322387695e-01 3.206865489482879639e-02
7.713549733161926270e-01 3.267577663064002991e-02
7.589949965476989746e-01 3.449901565909385681e-02
7.443079948425292969e-01 3.659348562359809875e-02
7.317798137664794922e-01 3.831488639116287231e-02
7.228447794914245605e-01 3.950442373752593994e-02
7.100782394409179688e-01 4.114739596843719482e-02
6.907175183296203613e-01 4.350809380412101746e-02
6.769868135452270508e-01 4.508485272526741028e-02
6.708880066871643066e-01 4.575899615883827209e-02
6.620932817459106445e-01 4.670261964201927185e-02
6.509814858436584473e-01 4.784681275486946106e-02
6.391950249671936035e-01 4.900198802351951599e-02
6.354771256446838379e-01 4.935395345091819763e-02
6.237203478813171387e-01 5.042804777622222900e-02
5.957700610160827637e-01 5.274825543165206909e-02
5.857949852943420410e-01 5.349861830472946167e-02
5.675935745239257812e-01 5.476578325033187866e-02
5.528749823570251465e-01 5.569650977849960327e-02
5.452809333801269531e-01 5.614466592669487000e-02
5.380338430404663086e-01 5.655238032341003418e-02
5.324885249137878418e-01 5.685133114457130432e-02
5.178771615028381348e-01 5.758575350046157837e-02
5.040844678878784180e-01 5.820941552519798279e-02
4.914066195487976074e-01 5.872410535812377930e-02
4.815934896469116211e-01 5.908443406224250793e-02
4.608780741691589355e-01 5.973721668124198914e-02
4.548299610614776611e-01 5.990026891231536865e-02
4.434727132320404053e-01 6.017281860113143921e-02
4.401929080486297607e-01 6.024333834648132324e-02
4.206348359584808350e-01 6.058696284890174866e-02
4.060406088829040527e-01 6.075633317232131958e-02
3.987703621387481689e-01 6.081233546137809753e-02
3.921997845172882080e-01 6.084642931818962097e-02
3.744350671768188477e-01 6.085812672972679138e-02
3.660165071487426758e-01 6.082142889499664307e-02
3.570097088813781738e-01 6.075106188654899597e-02
3.431012928485870361e-01 6.057706475257873535e-02
3.360868692398071289e-01 6.045814976096153259e-02
3.334555327892303467e-01 6.040801107883453369e-02
3.095110356807708740e-01 5.980636179447174072e-02
2.875560522079467773e-01 5.900828167796134949e-02
2.857030034065246582e-01 5.892934650182723999e-02
2.677327692508697510e-01 5.806410685181617737e-02
2.533752322196960449e-01 5.723511427640914917e-02
2.466193139553070068e-01 5.679976567625999451e-02
2.129541337490081787e-01 5.415297299623489380e-02
2.086482942104339600e-01 5.375193059444427490e-02
2.025088369846343994e-01 5.315334349870681763e-02
1.856885850429534912e-01 5.134258791804313660e-02
1.787125766277313232e-01 5.051318183541297913e-02
1.721129268407821655e-01 4.968320950865745544e-02
1.658839136362075806e-01 4.885748028755187988e-02
1.591366231441497803e-01 4.791435599327087402e-02
1.474260687828063965e-01 4.614954441785812378e-02
1.356149464845657349e-01 4.419130086898803711e-02
1.244568154215812683e-01 4.216013103723526001e-02
1.144474372267723083e-01 4.017268866300582886e-02
1.065018698573112488e-01 3.847280889749526978e-02
9.970501065254211426e-02 3.692527115345001221e-02
9.032292664051055908e-02 3.463445976376533508e-02
7.177575677633285522e-02 2.949672192335128784e-02
6.539581716060638428e-02 2.751064673066139221e-02
5.964494496583938599e-02 2.560787089169025421e-02
3.802059218287467957e-02 1.724016666412353516e-02
3.328782320022583008e-02 1.506395358592271805e-02
3.022302314639091492e-02 1.355833094567060471e-02
2.630727738142013550e-02 1.149238273501396179e-02
2.493588998913764954e-02 1.072087511420249939e-02
2.062345109879970551e-02 8.051730692386627197e-03
1.851897500455379486e-02 6.527172867208719254e-03
1.641874015331268311e-02 4.655501339584589005e-03
1.502947416156530380e-02 2.627910347655415535e-03
1.488832756876945496e-02 2.117518801242113113e-03
1.505719032138586044e-02 8.403584943152964115e-04
1.521790958940982819e-02 5.563306040130555630e-04
1.570052094757556915e-02 -1.041480209096334875e-05
1.629850082099437714e-02 -4.909862182103097439e-04
1.819558069109916687e-02 -1.495421282015740871e-03
1.912730559706687927e-02 -1.861280179582536221e-03
2.306122146546840668e-02 -3.036173991858959198e-03
2.586845867335796356e-02 -3.687038319185376167e-03
2.942708134651184082e-02 -4.396940115839242935e-03
4.742777347564697266e-02 -7.114713545888662338e-03
6.030293181538581848e-02 -8.629692718386650085e-03
7.656666636466979980e-02 -1.025433186441659927e-02
8.501183241605758667e-02 -1.099804136902093887e-02
9.608299285173416138e-02 -1.188463717699050903e-02
1.020763665437698364e-01 -1.232627127319574356e-02
1.182451248168945312e-01 -1.339574810117483139e-02
1.320537924766540527e-01 -1.418049167841672897e-02
1.536821424961090088e-01 -1.519819255918264389e-02
1.632497310638427734e-01 -1.557382475584745407e-02
1.733685731887817383e-01 -1.592562906444072723e-02
1.839621365070343018e-01 -1.624707132577896118e-02
1.903638541698455811e-01 -1.641943678259849548e-02
2.106796801090240479e-01 -1.686616986989974976e-02
2.196892350912094116e-01 -1.701940782368183136e-02
2.252660691738128662e-01 -1.710157655179500580e-02
2.395411431789398193e-01 -1.727078668773174286e-02
2.508583664894104004e-01 -1.736618950963020325e-02
2.634829580783843994e-01 -1.743611693382263184e-02
2.736195623874664307e-01 -1.746694184839725494e-02
2.787532210350036621e-01 -1.747461594641208649e-02
2.855297625064849854e-01 -1.747710257768630981e-02
2.913016676902770996e-01 -1.747270673513412476e-02
3.115477859973907471e-01 -1.741454936563968658e-02
3.210390210151672363e-01 -1.736686006188392639e-02
3.293004035949707031e-01 -1.731602475047111511e-02
3.317855298519134521e-01 -1.729914359748363495e-02
3.600755631923675537e-01 -1.706219092011451721e-02
3.642068803310394287e-01 -1.702154055237770081e-02
3.817523419857025146e-01 -1.683488488197326660e-02
3.892257511615753174e-01 -1.674930378794670105e-02
4.105730950832366943e-01 -1.648862846195697784e-02
4.168164432048797607e-01 -1.640857011079788208e-02
4.237315654754638672e-01 -1.631822250783443451e-02
4.368338584899902344e-01 -1.614286564290523529e-02
4.420081079006195068e-01 -1.607232727110385895e-02
4.548383057117462158e-01 -1.589483581483364105e-02
4.662713706493377686e-01 -1.573413796722888947e-02
4.772539436817169189e-01 -1.557805668562650681e-02
4.914385974407196045e-01 -1.537461578845977783e-02
4.979944527149200439e-01 -1.528004463762044907e-02
5.097531676292419434e-01 -1.510974299162626266e-02
5.149011015892028809e-01 -1.503495033830404282e-02
5.303162336349487305e-01 -1.481016259640455246e-02
5.367520451545715332e-01 -1.471592485904693604e-02
5.451003909111022949e-01 -1.459327246993780136e-02
5.520481467247009277e-01 -1.449076458811759949e-02
5.715655088424682617e-01 -1.419986877590417862e-02
5.756564736366271973e-01 -1.413816120475530624e-02
5.894337296485900879e-01 -1.392772607505321503e-02
6.089360713958740234e-01 -1.362043432891368866e-02
6.148985624313354492e-01 -1.352356933057308197e-02
6.253998279571533203e-01 -1.334881037473678589e-02
6.436512470245361328e-01 -1.302971597760915756e-02
6.519222259521484375e-01 -1.287744566798210144e-02
6.608256697654724121e-01 -1.270734425634145737e-02
6.648878455162048340e-01 -1.262743957340717316e-02
6.708719730377197266e-01 -1.250693667680025101e-02
6.789202690124511719e-01 -1.233935263007879257e-02
6.891770362854003906e-01 -1.211602706462144852e-02
7.030906081199645996e-01 -1.179441902786493301e-02
7.286042571067810059e-01 -1.114483363926410675e-02
7.404274940490722656e-01 -1.081649586558341980e-02
7.502751946449279785e-01 -1.052970066666603088e-02
7.601905465126037598e-01 -1.022879965603351593e-02
7.729694247245788574e-01 -9.823441505432128906e-03
7.888115048408508301e-01 -9.294511750340461731e-03
7.981196045875549316e-01 -8.970836177468299866e-03
8.036082386970520020e-01 -8.775740861892700195e-03
8.153663873672485352e-01 -8.347869850695133209e-03
8.205267786979675293e-01 -8.156063966453075409e-03
8.458813428878784180e-01 -7.183071691542863846e-03
8.505194187164306641e-01 -7.000481709837913513e-03
8.626098632812500000e-01 -6.519712042063474655e-03
8.741513490676879883e-01 -6.056479644030332565e-03
8.935052156448364258e-01 -5.279642995446920395e-03
8.965688943862915039e-01 -5.157773848623037338e-03
9.049115180969238281e-01 -4.829307086765766144e-03
9.089519381523132324e-01 -4.672619048506021500e-03
9.184115529060363770e-01 -4.314510617405176163e-03
9.230412840843200684e-01 -4.145095590502023697e-03
9.374125003814697266e-01 -3.654803615063428879e-03
9.438414573669433594e-01 -3.458565333858132362e-03
9.515363574028015137e-01 -3.246897598728537560e-03
9.594198465347290039e-01 -3.055539680644869804e-03
9.598447680473327637e-01 -3.045798046514391899e-03
9.619657993316650391e-01 -2.997744129970669746e-03
