9.651069641113281250e-01 -1.479879254475235939e-03
9.643694162368774414e-01 -1.432948047295212746e-03
9.604332447052001953e-01 -1.100188121199607849e-03
9.533042311668395996e-01 -3.012111701536923647e-04
9.402155280113220215e-01 1.484997221268713474e-03
9.323725700378417969e-01 2.675776137039065361e-03
9.200848340988159180e-01 4.673061892390251160e-03
9.156370162963867188e-01 5.430574994534254074e-03
9.057087898254394531e-01 7.181620225310325623e-03
8.974374532699584961e-01 8.700828067958354950e-03
8.855819702148437500e-01 1.097023021429777145e-02
8.806568384170532227e-01 1.194412447512149811e-02
8.722756505012512207e-01 1.364317350089550018e-02
8.587000370025634766e-01 1.650570333003997803e-02
8.443114757537841797e-01 1.968841627240180969e-02
8.388630747795104980e-01 2.093335241079330444e-02
8.293144106864929199e-01 2.316772937774658203e-02
8.185167908668518066e-01 2.577416598796844482e-02
8.054870963096618652e-01 2.903023920953273773e-02
7.933952212333679199e-01 3.215703368186950684e-02
7.785872817039489746e-01 3.611747920513153076e-02
7.718343734741210938e-01 3.796882182359695435e-02
7.605883479118347168e-01 4.111050814390182495e-02
7.570332288742065430e-01 4.211802035570144653e-02
7.462617754936218262e-01 4.520954936742782593e-02
7.404155135154724121e-01 4.691013321280479431e-02
7.243273854255676270e-01 5.166122689843177795e-02
7.152297496795654297e-01 5.438690260052680969e-02
7.045918107032775879e-01 5.760178342461585999e-02
6.954110264778137207e-01 6.039442121982574463e-02
6.868994235992431641e-01 6.299377977848052979e-02
6.707612872123718262e-01 6.793446093797683716e-02
6.543456912040710449e-01 7.295247167348861694e-02
6.473075747489929199e-01 7.509454339742660522e-02
6.390514969825744629e-01 7.759587466716766357e-02
6.313036084175109863e-01 7.992921024560928345e-02
6.207084655761718750e-01 8.309303969144821167e-02
6.026000976562500000e-01 8.841034770011901855e-02
5.891352891921997070e-01 9.227447211742401123e-02
5.767585635185241699e-01 9.574703872203826904e-02
5.625775456428527832e-01 9.962040930986404419e-02
5.537201166152954102e-01 1.019771099090576172e-01
5.377683639526367188e-01 1.060886457562446594e-01
5.249863862991333008e-01 1.092505306005477905e-01
5.176480412483215332e-01 1.110089570283889771e-01
5.093204379081726074e-01 1.129517331719398499e-01
4.828626215457916260e-01 1.187288165092468262e-01
4.737300872802734375e-01 1.205747351050376892e-01
4.645898342132568359e-01 1.223417744040489197e-01
4.538208842277526855e-01 1.243169456720352173e-01
4.383320510387420654e-01 1.269473284482955933e-01
4.251360595226287842e-01 1.289846301078796387e-01
4.170141220092773438e-01 1.301419436931610107e-01
4.084709584712982178e-01 1.312777400016784668e-01
3.933081030845642090e-01 1.330816745758056641e-01
3.810166418552398682e-01 1.343388408422470093e-01
3.710887134075164795e-01 1.352159976959228516e-01
3.608973622322082520e-01 1.359844505786895752e-01
3.536972701549530029e-01 1.364449858665466309e-01
3.428061902523040771e-01 1.370090544223785400e-01
3.286746144294738770e-01 1.374969035387039185e-01
3.118962645530700684e-01 1.377061456441879272e-01
3.003828227519989014e-01 1.376091390848159790e-01
2.926203608512878418e-01 1.374298483133316040e-01
2.832000851631164551e-01 1.370859295129776001e-01
2.743047773838043213e-01 1.366310119628906250e-01
2.563663721084594727e-01 1.353158354759216309e-01
2.457094639539718628e-01 1.342729926109313965e-01
2.372007966041564941e-01 1.332947462797164917e-01
1.996353268623352051e-01 1.273195743560791016e-01
1.867894977331161499e-01 1.246040239930152893e-01
1.713034510612487793e-01 1.208244115114212036e-01
1.663090586662292480e-01 1.194799691438674927e-01
1.542644649744033813e-01 1.159684062004089355e-01
1.485895514488220215e-01 1.141748875379562378e-01
1.330800056457519531e-01 1.087794601917266846e-01
1.277282685041427612e-01 1.067370101809501648e-01
1.178989708423614502e-01 1.027203425765037537e-01
9.319448471069335938e-02 9.086337685585021973e-02
8.867742121219635010e-02 8.837376534938812256e-02
8.398544043302536011e-02 8.566366136074066162e-02
7.662588357925415039e-02 8.113209903240203857e-02
6.970212608575820923e-02 7.651490718126296997e-02
6.502510607242584229e-02 7.317327708005905151e-02
5.313698574900627136e-02 6.368692219257354736e-02
4.282074794173240662e-02 5.389848724007606506e-02
4.035093635320663452e-02 5.125605687499046326e-02
3.679088130593299866e-02 4.717587679624557495e-02
3.343946859240531921e-02 4.297052323818206787e-02
3.092110715806484222e-02 3.950788825750350952e-02
2.574849501252174377e-02 3.113967180252075195e-02
2.393290400505065918e-02 2.753102593123912811e-02
2.181805670261383057e-02 2.240375615656375885e-02
2.050892822444438934e-02 1.811916567385196686e-02
1.994625106453895569e-02 1.554893609136343002e-02
1.950212568044662476e-02 7.173466030508279800e-03
1.995486766099929810e-02 4.266673699021339417e-03
2.101358398795127869e-02 8.065733709372580051e-04
2.208163775503635406e-02 -1.486342633143067360e-03
2.327020280063152313e-02 -3.454600227996706963e-03
2.459362894296646118e-02 -5.238723009824752808e-03
2.703511528670787811e-02 -7.869479246437549591e-03
2.912730909883975983e-02 -9.698362089693546295e-03
3.327096626162528992e-02 -1.262516155838966370e-02
3.639691695570945740e-02 -1.443199720233678818e-02
4.013939946889877319e-02 -1.629056409001350403e-02
4.576769843697547913e-02 -1.864464953541755676e-02
5.390492081642150879e-02 -2.141174115240573883e-02
6.094750761985778809e-02 -2.338751405477523804e-02
7.551715523004531860e-02 -2.664527297019958496e-02
8.576874434947967529e-02 -2.845466695725917816e-02
9.458418190479278564e-02 -2.976901456713676453e-02
1.091693937778472900e-01 -3.154750540852546692e-02
1.176804602146148682e-01 -3.239301592111587524e-02
1.257684379816055298e-01 -3.308292105793952942e-02
1.413896232843399048e-01 -3.414002805948257446e-02
1.707158684730529785e-01 -3.530798479914665222e-02
1.871396452188491821e-01 -3.557719290256500244e-02
1.939225792884826660e-01 -3.561900556087493896e-02
2.104854434728622437e-01 -3.556744381785392761e-02
2.275630533695220947e-01 -3.530781716108322144e-02
2.340283393859863281e-01 -3.515989705920219421e-02
2.424802333116531372e-01 -3.492840379476547241e-02
2.485144436359405518e-01 -3.473792970180511475e-02
2.630689740180969238e-01 -3.419760987162590027e-02
2.747075259685516357e-01 -3.368891030550003052e-02
2.855953574180603027e-01 -3.315614163875579834e-02
2.974995970726013184e-01 -3.251520544290542603e-02
3.041383326053619385e-01 -3.213286027312278748e-02
3.116309642791748047e-01 -3.168104961514472961e-02
3.224975466728210449e-01 -3.098946250975131989e-02
3.334191441535949707e-01 -3.025359474122524261e-02
3.436491489410400391e-01 -2.952958643436431885e-02
3.472448289394378662e-01 -2.926750481128692627e-02
3.688839077949523926e-01 -2.761272527277469635e-02
3.808120191097259521e-01 -2.664774097502231598e-02
4.020126760005950928e-01 -2.484972774982452393e-02
4.105293452739715576e-01 -2.410003170371055603e-02
4.193252325057983398e-01 -2.331060729920864105e-02
4.256392121315002441e-01 -2.273489721119403839e-02
4.562427103519439697e-01 -1.984828151762485504e-02
4.631149470806121826e-01 -1.918042451143264771e-02
4.696384668350219727e-01 -1.854056864976882935e-02
4.824204444885253906e-01 -1.727160811424255371e-02
5.017564296722412109e-01 -1.531867682933807373e-02
5.047844052314758301e-01 -1.500974129885435104e-02
5.223244428634643555e-01 -1.320727821439504623e-02
5.332832336425781250e-01 -1.207253430038690567e-02
5.401304364204406738e-01 -1.136142387986183167e-02
5.492147803306579590e-01 -1.041678991168737411e-02
5.624015927314758301e-01 -9.046171791851520538e-03
5.746635198593139648e-01 -7.776732090860605240e-03
5.817952752113342285e-01 -7.042691111564636230e-03
5.906148552894592285e-01 -6.141340360045433044e-03
6.033520698547363281e-01 -4.856597632169723511e-03
6.063706874847412109e-01 -4.555809777230024338e-03
6.206216812133789062e-01 -3.159758867695927620e-03
6.358258724212646484e-01 -1.725038513541221619e-03
6.428772807121276855e-01 -1.083442708477377892e-03
6.520830392837524414e-01 -2.725719823502004147e-04
6.646938323974609375e-01 7.819234742783010006e-04
6.804422736167907715e-01 1.992237754166126251e-03
6.985170841217041016e-01 3.210528288036584854e-03
7.052081823348999023e-01 3.609775332733988762e-03
7.156960368156433105e-01 4.174706526100635529e-03
7.203937172889709473e-01 4.402672871947288513e-03
7.318001389503479004e-01 4.888994153589010239e-03
7.430391311645507812e-01 5.271998234093189240e-03
7.498644590377807617e-01 5.456744693219661713e-03
7.648673057556152344e-01 5.733250174671411514e-03
7.781484127044677734e-01 5.827739834785461426e-03
7.851317524909973145e-01 5.820618942379951477e-03
8.002758026123046875e-01 5.671171005815267563e-03
8.038877844810485840e-01 5.608600564301013947e-03
8.159527182579040527e-01 5.325171630829572678e-03
8.260016441345214844e-01 5.002571269869804382e-03
8.340400457382202148e-01 4.688662476837635040e-03
8.443415164947509766e-01 4.214800428599119186e-03
8.587959408760070801e-01 3.416576422750949860e-03
8.672744035720825195e-01 2.877221675589680672e-03
8.777008652687072754e-01 2.143201883882284164e-03
8.840239644050598145e-01 1.660647336393594742e-03
9.001951813697814941e-01 3.014297690242528915e-04
9.052457213401794434e-01 -1.588599407114088535e-04
9.188439846038818359e-01 -1.477840938605368137e-03
9.258035421371459961e-01 -2.194321947172284126e-03
9.326167702674865723e-01 -2.918863436207175255e-03
9.430139064788818359e-01 -4.055675119161605835e-03
9.506004452705383301e-01 -4.890169017016887665e-03
9.587429165840148926e-01 -5.754213780164718628e-03
9.626299142837524414e-01 -6.137652788311243057e-03
9.648396372795104980e-01 -6.342282053083181381e-03
