9.658650755882263184e-01 1.694384263828396797e-04
9.653412103652954102e-01 1.974525075638666749e-04
9.620035290718078613e-01 4.159338714089244604e-04
9.568599462509155273e-01 8.484860882163047791e-04
9.477856755256652832e-01 1.781342667527496815e-03
9.393910765647888184e-01 2.763205440714955330e-03
9.320655465126037598e-01 3.682621754705905914e-03
9.284883141517639160e-01 4.148173145949840546e-03
9.183750748634338379e-01 5.511784926056861877e-03
9.132247567176818848e-01 6.229074206203222275e-03
8.954065442085266113e-01 8.804001845419406891e-03
8.900912404060363770e-01 9.595607407391071320e-03
8.763487935066223145e-01 1.168301887810230255e-02
8.635256290435791016e-01 1.367642451077699661e-02
8.517159819602966309e-01 1.554529368877410889e-02
8.414165377616882324e-01 1.719744317233562469e-02
8.331422805786132812e-01 1.853805035352706909e-02
8.211144804954528809e-01 2.050531469285488129e-02
8.162664175033569336e-01 2.130377665162086487e-02
8.116268515586853027e-01 2.207064442336559296e-02
7.960164546966552734e-01 2.466787770390510559e-02
7.884451746940612793e-01 2.593550458550453186e-02
7.786021828651428223e-01 2.758968062698841095e-02
7.727962136268615723e-01 2.856802754104137421e-02
7.596589326858520508e-01 3.078667819499969482e-02
7.512993216514587402e-01 3.220058605074882507e-02
7.415382266044616699e-01 3.385174274444580078e-02
7.349561452865600586e-01 3.496442735195159912e-02
7.266464233398437500e-01 3.636724129319190979e-02
7.158660888671875000e-01 3.818210586905479431e-02
7.017127275466918945e-01 4.055188596248626709e-02
6.912173628807067871e-01 4.229618236422538757e-02
6.712047457695007324e-01 4.558079689741134644e-02
6.672807335853576660e-01 4.621718451380729675e-02
6.535913348197937012e-01 4.841371253132820129e-02
6.449171304702758789e-01 4.978457838296890259e-02
6.278234124183654785e-01 5.243116617202758789e-02
6.131900548934936523e-01 5.463129654526710510e-02
6.012614965438842773e-01 5.637447908520698547e-02
5.970029234886169434e-01 5.698504298925399780e-02
5.879026651382446289e-01 5.826780572533607483e-02
5.783851146697998047e-01 5.957592651247978210e-02
5.662694573402404785e-01 6.118869408965110779e-02
5.579185485839843750e-01 6.226442754268646240e-02
5.403013229370117188e-01 6.443172693252563477e-02
5.266521573066711426e-01 6.601062417030334473e-02
5.172547698020935059e-01 6.704427301883697510e-02
5.053399801254272461e-01 6.828981637954711914e-02
4.926280677318572998e-01 6.953584402799606323e-02
4.774851799011230469e-01 7.090470939874649048e-02
4.607839882373809814e-01 7.226378470659255981e-02
4.482767581939697266e-01 7.317481189966201782e-02
4.368655383586883545e-01 7.392425835132598877e-02
4.261608123779296875e-01 7.455492764711380005e-02
4.165829420089721680e-01 7.505880296230316162e-02
4.059265255928039551e-01 7.555123418569564819e-02
3.945073485374450684e-01 7.599797099828720093e-02
3.867436349391937256e-01 7.625313848257064819e-02
3.727043271064758301e-01 7.661316543817520142e-02
3.590618371963500977e-01 7.683569192886352539e-02
3.472951352596282959e-01 7.692483812570571899e-02
3.354285657405853271e-01 7.691642642021179199e-02
3.233372271060943604e-01 7.680436223745346069e-02
3.028859198093414307e-01 7.637082785367965698e-02
2.861959338188171387e-01 7.578262686729431152e-02
2.765440046787261963e-01 7.534316182136535645e-02
2.661136686801910400e-01 7.478410750627517700e-02
2.621488571166992188e-01 7.454822212457656860e-02
2.502035200595855713e-01 7.375786453485488892e-02
2.412049621343612671e-01 7.308159768581390381e-02
2.276880443096160889e-01 7.193048298358917236e-02
2.202545404434204102e-01 7.122592628002166748e-02
2.137799710035324097e-01 7.056955248117446899e-02
1.813688874244689941e-01 6.664714962244033813e-02
1.644817143678665161e-01 6.414530426263809204e-02
1.573151797056198120e-01 6.297896802425384521e-02
1.508023142814636230e-01 6.186156347393989563e-02
1.299163848161697388e-01 5.787903815507888794e-02
1.210428848862648010e-01 5.598545074462890625e-02
1.141009703278541565e-01 5.441138148307800293e-02
1.042479649186134338e-01 5.202597752213478088e-02
9.512451291084289551e-02 4.964428395032882690e-02
8.392736315727233887e-02 4.646640643477439880e-02
7.147531211376190186e-02 4.255197942256927490e-02
5.536563694477081299e-02 3.675634413957595825e-02
4.757048189640045166e-02 3.357976302504539490e-02
4.271581768989562988e-02 3.144897148013114929e-02
3.806261345744132996e-02 2.927747927606105804e-02
2.939095906913280487e-02 2.481450140476226807e-02
2.443931810557842255e-02 2.195084095001220703e-02
1.817622967064380646e-02 1.785193942487239838e-02
1.476726774126291275e-02 1.529258489608764648e-02
1.070706732571125031e-02 1.173767354339361191e-02
9.056620299816131592e-03 1.003220118582248688e-02
6.928331684321165085e-03 7.406776770949363708e-03
6.218675058335065842e-03 6.341718602925539017e-03
4.842793568968772888e-03 3.593568690121173859e-03
4.234790336340665817e-03 1.111527555622160435e-03
4.204263910651206970e-03 -4.167172883171588182e-04
4.596109036356210709e-03 -2.355830511078238487e-03
5.520192440599203110e-03 -4.270805511623620987e-03
6.714034359902143478e-03 -5.819912534207105637e-03
8.707663044333457947e-03 -7.644994650036096573e-03
1.118126418441534042e-02 -9.322383441030979156e-03
1.412975974380970001e-02 -1.088886987417936325e-02
1.734083145856857300e-02 -1.228065509349107742e-02
3.350846841931343079e-02 -1.699347794055938721e-02
4.577333107590675354e-02 -1.935285329818725586e-02
7.268656790256500244e-02 -2.289806120097637177e-02
8.576168864965438843e-02 -2.412844076752662659e-02
9.219554066658020020e-02 -2.464991621673107147e-02
9.963198751211166382e-02 -2.519343979656696320e-02
1.092650592327117920e-01 -2.581348828971385956e-02
1.225337758660316467e-01 -2.653182856738567352e-02
1.326787322759628296e-01 -2.698814868927001953e-02
1.501488089561462402e-01 -2.761096321046352386e-02
1.630702912807464600e-01 -2.795528061687946320e-02
1.727553755044937134e-01 -2.815591730177402496e-02
1.866383850574493408e-01 -2.836604788899421692e-02
1.963200718164443970e-01 -2.846320718526840210e-02
2.082300037145614624e-01 -2.853197976946830750e-02
2.142010629177093506e-01 -2.854681946337223053e-02
2.231685668230056763e-01 -2.854605205357074738e-02
2.303211838006973267e-01 -2.852665632963180542e-02
2.500357627868652344e-01 -2.839402109384536743e-02
2.627287209033966064e-01 -2.825270593166351318e-02
2.886803448200225830e-01 -2.784507162868976593e-02
2.962248921394348145e-01 -2.769976668059825897e-02
3.030814826488494873e-01 -2.755822800099849701e-02
3.126494288444519043e-01 -2.734644152224063873e-02
3.232334852218627930e-01 -2.709399722516536713e-02
3.284371793270111084e-01 -2.696330845355987549e-02
3.360920846462249756e-01 -2.676360681653022766e-02
3.417899906635284424e-01 -2.660947479307651520e-02
3.651543855667114258e-01 -2.593251504004001617e-02
3.698067665100097656e-01 -2.578978613018989563e-02
4.001623988151550293e-01 -2.480258047580718994e-02
4.057509899139404297e-01 -2.461125887930393219e-02
4.123355150222778320e-01 -2.438240312039852142e-02
4.339612126350402832e-01 -2.360651828348636627e-02
4.477486908435821533e-01 -2.309413067996501923e-02
4.566634893417358398e-01 -2.275607176125049591e-02
4.654797017574310303e-01 -2.241678908467292786e-02
4.745189249515533447e-01 -2.206395380198955536e-02
4.849473536014556885e-01 -2.165077254176139832e-02
4.892821609973907471e-01 -2.147712558507919312e-02
4.971849620342254639e-01 -2.115764841437339783e-02
5.078141093254089355e-01 -2.072201669216156006e-02
5.213989019393920898e-01 -2.015502937138080597e-02
5.369229316711425781e-01 -1.949222013354301453e-02
5.454256534576416016e-01 -1.912195421755313873e-02
5.540077686309814453e-01 -1.874264888465404510e-02
5.636544823646545410e-01 -1.830917969346046448e-02
5.719414353370666504e-01 -1.793040521442890167e-02
5.827001333236694336e-01 -1.742924377322196960e-02
5.950288176536560059e-01 -1.684105955064296722e-02
6.076103448867797852e-01 -1.622459106147289276e-02
6.206660270690917969e-01 -1.556686311960220337e-02
6.345654726028442383e-01 -1.484616100788116455e-02
6.432917714118957520e-01 -1.438307762145996094e-02
6.482387185096740723e-01 -1.411704253405332565e-02
6.610720753669738770e-01 -1.341570261865854263e-02
6.746871471405029297e-01 -1.265567168593406677e-02
6.778377294540405273e-01 -1.247774809598922729e-02
6.959508061408996582e-01 -1.144293975085020065e-02
7.139026522636413574e-01 -1.040413603186607361e-02
7.236292958259582520e-01 -9.839476086199283600e-03
7.438659071922302246e-01 -8.670084178447723389e-03
7.498660683631896973e-01 -8.326724171638488770e-03
7.615944147109985352e-01 -7.662820164114236832e-03
7.782296538352966309e-01 -6.743713747709989548e-03
7.844237089157104492e-01 -6.410147529095411301e-03
7.920698523521423340e-01 -6.006183568388223648e-03
8.050417304039001465e-01 -5.343668162822723389e-03
8.161643147468566895e-01 -4.802395589649677277e-03
8.242271542549133301e-01 -4.428002983331680298e-03
8.360902070999145508e-01 -3.908755257725715637e-03
8.523635268211364746e-01 -3.268544329330325127e-03
8.687679767608642578e-01 -2.726642414927482605e-03
8.774413466453552246e-01 -2.491190098226070404e-03
8.893038034439086914e-01 -2.238266170024871826e-03
8.928934931755065918e-01 -2.179695060476660728e-03
9.024356603622436523e-01 -2.071085385978221893e-03
9.083013534545898438e-01 -2.042696578428149223e-03
9.193063974380493164e-01 -2.084217267110943794e-03
9.263921976089477539e-01 -2.189570106565952301e-03
9.328975081443786621e-01 -2.352743409574031830e-03
9.406222701072692871e-01 -2.646834822371602058e-03
9.505013227462768555e-01 -3.223679028451442719e-03
9.621212482452392578e-01 -4.279324784874916077e-03
9.646477699279785156e-01 -4.571004305034875870e-03
9.664853215217590332e-01 -4.796809982508420944e-03
