9.709837436676025391e-01 -1.176184974610805511e-03
9.706861972808837891e-01 -1.148942275904119015e-03
9.694263935089111328e-01 -1.010223873890936375e-03
9.649116396903991699e-01 -3.230410220567137003e-04
9.578583836555480957e-01 1.049294252879917622e-03
9.498082995414733887e-01 2.843651920557022095e-03
9.451981782913208008e-01 3.941455855965614319e-03
9.422639608383178711e-01 4.660672508180141449e-03
9.377388954162597656e-01 5.796433426439762115e-03
9.328970313072204590e-01 7.042671553790569305e-03
9.162953495979309082e-01 1.150392554700374603e-02
9.123714566230773926e-01 1.259227097034454346e-02
9.020518660545349121e-01 1.550209987908601761e-02
8.941895365715026855e-01 1.775771006941795349e-02
8.824399709701538086e-01 2.117707766592502594e-02
8.725565075874328613e-01 2.408731915056705475e-02
8.677498698234558105e-01 2.551091834902763367e-02
8.594259023666381836e-01 2.798543311655521393e-02
8.490288257598876953e-01 3.108666837215423584e-02
8.441498875617980957e-01 3.254370018839836121e-02
8.347304463386535645e-01 3.535593301057815552e-02
8.208401203155517578e-01 3.949068114161491394e-02
8.071001768112182617e-01 4.355190694332122803e-02
8.023754954338073730e-01 4.493908584117889404e-02
7.925474643707275391e-01 4.780546203255653381e-02
7.828949689865112305e-01 5.059187859296798706e-02
7.749518156051635742e-01 5.286035314202308655e-02
7.685401439666748047e-01 5.467367917299270630e-02
7.549787759780883789e-01 5.845178663730621338e-02
7.498159408569335938e-01 5.986804515123367310e-02
7.344557046890258789e-01 6.400389969348907471e-02
7.207953333854675293e-01 6.757690757513046265e-02
7.067945003509521484e-01 7.112865149974822998e-02
6.977220773696899414e-01 7.336746156215667725e-02
6.844159364700317383e-01 7.655787467956542969e-02
6.775438785552978516e-01 7.816091179847717285e-02
6.651322841644287109e-01 8.097679167985916138e-02
6.540978550910949707e-01 8.339238166809082031e-02
6.421793699264526367e-01 8.590634167194366455e-02
6.295205950736999512e-01 8.846578747034072876e-02
6.226859092712402344e-01 8.979944884777069092e-02
6.001392006874084473e-01 9.395421296358108521e-02
5.871583819389343262e-01 9.617272764444351196e-02
5.773558616638183594e-01 9.776238352060317993e-02
5.699094533920288086e-01 9.892024844884872437e-02
5.618571043014526367e-01 1.001235023140907288e-01
5.347524881362915039e-01 1.037963479757308960e-01
5.226508378982543945e-01 1.052455306053161621e-01
5.154386758804321289e-01 1.060524806380271912e-01
5.013122558593750000e-01 1.075092107057571411e-01
4.862307012081146240e-01 1.088817566633224487e-01
4.740654230117797852e-01 1.098499074578285217e-01
4.631044268608093262e-01 1.106150075793266296e-01
4.496099650859832764e-01 1.114159524440765381e-01
4.375812709331512451e-01 1.119975373148918152e-01
4.286288321018218994e-01 1.123487055301666260e-01
4.181434810161590576e-01 1.126706302165985107e-01
4.114419519901275635e-01 1.128255203366279602e-01
3.953276276588439941e-01 1.130341365933418274e-01
3.849395513534545898e-01 1.130447164177894592e-01
3.792930245399475098e-01 1.130093261599540710e-01
3.616252541542053223e-01 1.127094179391860962e-01
3.408164381980895996e-01 1.119827702641487122e-01
3.266509771347045898e-01 1.112522855401039124e-01
3.080728948116302490e-01 1.099978908896446228e-01
2.922915518283843994e-01 1.086618825793266296e-01
2.877460122108459473e-01 1.082299426198005676e-01
2.640453279018402100e-01 1.056272238492965698e-01
2.556433081626892090e-01 1.045596376061439514e-01
2.358822524547576904e-01 1.017373353242874146e-01
2.236530482769012451e-01 9.976372122764587402e-02
2.140370160341262817e-01 9.808477759361267090e-02
2.048767507076263428e-01 9.637763351202011108e-02
1.887828558683395386e-01 9.311230480670928955e-02
1.791492402553558350e-01 9.098738431930541992e-02
1.701101511716842651e-01 8.887125551700592041e-02
1.667741686105728149e-01 8.805919438600540161e-02
1.525288075208663940e-01 8.439347892999649048e-02
1.434045732021331787e-01 8.186755329370498657e-02
1.346680670976638794e-01 7.930905371904373169e-02
1.170837581157684326e-01 7.370499521493911743e-02
1.077279746532440186e-01 7.044883072376251221e-02
9.243968129158020020e-02 6.465469300746917725e-02
7.563629001379013062e-02 5.748154222965240479e-02
6.294752657413482666e-02 5.136443302035331726e-02
5.841718986630439758e-02 4.900062456727027893e-02
5.537381023168563843e-02 4.735114052891731262e-02
5.138484761118888855e-02 4.510657116770744324e-02
4.361272975802421570e-02 4.042283818125724792e-02
3.342778980731964111e-02 3.348095342516899109e-02
2.734749391674995422e-02 2.871621400117874146e-02
1.850224658846855164e-02 2.034499496221542358e-02
1.484644226729869843e-02 1.593522727489471436e-02
1.280771009624004364e-02 1.295318547636270523e-02
1.056307554244995117e-02 8.664019405841827393e-03
9.998115710914134979e-03 7.181448861956596375e-03
9.051713161170482635e-03 2.229178557172417641e-03
9.677631780505180359e-03 -1.914320862852036953e-03
1.041975989937782288e-02 -3.575355745851993561e-03
1.106728427112102509e-02 -4.616190213710069656e-03
1.243799924850463867e-02 -6.262143142521381378e-03
1.404547039419412613e-02 -7.686526980251073837e-03
1.589812152087688446e-02 -8.955231867730617523e-03
1.981445401906967163e-02 -1.090839412063360214e-02
2.516727894544601440e-02 -1.271139178425073624e-02
3.560984879732131958e-02 -1.485953386873006821e-02
5.199906975030899048e-02 -1.667026989161968231e-02
6.945887207984924316e-02 -1.779070310294628143e-02
8.449570834636688232e-02 -1.850307732820510864e-02
9.753922373056411743e-02 -1.904571056365966797e-02
1.078109741210937500e-01 -1.945235393941402435e-02
1.191101968288421631e-01 -1.989165507256984711e-02
1.296693533658981323e-01 -2.030031941831111908e-02
1.480839550495147705e-01 -2.101527340710163116e-02
1.552044302225112915e-01 -2.129286155104637146e-02
1.711085736751556396e-01 -2.191382832825183868e-02
1.851878613233566284e-01 -2.246214263141155243e-02
1.944148093461990356e-01 -2.281924337148666382e-02
2.057659029960632324e-01 -2.325461246073246002e-02
2.097610682249069214e-01 -2.340654656291007996e-02
2.220410704612731934e-01 -2.386834844946861267e-02
2.309185862541198730e-01 -2.419658377766609192e-02
2.452383935451507568e-01 -2.471436373889446259e-02
2.515394389629364014e-01 -2.493712864816188812e-02
2.645879685878753662e-01 -2.538757957518100739e-02
2.751004397869110107e-01 -2.573903091251850128e-02
2.834291458129882812e-01 -2.600974403321743011e-02
2.884623706340789795e-01 -2.616987191140651703e-02
3.032247722148895264e-01 -2.662383578717708588e-02
3.159724175930023193e-01 -2.699613571166992188e-02
3.253538310527801514e-01 -2.725793793797492981e-02
3.406300246715545654e-01 -2.766123227775096893e-02
3.548228740692138672e-01 -2.800941467285156250e-02
3.575184047222137451e-01 -2.807257324457168579e-02
3.811714947223663330e-01 -2.858472615480422974e-02
3.864817321300506592e-01 -2.868906781077384949e-02
4.142682552337646484e-01 -2.916855365037918091e-02
4.206148982048034668e-01 -2.926192618906497955e-02
4.294960796833038330e-01 -2.938216552138328552e-02
4.457747936248779297e-01 -2.957023493945598602e-02
4.544089436531066895e-01 -2.965254336595535278e-02
4.707534015178680420e-01 -2.977414615452289581e-02
4.776467680931091309e-01 -2.981166355311870575e-02
4.866807460784912109e-01 -2.984813787043094635e-02
5.048898458480834961e-01 -2.987663447856903076e-02
5.094566941261291504e-01 -2.987410128116607666e-02
5.194713473320007324e-01 -2.985458821058273315e-02
5.282539129257202148e-01 -2.982139959931373596e-02
5.420636534690856934e-01 -2.973808720707893372e-02
5.602450966835021973e-01 -2.956861071288585663e-02
5.719084143638610840e-01 -2.942306734621524811e-02
5.793596506118774414e-01 -2.931467816233634949e-02
5.904599428176879883e-01 -2.913060225546360016e-02
5.958608984947204590e-01 -2.903115004301071167e-02
6.092024445533752441e-01 -2.875746414065361023e-02
6.284250617027282715e-01 -2.829242125153541565e-02
6.424692273139953613e-01 -2.789974026381969452e-02
6.537745594978332520e-01 -2.755133807659149170e-02
6.648684740066528320e-01 -2.718173898756504059e-02
6.740851402282714844e-01 -2.685407549142837524e-02
6.813921928405761719e-01 -2.658121846616268158e-02
6.915482878684997559e-01 -2.618302963674068451e-02
6.993152499198913574e-01 -2.586390450596809387e-02
7.078175544738769531e-01 -2.550032548606395721e-02
7.235130071640014648e-01 -2.479095011949539185e-02
7.360880374908447266e-01 -2.418776415288448334e-02
7.445379495620727539e-01 -2.376543730497360229e-02
7.622024416923522949e-01 -2.283924259245395660e-02
7.743374705314636230e-01 -2.216937951743602753e-02
7.918646335601806641e-01 -2.115356922149658203e-02
8.091219067573547363e-01 -2.009652554988861084e-02
8.129175305366516113e-01 -1.985624060034751892e-02
8.232634663581848145e-01 -1.918643712997436523e-02
8.281281590461730957e-01 -1.886378973722457886e-02
8.396611213684082031e-01 -1.807818748056888580e-02
8.473114967346191406e-01 -1.754019595682621002e-02
8.568930029869079590e-01 -1.684604957699775696e-02
8.683992028236389160e-01 -1.597998104989528656e-02
8.857131004333496094e-01 -1.460051070898771286e-02
8.929249048233032227e-01 -1.399467140436172485e-02
9.020401835441589355e-01 -1.319816708564758301e-02
9.064730405807495117e-01 -1.279693469405174255e-02
9.162771701812744141e-01 -1.187243498861789703e-02
9.232193827629089355e-01 -1.118216477334499359e-02
9.383319616317749023e-01 -9.548717178404331207e-03
9.411911368370056152e-01 -9.214708581566810608e-03
9.494324922561645508e-01 -8.195131085813045502e-03
9.565072655677795410e-01 -7.239228580147027969e-03
9.621422290802001953e-01 -6.414024624973535538e-03
9.655556082725524902e-01 -5.884574726223945618e-03
9.684678316116333008e-01 -5.416041705757379532e-03
9.693629741668701172e-01 -5.269267596304416656e-03
