9.568486809730529785e-01 -6.294858176261186600e-03
9.559839963912963867e-01 -6.278208456933498383e-03
9.503584504127502441e-01 -6.087929010391235352e-03
9.362471699714660645e-01 -5.259233526885509491e-03
8.999317884445190430e-01 -2.156039234250783920e-03
8.826273679733276367e-01 -4.135165363550186157e-04
8.613851666450500488e-01 1.885659643448889256e-03
8.526502847671508789e-01 2.875602105632424355e-03
8.370084166526794434e-01 4.706886596977710724e-03
8.248447179794311523e-01 6.179272662848234177e-03
8.098496198654174805e-01 8.048170246183872223e-03
8.023542761802673340e-01 9.003023616969585419e-03
7.891507148742675781e-01 1.071617007255554199e-02
7.790768146514892578e-01 1.204770524054765701e-02
7.569586038589477539e-01 1.503476314246654510e-02
7.517972588539123535e-01 1.574243977665901184e-02
7.400525212287902832e-01 1.736469194293022156e-02
7.331654429435729980e-01 1.832232065498828888e-02
7.195034027099609375e-01 2.023193612694740295e-02
7.075937390327453613e-01 2.190287411212921143e-02
6.955294013023376465e-01 2.359646745026111603e-02
6.823019385337829590e-01 2.544895373284816742e-02
6.691600084304809570e-01 2.727912925183773041e-02
6.615917086601257324e-01 2.832625620067119598e-02
6.397112011909484863e-01 3.131520003080368042e-02
6.314114332199096680e-01 3.243072330951690674e-02
6.153343319892883301e-01 3.455726802349090576e-02
6.056005358695983887e-01 3.582030907273292542e-02
5.919591784477233887e-01 3.755597770214080811e-02
5.823422670364379883e-01 3.875359147787094116e-02
5.715842247009277344e-01 4.006603732705116272e-02
5.502322316169738770e-01 4.257907718420028687e-02
5.392037034034729004e-01 4.382587969303131104e-02
5.328758955001831055e-01 4.452458024024963379e-02
5.257179737091064453e-01 4.529976844787597656e-02
5.174501538276672363e-01 4.617452993988990784e-02
4.970169663429260254e-01 4.823692142963409424e-02
4.908544421195983887e-01 4.882984608411788940e-02
4.797412455081939697e-01 4.986342042684555054e-02
4.688204526901245117e-01 5.083281919360160828e-02
4.628323614597320557e-01 5.134422332048416138e-02
4.503180384635925293e-01 5.236532166600227356e-02
4.430193305015563965e-01 5.293016508221626282e-02
4.340452551841735840e-01 5.359267070889472961e-02
4.262920916080474854e-01 5.413588136434555054e-02
4.166204631328582764e-01 5.477448552846908569e-02
4.035042524337768555e-01 5.556910112500190735e-02
3.974043428897857666e-01 5.590980872511863708e-02
3.878404498100280762e-01 5.640611797571182251e-02
3.770936727523803711e-01 5.690719559788703918e-02
3.706957697868347168e-01 5.717637017369270325e-02
3.629551827907562256e-01 5.747239291667938232e-02
3.504512310028076172e-01 5.788046121597290039e-02
3.425069153308868408e-01 5.809379741549491882e-02
3.305656611919403076e-01 5.834576860070228577e-02
3.268920779228210449e-01 5.840643122792243958e-02
3.208833634853363037e-01 5.848836526274681091e-02
3.089753091335296631e-01 5.858642980456352234e-02
3.009878993034362793e-01 5.860364437103271484e-02
2.937015295028686523e-01 5.858492478728294373e-02
2.882512211799621582e-01 5.854918062686920166e-02
2.770444154739379883e-01 5.841668322682380676e-02
2.694243788719177246e-01 5.828071758151054382e-02
2.655251622200012207e-01 5.819663405418395996e-02
2.598378956317901611e-01 5.805624648928642273e-02
2.533082067966461182e-01 5.786892771720886230e-02
2.466985583305358887e-01 5.765056610107421875e-02
2.319371700286865234e-01 5.705703049898147583e-02
2.238464057445526123e-01 5.666858330368995667e-02
2.055181562900543213e-01 5.561858415603637695e-02
1.956049203872680664e-01 5.494933575391769409e-02
1.833899319171905518e-01 5.402269586920738220e-02
1.757693588733673096e-01 5.338537693023681641e-02
1.684030592441558838e-01 5.272435024380683899e-02
1.603593379259109497e-01 5.195001140236854553e-02
1.519413590431213379e-01 5.107828602194786072e-02
1.426968574523925781e-01 5.004456266760826111e-02
1.285804808139801025e-01 4.829925298690795898e-02
1.206405237317085266e-01 4.722094163298606873e-02
1.125548258423805237e-01 4.604424908757209778e-02
1.069551557302474976e-01 4.517921060323715210e-02
9.732871502637863159e-02 4.358732700347900391e-02
8.391082286834716797e-02 4.111834987998008728e-02
7.432725280523300171e-02 3.914664685726165771e-02
6.787369400262832642e-02 3.770463541150093079e-02
5.836082249879837036e-02 3.538341075181961060e-02
4.526112228631973267e-02 3.171914070844650269e-02
3.656939417123794556e-02 2.890232391655445099e-02
2.359741553664207458e-02 2.388093434274196625e-02
1.888850890100002289e-02 2.171582914888858795e-02
1.276208274066448212e-02 1.848770119249820709e-02
6.633370649069547653e-03 1.453953143209218979e-02
2.599658211693167686e-03 1.123015116900205612e-02
-2.030819086940027773e-05 8.456389419734477997e-03
-2.504650736227631569e-03 4.592417273670434952e-03
-3.551865927875041962e-03 1.069261226803064346e-03
-3.619193332269787788e-03 -7.542164530605077744e-04
-2.881277818232774734e-03 -4.054662771522998810e-03
-2.316046738997101784e-03 -5.280800163745880127e-03
-1.846579019911587238e-03 -6.103023886680603027e-03
-5.158595740795135498e-04 -7.959417998790740967e-03
4.213213920593261719e-03 -1.239988021552562714e-02
7.178427185863256454e-03 -1.447896473109722137e-02
1.224275585263967514e-02 -1.745694689452648163e-02
1.852685399353504181e-02 -2.056888304650783539e-02
2.798282541334629059e-02 -2.455480769276618958e-02
3.343138843774795532e-02 -2.660191617906093597e-02
4.262845963239669800e-02 -2.976352348923683167e-02
5.023256316781044006e-02 -3.215577825903892517e-02
6.137943267822265625e-02 -3.537025675177574158e-02
7.411982864141464233e-02 -3.868893161416053772e-02
8.326852321624755859e-02 -4.087125882506370544e-02
9.190359711647033691e-02 -4.279442504048347473e-02
1.112585738301277161e-01 -4.668062180280685425e-02
1.247910335659980774e-01 -4.909217357635498047e-02
1.377818286418914795e-01 -5.120122805237770081e-02
1.478622555732727051e-01 -5.271253362298011780e-02
1.624407917261123657e-01 -5.472345277667045593e-02
1.682030856609344482e-01 -5.546566098928451538e-02
1.745113134384155273e-01 -5.624616518616676331e-02
1.852228641510009766e-01 -5.749894678592681885e-02
2.035744041204452515e-01 -5.944925174117088318e-02
2.168019264936447144e-01 -6.071451306343078613e-02
2.241457849740982056e-01 -6.136989220976829529e-02
2.349250763654708862e-01 -6.227426603436470032e-02
2.442774474620819092e-01 -6.300587207078933716e-02
2.579306662082672119e-01 -6.398979574441909790e-02
2.611058652400970459e-01 -6.420481204986572266e-02
2.807656228542327881e-01 -6.542529910802841187e-02
2.861927449703216553e-01 -6.572962552309036255e-02
2.997941076755523682e-01 -6.643269211053848267e-02
3.131767511367797852e-01 -6.704343855381011963e-02
3.296196460723876953e-01 -6.768713146448135376e-02
3.338744342327117920e-01 -6.783489882946014404e-02
3.500086665153503418e-01 -6.832633167505264282e-02
3.599678874015808105e-01 -6.857582181692123413e-02
3.686383962631225586e-01 -6.875994801521301270e-02
3.731178343296051025e-01 -6.884307414293289185e-02
3.804387152194976807e-01 -6.896140426397323608e-02
3.861812055110931396e-01 -6.903906911611557007e-02
4.036375284194946289e-01 -6.919371336698532104e-02
4.093691408634185791e-01 -6.921786069869995117e-02
4.239884912967681885e-01 -6.922013312578201294e-02
4.346507191658020020e-01 -6.916823238134384155e-02
4.419925212860107422e-01 -6.910633295774459839e-02
4.470341503620147705e-01 -6.905151903629302979e-02
4.589319229125976562e-01 -6.888251751661300659e-02
4.674899876117706299e-01 -6.872669607400894165e-02
4.787895977497100830e-01 -6.847739964723587036e-02
4.965796172618865967e-01 -6.798549741506576538e-02
5.077771544456481934e-01 -6.761442124843597412e-02
5.216453671455383301e-01 -6.709033995866775513e-02
5.346936583518981934e-01 -6.653347611427307129e-02
5.498940944671630859e-01 -6.580885499715805054e-02
5.563096404075622559e-01 -6.547911465167999268e-02
5.703043341636657715e-01 -6.471204757690429688e-02
5.792198181152343750e-01 -6.418998539447784424e-02
5.873508453369140625e-01 -6.369180232286453247e-02
5.943083763122558594e-01 -6.324914097785949707e-02
6.070350408554077148e-01 -6.240113452076911926e-02
6.138753294944763184e-01 -6.192527711391448975e-02
6.318537592887878418e-01 -6.060906872153282166e-02
6.425062417984008789e-01 -5.978497117757797241e-02
6.526873707771301270e-01 -5.896672606468200684e-02
6.657482981681823730e-01 -5.787295103073120117e-02
6.721843481063842773e-01 -5.731549486517906189e-02
6.864831447601318359e-01 -5.603217706084251404e-02
6.987879872322082520e-01 -5.487653240561485291e-02
7.048535943031311035e-01 -5.428864806890487671e-02
7.177969813346862793e-01 -5.299185961484909058e-02
7.252498269081115723e-01 -5.221774801611900330e-02
7.360129952430725098e-01 -5.106223374605178833e-02
7.512952089309692383e-01 -4.933962598443031311e-02
7.565329074859619141e-01 -4.872548952698707581e-02
7.737212777137756348e-01 -4.661685973405838013e-02
7.785109877586364746e-01 -4.600201174616813660e-02
7.864391207695007324e-01 -4.495611414313316345e-02
7.917950153350830078e-01 -4.422871023416519165e-02
8.033006787300109863e-01 -4.260515421628952026e-02
8.130275011062622070e-01 -4.116290062665939331e-02
8.246510624885559082e-01 -3.934729099273681641e-02
8.326891660690307617e-01 -3.802778571844100952e-02
8.471868634223937988e-01 -3.550127148628234863e-02
8.541061878204345703e-01 -3.422250971198081970e-02
8.724139928817749023e-01 -3.058104775846004486e-02
8.802254199981689453e-01 -2.890079654753208160e-02
9.019950628280639648e-01 -2.376217581331729889e-02
9.145586490631103516e-01 -2.047517709434032440e-02
9.307820200920104980e-01 -1.595856435596942902e-02
9.471424221992492676e-01 -1.143408846110105515e-02
9.528059959411621094e-01 -9.972518309950828552e-03
9.561826586723327637e-01 -9.137494489550590515e-03
