9.643286466598510742e-01 1.257035997696220875e-03
9.638464450836181641e-01 1.431887270882725716e-03
9.605724811553955078e-01 2.543241949751973152e-03
9.505162835121154785e-01 5.524783860892057419e-03
9.357547760009765625e-01 9.401000104844570160e-03
9.190358519554138184e-01 1.347477640956640244e-02
8.990884423255920410e-01 1.810836791992187500e-02
8.888522982597351074e-01 2.042537741363048553e-02
8.720269799232482910e-01 2.417055144906044006e-02
8.634961247444152832e-01 2.604482322931289673e-02
8.490186333656311035e-01 2.919362299144268036e-02
8.445631861686706543e-01 3.015515394508838654e-02
8.265491724014282227e-01 3.400858119130134583e-02
8.208329677581787109e-01 3.521991893649101257e-02
8.064665794372558594e-01 3.823953121900558472e-02
8.027730584144592285e-01 3.900978714227676392e-02
7.871304750442504883e-01 4.224279150366783142e-02
7.726919054985046387e-01 4.518087208271026611e-02
7.646152973175048828e-01 4.680291190743446350e-02
7.593492865562438965e-01 4.785156250000000000e-02
7.509698271751403809e-01 4.950464144349098206e-02
7.418594360351562500e-01 5.127900093793869019e-02
7.278704047203063965e-01 5.395286902785301208e-02
7.172151803970336914e-01 5.594488605856895447e-02
7.032094001770019531e-01 5.849934369325637817e-02
6.929841041564941406e-01 6.031509861350059509e-02
6.766296625137329102e-01 6.312656402587890625e-02
6.690607666969299316e-01 6.438703835010528564e-02
6.565374135971069336e-01 6.641320884227752686e-02
6.482269763946533203e-01 6.771551817655563354e-02
6.321458816528320312e-01 7.013601064682006836e-02
6.210924983024597168e-01 7.172112166881561279e-02
6.090548038482666016e-01 7.337229698896408081e-02
6.039085388183593750e-01 7.405382394790649414e-02
5.974623560905456543e-01 7.488662004470825195e-02
5.931821465492248535e-01 7.542662322521209717e-02
5.743290185928344727e-01 7.768039405345916748e-02
5.663771629333496094e-01 7.856909930706024170e-02
5.460704565048217773e-01 8.066865801811218262e-02
5.323218703269958496e-01 8.194952458143234253e-02
5.268235206604003906e-01 8.242959529161453247e-02
5.091584324836730957e-01 8.384633809328079224e-02
4.998652935028076172e-01 8.451404422521591187e-02
4.944705367088317871e-01 8.487694710493087769e-02
4.840701818466186523e-01 8.552497625350952148e-02
4.770170748233795166e-01 8.592558652162551880e-02
4.663365781307220459e-01 8.647216111421585083e-02
4.633323252201080322e-01 8.661275357007980347e-02
4.542073905467987061e-01 8.700437843799591064e-02
4.448881149291992188e-01 8.734907954931259155e-02
4.355488121509552002e-01 8.763808757066726685e-02
4.280639886856079102e-01 8.782872557640075684e-02
4.152896702289581299e-01 8.806928247213363647e-02
4.037265181541442871e-01 8.819417655467987061e-02
3.979674577713012695e-01 8.822328597307205200e-02
3.923729360103607178e-01 8.823033422231674194e-02
3.855413198471069336e-01 8.821050822734832764e-02
3.778244554996490479e-01 8.815025538206100464e-02
3.707925081253051758e-01 8.806021511554718018e-02
3.577179014682769775e-01 8.780315518379211426e-02
3.364970982074737549e-01 8.713471144437789917e-02
3.282864987850189209e-01 8.679156005382537842e-02
3.133356273174285889e-01 8.604380488395690918e-02
3.093583881855010986e-01 8.581793308258056641e-02
3.057605922222137451e-01 8.560369163751602173e-02
2.952555716037750244e-01 8.492418378591537476e-02
2.866760492324829102e-01 8.430887013673782349e-02
2.746944129467010498e-01 8.335739374160766602e-02
2.532140016555786133e-01 8.137601613998413086e-02
2.408691495656967163e-01 8.007230609655380249e-02
2.342075556516647339e-01 7.931715250015258789e-02
2.121947556734085083e-01 7.655473798513412476e-02
2.067269980907440186e-01 7.580270618200302124e-02
1.976375579833984375e-01 7.449189573526382446e-02
1.933531016111373901e-01 7.384710758924484253e-02
1.862419247627258301e-01 7.273771613836288452e-02
1.628612428903579712e-01 6.872459501028060913e-02
1.572116911411285400e-01 6.766489148139953613e-02
1.492104679346084595e-01 6.609931588172912598e-02
1.385418921709060669e-01 6.388637423515319824e-02
1.309861093759536743e-01 6.222599372267723083e-02
1.241553276777267456e-01 6.065336614847183228e-02
1.077698096632957458e-01 5.657333508133888245e-02
9.511992335319519043e-02 5.308199673891067505e-02
9.016819298267364502e-02 5.162144079804420471e-02
8.532011508941650391e-02 5.013433098793029785e-02
6.110824272036552429e-02 4.166830331087112427e-02
5.072033032774925232e-02 3.733299672603607178e-02
4.078147560358047485e-02 3.260345757007598877e-02
3.354421257972717285e-02 2.866264246404170990e-02
2.739763259887695312e-02 2.484316751360893250e-02
1.781594567000865936e-02 1.739037036895751953e-02
1.511298958212137222e-02 1.465235743671655655e-02
1.321710925549268723e-02 1.237126626074314117e-02
1.055247150361537933e-02 7.943774573504924774e-03
1.009825244545936584e-02 6.771169602870941162e-03
9.584913030266761780e-03 4.623387008905410767e-03
9.553899057209491730e-03 2.451100619509816170e-03
9.798238985240459442e-03 1.224543200805783272e-03
9.974466636776924133e-03 6.893082754686474800e-04
1.061816513538360596e-02 -6.275839987210929394e-04
1.179221924394369125e-02 -2.122255507856607437e-03
1.409805007278919220e-02 -3.923820331692695618e-03
1.773150451481342316e-02 -5.600892938673496246e-03
1.997890882194042206e-02 -6.286012940108776093e-03
2.935981377959251404e-02 -7.745265960693359375e-03
3.412660211324691772e-02 -7.990844547748565674e-03
4.134489595890045166e-02 -8.002907969057559967e-03
4.898284003138542175e-02 -7.699725218117237091e-03
5.447664111852645874e-02 -7.343953009694814682e-03
6.610751152038574219e-02 -6.338882725685834885e-03
7.465210556983947754e-02 -5.456448998302221298e-03
8.028119057416915894e-02 -4.832220729440450668e-03
9.893343597650527954e-02 -2.629182068631052971e-03
1.130360215902328491e-01 -9.106188081204891205e-04
1.294829845428466797e-01 1.077840919606387615e-03
1.391031295061111450e-01 2.215224085375666618e-03
1.474796831607818604e-01 3.184153232723474503e-03
1.526190340518951416e-01 3.767482703551650047e-03
1.595373451709747314e-01 4.538295790553092957e-03
1.710440367460250854e-01 5.781549960374832153e-03
1.836383491754531860e-01 7.084033451974391937e-03
1.882066726684570312e-01 7.541018072515726089e-03
1.987618058919906616e-01 8.565004914999008179e-03
2.061198055744171143e-01 9.252391755580902100e-03
2.161272317171096802e-01 1.015250943601131439e-02
2.343513518571853638e-01 1.168956886976957321e-02
2.375182658433914185e-01 1.194338314235210419e-02
2.514857351779937744e-01 1.301666256040334702e-02
2.561008036136627197e-01 1.335492264479398727e-02
2.723533809185028076e-01 1.448273938149213791e-02
2.839309573173522949e-01 1.522698998451232910e-02
2.988030314445495605e-01 1.611256599426269531e-02
3.052390813827514648e-01 1.647169701755046844e-02
3.233472704887390137e-01 1.740570738911628723e-02
3.375432193279266357e-01 1.806064136326313019e-02
3.519323170185089111e-01 1.865673996508121490e-02
3.598718345165252686e-01 1.895694434642791748e-02
3.638495206832885742e-01 1.909975148737430573e-02
3.710233271121978760e-01 1.934459805488586426e-02
3.792586624622344971e-01 1.960567943751811981e-02
3.849202394485473633e-01 1.977285929024219513e-02
3.932810723781585693e-01 2.000154368579387665e-02
4.026813805103302002e-01 2.023295685648918152e-02
4.134432971477508545e-01 2.046479471027851105e-02
4.206351339817047119e-01 2.060019224882125854e-02
4.321973323822021484e-01 2.078533917665481567e-02
4.389992952346801758e-01 2.087565883994102478e-02
4.540119171142578125e-01 2.102664299309253693e-02
4.643470048904418945e-01 2.109220996499061584e-02
4.702941477298736572e-01 2.111587300896644592e-02
4.847849309444427490e-01 2.113079652190208435e-02
4.998883306980133057e-01 2.108244970440864563e-02
5.154418945312500000e-01 2.096531912684440613e-02
5.216357111930847168e-01 2.089984156191349030e-02
5.334212779998779297e-01 2.074596285820007324e-02
5.500782132148742676e-01 2.046376280486583710e-02
5.551245808601379395e-01 2.036350592970848083e-02
5.685935616493225098e-01 2.006281539797782898e-02
5.799545049667358398e-01 1.977233029901981354e-02
5.908305048942565918e-01 1.946325972676277161e-02
6.027862429618835449e-01 1.908930391073226929e-02
6.125320792198181152e-01 1.875857822597026825e-02
6.176609992980957031e-01 1.857537589967250824e-02
6.268844008445739746e-01 1.823036931455135345e-02
6.317486166954040527e-01 1.804051920771598816e-02
6.508798599243164062e-01 1.724242046475410461e-02
6.678386330604553223e-01 1.646931469440460205e-02
6.733385324478149414e-01 1.620594225823879242e-02
6.796121001243591309e-01 1.589822396636009216e-02
6.871511340141296387e-01 1.551837287843227386e-02
6.955132484436035156e-01 1.508456468582153320e-02
7.219481468200683594e-01 1.363154593855142593e-02
7.262865304946899414e-01 1.338187605142593384e-02
7.516649961471557617e-01 1.186296530067920685e-02
7.619900703430175781e-01 1.121820881962776184e-02
7.795740962028503418e-01 1.008749939501285553e-02
7.841477990150451660e-01 9.787021204829216003e-03
7.964324951171875000e-01 8.967733010649681091e-03
8.064823746681213379e-01 8.284953422844409943e-03
8.339695334434509277e-01 6.365882698446512222e-03
8.376288414001464844e-01 6.105273030698299408e-03
8.537624478340148926e-01 4.943991079926490784e-03
8.588244318962097168e-01 4.575900267809629440e-03
8.774094581604003906e-01 3.211993025615811348e-03
8.822477459907531738e-01 2.854318823665380478e-03
9.009470343589782715e-01 1.465877052396535873e-03
9.280783534049987793e-01 -5.503653665073215961e-04
9.452276825904846191e-01 -1.820226898416876793e-03
9.597901105880737305e-01 -2.925664419308304787e-03
9.619076848030090332e-01 -3.094164654612541199e-03
9.639363884925842285e-01 -3.258941229432821274e-03
