9.704630970954895020e-01 6.189951673150062561e-04
9.701993465423583984e-01 7.165806018747389317e-04
9.679507613182067871e-01 1.524092745967209339e-03
9.558723568916320801e-01 5.429148208349943161e-03
9.291727542877197266e-01 1.295412704348564148e-02
9.210219979286193848e-01 1.508673839271068573e-02
8.887996077537536621e-01 2.301855571568012238e-02
8.840894103050231934e-01 2.412089519202709198e-02
8.739947676658630371e-01 2.643963694572448730e-02
8.643988966941833496e-01 2.859032526612281799e-02
8.574855923652648926e-01 3.010862879455089569e-02
8.500465154647827148e-01 3.171396628022193909e-02
8.445500731468200684e-01 3.288142383098602295e-02
8.366688489913940430e-01 3.452812135219573975e-02
8.142103552818298340e-01 3.904774785041809082e-02
8.107769489288330078e-01 3.971644490957260132e-02
7.977362871170043945e-01 4.220303148031234741e-02
7.917727231979370117e-01 4.331220686435699463e-02
7.848576307296752930e-01 4.457650333642959595e-02
7.794199585914611816e-01 4.555425792932510376e-02
7.685084342956542969e-01 4.747280105948448181e-02
7.600473165512084961e-01 4.892066866159439087e-02
7.298128604888916016e-01 5.381284281611442566e-02
7.270178198814392090e-01 5.424299463629722595e-02
7.142319083213806152e-01 5.616384744644165039e-02
7.067881226539611816e-01 5.724671110510826111e-02
6.961814165115356445e-01 5.874510481953620911e-02
6.898248195648193359e-01 5.961812660098075867e-02
6.748508214950561523e-01 6.160162016749382019e-02
6.633135676383972168e-01 6.306058168411254883e-02
6.575994491577148438e-01 6.376116722822189331e-02
6.211925745010375977e-01 6.788804382085800171e-02
6.142538785934448242e-01 6.860965490341186523e-02
6.061182022094726562e-01 6.942968815565109253e-02
5.856535434722900391e-01 7.136921584606170654e-02
5.819863080978393555e-01 7.169827818870544434e-02
5.739608407020568848e-01 7.239887863397598267e-02
5.692924857139587402e-01 7.279407978057861328e-02
5.600171685218811035e-01 7.355246692895889282e-02
5.553606152534484863e-01 7.391976565122604370e-02
5.504276156425476074e-01 7.429909706115722656e-02
5.413975715637207031e-01 7.496729493141174316e-02
5.331537127494812012e-01 7.554773241281509399e-02
5.246503949165344238e-01 7.611681520938873291e-02
5.166927576065063477e-01 7.662197202444076538e-02
4.939429163932800293e-01 7.791889458894729614e-02
4.798896312713623047e-01 7.860970497131347656e-02
4.699072241783142090e-01 7.904845476150512695e-02
4.634310901165008545e-01 7.930970191955566406e-02
4.473879933357238770e-01 7.987667620182037354e-02
4.298846423625946045e-01 8.036258071660995483e-02
4.238929450511932373e-01 8.049651235342025757e-02
4.086755514144897461e-01 8.076091110706329346e-02
4.025573134422302246e-01 8.083613961935043335e-02
3.933691382408142090e-01 8.091513812541961670e-02
3.881294727325439453e-01 8.094172179698944092e-02
3.760105073451995850e-01 8.095095306634902954e-02
3.524438440799713135e-01 8.075527846813201904e-02
3.277371823787689209e-01 8.023577183485031128e-02
3.216617107391357422e-01 8.005695044994354248e-02
3.162389695644378662e-01 7.987990230321884155e-02
3.138694167137145996e-01 7.979728281497955322e-02
3.053920269012451172e-01 7.947548478841781616e-02
2.930104136466979980e-01 7.893019914627075195e-02
2.874676287174224854e-01 7.865648716688156128e-02
2.814695835113525391e-01 7.833928614854812622e-02
2.765508890151977539e-01 7.806256413459777832e-02
2.715389430522918701e-01 7.776503264904022217e-02
2.571390271186828613e-01 7.682064175605773926e-02
2.446960061788558960e-01 7.589387893676757812e-02
2.193340510129928589e-01 7.366707921028137207e-02
2.147888243198394775e-01 7.321742922067642212e-02
2.071301937103271484e-01 7.242302596569061279e-02
1.967156231403350830e-01 7.126607745885848999e-02
1.748955994844436646e-01 6.853479146957397461e-02
1.640952676534652710e-01 6.701543182134628296e-02
1.502351313829421997e-01 6.488560140132904053e-02
1.323904097080230713e-01 6.181127578020095825e-02
1.272696703672409058e-01 6.085247918963432312e-02
1.148130297660827637e-01 5.836071446537971497e-02
1.065134108066558838e-01 5.656322464346885681e-02
1.029144227504730225e-01 5.574641749262809753e-02
8.980169147253036499e-02 5.255866423249244690e-02
7.805450260639190674e-02 4.938191920518875122e-02
7.444088906049728394e-02 4.833474010229110718e-02
6.567308306694030762e-02 4.563815146684646606e-02
4.927228763699531555e-02 3.988473862409591675e-02
3.374087437987327576e-02 3.328470885753631592e-02
1.586634851992130280e-02 2.339443750679492950e-02
8.862286806106567383e-03 1.827892661094665527e-02
5.229549016803503036e-03 1.507397554814815521e-02
2.063668798655271530e-03 1.170166488736867905e-02
9.967978112399578094e-04 1.035046670585870743e-02
-1.370970741845667362e-03 6.417157594114542007e-03
-2.104136627167463303e-03 4.366064444184303284e-03
-2.422275487333536148e-03 2.134642098098993301e-03
-2.365800086408853531e-03 1.074485364370048046e-03
-2.092242706567049026e-03 -1.849278196459636092e-04
-1.570284948684275150e-03 -1.417213701643049717e-03
-1.010853331536054611e-03 -2.303116489201784134e-03
-1.498288620496168733e-04 -3.311343723908066750e-03
3.251092042773962021e-03 -5.732423160225152969e-03
8.052261546254158020e-03 -7.613189518451690674e-03
1.414294540882110596e-02 -8.981918916106224060e-03
2.592397108674049377e-02 -1.016639638692140579e-02
3.430826961994171143e-02 -1.036547031253576279e-02
4.362859949469566345e-02 -1.019571535289287567e-02
5.071324855089187622e-02 -9.861446917057037354e-03
5.866403505206108093e-02 -9.319900535047054291e-03
7.575139403343200684e-02 -7.695327978581190109e-03
9.665103256702423096e-02 -5.086047109216451645e-03
1.156129688024520874e-01 -2.309642266482114792e-03
1.211858391761779785e-01 -1.439128187485039234e-03
1.393048316240310669e-01 1.517412601970136166e-03
1.523793041706085205e-01 3.739831037819385529e-03
1.600561439990997314e-01 5.068311002105474472e-03
1.687865257263183594e-01 6.593645084649324417e-03
1.793028712272644043e-01 8.443828672170639038e-03
2.007888108491897583e-01 1.223292667418718338e-02
2.099462896585464478e-01 1.383911538869142532e-02
2.171180099248886108e-01 1.508922409266233444e-02
2.246229350566864014e-01 1.638795807957649231e-02
2.343354374170303345e-01 1.805131137371063232e-02
2.387850731611251831e-01 1.880585588514804840e-02
2.557515501976013184e-01 2.163289301097393036e-02
2.625896036624908447e-01 2.274733968079090118e-02
2.711615562438964844e-01 2.412207238376140594e-02
2.851748764514923096e-01 2.631194703280925751e-02
2.945910394191741943e-01 2.774064987897872925e-02
3.086356818675994873e-01 2.980350516736507416e-02
3.172133564949035645e-01 3.102138079702854156e-02
3.221017122268676758e-01 3.170069307088851929e-02
3.406135737895965576e-01 3.417271375656127930e-02
3.555724322795867920e-01 3.604966029524803162e-02
3.643748462200164795e-01 3.710185736417770386e-02
3.700627684593200684e-01 3.776070103049278259e-02
3.856940865516662598e-01 3.948416188359260559e-02
3.906928896903991699e-01 4.000785201787948608e-02
4.014613330364227295e-01 4.108981043100357056e-02
4.116587340831756592e-01 4.205524548888206482e-02
4.217548668384552002e-01 4.295330494642257690e-02
4.287865459918975830e-01 4.354423657059669495e-02
4.553447365760803223e-01 4.551330208778381348e-02
4.693259596824645996e-01 4.637815803289413452e-02
4.774389564990997314e-01 4.682412743568420410e-02
4.841142594814300537e-01 4.715981706976890564e-02
5.014756321907043457e-01 4.789830744266510010e-02
5.112807154655456543e-01 4.822795838117599487e-02
5.173267722129821777e-01 4.839925467967987061e-02
5.271582007408142090e-01 4.862509295344352722e-02
5.402051806449890137e-01 4.882279783487319946e-02
5.478802919387817383e-01 4.888410866260528564e-02
5.753197669982910156e-01 4.876584932208061218e-02
5.788339972496032715e-01 4.871233180165290833e-02
6.012831926345825195e-01 4.816469177603721619e-02
6.138460636138916016e-01 4.770382866263389587e-02
6.184515357017517090e-01 4.750744998455047607e-02
6.244448423385620117e-01 4.723005741834640503e-02
6.368655562400817871e-01 4.657765850424766541e-02
6.465203166007995605e-01 4.599962756037712097e-02
6.532523632049560547e-01 4.556071758270263672e-02
6.808527112007141113e-01 4.346613585948944092e-02
6.861538887023925781e-01 4.301189258694648743e-02
6.909861564636230469e-01 4.258395731449127197e-02
7.102562785148620605e-01 4.075082391500473022e-02
7.207509875297546387e-01 3.967155888676643372e-02
7.333557009696960449e-01 3.830455616116523743e-02
7.407730817794799805e-01 3.746572136878967285e-02
7.590650320053100586e-01 3.529429063200950623e-02
7.667174339294433594e-01 3.434459492564201355e-02
7.719236016273498535e-01 3.368515521287918091e-02
7.881969809532165527e-01 3.155688196420669556e-02
8.025011420249938965e-01 2.960560098290443420e-02
8.056915998458862305e-01 2.916041016578674316e-02
8.167751431465148926e-01 2.758619748055934906e-02
8.229722380638122559e-01 2.668742649257183075e-02
8.336381912231445312e-01 2.510945312678813934e-02
8.401014804840087891e-01 2.413404546678066254e-02
8.514177799224853516e-01 2.239069156348705292e-02
8.626209497451782227e-01 2.061868645250797272e-02
8.746819496154785156e-01 1.865630596876144409e-02
8.790025115013122559e-01 1.793849095702171326e-02
8.899981379508972168e-01 1.607272587716579437e-02
9.064666628837585449e-01 1.315581053495407104e-02
9.107915163040161133e-01 1.236020959913730621e-02
9.145639538764953613e-01 1.165423169732093811e-02
9.266039133071899414e-01 9.310449473559856415e-03
9.363597035408020020e-01 7.277322933077812195e-03
9.479346871376037598e-01 4.624632187187671661e-03
9.646737575531005859e-01 -6.590584234800189734e-05
9.667414426803588867e-01 -7.576841744594275951e-04
9.691881537437438965e-01 -1.618462381884455681e-03
