9.648205637931823730e-01 2.923608757555484772e-03
9.641386270523071289e-01 3.161410801112651825e-03
9.599472284317016602e-01 4.528488032519817352e-03
9.427660107612609863e-01 9.393243119120597839e-03
9.008681178092956543e-01 1.984398812055587769e-02
8.910053372383117676e-01 2.219605259597301483e-02
8.716208338737487793e-01 2.675846591591835022e-02
8.655432462692260742e-01 2.817603200674057007e-02
8.514559268951416016e-01 3.144263848662376404e-02
8.429405689239501953e-01 3.340554237365722656e-02
8.332092761993408203e-01 3.563890233635902405e-02
8.272814750671386719e-01 3.699425607919692993e-02
8.182310461997985840e-01 3.905624523758888245e-02
8.083511590957641602e-01 4.129675775766372681e-02
7.956705689430236816e-01 4.415508359670639038e-02
7.884489297866821289e-01 4.577340185642242432e-02
7.748410105705261230e-01 4.880188778042793274e-02
7.638364434242248535e-01 5.122821405529975891e-02
7.511882781982421875e-01 5.398786813020706177e-02
7.407332658767700195e-01 5.624222010374069214e-02
7.265517115592956543e-01 5.925563350319862366e-02
7.219972610473632812e-01 6.021139025688171387e-02
6.951082348823547363e-01 6.571700423955917358e-02
6.915231347084045410e-01 6.643147766590118408e-02
6.771469116210937500e-01 6.924467533826828003e-02
6.720721721649169922e-01 7.021684944629669189e-02
6.566468477249145508e-01 7.310008257627487183e-02
6.483605504035949707e-01 7.460184395313262939e-02
6.411944627761840820e-01 7.587268203496932983e-02
6.321565508842468262e-01 7.743715494871139526e-02
6.180560588836669922e-01 7.978910952806472778e-02
6.007502079010009766e-01 8.252055943012237549e-02
5.915898680686950684e-01 8.389420062303543091e-02
5.862634778022766113e-01 8.466929197311401367e-02
5.765314698219299316e-01 8.603992313146591187e-02
5.698513984680175781e-01 8.694593608379364014e-02
5.606169104576110840e-01 8.815113455057144165e-02
5.546603798866271973e-01 8.889904618263244629e-02
5.430227518081665039e-01 9.029255807399749756e-02
5.335137844085693359e-01 9.136385470628738403e-02
5.112830400466918945e-01 9.362782537937164307e-02
5.035540461540222168e-01 9.433492273092269897e-02
4.945447742938995361e-01 9.510643780231475830e-02
4.851257205009460449e-01 9.585192054510116577e-02
4.793111085891723633e-01 9.628073126077651978e-02
4.655541777610778809e-01 9.719941020011901855e-02
4.462705850601196289e-01 9.825828671455383301e-02
4.393723309040069580e-01 9.857174754142761230e-02
4.320143163204193115e-01 9.886794537305831909e-02
4.222942292690277100e-01 9.919863939285278320e-02
4.008129835128784180e-01 9.968308359384536743e-02
3.915012776851654053e-01 9.978699684143066406e-02
3.831544518470764160e-01 9.982521831989288330e-02
3.741370141506195068e-01 9.980788826942443848e-02
3.641075491905212402e-01 9.971662610769271851e-02
3.483003973960876465e-01 9.941769391298294067e-02
3.371140360832214355e-01 9.909030050039291382e-02
3.118758201599121094e-01 9.799286723136901855e-02
3.063975274562835693e-01 9.768788516521453857e-02
3.007305264472961426e-01 9.734693914651870728e-02
2.923753559589385986e-01 9.679649770259857178e-02
2.841627597808837891e-01 9.619926661252975464e-02
2.687289118766784668e-01 9.492309391498565674e-02
2.621313333511352539e-01 9.431494027376174927e-02
2.495510131120681763e-01 9.304827451705932617e-02
2.376125156879425049e-01 9.171249717473983765e-02
2.328777164220809937e-01 9.114551544189453125e-02
2.293230295181274414e-01 9.070561081171035767e-02
2.226138263940811157e-01 8.984148502349853516e-02
2.084258645772933960e-01 8.786325901746749878e-02
1.975753307342529297e-01 8.620531857013702393e-02
1.906972080469131470e-01 8.508567512035369873e-02
1.802659928798675537e-01 8.328035473823547363e-02
1.732758879661560059e-01 8.199455589056015015e-02
1.691662818193435669e-01 8.120870590209960938e-02
1.601850390434265137e-01 7.941044121980667114e-02
1.417367905378341675e-01 7.533780485391616821e-02
1.249170452356338501e-01 7.111663371324539185e-02
1.119550839066505432e-01 6.747247278690338135e-02
1.052038744091987610e-01 6.541842222213745117e-02
9.900107979774475098e-02 6.342553347349166870e-02
9.320683032274246216e-02 6.146361306309700012e-02
8.904705941677093506e-02 5.999015271663665771e-02
8.413551747798919678e-02 5.817441269755363464e-02
7.862708717584609985e-02 5.603125318884849548e-02
7.206369191408157349e-02 5.331331118941307068e-02
6.476959586143493652e-02 5.005262792110443115e-02
5.249897018074989319e-02 4.386268928647041321e-02
4.722229763865470886e-02 4.085884615778923035e-02
4.005464166402816772e-02 3.634546697139739990e-02
2.389421314001083374e-02 2.320479042828083038e-02
1.830293983221054077e-02 1.663988642394542694e-02
1.722806133329868317e-02 1.508653257042169571e-02
1.493539009243249893e-02 1.109616458415985107e-02
1.353912055492401123e-02 7.608912419527769089e-03
1.278336532413959503e-02 3.822085447609424591e-03
1.278857234865427017e-02 1.610212260857224464e-03
1.305849757045507431e-02 -5.138631968293339014e-05
1.393716968595981598e-02 -2.430006396025419235e-03
1.446644775569438934e-02 -3.349238773807883263e-03
1.606080867350101471e-02 -5.319117568433284760e-03
1.827974803745746613e-02 -7.140723057091236115e-03
2.191253751516342163e-02 -9.100262075662612915e-03
2.452499233186244965e-02 -1.008361298590898514e-02
3.427469357848167419e-02 -1.217734720557928085e-02
4.228997603058815002e-02 -1.287727244198322296e-02
4.393834248185157776e-02 -1.294977590441703796e-02
5.125261470675468445e-02 -1.305425725877285004e-02
5.595237389206886292e-02 -1.296910550445318222e-02
7.036135345697402954e-02 -1.218140125274658203e-02
8.478052914142608643e-02 -1.084678340703248978e-02
9.177948534488677979e-02 -1.006483286619186401e-02
1.019964292645454407e-01 -8.809315040707588196e-03
1.111782789230346680e-01 -7.592648733407258987e-03
1.237417235970497131e-01 -5.831580143421888351e-03
1.303861886262893677e-01 -4.868077579885721207e-03
1.393142491579055786e-01 -3.549631917849183083e-03
1.521151065826416016e-01 -1.629627775400876999e-03
1.649499237537384033e-01 3.098795423284173012e-04
1.741973608732223511e-01 1.706081791780889034e-03
1.885208487510681152e-01 3.853354603052139282e-03
1.957329511642456055e-01 4.923463799059391022e-03
2.012997269630432129e-01 5.743068177253007889e-03
2.151965647935867310e-01 7.760952226817607880e-03
2.281837761402130127e-01 9.605681523680686951e-03
2.427529841661453247e-01 1.162263657897710800e-02
2.586118876934051514e-01 1.375050935894250870e-02
2.698230743408203125e-01 1.521034073084592819e-02
2.804807126522064209e-01 1.656308770179748535e-02
2.936941981315612793e-01 1.819206587970256805e-02
3.038041889667510986e-01 1.940201222896575928e-02
3.104888498783111572e-01 2.018455043435096741e-02
3.193315267562866211e-01 2.119826152920722961e-02
3.274022638797760010e-01 2.210204117000102997e-02
3.364824950695037842e-01 2.309432439506053925e-02
3.470138609409332275e-01 2.421251125633716583e-02
3.570514023303985596e-01 2.524545975029468536e-02
3.635170757770538330e-01 2.589380554854869843e-02
3.793398737907409668e-01 2.742378227412700653e-02
3.906552493572235107e-01 2.846820093691349030e-02
4.040371477603912354e-01 2.964922040700912476e-02
4.099353551864624023e-01 3.015094436705112457e-02
4.186176359653472900e-01 3.086829930543899536e-02
4.281112551689147949e-01 3.162345662713050842e-02
4.361038208007812500e-01 3.223523497581481934e-02
4.417097866535186768e-01 3.265106678009033203e-02
4.538134932518005371e-01 3.351098671555519104e-02
4.697491824626922607e-01 3.456220775842666626e-02
4.758030176162719727e-01 3.493678197264671326e-02
4.834949076175689697e-01 3.539251163601875305e-02
4.935439825057983398e-01 3.595304489135742188e-02
5.001147389411926270e-01 3.629769384860992432e-02
5.302455425262451172e-01 3.764463588595390320e-02
5.402985811233520508e-01 3.800379484891891479e-02
5.589326024055480957e-01 3.854063525795936584e-02
5.639575719833374023e-01 3.865540027618408203e-02
5.702871680259704590e-01 3.878107294440269470e-02
5.768007636070251465e-01 3.888785839080810547e-02
5.851539969444274902e-01 3.899036720395088196e-02
6.008060574531555176e-01 3.907396644353866577e-02
6.104304194450378418e-01 3.905211389064788818e-02
6.195641756057739258e-01 3.897767513990402222e-02
6.298208832740783691e-01 3.882987424731254578e-02
6.319333910942077637e-01 3.879082575440406799e-02
6.465058326721191406e-01 3.843968361616134644e-02
6.543695330619812012e-01 3.818994760513305664e-02
6.675301790237426758e-01 3.767593577504158020e-02
6.891723275184631348e-01 3.656734526157379150e-02
6.983105540275573730e-01 3.600131347775459290e-02
7.062710523605346680e-01 3.546145558357238770e-02
7.152447700500488281e-01 3.480141609907150269e-02
7.322518229484558105e-01 3.340452536940574646e-02
7.417904734611511230e-01 3.253996744751930237e-02
7.470729947090148926e-01 3.203689679503440857e-02
7.677093744277954102e-01 2.991234138607978821e-02
7.789916992187500000e-01 2.864831313490867615e-02
7.847528457641601562e-01 2.797623164951801300e-02
7.895123362541198730e-01 2.740780264139175415e-02
7.995740175247192383e-01 2.616794221103191376e-02
8.092919588088989258e-01 2.492279931902885437e-02
8.183202743530273438e-01 2.372572571039199829e-02
8.220648765563964844e-01 2.321818657219409943e-02
8.337516188621520996e-01 2.159394510090351105e-02
8.452343344688415527e-01 1.994094625115394592e-02
8.559573292732238770e-01 1.834868267178535461e-02
8.637502789497375488e-01 1.716336607933044434e-02
8.849030137062072754e-01 1.383445784449577332e-02
9.105357527732849121e-01 9.606996551156044006e-03
9.286852478981018066e-01 6.512608379125595093e-03
9.589703083038330078e-01 1.236962852999567986e-03
9.619897603988647461e-01 7.004986982792615891e-04
9.651578664779663086e-01 1.318046415690332651e-04
