9.640120863914489746e-01 -8.069046889431774616e-04
9.631917476654052734e-01 -6.808086181990802288e-04
9.606374502182006836e-01 -2.871078613679856062e-04
9.545566439628601074e-01 6.539488676935434341e-04
9.507486224174499512e-01 1.245007268153131008e-03
9.438564777374267578e-01 2.318131737411022186e-03
9.343610405921936035e-01 3.805201267823576927e-03
9.307977557182312012e-01 4.366359673440456390e-03
9.165680408477783203e-01 6.628178060054779053e-03
9.105199575424194336e-01 7.600909564644098282e-03
8.950695395469665527e-01 1.012161467224359512e-02
8.909481763839721680e-01 1.080334745347499847e-02
8.839805126190185547e-01 1.196543872356414795e-02
8.676928281784057617e-01 1.473133172839879990e-02
8.465918302536010742e-01 1.842418499290943146e-02
8.393362164497375488e-01 1.972397975623607635e-02
8.276516795158386230e-01 2.185031399130821228e-02
8.223782181739807129e-01 2.282350324094295502e-02
8.150280117988586426e-01 2.419396117329597473e-02
8.090602159500122070e-01 2.531868219375610352e-02
7.957670688629150391e-01 2.786249108612537384e-02
7.840611338615417480e-01 3.014574572443962097e-02
7.769367098808288574e-01 3.155439719557762146e-02
7.730949521064758301e-01 3.231989219784736633e-02
7.514199614524841309e-01 3.671042621135711670e-02
7.478508949279785156e-01 3.744429722428321838e-02
7.341765761375427246e-01 4.028071835637092590e-02
7.179167270660400391e-01 4.369713366031646729e-02
7.109889388084411621e-01 4.516393691301345825e-02
7.028791308403015137e-01 4.688731953501701355e-02
6.867772936820983887e-01 5.032081529498100281e-02
6.772807836532592773e-01 5.234726890921592712e-02
6.632294058799743652e-01 5.533785745501518250e-02
6.490811705589294434e-01 5.832761153578758240e-02
6.445830464363098145e-01 5.927135795354843140e-02
6.409949064254760742e-01 6.002138555049896240e-02
6.233142614364624023e-01 6.367230415344238281e-02
6.103771924972534180e-01 6.628596782684326172e-02
5.914436578750610352e-01 7.000051438808441162e-02
5.792630314826965332e-01 7.230904698371887207e-02
5.650828480720520020e-01 7.490561902523040771e-02
5.586784482002258301e-01 7.604380697011947632e-02
5.355525612831115723e-01 7.995874434709548950e-02
5.303338170051574707e-01 8.079763501882553101e-02
5.136599540710449219e-01 8.336095511913299561e-02
5.004996657371520996e-01 8.525352925062179565e-02
4.867154359817504883e-01 8.710696548223495483e-02
4.801821112632751465e-01 8.793816715478897095e-02
4.720078110694885254e-01 8.893441408872604370e-02
4.650017023086547852e-01 8.974904567003250122e-02
4.511803984642028809e-01 9.124804288148880005e-02
4.420083463191986084e-01 9.216227382421493530e-02
4.324120283126831055e-01 9.304881095886230469e-02
4.128917753696441650e-01 9.462717920541763306e-02
4.063981175422668457e-01 9.508421272039413452e-02
3.844369649887084961e-01 9.637245535850524902e-02
3.633626401424407959e-01 9.722594171762466431e-02
3.514368534088134766e-01 9.753814339637756348e-02
3.442477881908416748e-01 9.766538441181182861e-02
3.252176642417907715e-01 9.777587652206420898e-02
3.118515014648437500e-01 9.765198826789855957e-02
3.039245307445526123e-01 9.749780595302581787e-02
2.810444235801696777e-01 9.670403599739074707e-02
2.745914757251739502e-01 9.638362377882003784e-02
2.666625678539276123e-01 9.592980891466140747e-02
2.548887431621551514e-01 9.513040632009506226e-02
2.424158900976181030e-01 9.411452710628509521e-02
2.322691380977630615e-01 9.315486252307891846e-02
2.183081507682800293e-01 9.163033962249755859e-02
2.062647789716720581e-01 9.011625498533248901e-02
2.018694132566452026e-01 8.951576799154281616e-02
1.933528780937194824e-01 8.827666938304901123e-02
1.898069381713867188e-01 8.773061633110046387e-02
1.718279421329498291e-01 8.467513322830200195e-02
1.612261831760406494e-01 8.263572305440902710e-02
1.536377817392349243e-01 8.106009662151336670e-02
1.420210450887680054e-01 7.844869047403335571e-02
1.351567506790161133e-01 7.678553462028503418e-02
1.247970238327980042e-01 7.409431785345077515e-02
1.187894716858863831e-01 7.242773473262786865e-02
1.054471060633659363e-01 6.842338293790817261e-02
8.664016425609588623e-02 6.197531521320343018e-02
7.705236971378326416e-02 5.826526880264282227e-02
7.032274454832077026e-02 5.546244233846664429e-02
5.726286023855209351e-02 4.947539418935775757e-02
4.979689046740531921e-02 4.566579684615135193e-02
3.232770413160324097e-02 3.522247448563575745e-02
2.431789599359035492e-02 2.934950031340122223e-02
2.180584520101547241e-02 2.728105150163173676e-02
1.749988272786140442e-02 2.335828170180320740e-02
1.612507738173007965e-02 2.196940779685974121e-02
1.117456238716840744e-02 1.596436277031898499e-02
7.717340253293514252e-03 7.932813838124275208e-03
7.626449689269065857e-03 6.046047434210777283e-03
7.993887178599834442e-03 3.848572028800845146e-03
8.464299142360687256e-03 2.612943761050701141e-03
9.604886174201965332e-03 7.438041502609848976e-04
1.050087902694940567e-02 -3.013156529050320387e-04
1.252402272075414658e-02 -2.082181395962834358e-03
1.465659961104393005e-02 -3.508380847051739693e-03
1.647068001329898834e-02 -4.516282584518194199e-03
2.094939351081848145e-02 -6.537660025060176849e-03
2.263969182968139648e-02 -7.186918053776025772e-03
2.714112959802150726e-02 -8.721302263438701630e-03
3.226920217275619507e-02 -1.022874377667903900e-02
3.668070584535598755e-02 -1.138490159064531326e-02
4.633808508515357971e-02 -1.360676530748605728e-02
5.579268932342529297e-02 -1.549229212105274200e-02
7.242704182863235474e-02 -1.832656003534793854e-02
9.502986073493957520e-02 -2.144944854080677032e-02
1.029607430100440979e-01 -2.238284982740879059e-02
1.281531900167465210e-01 -2.487288042902946472e-02
1.407967954874038696e-01 -2.587780170142650604e-02
1.506268084049224854e-01 -2.655662409961223602e-02
1.567961722612380981e-01 -2.693924494087696075e-02
1.645182222127914429e-01 -2.737289108335971832e-02
1.732169836759567261e-01 -2.780337817966938019e-02
1.933613717555999756e-01 -2.857770211994647980e-02
2.123318016529083252e-01 -2.904262021183967590e-02
2.404374182224273682e-01 -2.930361032485961914e-02
2.493792027235031128e-01 -2.928746491670608521e-02
2.634908556938171387e-01 -2.917095832526683807e-02
2.717859745025634766e-01 -2.905249409377574921e-02
2.903971970081329346e-01 -2.865877375006675720e-02
3.022587895393371582e-01 -2.831974998116493225e-02
3.082336485385894775e-01 -2.812412753701210022e-02
3.296298980712890625e-01 -2.729321271181106567e-02
3.409545123577117920e-01 -2.677460201084613800e-02
3.606543540954589844e-01 -2.575020492076873779e-02
3.646579682826995850e-01 -2.552381902933120728e-02
3.760876059532165527e-01 -2.484506554901599884e-02
3.818207681179046631e-01 -2.448699064552783966e-02
3.937034010887145996e-01 -2.370868623256683350e-02
3.979497849941253662e-01 -2.341904863715171814e-02
4.121152758598327637e-01 -2.241084910929203033e-02
4.196271002292633057e-01 -2.185092121362686157e-02
4.362792074680328369e-01 -2.055073529481887817e-02
4.430166780948638916e-01 -2.000275626778602600e-02
4.516333341598510742e-01 -1.928455196321010590e-02
4.606860280036926270e-01 -1.851001940667629242e-02
4.690194129943847656e-01 -1.777994632720947266e-02
4.783979356288909912e-01 -1.693996228277683258e-02
4.826734662055969238e-01 -1.655098423361778259e-02
5.060923099517822266e-01 -1.436094753444194794e-02
5.239130258560180664e-01 -1.263934280723333359e-02
5.414225459098815918e-01 -1.091656927019357681e-02
5.525286197662353516e-01 -9.814918972551822662e-03
5.612815618515014648e-01 -8.945324458181858063e-03
5.685552358627319336e-01 -8.223624899983406067e-03
5.732048749923706055e-01 -7.763458415865898132e-03
5.780784487724304199e-01 -7.282606326043605804e-03
5.857923626899719238e-01 -6.525715347379446030e-03
5.919682383537292480e-01 -5.924600642174482346e-03
5.957257151603698730e-01 -5.561451427638530731e-03
6.089447736740112305e-01 -4.303155466914176941e-03
6.175596714019775391e-01 -3.502892563119530678e-03
6.341093778610229492e-01 -2.021290129050612450e-03
6.427712440490722656e-01 -1.280511729419231415e-03
6.495248675346374512e-01 -7.218198734335601330e-04
6.579015851020812988e-01 -5.382768722483888268e-05
6.797010898590087891e-01 1.540539320558309555e-03
6.890755891799926758e-01 2.156384522095322609e-03
7.014841437339782715e-01 2.902342006564140320e-03
7.113738059997558594e-01 3.438416868448257446e-03
7.223820686340332031e-01 3.972593694925308228e-03
7.307052612304687500e-01 4.332101903855800629e-03
7.439164519309997559e-01 4.823611583560705185e-03
7.519592642784118652e-01 5.075111985206604004e-03
7.609717845916748047e-01 5.313985515385866165e-03
7.682068347930908203e-01 5.472909193485975266e-03
7.787652611732482910e-01 5.652379244565963745e-03
7.845085859298706055e-01 5.723855458199977875e-03
7.905871868133544922e-01 5.779400002211332321e-03
7.952905297279357910e-01 5.808159708976745605e-03
8.065122961997985840e-01 5.826408043503761292e-03
8.123877048492431641e-01 5.807427689433097839e-03
8.349550962448120117e-01 5.547784734517335892e-03
8.389179110527038574e-01 5.470716394484043121e-03
8.497298955917358398e-01 5.210378672927618027e-03
8.576992154121398926e-01 4.969782195985317230e-03
8.745508790016174316e-01 4.314323421567678452e-03
8.810620307922363281e-01 4.003125708550214767e-03
8.892821073532104492e-01 3.559205681085586548e-03
8.957781195640563965e-01 3.164649708196520805e-03
9.040365219116210938e-01 2.601300133392214775e-03
9.129226803779602051e-01 1.907870988361537457e-03
9.225471019744873047e-01 1.037051901221275330e-03
9.448922276496887207e-01 -1.637119567021727562e-03
9.529859423637390137e-01 -2.917168661952018738e-03
9.594452381134033203e-01 -4.089341964572668076e-03
9.615636467933654785e-01 -4.502630326896905899e-03
9.630830287933349609e-01 -4.806854296475648880e-03
