9.562518596649169922e-01 -1.537386327981948853e-03
9.555947184562683105e-01 -1.540059456601738930e-03
9.501830935478210449e-01 -1.516149146482348442e-03
9.406274557113647461e-01 -1.347744255326688290e-03
9.260733127593994141e-01 -9.312558104284107685e-04
9.031246900558471680e-01 -8.637543942313641310e-05
8.865175247192382812e-01 5.998590495437383652e-04
8.820019960403442383e-01 7.933584274724125862e-04
8.626775145530700684e-01 1.645421842113137245e-03
8.536322712898254395e-01 2.054787240922451019e-03
8.283383250236511230e-01 3.225404070690274239e-03
8.181863427162170410e-01 3.704027971252799034e-03
8.109270930290222168e-01 4.049001261591911316e-03
8.005161881446838379e-01 4.547572694718837738e-03
7.866244316101074219e-01 5.219839978963136673e-03
7.814314961433410645e-01 5.473256576806306839e-03
7.701145410537719727e-01 6.029731128364801407e-03
7.495002150535583496e-01 7.059627678245306015e-03
7.407612204551696777e-01 7.503321394324302673e-03
7.366266250610351562e-01 7.714867126196622849e-03
7.279978394508361816e-01 8.159920573234558105e-03
7.186787128448486328e-01 8.646350353956222534e-03
6.926823258399963379e-01 1.003871206194162369e-02
6.845926642417907715e-01 1.048366725444793701e-02
6.696791648864746094e-01 1.131962798535823822e-02
6.612904667854309082e-01 1.179909799247980118e-02
6.549298167228698730e-01 1.216715108603239059e-02
6.486443281173706055e-01 1.253471802920103073e-02
6.393032073974609375e-01 1.308794412761926651e-02
6.343457102775573730e-01 1.338493637740612030e-02
6.164612770080566406e-01 1.447503827512264252e-02
5.989122986793518066e-01 1.557106990367174149e-02
5.885643362998962402e-01 1.622808724641799927e-02
5.820205807685852051e-01 1.664712093770503998e-02
5.727322697639465332e-01 1.724601164460182190e-02
5.621390938758850098e-01 1.793392375111579895e-02
5.479281544685363770e-01 1.886259578168392181e-02
5.347288250923156738e-01 1.972830481827259064e-02
5.250704288482666016e-01 2.036194317042827606e-02
5.154401659965515137e-01 2.099251002073287964e-02
5.061808824539184570e-01 2.159653417766094208e-02
4.998843371868133545e-01 2.200544625520706177e-02
4.841517210006713867e-01 2.301815524697303772e-02
4.753569662570953369e-01 2.357715740799903870e-02
4.601276516914367676e-01 2.452969551086425781e-02
4.504860639572143555e-01 2.512075752019882202e-02
4.376410245895385742e-01 2.589128538966178894e-02
4.343574345111846924e-01 2.608484402298927307e-02
4.295696318149566650e-01 2.636441588401794434e-02
4.156796038150787354e-01 2.715621516108512878e-02
4.001582562923431396e-01 2.800369635224342346e-02
3.886718451976776123e-01 2.860265038907527924e-02
3.803696632385253906e-01 2.901938743889331818e-02
3.651252985000610352e-01 2.974639274179935455e-02
3.571743369102478027e-01 3.010469488799571991e-02
3.360642194747924805e-01 3.098081983625888824e-02
3.240198791027069092e-01 3.142826259136199951e-02
3.160099685192108154e-01 3.170336782932281494e-02
3.002145290374755859e-01 3.219047933816909790e-02
2.915883660316467285e-01 3.242407739162445068e-02
2.804000973701477051e-01 3.269127756357192993e-02
2.733501195907592773e-01 3.283816576004028320e-02
2.627501189708709717e-01 3.302658721804618835e-02
2.446269989013671875e-01 3.325412794947624207e-02
2.354036420583724976e-01 3.332163393497467041e-02
2.322679013013839722e-01 3.333682566881179810e-02
2.265272736549377441e-01 3.335414454340934753e-02
2.230999916791915894e-01 3.335788100957870483e-02
2.001527249813079834e-01 3.324816003441810608e-02
1.892019212245941162e-01 3.310666605830192566e-02
1.723839938640594482e-01 3.276321291923522949e-02
1.646372228860855103e-01 3.254842013120651245e-02
1.587079763412475586e-01 3.235761076211929321e-02
1.510755419731140137e-01 3.207586705684661865e-02
1.431498825550079346e-01 3.173689544200897217e-02
1.391263753175735474e-01 3.154537826776504517e-02
1.344061493873596191e-01 3.130291774868965149e-02
1.226406320929527283e-01 3.060764633119106293e-02
1.080987900495529175e-01 2.954293973743915558e-02
1.049891337752342224e-01 2.928157709538936615e-02
9.810896217823028564e-02 2.865572087466716766e-02
9.140219539403915405e-02 2.797685749828815460e-02
8.205739408731460571e-02 2.690241672098636627e-02
7.797824591398239136e-02 2.638063766062259674e-02
6.929245591163635254e-02 2.514678612351417542e-02
6.458546221256256104e-02 2.439950592815876007e-02
5.453583225607872009e-02 2.258326672017574310e-02
4.288485273718833923e-02 2.000193484127521515e-02
3.641501814126968384e-02 1.827302575111389160e-02
2.876970171928405762e-02 1.584703475236892700e-02
2.005798928439617157e-02 1.230025663971900940e-02
1.451082248240709305e-02 9.236738085746765137e-03
1.348636113107204437e-02 8.544526062905788422e-03
9.195657446980476379e-03 4.653167445212602615e-03
8.296620100736618042e-03 3.347298363223671913e-03
7.616099901497364044e-03 1.915753120556473732e-03
7.200621068477630615e-03 8.425701707892585546e-06
7.238617632538080215e-03 -1.304746489040553570e-03
8.837248198688030243e-03 -5.124823190271854401e-03
9.737744927406311035e-03 -6.264044903218746185e-03
1.238442212343215942e-02 -8.765658363699913025e-03
1.758980937302112579e-02 -1.226619165390729904e-02
1.968423835933208466e-02 -1.342359092086553574e-02
2.695315890014171600e-02 -1.685797609388828278e-02
3.266070038080215454e-02 -1.914984732866287231e-02
4.037478566169738770e-02 -2.189084328711032867e-02
5.260722339153289795e-02 -2.566640265285968781e-02
6.438083946704864502e-02 -2.883195877075195312e-02
7.738912105560302734e-02 -3.192726895213127136e-02
9.131257981061935425e-02 -3.485924378037452698e-02
1.081782206892967224e-01 -3.796193748712539673e-02
1.197084560990333557e-01 -3.983034938573837280e-02
1.298220157623291016e-01 -4.131282493472099304e-02
1.389586776494979858e-01 -4.253248497843742371e-02
1.498945057392120361e-01 -4.384907707571983337e-02
1.565485149621963501e-01 -4.457625746726989746e-02
1.745376586914062500e-01 -4.627331718802452087e-02
1.831668615341186523e-01 -4.695311188697814941e-02
1.912987679243087769e-01 -4.751711711287498474e-02
2.000672370195388794e-01 -4.804448410868644714e-02
2.176821380853652954e-01 -4.886159300804138184e-02
2.274728119373321533e-01 -4.918301850557327271e-02
2.372383028268814087e-01 -4.941466450691223145e-02
2.467841207981109619e-01 -4.955973848700523376e-02
2.656680941581726074e-01 -4.962799325585365295e-02
2.725878059864044189e-01 -4.958607256412506104e-02
2.985889911651611328e-01 -4.915040731430053711e-02
3.069127798080444336e-01 -4.892959818243980408e-02
3.145137131214141846e-01 -4.869848117232322693e-02
3.207565844058990479e-01 -4.848940670490264893e-02
3.269581198692321777e-01 -4.826603829860687256e-02
3.377663195133209229e-01 -4.784327000379562378e-02
3.473534882068634033e-01 -4.743732884526252747e-02
3.594366610050201416e-01 -4.689159616827964783e-02
3.702636361122131348e-01 -4.637687280774116516e-02
3.731536567211151123e-01 -4.623615369200706482e-02
3.836526274681091309e-01 -4.571568965911865234e-02
3.932821750640869141e-01 -4.522857069969177246e-02
4.046080708503723145e-01 -4.464851692318916321e-02
4.138539433479309082e-01 -4.417264461517333984e-02
4.171034693717956543e-01 -4.400540515780448914e-02
4.280915856361389160e-01 -4.344183951616287231e-02
4.335275590419769287e-01 -4.316491633653640747e-02
4.502962529659271240e-01 -4.232342168688774109e-02
4.633063077926635742e-01 -4.168836399912834167e-02
4.710509479045867920e-01 -4.131932556629180908e-02
4.837873578071594238e-01 -4.072870686650276184e-02
4.933794140815734863e-01 -4.029809683561325073e-02
5.022489428520202637e-01 -3.991110622882843018e-02
5.137485265731811523e-01 -3.942534327507019043e-02
5.259945988655090332e-01 -3.892724215984344482e-02
5.367516279220581055e-01 -3.850488737225532532e-02
5.419532656669616699e-01 -3.830530494451522827e-02
5.629489421844482422e-01 -3.752495720982551575e-02
5.732193589210510254e-01 -3.715403378009796143e-02
5.817885994911193848e-01 -3.684743121266365051e-02
5.959147214889526367e-01 -3.634288161993026733e-02
6.086460947990417480e-01 -3.588279336690902710e-02
6.174201965332031250e-01 -3.555901721119880676e-02
6.289218664169311523e-01 -3.512175381183624268e-02
6.526846885681152344e-01 -3.414863348007202148e-02
6.649838089942932129e-01 -3.359402343630790710e-02
6.783863902091979980e-01 -3.293826803565025330e-02
6.856216192245483398e-01 -3.255855292081832886e-02
6.988614201545715332e-01 -3.181044757366180420e-02
7.050701379776000977e-01 -3.143362700939178467e-02
7.156296968460083008e-01 -3.075074777007102966e-02
7.321571111679077148e-01 -2.956521883606910706e-02
7.407558560371398926e-01 -2.888661436736583710e-02
7.594178318977355957e-01 -2.725271880626678467e-02
7.689279317855834961e-01 -2.632849104702472687e-02
7.755551338195800781e-01 -2.564539015293121338e-02
7.816393375396728516e-01 -2.498892508447170258e-02
7.890257239341735840e-01 -2.415295504033565521e-02
7.991496920585632324e-01 -2.293532341718673706e-02
8.077697753906250000e-01 -2.183084003627300262e-02
8.185403943061828613e-01 -2.036062069237232208e-02
8.265628218650817871e-01 -1.919919811189174652e-02
8.425533771514892578e-01 -1.671485602855682373e-02
8.493242859840393066e-01 -1.559667568653821945e-02
8.617839813232421875e-01 -1.344513148069381714e-02
8.658348917961120605e-01 -1.272263191640377045e-02
8.758128881454467773e-01 -1.090771798044443130e-02
8.839623332023620605e-01 -9.406685829162597656e-03
8.913158178329467773e-01 -8.062432520091533661e-03
8.937032222747802734e-01 -7.633106317371129990e-03
9.043361544609069824e-01 -5.812080111354589462e-03
9.181073307991027832e-01 -3.900581039488315582e-03
9.313485622406005859e-01 -2.967824926599860191e-03
9.477422237396240234e-01 -3.471713513135910034e-03
9.518232941627502441e-01 -3.851713612675666809e-03
9.566251635551452637e-01 -4.394032992422580719e-03
