9.690608978271484375e-01 4.327264614403247833e-03
9.684551954269409180e-01 4.717521369457244873e-03
9.660968184471130371e-01 6.110549438744783401e-03
9.524598717689514160e-01 1.283481437712907791e-02
9.392449259757995605e-01 1.858035475015640259e-02
9.273651838302612305e-01 2.343011833727359772e-02
9.122881293296813965e-01 2.928623743355274200e-02
9.057725071907043457e-01 3.173167258501052856e-02
8.943938612937927246e-01 3.589455410838127136e-02
8.860424757003784180e-01 3.886884823441505432e-02
8.764078617095947266e-01 4.222131147980690002e-02
8.688254356384277344e-01 4.480270296335220337e-02
8.626811504364013672e-01 4.685920104384422302e-02
8.548328280448913574e-01 4.944148287177085876e-02
8.408402204513549805e-01 5.392520874738693237e-02
8.361241817474365234e-01 5.540274456143379211e-02
8.275715112686157227e-01 5.804016813635826111e-02
8.168488740921020508e-01 6.127161532640457153e-02
8.048583865165710449e-01 6.478883326053619385e-02
7.953045368194580078e-01 6.752042472362518311e-02
7.815979719161987305e-01 7.133236527442932129e-02
7.739878296852111816e-01 7.339556515216827393e-02
7.546580433845520020e-01 7.847022265195846558e-02
7.471700310707092285e-01 8.037333935499191284e-02
7.276431918144226074e-01 8.517552912235260010e-02
7.211688756942749023e-01 8.671722561120986938e-02
7.122537493705749512e-01 8.879950642585754395e-02
7.034748196601867676e-01 9.080424904823303223e-02
6.951562166213989258e-01 9.266218543052673340e-02
6.878173947334289551e-01 9.426773339509963989e-02
6.794387698173522949e-01 9.606239199638366699e-02
6.701658964157104492e-01 9.800076484680175781e-02
6.599119305610656738e-01 1.000855267047882080e-01
6.500726938247680664e-01 1.020278409123420715e-01
6.388168931007385254e-01 1.041792184114456177e-01
6.261318922042846680e-01 1.065125018358230591e-01
6.167619824409484863e-01 1.081730499863624573e-01
6.095772385597229004e-01 1.094095781445503235e-01
5.967416167259216309e-01 1.115378290414810181e-01
5.881147384643554688e-01 1.129091903567314148e-01
5.786111950874328613e-01 1.143637374043464661e-01
5.717722773551940918e-01 1.153735369443893433e-01
5.638098120689392090e-01 1.165095120668411255e-01
5.497718453407287598e-01 1.184062510728836060e-01
5.393549203872680664e-01 1.197242364287376404e-01
5.229347348213195801e-01 1.216422468423843384e-01
5.087979435920715332e-01 1.231324002146720886e-01
5.030109882354736328e-01 1.236982122063636780e-01
4.981169998645782471e-01 1.241562739014625549e-01
4.812684953212738037e-01 1.255872994661331177e-01
4.645748138427734375e-01 1.267756372690200806e-01
4.494643807411193848e-01 1.276471912860870361e-01
4.355719983577728271e-01 1.282717883586883545e-01
4.232701361179351807e-01 1.286794394254684448e-01
4.107652604579925537e-01 1.289499849081039429e-01
4.026058912277221680e-01 1.290466040372848511e-01
3.933545947074890137e-01 1.290782392024993896e-01
3.820683658123016357e-01 1.290025562047958374e-01
3.627164363861083984e-01 1.285725384950637817e-01
3.549574017524719238e-01 1.282908022403717041e-01
3.486563265323638916e-01 1.280148923397064209e-01
3.422121405601501465e-01 1.276884675025939941e-01
3.352411985397338867e-01 1.272842288017272949e-01
3.196014761924743652e-01 1.261798292398452759e-01
3.118872344493865967e-01 1.255322843790054321e-01
3.048153817653656006e-01 1.248775646090507507e-01
2.989895939826965332e-01 1.242935359477996826e-01
2.855631411075592041e-01 1.227907016873359680e-01
2.708467543125152588e-01 1.208845376968383789e-01
2.561007440090179443e-01 1.186916083097457886e-01
2.425687313079833984e-01 1.164188086986541748e-01
2.327434122562408447e-01 1.146054193377494812e-01
2.185575962066650391e-01 1.117334067821502686e-01
2.147483676671981812e-01 1.109091639518737793e-01
2.032347768545150757e-01 1.082750409841537476e-01
1.927587687969207764e-01 1.056840419769287109e-01
1.869957596063613892e-01 1.041758283972740173e-01
1.698645055294036865e-01 9.932187944650650024e-02
1.602279990911483765e-01 9.633005410432815552e-02
1.525393426418304443e-01 9.379647672176361084e-02
1.448569893836975098e-01 9.112625569105148315e-02
1.373300552368164062e-01 8.836643397808074951e-02
1.302084624767303467e-01 8.561491221189498901e-02
1.242564544081687927e-01 8.320309221744537354e-02
1.181107312440872192e-01 8.059784024953842163e-02
1.137658059597015381e-01 7.868087291717529297e-02
1.005226522684097290e-01 7.241286337375640869e-02
8.105590939521789551e-02 6.179774552583694458e-02
7.357016205787658691e-02 5.715489387512207031e-02
6.783356517553329468e-02 5.333263427019119263e-02
5.394847318530082703e-02 4.286485910415649414e-02
4.761462286114692688e-02 3.732228279113769531e-02
4.301542416214942932e-02 3.286855667829513550e-02
3.734675794839859009e-02 2.668207883834838867e-02
3.421106189489364624e-02 2.278379909694194794e-02
3.070272877812385559e-02 1.778310537338256836e-02
2.929980307817459106e-02 1.549548469483852386e-02
2.677722647786140442e-02 1.064968761056661606e-02
2.525804191827774048e-02 6.840248592197895050e-03
2.476018294692039490e-02 5.266730207949876785e-03
2.358178794384002686e-02 -1.689025666564702988e-03
2.481945790350437164e-02 -1.005457434803247452e-02
2.719450555741786957e-02 -1.487256679683923721e-02
3.245195373892784119e-02 -2.098256535828113556e-02
3.658650442957878113e-02 -2.428264543414115906e-02
4.283183813095092773e-02 -2.811196632683277130e-02
4.614381864666938782e-02 -2.978036738932132721e-02
5.270249396562576294e-02 -3.257754445075988770e-02
5.600322782993316650e-02 -3.378573060035705566e-02
6.334378570318222046e-02 -3.610376268625259399e-02
7.616189122200012207e-02 -3.922539576888084412e-02
8.553286641836166382e-02 -4.095002636313438416e-02
8.950179070234298706e-02 -4.156658425927162170e-02
9.877558797597885132e-02 -4.278238490223884583e-02
1.055900976061820984e-01 -4.349938407540321350e-02
1.082481294870376587e-01 -4.374293982982635498e-02
1.199378222227096558e-01 -4.460041224956512451e-02
1.326412856578826904e-01 -4.518951103091239929e-02
1.458710283041000366e-01 -4.548810049891471863e-02
1.480647623538970947e-01 -4.551045596599578857e-02
1.658657938241958618e-01 -4.544526711106300354e-02
1.741119325160980225e-01 -4.528321698307991028e-02
1.834828704595565796e-01 -4.501177743077278137e-02
1.936184018850326538e-01 -4.462477192282676697e-02
2.148963510990142822e-01 -4.354285076260566711e-02
2.231578528881072998e-01 -4.303840920329093933e-02
2.317268848419189453e-01 -4.247212409973144531e-02
2.380908280611038208e-01 -4.202557727694511414e-02
2.512790560722351074e-01 -4.103667289018630981e-02
2.640327513217926025e-01 -4.000811651349067688e-02
2.728774249553680420e-01 -3.925829380750656128e-02
2.846631407737731934e-01 -3.821827843785285950e-02
2.951598465442657471e-01 -3.725719824433326721e-02
3.027769625186920166e-01 -3.654164075851440430e-02
3.163253366947174072e-01 -3.523590043187141418e-02
3.249859809875488281e-01 -3.438188135623931885e-02
3.342622518539428711e-01 -3.345281630754470825e-02
3.401863276958465576e-01 -3.285265713930130005e-02
3.503344655036926270e-01 -3.181383386254310608e-02
3.633483350276947021e-01 -3.046526014804840088e-02
3.755651712417602539e-01 -2.918654680252075195e-02
3.861448168754577637e-01 -2.807227894663810730e-02
4.003036320209503174e-01 -2.657544240355491638e-02
4.091278612613677979e-01 -2.564154379069805145e-02
4.215259253978729248e-01 -2.433107793331146240e-02
4.328348934650421143e-01 -2.314021810889244080e-02
4.413509070873260498e-01 -2.224794216454029083e-02
4.554079473018646240e-01 -2.078682556748390198e-02
4.640608131885528564e-01 -1.989651471376419067e-02
4.866152703762054443e-01 -1.761776395142078400e-02
5.045820474624633789e-01 -1.585591584444046021e-02
5.129979252815246582e-01 -1.504985708743333817e-02
5.263537764549255371e-01 -1.379866711795330048e-02
5.374653935432434082e-01 -1.278596557676792145e-02
5.578457117080688477e-01 -1.100097410380840302e-02
5.681565403938293457e-01 -1.013584714382886887e-02
5.753114223480224609e-01 -9.551133029162883759e-03
5.927138924598693848e-01 -8.183682337403297424e-03
6.056504249572753906e-01 -7.218169979751110077e-03
6.157214045524597168e-01 -6.496707908809185028e-03
6.330012083053588867e-01 -5.319636780768632889e-03
6.476426124572753906e-01 -4.380738828331232071e-03
6.611596345901489258e-01 -3.559405682608485222e-03
6.647179126739501953e-01 -3.350152866914868355e-03
6.869026422500610352e-01 -2.106977626681327820e-03
6.913893818855285645e-01 -1.867742743343114853e-03
7.090435028076171875e-01 -9.628742700442671776e-04
7.290174365043640137e-01 -3.165479256495018490e-06
7.416549921035766602e-01 5.725008086301386356e-04
7.537617683410644531e-01 1.103027723729610443e-03
7.754027247428894043e-01 2.003616187721490860e-03
7.868437170982360840e-01 2.455853158608078957e-03
7.953232526779174805e-01 2.780312905088067055e-03
8.022487759590148926e-01 3.038322553038597107e-03
8.136149644851684570e-01 3.447441151365637779e-03
8.238108754158020020e-01 3.797990037128329277e-03
8.314553499221801758e-01 4.049473442137241364e-03
8.392072319984436035e-01 4.293383564800024033e-03
8.557488322257995605e-01 4.769534803926944733e-03
8.638605475425720215e-01 4.976273514330387115e-03
8.792927861213684082e-01 5.305856000632047653e-03
8.875024318695068359e-01 5.437949206680059433e-03
8.963255286216735840e-01 5.536342971026897430e-03
9.053119421005249023e-01 5.577912554144859314e-03
9.133335351943969727e-01 5.550775211304426193e-03
9.166688919067382812e-01 5.517497658729553223e-03
9.329275488853454590e-01 5.098354071378707886e-03
9.436902403831481934e-01 4.468024708330631256e-03
9.592736959457397461e-01 2.589768264442682266e-03
9.653002023696899414e-01 1.328683225437998772e-03
9.669306278228759766e-01 9.131006081588566303e-04
9.687288403511047363e-01 4.134460759814828634e-04
