9.644055962562561035e-01 1.693405210971832275e-03
9.637917876243591309e-01 1.781646511517465115e-03
9.586582779884338379e-01 2.646220149472355843e-03
9.548225998878479004e-01 3.376398002728819847e-03
9.408245682716369629e-01 6.312416400760412216e-03
9.319120645523071289e-01 8.306499570608139038e-03
9.120323061943054199e-01 1.296005863696336746e-02
9.062360525131225586e-01 1.435862202197313309e-02
8.920238018035888672e-01 1.785561256110668182e-02
8.843059539794921875e-01 1.979200355708599091e-02
8.699399232864379883e-01 2.346197329461574554e-02
8.659155964851379395e-01 2.450488694012165070e-02
8.584040403366088867e-01 2.646835148334503174e-02
8.485422730445861816e-01 2.907898277044296265e-02
8.388552665710449219e-01 3.167868778109550476e-02
8.340355753898620605e-01 3.298481926321983337e-02
8.198372721672058105e-01 3.687989711761474609e-02
8.056827187538146973e-01 4.082990810275077820e-02
7.976274490356445312e-01 4.310552403330802917e-02
7.880865335464477539e-01 4.582470655441284180e-02
7.770497798919677734e-01 4.899921268224716187e-02
7.671201825141906738e-01 5.187828838825225830e-02
7.608520388603210449e-01 5.370526015758514404e-02
7.545639276504516602e-01 5.554407462477684021e-02
7.471919059753417969e-01 5.770602449774742126e-02
7.432985901832580566e-01 5.884984135627746582e-02
7.316883206367492676e-01 6.226576864719390869e-02
7.252848744392395020e-01 6.415033340454101562e-02
7.205775380134582520e-01 6.553494930267333984e-02
7.094079852104187012e-01 6.881313025951385498e-02
6.987115740776062012e-01 7.193626463413238525e-02
6.818484067916870117e-01 7.680732756853103638e-02
6.714233160018920898e-01 7.977357506752014160e-02
6.674727201461791992e-01 8.088644593954086304e-02
6.575319766998291016e-01 8.365562558174133301e-02
6.507039666175842285e-01 8.552888780832290649e-02
6.356533765792846680e-01 8.956281095743179321e-02
6.263987421989440918e-01 9.196990728378295898e-02
6.098455786705017090e-01 9.611625969409942627e-02
6.039562225341796875e-01 9.753775596618652344e-02
5.896172523498535156e-01 1.008702069520950317e-01
5.839694738388061523e-01 1.021300330758094788e-01
5.755094885826110840e-01 1.039583683013916016e-01
5.577982068061828613e-01 1.075464040040969849e-01
5.479136109352111816e-01 1.094010546803474426e-01
5.385136604309082031e-01 1.110623776912689209e-01
5.260760784149169922e-01 1.131028383970260620e-01
5.182502865791320801e-01 1.142925918102264404e-01
5.044242739677429199e-01 1.162134632468223572e-01
4.944256246089935303e-01 1.174564063549041748e-01
4.807824194431304932e-01 1.189519613981246948e-01
4.739831686019897461e-01 1.196104064583778381e-01
4.652191400527954102e-01 1.203735023736953735e-01
4.546911418437957764e-01 1.211624890565872192e-01
4.437110722064971924e-01 1.218368038535118103e-01
4.356504678726196289e-01 1.222354397177696228e-01
4.269459247589111328e-01 1.225744411349296570e-01
4.155185818672180176e-01 1.228756979107856750e-01
4.092728197574615479e-01 1.229716315865516663e-01
3.925523161888122559e-01 1.229904815554618835e-01
3.836699128150939941e-01 1.228602007031440735e-01
3.723140656948089600e-01 1.225526705384254456e-01
3.622601926326751709e-01 1.221488118171691895e-01
3.519464731216430664e-01 1.216065511107444763e-01
3.307755589485168457e-01 1.200884431600570679e-01
3.228462636470794678e-01 1.193796843290328979e-01
2.984544336795806885e-01 1.167187020182609558e-01
2.867047786712646484e-01 1.151758953928947449e-01
2.797193825244903564e-01 1.141772717237472534e-01
2.651748061180114746e-01 1.119006499648094177e-01
2.562721669673919678e-01 1.103736162185668945e-01
2.411575168371200562e-01 1.075430661439895630e-01
2.353185266256332397e-01 1.063675954937934875e-01
2.230901420116424561e-01 1.037532538175582886e-01
2.098006159067153931e-01 1.006699353456497192e-01
1.856054663658142090e-01 9.436603635549545288e-02
1.775541603565216064e-01 9.205614775419235229e-02
1.591908782720565796e-01 8.635140955448150635e-02
1.342916190624237061e-01 7.751779258251190186e-02
1.270432323217391968e-01 7.467142492532730103e-02
1.225883886218070984e-01 7.285246998071670532e-02
1.157747134566307068e-01 6.996005028486251831e-02
1.093318462371826172e-01 6.709249317646026611e-02
1.025938615202903748e-01 6.394202262163162231e-02
8.672095835208892822e-02 5.579952895641326904e-02
7.278954982757568359e-02 4.758083820343017578e-02
6.636970490217208862e-02 4.333605989813804626e-02
6.311917304992675781e-02 4.104551672935485840e-02
5.681896954774856567e-02 3.626937046647071838e-02
5.339525267481803894e-02 3.344326838850975037e-02
4.831304401159286499e-02 2.884410880506038666e-02
4.685345292091369629e-02 2.740892767906188965e-02
4.218480363488197327e-02 2.232639677822589874e-02
3.815516084432601929e-02 1.696781255304813385e-02
3.666179254651069641e-02 1.455245725810527802e-02
3.445936366915702820e-02 1.003785897046327591e-02
3.386847302317619324e-02 8.413977921009063721e-03
3.301464021205902100e-02 5.062982905656099319e-03
3.271245583891868591e-02 2.420054981485009193e-03
3.343712538480758667e-02 -3.833985421806573868e-03
3.458039835095405579e-02 -6.872832309454679489e-03
4.034525901079177856e-02 -1.496895961463451385e-02
4.432637244462966919e-02 -1.866016909480094910e-02
4.772121831774711609e-02 -2.131354063749313354e-02
5.199078470468521118e-02 -2.423992939293384552e-02
5.460392683744430542e-02 -2.586469240486621857e-02
6.577239930629730225e-02 -3.183783218264579773e-02
7.237204909324645996e-02 -3.483561053872108459e-02
8.722484111785888672e-02 -4.059987142682075500e-02
1.022320091724395752e-01 -4.540031403303146362e-02
1.081023216247558594e-01 -4.705698043107986450e-02
1.140898019075393677e-01 -4.863578081130981445e-02
1.237931624054908752e-01 -5.097879096865653992e-02
1.319034397602081299e-01 -5.275184288620948792e-02
1.389216929674148560e-01 -5.416226759552955627e-02
1.571037769317626953e-01 -5.733868479728698730e-02
1.742658615112304688e-01 -5.978107452392578125e-02
1.842202395200729370e-01 -6.097967177629470825e-02
1.933396458625793457e-01 -6.194955110549926758e-02
2.034938335418701172e-01 -6.289479136466979980e-02
2.144790887832641602e-01 -6.376783549785614014e-02
2.205033898353576660e-01 -6.418427824974060059e-02
2.281694710254669189e-01 -6.465341150760650635e-02
2.375829070806503296e-01 -6.514036655426025391e-02
2.474272698163986206e-01 -6.554947048425674438e-02
2.590458691120147705e-01 -6.590747088193893433e-02
2.784504890441894531e-01 -6.622302532196044922e-02
2.859079241752624512e-01 -6.625562906265258789e-02
2.923810482025146484e-01 -6.624582409858703613e-02
3.053165674209594727e-01 -6.612388044595718384e-02
3.163172006607055664e-01 -6.591676175594329834e-02
3.243969678878784180e-01 -6.570630520582199097e-02
3.355167210102081299e-01 -6.533844023942947388e-02
3.463506102561950684e-01 -6.489551067352294922e-02
3.609084784984588623e-01 -6.417320668697357178e-02
3.681620359420776367e-01 -6.376039981842041016e-02
3.884602487087249756e-01 -6.242382526397705078e-02
3.919256329536437988e-01 -6.216949224472045898e-02
4.020319581031799316e-01 -6.138503178954124451e-02
4.077681899070739746e-01 -6.091177091002464294e-02
4.382690787315368652e-01 -5.806161835789680481e-02
4.484626948833465576e-01 -5.698592215776443481e-02
4.587537348270416260e-01 -5.583828315138816833e-02
4.696753919124603271e-01 -5.455298349261283875e-02
4.857975542545318604e-01 -5.252972990274429321e-02
4.881234765052795410e-01 -5.222547054290771484e-02
4.968029260635375977e-01 -5.106276646256446838e-02
5.189138650894165039e-01 -4.790621995925903320e-02
5.287654399871826172e-01 -4.641024395823478699e-02
5.406708121299743652e-01 -4.452919587492942810e-02
5.475965142250061035e-01 -4.339832812547683716e-02
5.598994493484497070e-01 -4.132365807890892029e-02
5.744952559471130371e-01 -3.875480964779853821e-02
5.836766958236694336e-01 -3.708043694496154785e-02
5.914983153343200684e-01 -3.561946004629135132e-02
5.958448052406311035e-01 -3.479413315653800964e-02
6.032500863075256348e-01 -3.336649760603904724e-02
6.200349330902099609e-01 -3.003508038818836212e-02
6.285475492477416992e-01 -2.829857543110847473e-02
6.395583152770996094e-01 -2.601061016321182251e-02
6.489096879959106445e-01 -2.403469942510128021e-02
6.721116304397583008e-01 -1.903421804308891296e-02
7.078846693038940430e-01 -1.123001333326101303e-02
7.112296819686889648e-01 -1.050648558884859085e-02
7.323474884033203125e-01 -6.016195286065340042e-03
7.412236332893371582e-01 -4.185027442872524261e-03
7.496756911277770996e-01 -2.482772106304764748e-03
7.604472041130065918e-01 -3.828524786513298750e-04
7.693633437156677246e-01 1.287114573642611504e-03
7.815474271774291992e-01 3.453868906944990158e-03
8.056377172470092773e-01 7.272348273545503616e-03
8.158105015754699707e-01 8.668832480907440186e-03
8.208360075950622559e-01 9.305658750236034393e-03
8.257250785827636719e-01 9.889603592455387115e-03
8.369650244712829590e-01 1.109103858470916748e-02
8.433346152305603027e-01 1.167911384254693985e-02
8.502091169357299805e-01 1.223332248628139496e-02
8.559758663177490234e-01 1.263028196990489960e-02
8.699740171432495117e-01 1.331503223627805710e-02
8.778464794158935547e-01 1.351108495146036148e-02
8.906576633453369141e-01 1.350270025432109833e-02
8.941196799278259277e-01 1.342418231070041656e-02
9.006732702255249023e-01 1.317781861871480942e-02
9.090390205383300781e-01 1.266069244593381882e-02
9.191966056823730469e-01 1.168363634496927261e-02
9.303458929061889648e-01 1.007960177958011627e-02
9.344879984855651855e-01 9.312800131738185883e-03
9.409700632095336914e-01 7.887889631092548370e-03
9.522711038589477539e-01 4.566744435578584671e-03
9.612497687339782715e-01 8.406750857830047607e-04
9.656779766082763672e-01 -1.516709686256945133e-03
9.675104618072509766e-01 -2.620830433443188667e-03
