9.611789584159851074e-01 -1.308881561271846294e-03
9.605815410614013672e-01 -1.198964077048003674e-03
9.560249447822570801e-01 -4.108584544155746698e-04
9.428948163986206055e-01 1.570064225234091282e-03
9.280046224594116211e-01 3.535067196935415268e-03
9.032295942306518555e-01 6.420370656996965408e-03
8.960879445075988770e-01 7.185535971075296402e-03
8.936175107955932617e-01 7.444272283464670181e-03
8.811578750610351562e-01 8.705842308700084686e-03
8.719413280487060547e-01 9.595719166100025177e-03
8.605388998985290527e-01 1.065000519156455994e-02
8.535258173942565918e-01 1.127454079687595367e-02
8.397897481918334961e-01 1.244910620152950287e-02
8.243212699890136719e-01 1.370156090706586838e-02
8.147218227386474609e-01 1.444532349705696106e-02
8.078722357749938965e-01 1.496190205216407776e-02
8.007441759109497070e-01 1.548805646598339081e-02
7.946355938911437988e-01 1.593043282628059387e-02
7.861855030059814453e-01 1.653059199452400208e-02
7.827618718147277832e-01 1.677021570503711700e-02
7.786768674850463867e-01 1.705367304384708405e-02
7.689048647880554199e-01 1.772199198603630066e-02
7.604754567146301270e-01 1.828898303210735321e-02
7.553204298019409180e-01 1.863210089504718781e-02
7.373634576797485352e-01 1.981095410883426666e-02
7.325172424316406250e-01 2.012586221098899841e-02
7.237074971199035645e-01 2.069593220949172974e-02
7.213485240936279297e-01 2.084817364811897278e-02
6.968459486961364746e-01 2.242395468056201935e-02
6.926289200782775879e-01 2.269466780126094818e-02
6.833176612854003906e-01 2.329226955771446228e-02
6.700372099876403809e-01 2.414440922439098358e-02
6.567952036857604980e-01 2.499342709779739380e-02
6.482066512107849121e-01 2.554320730268955231e-02
6.417315602302551270e-01 2.595696225762367249e-02
6.240804791450500488e-01 2.707954496145248413e-02
6.169526576995849609e-01 2.752979099750518799e-02
6.120923757553100586e-01 2.783551812171936035e-02
5.930263996124267578e-01 2.902184613049030304e-02
5.882099270820617676e-01 2.931763604283332825e-02
5.690493583679199219e-01 3.047492541372776031e-02
5.529239177703857422e-01 3.142020478844642639e-02
5.388989448547363281e-01 3.221691772341728210e-02
5.317205786705017090e-01 3.261441364884376526e-02
5.141478776931762695e-01 3.355495259165763855e-02
5.048243999481201172e-01 3.403364866971969604e-02
4.915104210376739502e-01 3.469064831733703613e-02
4.842035770416259766e-01 3.503717482089996338e-02
4.772628545761108398e-01 3.535669669508934021e-02
4.574027061462402344e-01 3.621632978320121765e-02
4.381240308284759521e-01 3.696870431303977966e-02
4.287591278553009033e-01 3.730342537164688110e-02
4.188453853130340576e-01 3.763512521982192993e-02
3.999653160572052002e-01 3.820087760686874390e-02
3.920987248420715332e-01 3.841060400009155273e-02
3.768455088138580322e-01 3.877308964729309082e-02
3.693336844444274902e-01 3.893011808395385742e-02
3.592929244041442871e-01 3.911783918738365173e-02
3.398134112358093262e-01 3.941031545400619507e-02
3.341386020183563232e-01 3.947788476943969727e-02
3.306096196174621582e-01 3.951596468687057495e-02
3.126561641693115234e-01 3.966343030333518982e-02
2.825627624988555908e-01 3.974321857094764709e-02
2.737506031990051270e-01 3.972854465246200562e-02
2.638775110244750977e-01 3.969231620430946350e-02
2.536237835884094238e-01 3.963283076882362366e-02
2.481132000684738159e-01 3.959177061915397644e-02
2.378882020711898804e-01 3.949869424104690552e-02
2.348089367151260376e-01 3.946634382009506226e-02
2.319762855768203735e-01 3.943480178713798523e-02
2.182895839214324951e-01 3.925797715783119202e-02
1.992225348949432373e-01 3.894048929214477539e-02
1.954012364149093628e-01 3.886612504720687866e-02
1.864109188318252563e-01 3.867569193243980408e-02
1.780333220958709717e-01 3.847724571824073792e-02
1.361524164676666260e-01 3.708927705883979797e-02
1.310958564281463623e-01 3.686277568340301514e-02
1.270410567522048950e-01 3.666913136839866638e-02
1.205325722694396973e-01 3.633375465869903564e-02
1.104676872491836548e-01 3.574720025062561035e-02
9.469085931777954102e-02 3.462255373597145081e-02
8.319710940122604370e-02 3.359917551279067993e-02
7.740183174610137939e-02 3.300048783421516418e-02
5.950964987277984619e-02 3.068645112216472626e-02
5.688390880823135376e-02 3.027247264981269836e-02
5.218717083334922791e-02 2.947197854518890381e-02
4.199885204434394836e-02 2.741442807018756866e-02
3.777343407273292542e-02 2.639898844063282013e-02
2.850445359945297241e-02 2.370642311871051788e-02
2.360021322965621948e-02 2.192566357553005219e-02
1.583345234394073486e-02 1.827611960470676422e-02
1.129589229822158813e-02 1.531283371150493622e-02
4.549631848931312561e-03 6.568424403667449951e-03
4.050289280712604523e-03 3.405418945476412773e-03
4.364848136901855469e-03 5.213670665398240089e-04
4.961152095347642899e-03 -1.395790139213204384e-03
6.866853684186935425e-03 -4.958245903253555298e-03
8.445857092738151550e-03 -7.028339430689811707e-03
1.024506334215402603e-02 -8.972034789621829987e-03
1.198880281299352646e-02 -1.059823669493198395e-02
1.699835062026977539e-02 -1.444238144904375076e-02
2.653394453227519989e-02 -1.997422985732555389e-02
3.239558264613151550e-02 -2.272798120975494385e-02
4.787600785493850708e-02 -2.867063693702220917e-02
5.336323380470275879e-02 -3.046165220439434052e-02
6.127820909023284912e-02 -3.284066542983055115e-02
6.809154152870178223e-02 -3.473133221268653870e-02
7.754701375961303711e-02 -3.716213628649711609e-02
8.365558087825775146e-02 -3.863306343555450439e-02
9.340163320302963257e-02 -4.084408283233642578e-02
9.913882613182067871e-02 -4.207640886306762695e-02
1.192009523510932922e-01 -4.603372886776924133e-02
1.262324750423431396e-01 -4.730072617530822754e-02
1.347557157278060913e-01 -4.875668510794639587e-02
1.405916810035705566e-01 -4.970371350646018982e-02
1.483589559793472290e-01 -5.090178176760673523e-02
1.625571846961975098e-01 -5.290903151035308838e-02
1.661041676998138428e-01 -5.337386578321456909e-02
1.703588962554931641e-01 -5.391229689121246338e-02
1.821412146091461182e-01 -5.529556795954704285e-02
1.926217973232269287e-01 -5.639529228210449219e-02
2.016957849264144897e-01 -5.725061148405075073e-02
2.097608745098114014e-01 -5.793755501508712769e-02
2.171906530857086182e-01 -5.851111561059951782e-02
2.319295704364776611e-01 -5.948724597692489624e-02
2.355473786592483521e-01 -5.969518795609474182e-02
2.513180375099182129e-01 -6.046322733163833618e-02
2.577933669090270996e-01 -6.071607768535614014e-02
2.740626931190490723e-01 -6.120081990957260132e-02
2.894243597984313965e-01 -6.147346645593643188e-02
2.930709421634674072e-01 -6.151340901851654053e-02
2.986868321895599365e-01 -6.155709549784660339e-02
3.124501407146453857e-01 -6.157661229372024536e-02
3.283435106277465820e-01 -6.145380809903144836e-02
3.361631929874420166e-01 -6.133995205163955688e-02
3.430853486061096191e-01 -6.121130660176277161e-02
3.604258000850677490e-01 -6.078059971332550049e-02
3.632991313934326172e-01 -6.069493666291236877e-02
3.806157112121582031e-01 -6.009830161929130554e-02
3.878666758537292480e-01 -5.980931594967842102e-02
4.163535833358764648e-01 -5.846992135047912598e-02
4.553326964378356934e-01 -5.617153272032737732e-02
4.587932527065277100e-01 -5.594444647431373596e-02
4.731462001800537109e-01 -5.496618524193763733e-02
4.835654795169830322e-01 -5.422098934650421143e-02
4.964024424552917480e-01 -5.326495692133903503e-02
5.099433660507202148e-01 -5.221392586827278137e-02
5.170607566833496094e-01 -5.164496228098869324e-02
5.267143845558166504e-01 -5.085606500506401062e-02
5.649810433387756348e-01 -4.755163937807083130e-02
5.708049535751342773e-01 -4.702616482973098755e-02
5.777517557144165039e-01 -4.639215767383575439e-02
5.845352411270141602e-01 -4.576573893427848816e-02
5.899993181228637695e-01 -4.525603726506233215e-02
6.125432252883911133e-01 -4.310636594891548157e-02
6.249690651893615723e-01 -4.189012199640274048e-02
6.340050697326660156e-01 -4.099171608686447144e-02
6.412867307662963867e-01 -4.025907069444656372e-02
6.552790403366088867e-01 -3.882874175906181335e-02
6.721964478492736816e-01 -3.705730289220809937e-02
6.850195527076721191e-01 -3.568090125918388367e-02
6.955959200859069824e-01 -3.452150151133537292e-02
7.036356925964355469e-01 -3.362425789237022400e-02
7.381108999252319336e-01 -2.959799207746982574e-02
7.449132800102233887e-01 -2.876509912312030792e-02
7.541635036468505859e-01 -2.761010639369487762e-02
7.621505260467529297e-01 -2.659130468964576721e-02
7.683341503143310547e-01 -2.578847855329513550e-02
7.880799770355224609e-01 -2.314100228250026703e-02
7.989851236343383789e-01 -2.162435464560985565e-02
8.052418828010559082e-01 -2.073729038238525391e-02
8.080068826675415039e-01 -2.034151367843151093e-02
8.165565133094787598e-01 -1.910391822457313538e-02
8.226765394210815430e-01 -1.820612139999866486e-02
8.277016878128051758e-01 -1.746237277984619141e-02
8.315089941024780273e-01 -1.689535751938819885e-02
8.499870300292968750e-01 -1.411535590887069702e-02
8.563296794891357422e-01 -1.315814722329378128e-02
8.636474013328552246e-01 -1.205957867205142975e-02
8.689835667610168457e-01 -1.126650068908929825e-02
8.746157288551330566e-01 -1.044142153114080429e-02
8.778951764106750488e-01 -9.968695230782032013e-03
8.859441280364990234e-01 -8.841850794851779938e-03
8.908398151397705078e-01 -8.187286555767059326e-03
8.993653655052185059e-01 -7.125884760171175003e-03
9.035059213638305664e-01 -6.657212041318416595e-03
9.222661852836608887e-01 -5.129348486661911011e-03
9.322283864021301270e-01 -4.892420955002307892e-03
9.421162605285644531e-01 -5.162528250366449356e-03
9.486060142517089844e-01 -5.605435930192470551e-03
9.557193517684936523e-01 -6.285744719207286835e-03
9.608204364776611328e-01 -6.865475792437791824e-03
