9.656298160552978516e-01 4.124064464122056961e-03
9.650131464004516602e-01 4.409349989145994186e-03
9.624866247177124023e-01 5.513165146112442017e-03
9.461857080459594727e-01 1.162947062402963638e-02
9.293680787086486816e-01 1.724270544946193695e-02
9.214267134666442871e-01 1.976683549582958221e-02
9.075512290000915527e-01 2.403690293431282043e-02
9.008534550666809082e-01 2.604386582970619202e-02
8.878470063209533691e-01 2.985317818820476532e-02
8.786109685897827148e-01 3.249356150627136230e-02
8.671247959136962891e-01 3.570783138275146484e-02
8.616724014282226562e-01 3.720771148800849915e-02
8.552423715591430664e-01 3.895578533411026001e-02
8.473243713378906250e-01 4.107792675495147705e-02
8.337176442146301270e-01 4.464809596538543701e-02
8.298239707946777344e-01 4.565212130546569824e-02
8.206933140754699707e-01 4.797590151429176331e-02
8.118769526481628418e-01 5.017931759357452393e-02
8.053027391433715820e-01 5.179663375020027161e-02
7.995118498802185059e-01 5.320309102535247803e-02
7.870708107948303223e-01 5.616733804345130920e-02
7.802417874336242676e-01 5.776132270693778992e-02
7.575488090515136719e-01 6.288971751928329468e-02
7.517627477645874023e-01 6.415608525276184082e-02
7.375005483627319336e-01 6.720662862062454224e-02
7.268210649490356445e-01 6.942514330148696899e-02
7.128796577453613281e-01 7.223707437515258789e-02
7.071202397346496582e-01 7.337108999490737915e-02
6.990218758583068848e-01 7.493849098682403564e-02
6.875389218330383301e-01 7.710674405097961426e-02
6.754156947135925293e-01 7.932732254266738892e-02
6.641875505447387695e-01 8.132140338420867920e-02
6.554916501045227051e-01 8.282456547021865845e-02
6.467854380607604980e-01 8.429364114999771118e-02
6.314877271652221680e-01 8.678782731294631958e-02
6.238984465599060059e-01 8.798394352197647095e-02
6.077901721000671387e-01 9.043171256780624390e-02
5.983496308326721191e-01 9.180845320224761963e-02
5.897117257118225098e-01 9.303037077188491821e-02
5.823123455047607422e-01 9.404820203781127930e-02
5.710805058479309082e-01 9.554184973239898682e-02
5.627859830856323242e-01 9.660468995571136475e-02
5.523604750633239746e-01 9.789157658815383911e-02
5.426029562950134277e-01 9.904583543539047241e-02
5.304993391036987305e-01 1.004091352224349976e-01
5.199173092842102051e-01 1.015377864241600037e-01
5.073677897453308105e-01 1.027981266379356384e-01
4.989394545555114746e-01 1.035960465669631958e-01
4.903351068496704102e-01 1.043695658445358276e-01
4.763792753219604492e-01 1.055341213941574097e-01
4.613049328327178955e-01 1.066633313894271851e-01
4.536031484603881836e-01 1.071872115135192871e-01
4.401944875717163086e-01 1.080113425850868225e-01
4.290439486503601074e-01 1.086092367768287659e-01
4.195592403411865234e-01 1.090536564588546753e-01
4.133640229701995850e-01 1.093113124370574951e-01
3.943879008293151855e-01 1.099354103207588196e-01
3.782247602939605713e-01 1.102631837129592896e-01
3.683039546012878418e-01 1.103676259517669678e-01
3.563835620880126953e-01 1.103921681642532349e-01
3.410198986530303955e-01 1.102552562952041626e-01
3.355338275432586670e-01 1.101588308811187744e-01
3.278944492340087891e-01 1.099815741181373596e-01
3.139481544494628906e-01 1.095252409577369690e-01
3.050916492938995361e-01 1.091432273387908936e-01
2.895452082157135010e-01 1.082915291190147400e-01
2.843391299247741699e-01 1.079528406262397766e-01
2.762435674667358398e-01 1.073708087205886841e-01
2.580701410770416260e-01 1.058082357048988342e-01
2.459967434406280518e-01 1.045633181929588318e-01
2.372606694698333740e-01 1.035532504320144653e-01
2.228477746248245239e-01 1.016744896769523621e-01
2.114211320877075195e-01 9.998529404401779175e-02
2.028863281011581421e-01 9.860078245401382446e-02
1.947724074125289917e-01 9.718158841133117676e-02
1.858221441507339478e-01 9.549319744110107422e-02
1.790798902511596680e-01 9.413153678178787231e-02
1.627868860960006714e-01 9.049712121486663818e-02
1.522863954305648804e-01 8.787363767623901367e-02
1.415253132581710815e-01 8.493112027645111084e-02
1.320858448743820190e-01 8.211756497621536255e-02
1.261199861764907837e-01 8.021724224090576172e-02
1.180387660861015320e-01 7.747926563024520874e-02
1.070447191596031189e-01 7.342101633548736572e-02
9.879665821790695190e-02 7.009384036064147949e-02
9.576226770877838135e-02 6.880250573158264160e-02
7.567475736141204834e-02 5.918087437748908997e-02
6.349384784698486328e-02 5.222440883517265320e-02
5.711981281638145447e-02 4.814405366778373718e-02
5.003104731440544128e-02 4.316183924674987793e-02
3.815538063645362854e-02 3.340053185820579529e-02
3.191354125738143921e-02 2.720562554895877838e-02
2.960470877587795258e-02 2.462423965334892273e-02
2.514674328267574310e-02 1.894113235175609589e-02
2.108635194599628448e-02 1.222175359725952148e-02
1.951212435960769653e-02 8.535862900316715240e-03
1.868055574595928192e-02 5.680253729224205017e-03
1.831337250769138336e-02 3.450134769082069397e-03
1.825489476323127747e-02 1.038978458382189274e-03
1.839618757367134094e-02 -2.439206291455775499e-04
1.950435526669025421e-02 -3.581681521609425545e-03
2.106266282498836517e-02 -5.782731343060731888e-03
2.354110032320022583e-02 -7.865866646170616150e-03
2.806413546204566956e-02 -1.000388618558645248e-02
3.434112668037414551e-02 -1.144891045987606049e-02
4.429773613810539246e-02 -1.208701264113187790e-02
4.667647555470466614e-02 -1.206061244010925293e-02
5.239872261881828308e-02 -1.180485822260379791e-02
6.028597429394721985e-02 -1.111273933202028275e-02
6.758407503366470337e-02 -1.021886430680751801e-02
7.689401507377624512e-02 -8.829065598547458649e-03
9.096815437078475952e-02 -6.376577541232109070e-03
9.815613925457000732e-02 -5.018480122089385986e-03
1.119711026549339294e-01 -2.294610720127820969e-03
1.221442744135856628e-01 -2.391234738752245903e-04
1.264573633670806885e-01 6.367901223711669445e-04
1.382427513599395752e-01 3.026154125109314919e-03
1.481021642684936523e-01 5.005275830626487732e-03
1.600826084613800049e-01 7.367393933236598969e-03
1.666694283485412598e-01 8.640600368380546570e-03
1.765197962522506714e-01 1.050543971359729767e-02
1.857218742370605469e-01 1.220115087926387787e-02
1.895417124032974243e-01 1.289109233766794205e-02
1.999540179967880249e-01 1.472838409245014191e-02
2.227094173431396484e-01 1.851322688162326813e-02
2.317030727863311768e-01 1.991946436464786530e-02
2.419184148311614990e-01 2.145433053374290466e-02
2.559928894042968750e-01 2.346016466617584229e-02
2.652854919433593750e-01 2.471555024385452271e-02
2.810127735137939453e-01 2.671615220606327057e-02
2.937915325164794922e-01 2.822786569595336914e-02
2.981715500354766846e-01 2.872274257242679596e-02
3.087041974067687988e-01 2.986452542245388031e-02
3.163194954395294189e-01 3.064790368080139160e-02
3.287909924983978271e-01 3.185507655143737793e-02
3.368638157844543457e-01 3.258672356605529785e-02
3.488033115863800049e-01 3.359783440828323364e-02
3.605212569236755371e-01 3.450845554471015930e-02
3.708005249500274658e-01 3.524116426706314087e-02
3.890047669410705566e-01 3.638859093189239502e-02
4.045069217681884766e-01 3.721567243337631226e-02
4.115352630615234375e-01 3.754551708698272705e-02
4.239607155323028564e-01 3.806018829345703125e-02
4.321487843990325928e-01 3.835174813866615295e-02
4.446415007114410400e-01 3.872411698102951050e-02
4.562073945999145508e-01 3.899122774600982666e-02
4.658859968185424805e-01 3.915773332118988037e-02
4.771431386470794678e-01 3.928647190332412720e-02
4.907490611076354980e-01 3.934955224394798279e-02
5.015720129013061523e-01 3.932814300060272217e-02
5.165025591850280762e-01 3.919576108455657959e-02
5.236772894859313965e-01 3.909027203917503357e-02
5.427997112274169922e-01 3.867888078093528748e-02
5.471385717391967773e-01 3.855961561203002930e-02
5.692633390426635742e-01 3.780699893832206726e-02
5.810368657112121582e-01 3.731105476617813110e-02
5.931182503700256348e-01 3.673625737428665161e-02
6.079609394073486328e-01 3.594268113374710083e-02
6.224497556686401367e-01 3.508011624217033386e-02
6.312258839607238770e-01 3.451775759458541870e-02
6.445247530937194824e-01 3.361167013645172119e-02
6.524242758750915527e-01 3.304434940218925476e-02
6.605443358421325684e-01 3.243984282016754150e-02
6.628735065460205078e-01 3.226260840892791748e-02
6.818023324012756348e-01 3.076267987489700317e-02
6.919655799865722656e-01 2.991666458547115326e-02
7.078493237495422363e-01 2.854353003203868866e-02
7.252004146575927734e-01 2.698024734854698181e-02
7.360610961914062500e-01 2.597200497984886169e-02
7.431543469429016113e-01 2.530237101018428802e-02
7.550975680351257324e-01 2.415670640766620636e-02
7.681559920310974121e-01 2.288040332496166229e-02
7.805972099304199219e-01 2.164395526051521301e-02
7.860715389251708984e-01 2.109418995678424835e-02
7.953288555145263672e-01 2.015718445181846619e-02
8.093962073326110840e-01 1.871725916862487793e-02
8.215615153312683105e-01 1.745798066258430481e-02
8.296323418617248535e-01 1.661601290106773376e-02
8.468989133834838867e-01 1.479865144938230515e-02
8.579880595207214355e-01 1.362050510942935944e-02
8.693245053291320801e-01 1.240724977105855942e-02
8.751322031021118164e-01 1.178206689655780792e-02
8.854516148567199707e-01 1.066444348543882370e-02
8.935999274253845215e-01 9.774904698133468628e-03
9.030091166496276855e-01 8.737988770008087158e-03
9.066834449768066406e-01 8.329548873007297516e-03
9.197435975074768066e-01 6.855580490082502365e-03
9.289395213127136230e-01 5.787074565887451172e-03
9.483419656753540039e-01 3.357603447511792183e-03
9.603661298751831055e-01 1.587123260833323002e-03
9.620934724807739258e-01 1.302946824580430984e-03
9.653680324554443359e-01 7.375002023763954639e-04
