9.700528383255004883e-01 8.302996138809248805e-05
9.694845080375671387e-01 1.744875917211174965e-04
9.670687913894653320e-01 5.569808417931199074e-04
9.559262394905090332e-01 2.265243325382471085e-03
9.461620450019836426e-01 3.745309077203273773e-03
9.359812736511230469e-01 5.293789319694042206e-03
9.259234070777893066e-01 6.833451800048351288e-03
9.209988117218017578e-01 7.591044995933771133e-03
9.132205247879028320e-01 8.792398497462272644e-03
9.074084758758544922e-01 9.693424217402935028e-03
8.981595039367675781e-01 1.113216299563646317e-02
8.933363556861877441e-01 1.188432145863771439e-02
8.802510499954223633e-01 1.392896100878715515e-02
8.683488965034484863e-01 1.579017564654350281e-02
8.512187004089355469e-01 1.846228167414665222e-02
8.394702076911926270e-01 2.028420567512512207e-02
8.300246000289916992e-01 2.173916250467300415e-02
8.253150582313537598e-01 2.246052585542201996e-02
8.191663622856140137e-01 2.339754067361354828e-02
8.159533143043518066e-01 2.388487383723258972e-02
7.973802685737609863e-01 2.666507661342620850e-02
7.881375551223754883e-01 2.802139706909656525e-02
7.795212864875793457e-01 2.926668338477611542e-02
7.724767327308654785e-01 3.026984073221683502e-02
7.654119729995727539e-01 3.126123920083045959e-02
7.563050389289855957e-01 3.251593187451362610e-02
7.477940320968627930e-01 3.366306424140930176e-02
7.391061186790466309e-01 3.480681777000427246e-02
7.211299538612365723e-01 3.707836195826530457e-02
6.954027414321899414e-01 4.008141160011291504e-02
6.824336647987365723e-01 4.147343337535858154e-02
6.709707975387573242e-01 4.263098537921905518e-02
6.613681316375732422e-01 4.354603588581085205e-02
6.486787796020507812e-01 4.467642307281494141e-02
6.408551931381225586e-01 4.532757028937339783e-02
6.356534957885742188e-01 4.574088379740715027e-02
6.159585118293762207e-01 4.716148227453231812e-02
5.949338078498840332e-01 4.842298477888107300e-02
5.674480199813842773e-01 4.967443645000457764e-02
5.558443665504455566e-01 5.006934702396392822e-02
5.472854375839233398e-01 5.031095445156097412e-02
5.311253070831298828e-01 5.065470933914184570e-02
5.123142600059509277e-01 5.087585747241973877e-02
5.068722963333129883e-01 5.090520530939102173e-02
4.907422065734863281e-01 5.090467631816864014e-02
4.829510450363159180e-01 5.085909739136695862e-02
4.649265706539154053e-01 5.064629763364791870e-02
4.524865448474884033e-01 5.041640251874923706e-02
4.323390424251556396e-01 4.991050809621810913e-02
4.271805882453918457e-01 4.975593090057373047e-02
4.112289249897003174e-01 4.921754449605941772e-02
4.043607115745544434e-01 4.895891621708869934e-02
3.907845318317413330e-01 4.840306192636489868e-02
3.783352077007293701e-01 4.784412682056427002e-02
3.656007945537567139e-01 4.722692444920539856e-02
3.573285043239593506e-01 4.680272564291954041e-02
3.498667776584625244e-01 4.640514403581619263e-02
3.433222770690917969e-01 4.604518786072731018e-02
3.281283080577850342e-01 4.517089948058128357e-02
3.185520172119140625e-01 4.459343850612640381e-02
3.046312630176544189e-01 4.371954128146171570e-02
2.952927649021148682e-01 4.311135783791542053e-02
2.752870619297027588e-01 4.175175353884696960e-02
2.669911980628967285e-01 4.116589203476905823e-02
2.504341602325439453e-01 3.995859622955322266e-02
2.391395419836044312e-01 3.910589218139648438e-02
2.253390997648239136e-01 3.803120553493499756e-02
2.223399281501770020e-01 3.779274597764015198e-02
2.056093066930770874e-01 3.642895072698593140e-02
2.007779926061630249e-01 3.602404519915580750e-02
1.957618296146392822e-01 3.559809178113937378e-02
1.869937032461166382e-01 3.483933582901954651e-02
1.758992522954940796e-01 3.385156393051147461e-02
1.535077244043350220e-01 3.175008296966552734e-02
1.365828216075897217e-01 3.004627116024494171e-02
1.226673722267150879e-01 2.855239994823932648e-02
1.132966876029968262e-01 2.748930267989635468e-02
1.059587299823760986e-01 2.661927603185176849e-02
9.789048880338668823e-02 2.561907097697257996e-02
8.625286817550659180e-02 2.408191002905368805e-02
7.713000476360321045e-02 2.278319746255874634e-02
6.941726803779602051e-02 2.160712890326976776e-02
6.001935526728630066e-02 2.005589939653873444e-02
5.106620863080024719e-02 1.842705719172954559e-02
4.072445631027221680e-02 1.630135625600814819e-02
3.362002223730087280e-02 1.463321223855018616e-02
2.603615820407867432e-02 1.258006040006875992e-02
2.394900470972061157e-02 1.194735988974571228e-02
1.830019988119602203e-02 1.002058945596218109e-02
1.332329586148262024e-02 7.912337779998779297e-03
9.569849818944931030e-03 5.780346225947141647e-03
7.560893893241882324e-03 4.126251675188541412e-03
6.067486014217138290e-03 1.572077977471053600e-03
6.010258104652166367e-03 9.322512778453528881e-04
6.165959872305393219e-03 -1.365553998766699806e-05
6.419340148568153381e-03 -6.200439529493451118e-04
6.973223760724067688e-03 -1.460982253775000572e-03
7.481775712221860886e-03 -2.027978422120213509e-03
8.380042389035224915e-03 -2.821787958964705467e-03
1.046055648475885391e-02 -4.195511806756258011e-03
1.280200947076082230e-02 -5.377743858844041824e-03
1.375709474086761475e-02 -5.796383600682020187e-03
1.578173413872718811e-02 -6.600582506507635117e-03
1.806697621941566467e-02 -7.406220305711030960e-03
2.609818615019321442e-02 -9.708078578114509583e-03
3.538640588521957397e-02 -1.177285797894001007e-02
5.403176695108413696e-02 -1.490595098584890366e-02
6.146916374564170837e-02 -1.591480709612369537e-02
8.317177742719650269e-02 -1.834231615066528320e-02
9.632977843284606934e-02 -1.953065954148769379e-02
1.024226248264312744e-01 -2.002370543777942657e-02
1.134837120771408081e-01 -2.083900384604930878e-02
1.221169531345367432e-01 -2.141167595982551575e-02
1.335084736347198486e-01 -2.209232375025749207e-02
1.482006758451461792e-01 -2.286016196012496948e-02
1.623678654432296753e-01 -2.349922060966491699e-02
1.688199490308761597e-01 -2.376110665500164032e-02
1.758551895618438721e-01 -2.402769774198532104e-02
1.887990236282348633e-01 -2.447059378027915955e-02
1.965014636516571045e-01 -2.470725402235984802e-02
2.202503830194473267e-01 -2.532576955854892731e-02
2.317212522029876709e-01 -2.557101473212242126e-02
2.445827871561050415e-01 -2.580939047038555145e-02
2.531488239765167236e-01 -2.594830095767974854e-02
2.727673351764678955e-01 -2.621182240545749664e-02
2.760907113552093506e-01 -2.624940499663352966e-02
2.864543795585632324e-01 -2.635427378118038177e-02
2.977441251277923584e-01 -2.644815854728221893e-02
3.122574985027313232e-01 -2.653935924172401428e-02
3.202924132347106934e-01 -2.657622471451759338e-02
3.305081129074096680e-01 -2.660959213972091675e-02
3.379417955875396729e-01 -2.662459574639797211e-02
3.446542322635650635e-01 -2.663156203925609589e-02
3.603870272636413574e-01 -2.662382274866104126e-02
3.743453025817871094e-01 -2.658909000456333160e-02
3.820612728595733643e-01 -2.655869536101818085e-02
3.989905118942260742e-01 -2.646393515169620514e-02
4.032387435436248779e-01 -2.643403783440589905e-02
4.120330512523651123e-01 -2.636423520743846893e-02
4.275688529014587402e-01 -2.621427550911903381e-02
4.362224638462066650e-01 -2.611556090414524078e-02
4.532488882541656494e-01 -2.588817663490772247e-02
4.662341177463531494e-01 -2.568379230797290802e-02
4.762485623359680176e-01 -2.550684101879596710e-02
4.935760498046875000e-01 -2.515848539769649506e-02
5.039042234420776367e-01 -2.492390573024749756e-02
5.098460316658020020e-01 -2.477934956550598145e-02
5.188863873481750488e-01 -2.454540878534317017e-02
5.331694483757019043e-01 -2.413978427648544312e-02
5.432563424110412598e-01 -2.382542192935943604e-02
5.492934584617614746e-01 -2.362573705613613129e-02
5.632017254829406738e-01 -2.313157729804515839e-02
5.772377848625183105e-01 -2.258279919624328613e-02
5.819965600967407227e-01 -2.238496765494346619e-02
5.996533036231994629e-01 -2.159778960049152374e-02
6.120004653930664062e-01 -2.099708095192909241e-02
6.182746291160583496e-01 -2.067604102194309235e-02
6.278270483016967773e-01 -2.016714401543140411e-02
6.417494416236877441e-01 -1.938319578766822815e-02
6.497145891189575195e-01 -1.891315728425979614e-02
6.536168456077575684e-01 -1.867744512856006622e-02
6.604167222976684570e-01 -1.825852878391742706e-02
6.666454672813415527e-01 -1.786608994007110596e-02
6.715677976608276367e-01 -1.755040697753429413e-02
6.923336386680603027e-01 -1.617085002362728119e-02
7.082422971725463867e-01 -1.507132034748792648e-02
7.215889692306518555e-01 -1.412848103791475296e-02
7.400659918785095215e-01 -1.280443090945482254e-02
7.517562508583068848e-01 -1.196182239800691605e-02
7.665277123451232910e-01 -1.089875213801860809e-02
7.835152149200439453e-01 -9.687459096312522888e-03
7.896075844764709473e-01 -9.257968515157699585e-03
8.004691004753112793e-01 -8.501038886606693268e-03
8.107386827468872070e-01 -7.797890342772006989e-03
8.221449255943298340e-01 -7.034280803054571152e-03
8.265244364738464355e-01 -6.746671628206968307e-03
8.349512815475463867e-01 -6.203088443726301193e-03
8.485524058341979980e-01 -5.356693174690008163e-03
8.635867834091186523e-01 -4.474098794162273407e-03
8.727169632911682129e-01 -3.970571793615818024e-03
8.854832649230957031e-01 -3.315984504297375679e-03
8.910881280899047852e-01 -3.049724968150258064e-03
8.971680998802185059e-01 -2.777683781459927559e-03
9.048286676406860352e-01 -2.463032258674502373e-03
9.139024615287780762e-01 -2.137877279892563820e-03
9.228069186210632324e-01 -1.879911869764328003e-03
9.386952519416809082e-01 -1.625736244022846222e-03
9.467988610267639160e-01 -1.642281422391533852e-03
9.568116664886474609e-01 -1.877538161352276802e-03
9.662871956825256348e-01 -2.445974387228488922e-03
9.679114818572998047e-01 -2.591830911114811897e-03
9.695587158203125000e-01 -2.757581882178783417e-03
