9.713036417961120605e-01 1.198648591525852680e-03
9.708085656166076660e-01 1.494095777161419392e-03
9.673746824264526367e-01 3.383464645594358444e-03
9.553588032722473145e-01 9.163206443190574646e-03
9.205911755561828613e-01 2.393387816846370697e-02
9.060330986976623535e-01 2.975764125585556030e-02
8.896065950393676758e-01 3.617104515433311462e-02
8.799845576286315918e-01 3.986244276165962219e-02
8.660590648651123047e-01 4.512861743569374084e-02
8.604738116264343262e-01 4.721717908978462219e-02
8.478953838348388672e-01 5.187331885099411011e-02
8.436894416809082031e-01 5.341592431068420410e-02
8.394007086753845215e-01 5.498174205422401428e-02
8.306664824485778809e-01 5.814801156520843506e-02
8.024172782897949219e-01 6.818015128374099731e-02
7.993229627609252930e-01 6.925936788320541382e-02
7.905256748199462891e-01 7.230541855096817017e-02
7.739095687866210938e-01 7.796613126993179321e-02
7.660353779792785645e-01 8.060459792613983154e-02
7.587268352508544922e-01 8.302676677703857422e-02
7.415648698806762695e-01 8.860860764980316162e-02
7.346740961074829102e-01 9.080574661493301392e-02
7.156203389167785645e-01 9.674073755741119385e-02
7.103791236877441406e-01 9.833543002605438232e-02
6.978529095649719238e-01 1.020766049623489380e-01
6.931317448616027832e-01 1.034602224826812744e-01
6.860511302947998047e-01 1.055073961615562439e-01
6.794499754905700684e-01 1.073848754167556763e-01
6.720091700553894043e-01 1.094642952084541321e-01
6.612364053726196289e-01 1.124034225940704346e-01
6.471120715141296387e-01 1.161241382360458374e-01
6.395472884178161621e-01 1.180525273084640503e-01
6.146880984306335449e-01 1.240581423044204712e-01
6.118581891059875488e-01 1.247083917260169983e-01
6.036031842231750488e-01 1.265650540590286255e-01
5.992462635040283203e-01 1.275204122066497803e-01
5.916690230369567871e-01 1.291408687829971313e-01
5.772176980972290039e-01 1.320836395025253296e-01
5.686902403831481934e-01 1.337268352508544922e-01
5.639986395835876465e-01 1.346007287502288818e-01
5.435007810592651367e-01 1.381616294384002686e-01
5.395541787147521973e-01 1.387982368469238281e-01
5.304925441741943359e-01 1.401985734701156616e-01
5.168902277946472168e-01 1.421377956867218018e-01
5.095487236976623535e-01 1.431017518043518066e-01
5.027505159378051758e-01 1.439418494701385498e-01
4.906441271305084229e-01 1.453112214803695679e-01
4.789863824844360352e-01 1.464739888906478882e-01
4.744676351547241211e-01 1.468830108642578125e-01
4.626014828681945801e-01 1.478448957204818726e-01
4.438925087451934814e-01 1.490264832973480225e-01
4.338313341140747070e-01 1.494897454977035522e-01
4.295167624950408936e-01 1.496510654687881470e-01
4.213903546333312988e-01 1.498936414718627930e-01
4.062535762786865234e-01 1.501301527023315430e-01
3.982465565204620361e-01 1.501409113407135010e-01
3.903361558914184570e-01 1.500731706619262695e-01
3.757104575634002686e-01 1.497409939765930176e-01
3.660679757595062256e-01 1.493739485740661621e-01
3.581313788890838623e-01 1.489827334880828857e-01
3.455673158168792725e-01 1.481977999210357666e-01
3.291086852550506592e-01 1.468591541051864624e-01
3.207140564918518066e-01 1.460393071174621582e-01
3.011846542358398438e-01 1.437683999538421631e-01
2.876271605491638184e-01 1.418880224227905273e-01
2.809442579746246338e-01 1.408678591251373291e-01
2.732671797275543213e-01 1.396188437938690186e-01
2.650001943111419678e-01 1.381804347038269043e-01
2.598436176776885986e-01 1.372335702180862427e-01
2.361821830272674561e-01 1.323858648538589478e-01
2.274182885885238647e-01 1.303741335868835449e-01
2.194727063179016113e-01 1.284451782703399658e-01
2.108983546495437622e-01 1.262483894824981689e-01
1.961688846349716187e-01 1.221841499209403992e-01
1.872367113828659058e-01 1.195323243737220764e-01
1.818331927061080933e-01 1.178563162684440613e-01
1.739202886819839478e-01 1.153004541993141174e-01
1.582714766263961792e-01 1.098701208829879761e-01
1.493225842714309692e-01 1.065242141485214233e-01
1.418174952268600464e-01 1.035725176334381104e-01
1.372418850660324097e-01 1.017041355371475220e-01
1.282879710197448730e-01 9.788774698972702026e-02
1.225520819425582886e-01 9.532485902309417725e-02
1.181731075048446655e-01 9.330227226018905640e-02
1.064449623227119446e-01 8.758099377155303955e-02
9.727822244167327881e-02 8.276937156915664673e-02
9.418557584285736084e-02 8.107184618711471558e-02
7.907187193632125854e-02 7.216319441795349121e-02
7.117521762847900391e-02 6.704426556825637817e-02
6.510105729103088379e-02 6.284985691308975220e-02
4.397741332650184631e-02 4.599091038107872009e-02
3.699051961302757263e-02 3.933556750416755676e-02
3.524528816342353821e-02 3.755418211221694946e-02
3.071021474897861481e-02 3.264753893017768860e-02
2.621505782008171082e-02 2.728551998734474182e-02
1.997446827590465546e-02 1.856708340346813202e-02
1.743677072227001190e-02 1.430376246571540833e-02
1.469922810792922974e-02 8.778277784585952759e-03
1.249670330435037613e-02 2.736664842814207077e-03
1.165722124278545380e-02 -6.990703404881060123e-04
1.107515860348939896e-02 -5.101867951452732086e-03
1.130986306816339493e-02 -1.113406568765640259e-02
1.342036947607994080e-02 -1.817864552140235901e-02
1.531048025935888290e-02 -2.157866209745407104e-02
2.109242975711822510e-02 -2.818733640015125275e-02
2.394663915038108826e-02 -3.050394542515277863e-02
2.808679081499576569e-02 -3.327345475554466248e-02
3.319948911666870117e-02 -3.603730350732803345e-02
3.921345621347427368e-02 -3.865027427673339844e-02
5.144225060939788818e-02 -4.256058484315872192e-02
6.167003884911537170e-02 -4.485108703374862671e-02
6.552957743406295776e-02 -4.554297029972076416e-02
8.110252767801284790e-02 -4.759380221366882324e-02
9.411056339740753174e-02 -4.858985543251037598e-02
1.110944300889968872e-01 -4.915912076830863953e-02
1.191667020320892334e-01 -4.919658601284027100e-02
1.301535367965698242e-01 -4.904825612902641296e-02
1.365730613470077515e-01 -4.886784777045249939e-02
1.492271274328231812e-01 -4.833664745092391968e-02
1.533461064100265503e-01 -4.811858758330345154e-02
1.697159707546234131e-01 -4.706260934472084045e-02
1.721955835819244385e-01 -4.687880352139472961e-02
1.791455000638961792e-01 -4.633361473679542542e-02
1.861710548400878906e-01 -4.574057832360267639e-02
2.045751065015792847e-01 -4.401208087801933289e-02
2.164883166551589966e-01 -4.277709871530532837e-02
2.307682633399963379e-01 -4.119638726115226746e-02
2.453004866838455200e-01 -3.949237987399101257e-02
2.518388926982879639e-01 -3.869854286313056946e-02
2.622078359127044678e-01 -3.740932419896125793e-02
2.740017473697662354e-01 -3.590286150574684143e-02
2.804353535175323486e-01 -3.506521135568618774e-02
2.898314297199249268e-01 -3.382411599159240723e-02
2.939508259296417236e-01 -3.327395394444465637e-02
3.078613877296447754e-01 -3.139241412281990051e-02
3.172228932380676270e-01 -3.010837174952030182e-02
3.338896334171295166e-01 -2.779440581798553467e-02
3.385664820671081543e-01 -2.713993005454540253e-02
3.509871065616607666e-01 -2.539357542991638184e-02
3.579581975936889648e-01 -2.440940029919147491e-02
3.883954286575317383e-01 -2.009836770594120026e-02
3.939085006713867188e-01 -1.931800507009029388e-02
4.086615741252899170e-01 -1.723548956215381622e-02
4.128331542015075684e-01 -1.664880290627479553e-02
4.302078783512115479e-01 -1.422007288783788681e-02
4.341988265514373779e-01 -1.366629265248775482e-02
4.466071128845214844e-01 -1.195668056607246399e-02
4.634036421775817871e-01 -9.677350521087646484e-03
4.763931334018707275e-01 -7.947995327413082123e-03
4.926201701164245605e-01 -5.836523137986660004e-03
5.050968527793884277e-01 -4.255666863173246384e-03
5.141995549201965332e-01 -3.128558630123734474e-03
5.317732095718383789e-01 -1.022603013552725315e-03
5.393810868263244629e-01 -1.421566412318497896e-04
5.606081485748291016e-01 2.203219337388873100e-03
5.685819387435913086e-01 3.038570284843444824e-03
5.848240256309509277e-01 4.656211473047733307e-03
6.000856757164001465e-01 6.067002192139625549e-03
6.070884466171264648e-01 6.676980294287204742e-03
6.233764290809631348e-01 8.000755682587623596e-03
6.315208673477172852e-01 8.611330762505531311e-03
6.460123658180236816e-01 9.610516019165515900e-03
6.630859971046447754e-01 1.064133364707231522e-02
6.661618947982788086e-01 1.080996356904506683e-02
6.887840032577514648e-01 1.188869494944810867e-02
6.979904174804687500e-01 1.224609743803739548e-02
7.046654820442199707e-01 1.247574854642152786e-02
7.274208068847656250e-01 1.307332329452037811e-02
7.305885553359985352e-01 1.313392259180545807e-02
7.432359457015991211e-01 1.332130096852779388e-02
7.588154673576354980e-01 1.343291718512773514e-02
7.690584063529968262e-01 1.343508344143629074e-02
7.774593830108642578e-01 1.339485868811607361e-02
7.881621122360229492e-01 1.328883040696382523e-02
8.049846887588500977e-01 1.299769710749387741e-02
8.228468894958496094e-01 1.251985877752304077e-02
8.282322287559509277e-01 1.234100479632616043e-02
8.326519727706909180e-01 1.218193117529153824e-02
8.535568118095397949e-01 1.127440668642520905e-02
8.699703216552734375e-01 1.037113647907972336e-02
8.825032711029052734e-01 9.556660428643226624e-03
8.871561884880065918e-01 9.224222972989082336e-03
8.974213004112243652e-01 8.427672088146209717e-03
9.046943783760070801e-01 7.805728353559970856e-03
9.151458144187927246e-01 6.816282868385314941e-03
9.195786118507385254e-01 6.357883568853139877e-03
9.301767945289611816e-01 5.150235258042812347e-03
9.392054080963134766e-01 3.968480974435806274e-03
9.555902481079101562e-01 1.282945973798632622e-03
9.648499488830566406e-01 -7.489736308343708515e-04
9.685638546943664551e-01 -1.733179320581257343e-03
9.705241322517395020e-01 -2.302727429196238518e-03
