9.637210965156555176e-01 -1.088549965061247349e-03
9.631581306457519531e-01 -9.924541227519512177e-04
9.606360793113708496e-01 -5.415676860138773918e-04
9.486402869224548340e-01 1.824030070565640926e-03
9.280868172645568848e-01 6.248087622225284576e-03
9.191458225250244141e-01 8.262162096798419952e-03
9.023482203483581543e-01 1.215980295091867447e-02
8.943383693695068359e-01 1.406446285545825958e-02
8.863486647605895996e-01 1.599091105163097382e-02
8.719553947448730469e-01 1.952232606709003448e-02
8.637964725494384766e-01 2.155542746186256409e-02
8.555386662483215332e-01 2.363363839685916901e-02
8.478070497512817383e-01 2.559638395905494690e-02
8.404321670532226562e-01 2.748201787471771240e-02
8.195800185203552246e-01 3.287077695131301880e-02
8.153330683708190918e-01 3.397623077034950256e-02
7.898272871971130371e-01 4.064372554421424866e-02
7.726933360099792480e-01 4.512364044785499573e-02
7.618149518966674805e-01 4.795541614294052124e-02
7.543438673019409180e-01 4.989076405763626099e-02
7.401148080825805664e-01 5.354725196957588196e-02
7.338246703147888184e-01 5.514849349856376648e-02
7.204139232635498047e-01 5.852456763386726379e-02
7.165030837059020996e-01 5.949816107749938965e-02
6.894069910049438477e-01 6.608167290687561035e-02
6.851773262023925781e-01 6.708063930273056030e-02
6.691614389419555664e-01 7.078295946121215820e-02
6.656943559646606445e-01 7.156680524349212646e-02
6.564438939094543457e-01 7.362543791532516479e-02
6.327407360076904297e-01 7.866907864809036255e-02
6.156110763549804688e-01 8.209029585123062134e-02
5.957712531089782715e-01 8.580006659030914307e-02
5.907724499702453613e-01 8.669011294841766357e-02
5.760748982429504395e-01 8.919937163591384888e-02
5.623524785041809082e-01 9.139349311590194702e-02
5.584038496017456055e-01 9.199767559766769409e-02
5.424072742462158203e-01 9.431839734315872192e-02
5.340789556503295898e-01 9.544499218463897705e-02
5.202819108963012695e-01 9.718587994575500488e-02
5.058469772338867188e-01 9.883731603622436523e-02
5.005015134811401367e-01 9.940419346094131470e-02
4.911194443702697754e-01 1.003401800990104675e-01
4.815300405025482178e-01 1.012185439467430115e-01
4.705839157104492188e-01 1.021236628293991089e-01
4.581041038036346436e-01 1.030274257063865662e-01
4.479335546493530273e-01 1.036620512604713440e-01
4.359553456306457520e-01 1.042910516262054443e-01
4.308780133724212646e-01 1.045187190175056458e-01
4.227253496646881104e-01 1.048355177044868469e-01
4.057438373565673828e-01 1.053008288145065308e-01
3.949913978576660156e-01 1.054582223296165466e-01
3.920269906520843506e-01 1.054827645421028137e-01
3.802392184734344482e-01 1.054991707205772400e-01
3.735288679599761963e-01 1.054502055048942566e-01
3.649964034557342529e-01 1.053264141082763672e-01
3.626665472984313965e-01 1.052806079387664795e-01
3.481092751026153564e-01 1.048764660954475403e-01
3.225553035736083984e-01 1.036690920591354370e-01
3.198587000370025635e-01 1.035041511058807373e-01
3.091730177402496338e-01 1.027789637446403503e-01
3.001948297023773193e-01 1.020805537700653076e-01
2.945516407489776611e-01 1.015994697809219360e-01
2.880551815032958984e-01 1.010050550103187561e-01
2.839277684688568115e-01 1.006046235561370850e-01
2.765038013458251953e-01 9.983944147825241089e-02
2.621181607246398926e-01 9.819011390209197998e-02
2.546004056930541992e-01 9.723924845457077026e-02
2.481641918420791626e-01 9.637579321861267090e-02
2.339652329683303833e-01 9.430676698684692383e-02
2.281767576932907104e-01 9.339718520641326904e-02
2.220278829336166382e-01 9.238815307617187500e-02
2.096144109964370728e-01 9.021381288766860962e-02
1.983286440372467041e-01 8.807305991649627686e-02
1.924796849489212036e-01 8.690024912357330322e-02
1.849417984485626221e-01 8.532319962978363037e-02
1.757205575704574585e-01 8.329061418771743774e-02
1.635791510343551636e-01 8.043392002582550049e-02
1.526929587125778198e-01 7.768931239843368530e-02
1.389529109001159668e-01 7.396142184734344482e-02
1.247307062149047852e-01 6.976708769798278809e-02
1.164663359522819519e-01 6.715898215770721436e-02
1.100454330444335938e-01 6.503894925117492676e-02
9.641787409782409668e-02 6.024261191487312317e-02
8.649581670761108398e-02 5.646731704473495483e-02
8.290436863899230957e-02 5.503508821129798889e-02
7.149806618690490723e-02 5.022491514682769775e-02
4.482403770089149475e-02 3.692734986543655396e-02
3.881715238094329834e-02 3.335584327578544617e-02
3.404514119029045105e-02 3.028619103133678436e-02
2.967230416834354401e-02 2.723829075694084167e-02
2.477339282631874084e-02 2.345715463161468506e-02
1.983746886253356934e-02 1.903792284429073334e-02
1.666000485420227051e-02 1.561486907303333282e-02
1.385220140218734741e-02 1.175364479422569275e-02
1.246648468077182770e-02 9.069819934666156769e-03
1.183164399117231369e-02 7.229926995933055878e-03
1.145779248327016830e-02 4.210132639855146408e-03
1.155721023678779602e-02 3.169603412970900536e-03
1.198820769786834717e-02 1.566466991789638996e-03
1.287458091974258423e-02 -1.158842205768451095e-04
1.482380088418722153e-02 -2.236408647149801254e-03
1.608661003410816193e-02 -3.178203478455543518e-03
1.815460063517093658e-02 -4.363590385764837265e-03
2.049485966563224792e-02 -5.376317538321018219e-03
2.487508580088615417e-02 -6.717924028635025024e-03
3.424261137843132019e-02 -8.290776982903480530e-03
3.773326054215431213e-02 -8.609178476035594940e-03
4.079411551356315613e-02 -8.807331323623657227e-03
5.123964324593544006e-02 -9.067696519196033478e-03
6.021031737327575684e-02 -8.938113227486610413e-03
6.761167943477630615e-02 -8.670858107507228851e-03
8.442767709493637085e-02 -7.733814883977174759e-03
1.055006161332130432e-01 -6.242402363568544388e-03
1.168578043580055237e-01 -5.392336286604404449e-03
1.402948349714279175e-01 -3.672549268230795860e-03
1.506112068891525269e-01 -2.957151271402835846e-03
1.616531312465667725e-01 -2.230573678389191628e-03
1.758976131677627563e-01 -1.360306516289710999e-03
2.047363966703414917e-01 1.533360336907207966e-04
2.101185619831085205e-01 3.985329822171479464e-04
2.174567431211471558e-01 7.142068934626877308e-04
2.214829623699188232e-01 8.783901575952768326e-04
2.273712158203125000e-01 1.107161398977041245e-03
2.463128119707107544e-01 1.754442579112946987e-03
2.580410838127136230e-01 2.090443391352891922e-03
2.615226805210113525e-01 2.181092509999871254e-03
2.680149972438812256e-01 2.339398255571722984e-03
2.790716588497161865e-01 2.577896462753415108e-03
2.917369604110717773e-01 2.805451164022088051e-03
3.039805889129638672e-01 2.982157282531261444e-03
3.207192122936248779e-01 3.160557709634304047e-03
3.255331814289093018e-01 3.199332160875201225e-03
3.328531682491302490e-01 3.248269204050302505e-03
3.430709838867187500e-01 3.297459799796342850e-03
3.470033705234527588e-01 3.310777712613344193e-03
3.559295833110809326e-01 3.330121748149394989e-03
3.606985509395599365e-01 3.334568580612540245e-03
3.668805658817291260e-01 3.334573004394769669e-03
3.738413453102111816e-01 3.327216953039169312e-03
3.885674178600311279e-01 3.288117004558444023e-03
3.962175250053405762e-01 3.256390104070305824e-03
4.035387039184570312e-01 3.219457110390067101e-03
4.122503101825714111e-01 3.167856950312852859e-03
4.217608869075775146e-01 3.102925838902592659e-03
4.307037591934204102e-01 3.034547204151749611e-03
4.475855529308319092e-01 2.888747490942478180e-03
4.506405293941497803e-01 2.860300010070204735e-03
4.655467271804809570e-01 2.713608555495738983e-03
4.764086008071899414e-01 2.599307568743824959e-03
4.787306487560272217e-01 2.574129961431026459e-03
4.861290156841278076e-01 2.492262283340096474e-03
4.933585524559020996e-01 2.409904496744275093e-03
5.036876797676086426e-01 2.288272138684988022e-03
5.057607293128967285e-01 2.263299422338604927e-03
5.283354520797729492e-01 1.978713087737560272e-03
5.387582182884216309e-01 1.838837401010096073e-03
5.457413196563720703e-01 1.741751795634627342e-03
5.540228486061096191e-01 1.622790354304015636e-03
5.655063986778259277e-01 1.450288924388587475e-03
5.753222703933715820e-01 1.295168185606598854e-03
5.846277475357055664e-01 1.140933600254356861e-03
5.991632342338562012e-01 8.846802520565688610e-04
6.209718585014343262e-01 4.614187055267393589e-04
6.225131154060363770e-01 4.296246042940765619e-04
6.388121843338012695e-01 7.754573744023218751e-05
6.519844532012939453e-01 -2.286113885929808021e-04
6.581389307975769043e-01 -3.783364372793585062e-04
6.676203608512878418e-01 -6.172676221467554569e-04
6.812465190887451172e-01 -9.778962703421711922e-04
6.883866190910339355e-01 -1.174737466499209404e-03
6.952465772628784180e-01 -1.368754892610013485e-03
7.034267783164978027e-01 -1.606132951565086842e-03
7.140886783599853516e-01 -1.924793468788266182e-03
7.167134881019592285e-01 -2.004761947318911552e-03
7.495305538177490234e-01 -3.047167789191007614e-03
7.556260824203491211e-01 -3.247758373618125916e-03
7.667728066444396973e-01 -3.618272254243493080e-03
7.718417048454284668e-01 -3.787915688008069992e-03
7.905303835868835449e-01 -4.415579140186309814e-03
8.025854825973510742e-01 -4.818301647901535034e-03
8.205348253250122070e-01 -5.405511241406202316e-03
8.252275586128234863e-01 -5.555010866373777390e-03
8.365068435668945312e-01 -5.904446355998516083e-03
8.513838052749633789e-01 -6.336487829685211182e-03
8.622732162475585938e-01 -6.624060217291116714e-03
8.751279115676879883e-01 -6.920800544321537018e-03
8.954363465309143066e-01 -7.253971416503190994e-03
9.179760217666625977e-01 -7.309294771403074265e-03
9.455619454383850098e-01 -6.493441760540008545e-03
9.604173302650451660e-01 -5.309152416884899139e-03
9.623158574104309082e-01 -5.108249373733997345e-03
9.634065628051757812e-01 -4.987929482012987137e-03
