9.666513204574584961e-01 7.447602692991495132e-04
9.660760760307312012e-01 9.037118870764970779e-04
9.636072516441345215e-01 1.574677415192127228e-03
9.578648209571838379e-01 3.091631922870874405e-03
9.539343714714050293e-01 4.108757711946964264e-03
9.450026154518127441e-01 6.381178740411996841e-03
9.342526793479919434e-01 9.069066494703292847e-03
9.283313751220703125e-01 1.053422316908836365e-02
9.180157780647277832e-01 1.306682545691728592e-02
9.091054797172546387e-01 1.523779332637786865e-02
8.933839797973632812e-01 1.903798058629035950e-02
8.873816132545471191e-01 2.047991380095481873e-02
8.778197765350341797e-01 2.276743017137050629e-02
8.721140027046203613e-01 2.412713877856731415e-02
8.619827032089233398e-01 2.653184719383716583e-02
8.584981560707092285e-01 2.735599130392074585e-02
8.421534895896911621e-01 3.120142966508865356e-02
8.298749923706054688e-01 3.406665474176406860e-02
8.147658109664916992e-01 3.756177425384521484e-02
8.093923330307006836e-01 3.879581019282341003e-02
8.003995418548583984e-01 4.084959253668785095e-02
7.938761711120605469e-01 4.232968762516975403e-02
7.825272679328918457e-01 4.488408938050270081e-02
7.763972878456115723e-01 4.625197872519493103e-02
7.547645568847656250e-01 5.100524425506591797e-02
7.511793971061706543e-01 5.178083479404449463e-02
7.331961393356323242e-01 5.561282858252525330e-02
7.159765958786010742e-01 5.918172374367713928e-02
7.089362144470214844e-01 6.060984358191490173e-02
7.000098824501037598e-01 6.239264830946922302e-02
6.858742237091064453e-01 6.514850258827209473e-02
6.748763918876647949e-01 6.723183393478393555e-02
6.671770215034484863e-01 6.865686178207397461e-02
6.532242894172668457e-01 7.116536051034927368e-02
6.435736417770385742e-01 7.284215837717056274e-02
6.360650062561035156e-01 7.411236315965652466e-02
6.210541725158691406e-01 7.655807584524154663e-02
6.116676926612854004e-01 7.802153378725051880e-02
5.889894962310791016e-01 8.133814483880996704e-02
5.604723691940307617e-01 8.504501730203628540e-02
5.556548833847045898e-01 8.561802655458450317e-02
5.485749244689941406e-01 8.643161505460739136e-02
5.411750674247741699e-01 8.724512159824371338e-02
5.339506864547729492e-01 8.800261467695236206e-02
5.226377248764038086e-01 8.911499381065368652e-02
5.138040184974670410e-01 8.992017805576324463e-02
4.900650382041931152e-01 9.180349856615066528e-02
4.823817610740661621e-01 9.232425689697265625e-02
4.691516160964965820e-01 9.311787784099578857e-02
4.577206373214721680e-01 9.369762986898422241e-02
4.480313062667846680e-01 9.411156177520751953e-02
4.405564069747924805e-01 9.438199549913406372e-02
4.296728372573852539e-01 9.469924122095108032e-02
4.204587042331695557e-01 9.489662200212478638e-02
4.053573608398437500e-01 9.507806599140167236e-02
3.993823826313018799e-01 9.510093927383422852e-02
3.867553770542144775e-01 9.505757689476013184e-02
3.771781027317047119e-01 9.494139254093170166e-02
3.716388344764709473e-01 9.484127908945083618e-02
3.560538887977600098e-01 9.442950040102005005e-02
3.475776314735412598e-01 9.412458539009094238e-02
3.387915790081024170e-01 9.374803304672241211e-02
3.286097645759582520e-01 9.323416650295257568e-02
3.225013315677642822e-01 9.288576990365982056e-02
3.154368400573730469e-01 9.244506061077117920e-02
2.972350716590881348e-01 9.112149477005004883e-02
2.856254875659942627e-01 9.013406187295913696e-02
2.781924903392791748e-01 8.944247663021087646e-02
2.587516605854034424e-01 8.741032332181930542e-02
2.490525096654891968e-01 8.627325296401977539e-02
2.419189661741256714e-01 8.538335561752319336e-02
2.119556814432144165e-01 8.112980425357818604e-02
2.048290073871612549e-01 7.998995482921600342e-02
1.994817107915878296e-01 7.910070568323135376e-02
1.836178004741668701e-01 7.628400623798370361e-02
1.676472574472427368e-01 7.316113263368606567e-02
1.592527329921722412e-01 7.139470428228378296e-02
1.550636738538742065e-01 7.047891616821289062e-02
1.436688005924224854e-01 6.786467880010604858e-02
1.357987970113754272e-01 6.594672799110412598e-02
1.279466897249221802e-01 6.393336504697799683e-02
1.161560565233230591e-01 6.070319563150405884e-02
1.012023538351058960e-01 5.619228258728981018e-02
9.604098647832870483e-02 5.450991541147232056e-02
8.684251457452774048e-02 5.132380127906799316e-02
7.708913087844848633e-02 4.763738065958023071e-02
5.770547688007354736e-02 3.902832418680191040e-02
4.975449293851852417e-02 3.478552773594856262e-02
4.690593108534812927e-02 3.312202170491218567e-02
4.078280925750732422e-02 2.921262755990028381e-02
3.566938266158103943e-02 2.548835240304470062e-02
2.963901683688163757e-02 2.026465162634849548e-02
2.482733502984046936e-02 1.490955054759979248e-02
2.193385921418666840e-02 1.046305987983942032e-02
2.093590982258319855e-02 8.332191035151481628e-03
2.021997794508934021e-02 6.201448384672403336e-03
1.975800655782222748e-02 3.185638226568698883e-03
2.002961933612823486e-02 3.753243654500693083e-04
2.127584442496299744e-02 -2.603673841804265976e-03
2.213791199028491974e-02 -3.811375238001346588e-03
2.379373088479042053e-02 -5.515673663467168808e-03
2.615706063807010651e-02 -7.272935006767511368e-03
2.819540724158287048e-02 -8.449550718069076538e-03
3.129349648952484131e-02 -9.888842701911926270e-03
3.480469062924385071e-02 -1.119959820061922073e-02
4.317748174071311951e-02 -1.355787087231874466e-02
5.059094354510307312e-02 -1.514048688113689423e-02
5.759131908416748047e-02 -1.638481393456459045e-02
6.903119385242462158e-02 -1.809322461485862732e-02
8.159742504358291626e-02 -1.967344991862773895e-02
9.955396503210067749e-02 -2.159249037504196167e-02
1.164145395159721375e-01 -2.314424328505992889e-02
1.277363598346710205e-01 -2.408100105822086334e-02
1.427164971828460693e-01 -2.521011978387832642e-02
1.491808742284774780e-01 -2.566204406321048737e-02
1.663067936897277832e-01 -2.676508389413356781e-02
1.757518351078033447e-01 -2.731843292713165283e-02
1.892488002777099609e-01 -2.804573997855186462e-02
2.023213952779769897e-01 -2.868267334997653961e-02
2.071294039487838745e-01 -2.890093065798282623e-02
2.223646342754364014e-01 -2.953801117837429047e-02
2.285348325967788696e-01 -2.977318130433559418e-02
2.457177340984344482e-01 -3.036160208284854889e-02
2.572928369045257568e-01 -3.070479631423950195e-02
2.684780657291412354e-01 -3.099729493260383606e-02
2.759686708450317383e-01 -3.117224201560020447e-02
2.834528088569641113e-01 -3.133061155676841736e-02
2.869221568107604980e-01 -3.139853104948997498e-02
2.956429421901702881e-01 -3.155411034822463989e-02
3.020805418491363525e-01 -3.165521100163459778e-02
3.195786774158477783e-01 -3.187208250164985657e-02
3.307465314865112305e-01 -3.196695446968078613e-02
3.399882912635803223e-01 -3.202016279101371765e-02
3.529583215713500977e-01 -3.205652534961700439e-02
3.777327835559844971e-01 -3.200227022171020508e-02
3.912161886692047119e-01 -3.190441802144050598e-02
3.994458317756652832e-01 -3.182084858417510986e-02
4.066192209720611572e-01 -3.173314779996871948e-02
4.147512018680572510e-01 -3.161685913801193237e-02
4.197314977645874023e-01 -3.153670951724052429e-02
4.268365204334259033e-01 -3.141053766012191772e-02
4.467459619045257568e-01 -3.098161518573760986e-02
4.571229815483093262e-01 -3.071311861276626587e-02
4.682697951793670654e-01 -3.038953803479671478e-02
4.806865751743316650e-01 -2.998530864715576172e-02
4.889397323131561279e-01 -2.969059534370899200e-02
4.983687400817871094e-01 -2.932800166308879852e-02
5.076155662536621094e-01 -2.894522063434123993e-02
5.177556276321411133e-01 -2.849405258893966675e-02
5.225234627723693848e-01 -2.827044576406478882e-02
5.327947735786437988e-01 -2.776366472244262695e-02
5.451216697692871094e-01 -2.711005881428718567e-02
5.528925657272338867e-01 -2.667260728776454926e-02
5.756109356880187988e-01 -2.528256364166736603e-02
5.889527797698974609e-01 -2.439172565937042236e-02
5.974113345146179199e-01 -2.380003780126571655e-02
6.094528436660766602e-01 -2.292408421635627747e-02
6.151347160339355469e-01 -2.249797247350215912e-02
6.242116093635559082e-01 -2.180171571671962738e-02
6.338676810264587402e-01 -2.104210667312145233e-02
6.513803601264953613e-01 -1.962369866669178009e-02
6.627285480499267578e-01 -1.868381164968013763e-02
6.811186671257019043e-01 -1.714203692972660065e-02
6.905252337455749512e-01 -1.635106466710567474e-02
7.080070972442626953e-01 -1.489034760743379593e-02
7.114859819412231445e-01 -1.460246369242668152e-02
7.190605401992797852e-01 -1.398027781397104263e-02
7.366887927055358887e-01 -1.256385818123817444e-02
7.411702871322631836e-01 -1.221236307173967361e-02
7.611822485923767090e-01 -1.069512497633695602e-02
7.823417186737060547e-01 -9.200837463140487671e-03
7.918277978897094727e-01 -8.573266677558422089e-03
7.996928095817565918e-01 -8.074650540947914124e-03
8.031065464019775391e-01 -7.864616811275482178e-03
8.142184019088745117e-01 -7.208900060504674911e-03
8.170511722564697266e-01 -7.048797328025102615e-03
8.277036547660827637e-01 -6.473493762314319611e-03
8.331750631332397461e-01 -6.194983143359422684e-03
8.485886454582214355e-01 -5.475641693919897079e-03
8.545538187026977539e-01 -5.224271211773157120e-03
8.713635802268981934e-01 -4.602392204105854034e-03
8.786550164222717285e-01 -4.374497104436159134e-03
8.905121684074401855e-01 -4.061661660671234131e-03
8.992730975151062012e-01 -3.879045834764838219e-03
9.063776731491088867e-01 -3.762984415516257286e-03
9.146984219551086426e-01 -3.665380179882049561e-03
9.366304874420166016e-01 -3.619929309934377670e-03
9.496395587921142578e-01 -3.739271545782685280e-03
9.573079347610473633e-01 -3.847344778478145599e-03
9.634391069412231445e-01 -3.935414366424083710e-03
9.642518758773803711e-01 -3.945887554436922073e-03
9.658269286155700684e-01 -3.964674659073352814e-03
