9.644987583160400391e-01 1.676060841418802738e-03
9.634873867034912109e-01 2.021346474066376686e-03
9.592158198356628418e-01 3.403819398954510689e-03
9.504071474075317383e-01 6.092890165746212006e-03
9.397047758102416992e-01 9.252816438674926758e-03
9.286790490150451660e-01 1.246559526771306992e-02
9.112013578414916992e-01 1.754743233323097229e-02
9.061902165412902832e-01 1.900968700647354126e-02
8.948402404785156250e-01 2.233743108808994293e-02
8.867504000663757324e-01 2.472569048404693604e-02
8.725373744964599609e-01 2.895911410450935364e-02
8.676902055740356445e-01 3.041439503431320190e-02
8.580884337425231934e-01 3.331481292843818665e-02
8.449788689613342285e-01 3.731164336204528809e-02
8.206912875175476074e-01 4.481529071927070618e-02
8.141066431999206543e-01 4.686737433075904846e-02
8.006675243377685547e-01 5.107159540057182312e-02
7.918798327445983887e-01 5.382783710956573486e-02
7.821316123008728027e-01 5.688718706369400024e-02
7.726463675498962402e-01 5.986114591360092163e-02
7.557076215744018555e-01 6.514975428581237793e-02
7.422430515289306641e-01 6.931741535663604736e-02
7.363511919975280762e-01 7.112685590982437134e-02
7.293704152107238770e-01 7.325726747512817383e-02
7.083991169929504395e-01 7.954997569322586060e-02
7.016547918319702148e-01 8.153352886438369751e-02
6.865226030349731445e-01 8.589955419301986694e-02
6.750749945640563965e-01 8.911662548780441284e-02
6.611281037330627441e-01 9.292456507682800293e-02
6.505066752433776855e-01 9.573549032211303711e-02
6.333745718002319336e-01 1.000934466719627380e-01
6.241274476051330566e-01 1.023496612906455994e-01
6.136433482170104980e-01 1.048218607902526855e-01
6.063527464866638184e-01 1.064852774143218994e-01
5.979218482971191406e-01 1.083502620458602905e-01
5.917965769767761230e-01 1.096648424863815308e-01
5.755060315132141113e-01 1.129904016852378845e-01
5.664033889770507812e-01 1.147377416491508484e-01
5.435317754745483398e-01 1.187642812728881836e-01
5.347906947135925293e-01 1.201620399951934814e-01
5.233544707298278809e-01 1.218700781464576721e-01
5.164427161216735840e-01 1.228351518511772156e-01
5.013735294342041016e-01 1.247609928250312805e-01
4.895907342433929443e-01 1.260945200920104980e-01
4.770992398262023926e-01 1.273408085107803345e-01
4.676604866981506348e-01 1.281671524047851562e-01
4.533562362194061279e-01 1.292284131050109863e-01
4.410690665245056152e-01 1.299548000097274780e-01
4.276898205280303955e-01 1.305496245622634888e-01
4.196883738040924072e-01 1.308071613311767578e-01
4.102447330951690674e-01 1.310161054134368896e-01
4.044655859470367432e-01 1.310930848121643066e-01
3.989720046520233154e-01 1.311302781105041504e-01
3.866423368453979492e-01 1.310860216617584229e-01
3.799535632133483887e-01 1.309877783060073853e-01
3.739256262779235840e-01 1.308543980121612549e-01
3.593301177024841309e-01 1.303546726703643799e-01
3.402204513549804688e-01 1.293200254440307617e-01
3.334388732910156250e-01 1.288484632968902588e-01
3.189210593700408936e-01 1.276537626981735229e-01
3.121224641799926758e-01 1.270068883895874023e-01
3.006906211376190186e-01 1.257923543453216553e-01
2.909268438816070557e-01 1.246279850602149963e-01
2.813152372837066650e-01 1.233661100268363953e-01
2.735119462013244629e-01 1.222562193870544434e-01
2.657825350761413574e-01 1.210804730653762817e-01
2.524350881576538086e-01 1.188681200146675110e-01
2.319058328866958618e-01 1.150022819638252258e-01
2.220446318387985229e-01 1.129384934902191162e-01
2.135978490114212036e-01 1.110599040985107422e-01
2.099305689334869385e-01 1.102116480469703674e-01
1.906339079141616821e-01 1.054093912243843079e-01
1.819570660591125488e-01 1.030558273196220398e-01
1.721449643373489380e-01 1.002398878335952759e-01
1.639697849750518799e-01 9.776230901479721069e-02
1.563014239072799683e-01 9.532382339239120483e-02
1.494297087192535400e-01 9.303955733776092529e-02
1.407526433467864990e-01 9.001345187425613403e-02
1.263300776481628418e-01 8.460351079702377319e-02
1.196433603763580322e-01 8.191888779401779175e-02
1.107605993747711182e-01 7.816108316183090210e-02
1.024066805839538574e-01 7.440817356109619141e-02
9.645213186740875244e-02 7.159029692411422729e-02
8.641897141933441162e-02 6.653995066881179810e-02
7.734254002571105957e-02 6.159621477127075195e-02
6.918141990900039673e-02 5.679044127464294434e-02
5.079834535717964172e-02 4.429557546973228455e-02
4.714740812778472900e-02 4.144158959388732910e-02
4.253509268164634705e-02 3.758941963315010071e-02
3.929706662893295288e-02 3.468483313918113708e-02
3.604587540030479431e-02 3.156032413244247437e-02
3.167687729001045227e-02 2.692709863185882568e-02
2.635512128472328186e-02 2.021382935345172882e-02
2.357255294919013977e-02 1.581185683608055115e-02
2.181774564087390900e-02 1.233450975269079208e-02
2.034304663538932800e-02 8.329173550009727478e-03
1.968368701636791229e-02 5.400662776082754135e-03
1.943000219762325287e-02 2.629100577905774117e-03
1.969476602971553802e-02 -8.612094097770750523e-04
2.042343467473983765e-02 -3.600112628191709518e-03
2.171370945870876312e-02 -6.408177781850099564e-03
2.373010292649269104e-02 -9.349419735372066498e-03
2.748323790729045868e-02 -1.315739843994379044e-02
3.002355247735977173e-02 -1.515773218125104904e-02
3.960533067584037781e-02 -2.084501273930072784e-02
4.719739034771919250e-02 -2.427936531603336334e-02
5.257139727473258972e-02 -2.638958580791950226e-02
5.785334110260009766e-02 -2.827830985188484192e-02
6.827778369188308716e-02 -3.160383179783821106e-02
7.768423110246658325e-02 -3.425810486078262329e-02
8.512149751186370850e-02 -3.617466613650321960e-02
9.416371583938598633e-02 -3.832425549626350403e-02
1.029374673962593079e-01 -4.024598747491836548e-02
1.155708655714988708e-01 -4.276648908853530884e-02
1.258189827203750610e-01 -4.462134465575218201e-02
1.408290714025497437e-01 -4.706488549709320068e-02
1.484971642494201660e-01 -4.819798842072486877e-02
1.619612425565719604e-01 -5.001313239336013794e-02
1.742184758186340332e-01 -5.148382857441902161e-02
1.839705258607864380e-01 -5.253715440630912781e-02
1.977858692407608032e-01 -5.386103689670562744e-02
2.103303670883178711e-01 -5.489988252520561218e-02
2.190893441438674927e-01 -5.553673580288887024e-02
2.333944439888000488e-01 -5.642611905932426453e-02
2.456329911947250366e-01 -5.704342201352119446e-02
2.577183246612548828e-01 -5.752734094858169556e-02
2.715782821178436279e-01 -5.793312564492225647e-02
2.782090902328491211e-01 -5.807221680879592896e-02
2.904863953590393066e-01 -5.823769420385360718e-02
2.971548736095428467e-01 -5.827827751636505127e-02
3.042803704738616943e-01 -5.828390643000602722e-02
3.103584349155426025e-01 -5.825821310281753540e-02
3.302536010742187500e-01 -5.798124894499778748e-02
3.361746668815612793e-01 -5.784267559647560120e-02
3.483716845512390137e-01 -5.747748911380767822e-02
3.566444814205169678e-01 -5.716945603489875793e-02
3.716558218002319336e-01 -5.648784711956977844e-02
3.771711885929107666e-01 -5.619819834828376770e-02
3.872402012348175049e-01 -5.561568215489387512e-02
4.000088572502136230e-01 -5.477844178676605225e-02
4.150530099868774414e-01 -5.365297198295593262e-02
4.220783412456512451e-01 -5.307670682668685913e-02
4.329656958580017090e-01 -5.212097242474555969e-02
4.440583884716033936e-01 -5.107012391090393066e-02
4.538308084011077881e-01 -5.008111521601676941e-02
4.627046883106231689e-01 -4.913278669118881226e-02
4.730175435543060303e-01 -4.797201231122016907e-02
4.902631640434265137e-01 -4.589467123150825500e-02
5.046079158782958984e-01 -4.404308274388313293e-02
5.165549516677856445e-01 -4.242045804858207703e-02
5.263770818710327148e-01 -4.103513434529304504e-02
5.341279506683349609e-01 -3.991134092211723328e-02
5.452351570129394531e-01 -3.825736790895462036e-02
5.480561852455139160e-01 -3.782966360449790955e-02
5.591658949851989746e-01 -3.611794859170913696e-02
5.675330162048339844e-01 -3.480280563235282898e-02
5.766043066978454590e-01 -3.335541114211082458e-02
5.951617956161499023e-01 -3.034135885536670685e-02
6.069359183311462402e-01 -2.840599603950977325e-02
6.160274147987365723e-01 -2.690729685127735138e-02
6.264066100120544434e-01 -2.519887313246726990e-02
6.330153942108154297e-01 -2.411584556102752686e-02
6.443040966987609863e-01 -2.228115685284137726e-02
6.502310633659362793e-01 -2.132842130959033966e-02
6.617545485496520996e-01 -1.950342953205108643e-02
6.745699644088745117e-01 -1.752671599388122559e-02
6.872819066047668457e-01 -1.563337817788124084e-02
7.031545042991638184e-01 -1.338091958314180374e-02
7.139791250228881836e-01 -1.192504540085792542e-02
7.283233404159545898e-01 -1.010578777641057968e-02
7.495170831680297852e-01 -7.664531003683805466e-03
7.579160332679748535e-01 -6.782414857298135757e-03
7.659872174263000488e-01 -5.981566850095987320e-03
7.722840905189514160e-01 -5.388987250626087189e-03
7.940120697021484375e-01 -3.563028294593095779e-03
8.001542091369628906e-01 -3.108573844656348228e-03
8.195215463638305664e-01 -1.853607129305601120e-03
8.267247080802917480e-01 -1.455597346648573875e-03
8.475555181503295898e-01 -5.134266684763133526e-04
8.561690449714660645e-01 -2.144321333616971970e-04
8.696904182434082031e-01 1.475899334764108062e-04
8.788537979125976562e-01 3.176513710059225559e-04
8.969960808753967285e-01 4.701971192844212055e-04
9.024243950843811035e-01 4.665594606194645166e-04
9.161478877067565918e-01 3.492430259939283133e-04
9.238793253898620605e-01 2.096553071169182658e-04
9.354555010795593262e-01 -1.127161813201382756e-04
9.452869892120361328e-01 -5.152387311682105064e-04
9.578800797462463379e-01 -1.274710637517273426e-03
9.618247151374816895e-01 -1.594353932887315750e-03
9.632917642593383789e-01 -1.726596266962587833e-03
9.647020101547241211e-01 -1.861374359577894211e-03
