9.773603677749633789e-01 -3.372752689756453037e-04
9.771824479103088379e-01 -2.718247706070542336e-04
9.740425944328308105e-01 9.018426644615828991e-04
9.703110456466674805e-01 2.317296108230948448e-03
9.503148794174194336e-01 1.002000924199819565e-02
9.456930160522460938e-01 1.181461103260517120e-02
9.346857070922851562e-01 1.610111258924007416e-02
9.316785931587219238e-01 1.727456972002983093e-02
9.255594015121459961e-01 1.966544985771179199e-02
9.219686985015869141e-01 2.106968872249126434e-02
9.028066992759704590e-01 2.857628650963306427e-02
9.009613990783691406e-01 2.929987199604511261e-02
8.940949440002441406e-01 3.199235722422599792e-02
8.886136412620544434e-01 3.414164483547210693e-02
8.783538937568664551e-01 3.816235065460205078e-02
8.754944801330566406e-01 3.928199037909507751e-02
8.672197461128234863e-01 4.251916706562042236e-02
8.566703200340270996e-01 4.663693904876708984e-02
8.464195728302001953e-01 5.062495917081832886e-02
8.423499464988708496e-01 5.220375582575798035e-02
8.288865089416503906e-01 5.740541219711303711e-02
8.220669031143188477e-01 6.002546846866607666e-02
8.131606578826904297e-01 6.343042105436325073e-02
8.113641738891601562e-01 6.411461532115936279e-02
8.017058372497558594e-01 6.777776777744293213e-02
7.956253886222839355e-01 7.006949186325073242e-02
7.858490943908691406e-01 7.372866570949554443e-02
7.814559340476989746e-01 7.536213845014572144e-02
7.748342752456665039e-01 7.781103253364562988e-02
7.614867091178894043e-01 8.269549161195755005e-02
7.552841901779174805e-01 8.494041860103607178e-02
7.396960258483886719e-01 9.050805866718292236e-02
6.995788216590881348e-01 1.042980030179023743e-01
6.976669430732727051e-01 1.049343794584274292e-01
6.831935644149780273e-01 1.096853762865066528e-01
6.767749786376953125e-01 1.117541864514350891e-01
6.592072248458862305e-01 1.172921061515808105e-01
6.496359705924987793e-01 1.202300786972045898e-01
6.440347433090209961e-01 1.219226345419883728e-01
6.402313113212585449e-01 1.230605170130729675e-01
6.225221753120422363e-01 1.282340884208679199e-01
6.144510507583618164e-01 1.305222213268280029e-01
5.977540612220764160e-01 1.351119130849838257e-01
5.844109058380126953e-01 1.386359184980392456e-01
5.776523351669311523e-01 1.403707414865493774e-01
5.665316581726074219e-01 1.431499123573303223e-01
5.476052761077880859e-01 1.476581692695617676e-01
5.275270342826843262e-01 1.521232724189758301e-01
5.153715610504150391e-01 1.546612381935119629e-01
5.027685761451721191e-01 1.571563780307769775e-01
4.848574399948120117e-01 1.604559272527694702e-01
4.681189954280853271e-01 1.632683724164962769e-01
4.572364091873168945e-01 1.649512946605682373e-01
4.474119842052459717e-01 1.663693785667419434e-01
4.382077455520629883e-01 1.676087379455566406e-01
4.269572198390960693e-01 1.690036505460739136e-01
4.146731495857238770e-01 1.703722178936004639e-01
3.997866511344909668e-01 1.718081086874008179e-01
3.892017304897308350e-01 1.726762652397155762e-01
3.846594691276550293e-01 1.730089336633682251e-01
3.724889457225799561e-01 1.737796813249588013e-01
3.480142354965209961e-01 1.747799664735794067e-01
3.324480354785919189e-01 1.750170588493347168e-01
3.118529617786407471e-01 1.748284548521041870e-01
3.007701337337493896e-01 1.744797825813293457e-01
2.959659695625305176e-01 1.742729991674423218e-01
2.841144800186157227e-01 1.736150979995727539e-01
2.744273841381072998e-01 1.729167699813842773e-01
2.724272310733795166e-01 1.727541238069534302e-01
2.490447014570236206e-01 1.703660935163497925e-01
2.363218069076538086e-01 1.686724126338958740e-01
2.277864366769790649e-01 1.673715114593505859e-01
2.207627594470977783e-01 1.661979407072067261e-01
2.011699080467224121e-01 1.624065488576889038e-01
1.936468034982681274e-01 1.607372313737869263e-01
1.839792877435684204e-01 1.584070771932601929e-01
1.667353957891464233e-01 1.537006199359893799e-01
1.303226202726364136e-01 1.411085873842239380e-01
1.239749044179916382e-01 1.384873688220977783e-01
1.157070100307464600e-01 1.348549425601959229e-01
1.073549166321754456e-01 1.309156268835067749e-01
9.780862927436828613e-02 1.260492652654647827e-01
7.801745086908340454e-02 1.145249456167221069e-01
6.759048253297805786e-02 1.075214594602584839e-01
6.245394051074981689e-02 1.037886068224906921e-01
4.851955920457839966e-02 9.253462404012680054e-02
4.714259132742881775e-02 9.131962805986404419e-02
3.865576907992362976e-02 8.333975076675415039e-02
3.331668302416801453e-02 7.782148569822311401e-02
2.979951538145542145e-02 7.393628358840942383e-02
2.302873320877552032e-02 6.578281521797180176e-02
1.759472303092479706e-02 5.843456462025642395e-02
1.336955837905406952e-02 5.206251144409179688e-02
1.121589820832014084e-02 4.852827265858650208e-02
6.572361569851636887e-03 4.000099375844001770e-02
-1.333252148469910026e-04 2.335388585925102234e-02
-1.611827057786285877e-03 1.762542128562927246e-02
-2.531365724280476570e-03 1.209894381463527679e-02
-2.787166042253375053e-03 8.989334106445312500e-03
-2.819590503349900246e-03 5.930304992944002151e-03
-2.597404411062598228e-03 2.881486667320132256e-03
-1.152714947238564491e-03 -3.265508450567722321e-03
2.716228598728775978e-03 -1.001137588173151016e-02
3.537355689331889153e-03 -1.095753815025091171e-02
6.426298059523105621e-03 -1.367601193487644196e-02
8.176921866834163666e-03 -1.500132959336042404e-02
1.669325307011604309e-02 -1.957315206527709961e-02
2.564120665192604065e-02 -2.259072847664356232e-02
4.746338352560997009e-02 -2.664069086313247681e-02
5.587403476238250732e-02 -2.750446647405624390e-02
5.959348380565643311e-02 -2.780298329889774323e-02
6.646418571472167969e-02 -2.824060432612895966e-02
7.706663012504577637e-02 -2.867033705115318298e-02
8.836937695741653442e-02 -2.886181324720382690e-02
9.691406041383743286e-02 -2.885801903903484344e-02
1.211738288402557373e-01 -2.831728011369705200e-02
1.600499451160430908e-01 -2.637210860848426819e-02
1.694164127111434937e-01 -2.577611431479454041e-02
1.832910478115081787e-01 -2.483212202787399292e-02
1.910406649112701416e-01 -2.427885681390762329e-02
2.008850425481796265e-01 -2.355438284575939178e-02
2.044494897127151489e-01 -2.328690700232982635e-02
2.087991088628768921e-01 -2.295730635523796082e-02
2.148542404174804688e-01 -2.249316498637199402e-02
2.350228726863861084e-01 -2.091287821531295776e-02
2.498500794172286987e-01 -1.972912065684795380e-02
2.676688134670257568e-01 -1.829594932496547699e-02
2.705952823162078857e-01 -1.806031540036201477e-02
2.737684249877929688e-01 -1.780491322278976440e-02
2.864517271518707275e-01 -1.678611524403095245e-02
3.119867444038391113e-01 -1.475719735026359558e-02
3.226296603679656982e-01 -1.392537727952003479e-02
3.335280120372772217e-01 -1.308470964431762695e-02
3.373962938785552979e-01 -1.278936583548784256e-02
3.543650209903717041e-01 -1.151499431580305099e-02
3.693582713603973389e-01 -1.042130123823881149e-02
4.067188501358032227e-01 -7.854759693145751953e-03
4.114599823951721191e-01 -7.547446992248296738e-03
4.159619510173797607e-01 -7.259841077029705048e-03
4.351590871810913086e-01 -6.081768311560153961e-03
4.625507593154907227e-01 -4.548630211502313614e-03
4.686033427715301514e-01 -4.235297441482543945e-03
4.742881059646606445e-01 -3.949851263314485550e-03
4.804998636245727539e-01 -3.648007987067103386e-03
4.948969483375549316e-01 -2.990157110616564751e-03
4.959133863449096680e-01 -2.945970511063933372e-03
5.075966119766235352e-01 -2.460232703015208244e-03
5.185404419898986816e-01 -2.043021144345402718e-03
5.267830491065979004e-01 -1.753632910549640656e-03
5.392377972602844238e-01 -1.357913948595523834e-03
5.521184206008911133e-01 -1.002417178824543953e-03
5.618220567703247070e-01 -7.713012164458632469e-04
5.845977067947387695e-01 -3.537859302014112473e-04
5.882984995841979980e-01 -3.024488396476954222e-04
6.016749143600463867e-01 -1.547826832393184304e-04
6.079725623130798340e-01 -1.054778476827777922e-04
6.201691627502441406e-01 -4.564494520309381187e-05
6.260119080543518066e-01 -3.312778062536381185e-05
6.386500597000122070e-01 -4.005837035947479308e-05
6.503673195838928223e-01 -8.551432983949780464e-05
6.599383950233459473e-01 -1.482256484450772405e-04
7.110112905502319336e-01 -7.846155203878879547e-04
7.337835431098937988e-01 -1.174098695628345013e-03
7.370942234992980957e-01 -1.233449089340865612e-03
7.559379339218139648e-01 -1.577623654156923294e-03
7.728170752525329590e-01 -1.887491787783801556e-03
7.771736383438110352e-01 -1.966635929420590401e-03
7.865625023841857910e-01 -2.135051414370536804e-03
7.915270924568176270e-01 -2.222615294158458710e-03
8.039714097976684570e-01 -2.436470473185181618e-03
8.206376433372497559e-01 -2.707654843106865883e-03
8.276242017745971680e-01 -2.815443556755781174e-03
8.382846117019653320e-01 -2.972753718495368958e-03
8.442834615707397461e-01 -3.057405352592468262e-03
8.608489036560058594e-01 -3.277060575783252716e-03
8.713973760604858398e-01 -3.407089039683341980e-03
8.766838312149047852e-01 -3.469868563115596771e-03
8.823783993721008301e-01 -3.536101197823882103e-03
8.971765041351318359e-01 -3.704820759594440460e-03
9.094507098197937012e-01 -3.848134074360132217e-03
9.166890978813171387e-01 -3.938915673643350601e-03
9.196350574493408203e-01 -3.978190943598747253e-03
9.273820519447326660e-01 -4.091011825948953629e-03
9.310743212699890137e-01 -4.151307977735996246e-03
9.471278786659240723e-01 -4.499183502048254013e-03
9.510380029678344727e-01 -4.617360420525074005e-03
9.538812637329101562e-01 -4.715929273515939713e-03
9.588904380798339844e-01 -4.922729916870594025e-03
9.646717905998229980e-01 -5.232123192399740219e-03
9.700989723205566406e-01 -5.620026960968971252e-03
9.754624962806701660e-01 -6.129331886768341064e-03
9.760109782218933105e-01 -6.189511623233556747e-03
