9.682391881942749023e-01 -1.806006999686360359e-03
9.676937460899353027e-01 -1.695228391326963902e-03
9.655580520629882812e-01 -1.270826673135161400e-03
9.603091478347778320e-01 -2.682550984900444746e-04
9.493468403816223145e-01 1.739903003908693790e-03
9.439908266067504883e-01 2.702505560591816902e-03
9.370414614677429199e-01 3.943407442420721054e-03
9.338458180427551270e-01 4.512125160545110703e-03
9.296723008155822754e-01 5.253761075437068939e-03
9.225075840950012207e-01 6.524912081658840179e-03
9.087557792663574219e-01 8.960735052824020386e-03
9.037375450134277344e-01 9.848508052527904510e-03
8.912392258644104004e-01 1.205595303326845169e-02
8.842241764068603516e-01 1.329182274639606476e-02
8.763320446014404297e-01 1.467826496809720993e-02
8.722847700119018555e-01 1.538733858615159988e-02
8.654295206069946289e-01 1.658458076417446136e-02
8.574950098991394043e-01 1.796344481408596039e-02
8.476514816284179688e-01 1.966167241334915161e-02
8.438521027565002441e-01 2.031289413571357727e-02
8.284811377525329590e-01 2.291862107813358307e-02
8.203288316726684570e-01 2.427898533642292023e-02
8.054690361022949219e-01 2.671285532414913177e-02
8.027252554893493652e-01 2.715512365102767944e-02
7.918284535408020020e-01 2.888728305697441101e-02
7.849099636077880859e-01 2.996559627354145050e-02
7.685644030570983887e-01 3.244084492325782776e-02
7.620933651924133301e-01 3.339060023427009583e-02
7.529919743537902832e-01 3.469549864530563354e-02
7.438774108886718750e-01 3.596455603837966919e-02
7.273926138877868652e-01 3.815891221165657043e-02
7.183620333671569824e-01 3.930360823869705200e-02
7.011198401451110840e-01 4.137244820594787598e-02
6.953934431076049805e-01 4.202493280172348022e-02
6.877472400665283203e-01 4.286902770400047302e-02
6.796801686286926270e-01 4.372574761509895325e-02
6.651110649108886719e-01 4.518485441803932190e-02
6.462351679801940918e-01 4.690786078572273254e-02
6.314308047294616699e-01 4.812940582633018494e-02
6.220649480819702148e-01 4.884468019008636475e-02
6.075158119201660156e-01 4.986992850899696350e-02
5.994678139686584473e-01 5.039333552122116089e-02
5.742316246032714844e-01 5.184180662035942078e-02
5.684573650360107422e-01 5.213377997279167175e-02
5.500602126121520996e-01 5.297125875949859619e-02
5.455802083015441895e-01 5.315450206398963928e-02
5.164802670478820801e-01 5.415925756096839905e-02
5.046910047531127930e-01 5.447943881154060364e-02
4.936216771602630615e-01 5.473707988858222961e-02
4.855981469154357910e-01 5.489864572882652283e-02
4.640584588050842285e-01 5.523188039660453796e-02
4.574970304965972900e-01 5.530524253845214844e-02
4.496399462223052979e-01 5.537629500031471252e-02
4.442015290260314941e-01 5.541489645838737488e-02
4.241082072257995605e-01 5.548417195677757263e-02
4.136421978473663330e-01 5.547533556818962097e-02
3.957352936267852783e-01 5.539000406861305237e-02
3.825923502445220947e-01 5.527132377028465271e-02
3.737632036209106445e-01 5.516490340232849121e-02
3.637603819370269775e-01 5.501824617385864258e-02
3.485680520534515381e-01 5.474174022674560547e-02
3.298129141330718994e-01 5.430863425135612488e-02
3.144077956676483154e-01 5.387395247817039490e-02
2.959042191505432129e-01 5.325227975845336914e-02
2.848099768161773682e-01 5.282432958483695984e-02
2.737126648426055908e-01 5.235225334763526917e-02
2.643472552299499512e-01 5.191778019070625305e-02
2.581963837146759033e-01 5.161359533667564392e-02
2.459082305431365967e-01 5.095873773097991943e-02
2.385988682508468628e-01 5.053782090544700623e-02
2.172762602567672729e-01 4.916369915008544922e-02
2.054990530014038086e-01 4.830215871334075928e-02
1.977482140064239502e-01 4.769119247794151306e-02
1.834952831268310547e-01 4.646813869476318359e-02
1.755562871694564819e-01 4.572620242834091187e-02
1.650021970272064209e-01 4.466609656810760498e-02
1.492085307836532593e-01 4.290521517395973206e-02
1.389594376087188721e-01 4.163701832294464111e-02
1.270567327737808228e-01 4.002381488680839539e-02
1.071844026446342468e-01 3.694023936986923218e-02
9.803626686334609985e-02 3.532970696687698364e-02
8.461586385965347290e-02 3.270894289016723633e-02
7.572989165782928467e-02 3.078002482652664185e-02
6.969176977872848511e-02 2.936888299882411957e-02
4.281368479132652283e-02 2.183971367776393890e-02
3.285146504640579224e-02 1.835346594452857971e-02
2.457330562174320221e-02 1.502497214823961258e-02
2.071036212146282196e-02 1.328894495964050293e-02
1.578600518405437469e-02 1.083797682076692581e-02
1.069390587508678436e-02 7.871638052165508270e-03
7.429273799061775208e-03 5.536465439945459366e-03
4.438814241439104080e-03 2.578322775661945343e-03
3.481937106698751450e-03 9.463676833547651768e-04
3.202362451702356339e-03 -6.423291779356077313e-05
3.372160252183675766e-03 -1.670825877226889133e-03
3.760179271921515465e-03 -2.413088222965598106e-03
4.828557372093200684e-03 -3.549888497218489647e-03
5.443757399916648865e-03 -4.003818146884441376e-03
5.897602532058954239e-03 -4.291523713618516922e-03
7.814351469278335571e-03 -5.248019006103277206e-03
8.796267211437225342e-03 -5.635934416204690933e-03
1.019929256290197372e-02 -6.115005351603031158e-03
1.170496549457311630e-02 -6.557269021868705750e-03
1.378607656806707382e-02 -7.080591749399900436e-03
1.647798903286457062e-02 -7.649423088878393173e-03
2.532330527901649475e-02 -9.011073037981987000e-03
4.097164794802665710e-02 -1.048412267118692398e-02
5.535285174846649170e-02 -1.132784970104694366e-02
8.230200409889221191e-02 -1.222899463027715683e-02
1.066043227910995483e-01 -1.257614139467477798e-02
1.139474585652351379e-01 -1.261895895004272461e-02
1.235742792487144470e-01 -1.263904292136430740e-02
1.379093676805496216e-01 -1.260231155902147293e-02
1.484654396772384644e-01 -1.253088098019361496e-02
1.545429229736328125e-01 -1.247465983033180237e-02
1.748874187469482422e-01 -1.221705973148345947e-02
1.850643604993820190e-01 -1.205364149063825607e-02
1.957079619169235229e-01 -1.186208147555589676e-02
2.042943388223648071e-01 -1.169408299028873444e-02
2.210039198398590088e-01 -1.133821811527013779e-02
2.320847809314727783e-01 -1.108490210026502609e-02
2.361917048692703247e-01 -1.098812464624643326e-02
2.520961761474609375e-01 -1.060145441442728043e-02
2.569226622581481934e-01 -1.048105023801326752e-02
2.677537202835083008e-01 -1.020702999085187912e-02
2.729175090789794922e-01 -1.007494609802961349e-02
2.851016819477081299e-01 -9.760969318449497223e-03
3.006200790405273438e-01 -9.359387680888175964e-03
3.109953999519348145e-01 -9.091923013329505920e-03
3.251899778842926025e-01 -8.729948662221431732e-03
3.392525315284729004e-01 -8.378510363399982452e-03
3.453224003314971924e-01 -8.229705505073070526e-03
3.547466695308685303e-01 -8.002774789929389954e-03
3.637806475162506104e-01 -7.790545467287302017e-03
3.758485615253448486e-01 -7.516196928918361664e-03
3.823043107986450195e-01 -7.374170701950788498e-03
3.986211121082305908e-01 -7.031509187072515488e-03
4.050884544849395752e-01 -6.902657914906740189e-03
4.131290614604949951e-01 -6.748365703970193863e-03
4.244329929351806641e-01 -6.543082650750875473e-03
4.319516718387603760e-01 -6.414426956325769424e-03
4.411046802997589111e-01 -6.266671232879161835e-03
4.474195837974548340e-01 -6.170579232275485992e-03
4.586788713932037354e-01 -6.011474411934614182e-03
4.800359010696411133e-01 -5.754201207309961319e-03
4.860348701477050781e-01 -5.692691076546907425e-03
4.967001974582672119e-01 -5.595154128968715668e-03
5.087998509407043457e-01 -5.502848420292139053e-03
5.181543231010437012e-01 -5.444769747555255890e-03
5.229231119155883789e-01 -5.419564433395862579e-03
5.379278063774108887e-01 -5.359203089028596878e-03
5.494422316551208496e-01 -5.331642460078001022e-03
5.623684525489807129e-01 -5.318816751241683960e-03
5.703104138374328613e-01 -5.319718737155199051e-03
5.891476869583129883e-01 -5.345224402844905853e-03
6.058853864669799805e-01 -5.390212405472993851e-03
6.203267574310302734e-01 -5.440615583211183548e-03
6.399704217910766602e-01 -5.517421290278434753e-03
6.471808552742004395e-01 -5.545770749449729919e-03
6.606065630912780762e-01 -5.595640745013952255e-03
6.680977940559387207e-01 -5.620607174932956696e-03
6.744410395622253418e-01 -5.639511160552501678e-03
6.875679492950439453e-01 -5.670392420142889023e-03
7.110576629638671875e-01 -5.689755547791719437e-03
7.188885211944580078e-01 -5.683919414877891541e-03
7.310197949409484863e-01 -5.661199335008859634e-03
7.526195049285888672e-01 -5.576702300459146500e-03
7.639304399490356445e-01 -5.509108770638704300e-03
7.685957551002502441e-01 -5.476527847349643707e-03
7.919185161590576172e-01 -5.273702088743448257e-03
8.088101148605346680e-01 -5.088270176202058792e-03
8.169223666191101074e-01 -4.989247769117355347e-03
8.240598440170288086e-01 -4.897564183920621872e-03
8.298068046569824219e-01 -4.821078386157751083e-03
8.408891558647155762e-01 -4.668400157243013382e-03
8.534858822822570801e-01 -4.490263760089874268e-03
8.692505359649658203e-01 -4.270224831998348236e-03
8.754159808158874512e-01 -4.188475199043750763e-03
8.926129937171936035e-01 -3.989604301750659943e-03
9.008487462997436523e-01 -3.919261973351240158e-03
9.068751335144042969e-01 -3.883334808051586151e-03
9.133633971214294434e-01 -3.863875987008213997e-03
9.256697297096252441e-01 -3.902802476659417152e-03
9.297100901603698730e-01 -3.944578114897012711e-03
9.339686036109924316e-01 -4.008786287158727646e-03
9.386453032493591309e-01 -4.107658751308917999e-03
9.430302381515502930e-01 -4.232610110193490982e-03
9.502336382865905762e-01 -4.522366449236869812e-03
9.576609730720520020e-01 -4.962209612131118774e-03
9.636685252189636230e-01 -5.449612159281969070e-03
9.647978544235229492e-01 -5.555871408432722092e-03
9.673692584037780762e-01 -5.815369542688131332e-03
