9.632105827331542969e-01 -1.131633471231907606e-04
9.625117778778076172e-01 1.431384589523077011e-04
9.606061577796936035e-01 8.142678416334092617e-04
9.497708678245544434e-01 4.238429479300975800e-03
9.332711100578308105e-01 8.942197076976299286e-03
9.263449311256408691e-01 1.083230786025524139e-02
9.061396121978759766e-01 1.618769019842147827e-02
8.987351059913635254e-01 1.810752786695957184e-02
8.882335424423217773e-01 2.079992555081844330e-02
8.795498609542846680e-01 2.300258539617061615e-02
8.690935373306274414e-01 2.562872506678104401e-02
8.642060756683349609e-01 2.684691362082958221e-02
8.579545021057128906e-01 2.839647419750690460e-02
8.515186309814453125e-01 2.998178452253341675e-02
8.332162499427795410e-01 3.443356230854988098e-02
8.265393972396850586e-01 3.603583574295043945e-02
8.128717541694641113e-01 3.927721455693244934e-02
8.067935705184936523e-01 4.070086404681205750e-02
7.974835038185119629e-01 4.285912960767745972e-02
7.851917743682861328e-01 4.566389322280883789e-02
7.702099084854125977e-01 4.900795221328735352e-02
7.641369700431823730e-01 5.033832415938377380e-02
7.420781850814819336e-01 5.503652617335319519e-02
7.379019260406494141e-01 5.590092763304710388e-02
7.282119989395141602e-01 5.787343159317970276e-02
7.171789407730102539e-01 6.006114929914474487e-02
7.091789841651916504e-01 6.160677224397659302e-02
6.958345770835876465e-01 6.410565227270126343e-02
6.863268017768859863e-01 6.582328677177429199e-02
6.800870895385742188e-01 6.692116707563400269e-02
6.666450500488281250e-01 6.920507550239562988e-02
6.515783667564392090e-01 7.162918150424957275e-02
6.418092250823974609e-01 7.312212139368057251e-02
6.355417370796203613e-01 7.404670864343643188e-02
6.220554113388061523e-01 7.594664394855499268e-02
6.153838038444519043e-01 7.684084773063659668e-02
6.039088368415832520e-01 7.830739766359329224e-02
5.908486247062683105e-01 7.986551523208618164e-02
5.795789957046508789e-01 8.111447095870971680e-02
5.675492882728576660e-01 8.234937489032745361e-02
5.557897090911865234e-01 8.345840126276016235e-02
5.460197329521179199e-01 8.430583775043487549e-02
5.388107895851135254e-01 8.488816022872924805e-02
5.241737961769104004e-01 8.595854043960571289e-02
5.154597163200378418e-01 8.652468025684356689e-02
4.982442855834960938e-01 8.748808503150939941e-02
4.807380437850952148e-01 8.825801312923431396e-02
4.653475582599639893e-01 8.876182883977890015e-02
4.567529857158660889e-01 8.897332102060317993e-02
4.493480622768402100e-01 8.911563456058502197e-02
4.310246706008911133e-01 8.931022137403488159e-02
4.191455543041229248e-01 8.931736648082733154e-02
4.132687747478485107e-01 8.928655833005905151e-02
4.062740802764892578e-01 8.922038227319717407e-02
3.945670127868652344e-01 8.903823047876358032e-02
3.869241178035736084e-01 8.887127786874771118e-02
3.728841245174407959e-01 8.846614509820938110e-02
3.616977930068969727e-01 8.805248886346817017e-02
3.500662446022033691e-01 8.753712475299835205e-02
3.402681946754455566e-01 8.703561127185821533e-02
3.359106779098510742e-01 8.679275959730148315e-02
3.283975720405578613e-01 8.634541928768157959e-02
3.183648884296417236e-01 8.569136261940002441e-02
3.031651377677917480e-01 8.457641303539276123e-02
2.922727465629577637e-01 8.368475735187530518e-02
2.825286984443664551e-01 8.282081782817840576e-02
2.749569714069366455e-01 8.210580050945281982e-02
2.665515542030334473e-01 8.126670867204666138e-02
2.524462044239044189e-01 7.974964380264282227e-02
2.311619669198989868e-01 7.719358801841735840e-02
2.171320766210556030e-01 7.532505691051483154e-02
2.127614319324493408e-01 7.471187412738800049e-02
1.983725875616073608e-01 7.258404046297073364e-02
1.923631429672241211e-01 7.164391130208969116e-02
1.852362900972366333e-01 7.048790901899337769e-02
1.797591894865036011e-01 6.956819444894790649e-02
1.675888746976852417e-01 6.742200255393981934e-02
1.386875659227371216e-01 6.169214099645614624e-02
1.288197338581085205e-01 5.950061976909637451e-02
1.137127578258514404e-01 5.586803704500198364e-02
1.031830683350563049e-01 5.310684069991111755e-02
9.702204167842864990e-02 5.139035731554031372e-02
8.710453659296035767e-02 4.844756796956062317e-02
7.835939526557922363e-02 4.563965648412704468e-02
7.112608850002288818e-02 4.313829168677330017e-02
6.320610642433166504e-02 4.017700254917144775e-02
5.725958943367004395e-02 3.777030482888221741e-02
4.723398759961128235e-02 3.325850144028663635e-02
4.000217095017433167e-02 2.953256852924823761e-02
3.390080481767654419e-02 2.595146931707859039e-02
2.343244105577468872e-02 1.821473427116870880e-02
1.956063508987426758e-02 1.435095258057117462e-02
1.819067262113094330e-02 1.271007303148508072e-02
1.650158129632472992e-02 1.033221278339624405e-02
1.493583898991346359e-02 7.441835012286901474e-03
1.412221416831016541e-02 5.244812928140163422e-03
1.368391420692205429e-02 3.244641469791531563e-03
1.357106864452362061e-02 8.550971397198736668e-04
1.385884918272495270e-02 -1.150181400589644909e-03
1.433340553194284439e-02 -2.658256096765398979e-03
1.499607134610414505e-02 -4.057649057358503342e-03
1.649245619773864746e-02 -6.205845158547163010e-03
2.119151875376701355e-02 -1.014382392168045044e-02
2.507166191935539246e-02 -1.220424007624387741e-02
3.519531339406967163e-02 -1.564867421984672546e-02
4.157835245132446289e-02 -1.708903349936008453e-02
4.658152535557746887e-02 -1.799295656383037567e-02
5.946696549654006958e-02 -1.975219137966632843e-02
6.441180408000946045e-02 -2.028149180114269257e-02
8.133874833583831787e-02 -2.173441648483276367e-02
1.010292097926139832e-01 -2.301778830587863922e-02
1.084399223327636719e-01 -2.343578822910785675e-02
1.135191619396209717e-01 -2.370790764689445496e-02
1.291186213493347168e-01 -2.448642812669277191e-02
1.424673348665237427e-01 -2.509863115847110748e-02
1.487144380807876587e-01 -2.537099272012710571e-02
1.558502614498138428e-01 -2.567206881940364838e-02
1.683897823095321655e-01 -2.617657370865345001e-02
1.876093745231628418e-01 -2.689130976796150208e-02
1.922953277826309204e-01 -2.705488353967666626e-02
2.037171423435211182e-01 -2.743582241237163544e-02
2.109604477882385254e-01 -2.766415104269981384e-02
2.219327539205551147e-01 -2.799002826213836670e-02
2.335361987352371216e-01 -2.830785512924194336e-02
2.437757253646850586e-01 -2.856488898396492004e-02
2.520214617252349854e-01 -2.875556983053684235e-02
2.582617402076721191e-01 -2.889005281031131744e-02
2.694022655487060547e-01 -2.910878136754035950e-02
2.811236083507537842e-01 -2.930887788534164429e-02
2.920939624309539795e-01 -2.946778014302253723e-02
3.058343827724456787e-01 -2.962749078869819641e-02
3.110766410827636719e-01 -2.967675589025020599e-02
3.224354684352874756e-01 -2.976116351783275604e-02
3.283961415290832520e-01 -2.979313209652900696e-02
3.414551913738250732e-01 -2.983317524194717407e-02
3.503741621971130371e-01 -2.983663789927959442e-02
3.731245398521423340e-01 -2.975644543766975403e-02
3.800859451293945312e-01 -2.970600500702857971e-02
3.940059542655944824e-01 -2.956820465624332428e-02
4.112435877323150635e-01 -2.932829409837722778e-02
4.213750064373016357e-01 -2.915092371404170990e-02
4.300643503665924072e-01 -2.897700853645801544e-02
4.489528238773345947e-01 -2.852827683091163635e-02
4.566154181957244873e-01 -2.831812389194965363e-02
4.663697779178619385e-01 -2.802665904164314270e-02
4.734307229518890381e-01 -2.779869548976421356e-02
4.863975942134857178e-01 -2.734229154884815216e-02
5.024073123931884766e-01 -2.670977078378200531e-02
5.087301731109619141e-01 -2.643850073218345642e-02
5.247996449470520020e-01 -2.569315209984779358e-02
5.343828201293945312e-01 -2.520978637039661407e-02
5.433756709098815918e-01 -2.472930401563644409e-02
5.698421597480773926e-01 -2.316218987107276917e-02
5.754463076591491699e-01 -2.280091121792793274e-02
5.845544338226318359e-01 -2.219191007316112518e-02
5.955466628074645996e-01 -2.142141386866569519e-02
6.017116308212280273e-01 -2.097263745963573456e-02
6.096421480178833008e-01 -2.037823200225830078e-02
6.169694662094116211e-01 -1.981250941753387451e-02
6.263144016265869141e-01 -1.906906813383102417e-02
6.328444480895996094e-01 -1.853580772876739502e-02
6.423359513282775879e-01 -1.774206571280956268e-02
6.491340994834899902e-01 -1.716117374598979950e-02
6.518208384513854980e-01 -1.692897826433181763e-02
6.706079244613647461e-01 -1.527055446058511734e-02
6.865790486335754395e-01 -1.382560934871435165e-02
7.081384062767028809e-01 -1.185449399054050446e-02
7.330769300460815430e-01 -9.595164097845554352e-03
7.409257292747497559e-01 -8.898242376744747162e-03
7.483895421028137207e-01 -8.244795724749565125e-03
7.611979842185974121e-01 -7.149145938456058502e-03
7.738674879074096680e-01 -6.103831343352794647e-03
7.834665179252624512e-01 -5.341760814189910889e-03
7.871503829956054688e-01 -5.056877154856920242e-03
8.053168654441833496e-01 -3.720966167747974396e-03
8.175157308578491211e-01 -2.895795507356524467e-03
8.243273496627807617e-01 -2.463210141286253929e-03
8.333097696304321289e-01 -1.926339464262127876e-03
8.543550372123718262e-01 -8.361519430764019489e-04
8.594667911529541016e-01 -6.110146059654653072e-04
8.763391971588134766e-01 4.600089141604257748e-06
8.803701400756835938e-01 1.197127057821489871e-04
8.946119546890258789e-01 4.120669909752905369e-04
9.010452628135681152e-01 4.784384800586849451e-04
9.111290574073791504e-01 4.857994790654629469e-04
9.145061373710632324e-01 4.586017166730016470e-04
9.252550601959228516e-01 2.557491825427860022e-04
9.415015578269958496e-01 -4.775442066602408886e-04
9.497425556182861328e-01 -1.115697319619357586e-03
9.585278630256652832e-01 -2.061178907752037048e-03
9.610394239425659180e-01 -2.389376750215888023e-03
9.628620147705078125e-01 -2.644438296556472778e-03
