9.635349512100219727e-01 4.610417410731315613e-03
9.630813002586364746e-01 4.855698905885219574e-03
9.605976343154907227e-01 6.087582092732191086e-03
9.499800801277160645e-01 1.049513742327690125e-02
9.353910088539123535e-01 1.577924564480781555e-02
9.223833680152893066e-01 2.019212767481803894e-02
9.065968394279479980e-01 2.535130642354488373e-02
8.985423445701599121e-01 2.792867831885814667e-02
8.860831260681152344e-01 3.186232224106788635e-02
8.779250979423522949e-01 3.440899401903152466e-02
8.610306382179260254e-01 3.962144255638122559e-02
8.560146093368530273e-01 4.115429520606994629e-02
8.441685438156127930e-01 4.474843293428421021e-02
8.313702940940856934e-01 4.858984425663948059e-02
8.125404715538024902e-01 5.415659025311470032e-02
8.051949739456176758e-01 5.629803612828254700e-02
7.963688373565673828e-01 5.884648486971855164e-02
7.855392098426818848e-01 6.193385645747184753e-02
7.730861902236938477e-01 6.542528420686721802e-02
7.628376483917236328e-01 6.824733316898345947e-02
7.542207241058349609e-01 7.058158516883850098e-02
7.425529360771179199e-01 7.368239760398864746e-02
7.318300008773803711e-01 7.646772265434265137e-02
7.225689888000488281e-01 7.882101088762283325e-02
7.038000226020812988e-01 8.343263715505599976e-02
6.932948827743530273e-01 8.591700345277786255e-02
6.803435683250427246e-01 8.887968957424163818e-02
6.743292212486267090e-01 9.021694213151931763e-02
6.642726063728332520e-01 9.239661693572998047e-02
6.550896167755126953e-01 9.432432055473327637e-02
6.400572061538696289e-01 9.734788537025451660e-02
6.312591433525085449e-01 9.903991967439651489e-02
6.203612089157104492e-01 1.010547950863838196e-01
6.137272715568542480e-01 1.022368147969245911e-01
6.036366820335388184e-01 1.039695292711257935e-01
5.952984690666198730e-01 1.053411662578582764e-01
5.808276534080505371e-01 1.075908914208412170e-01
5.743639469146728516e-01 1.085416153073310852e-01
5.612193346023559570e-01 1.103705242276191711e-01
5.495072007179260254e-01 1.118810772895812988e-01
5.367292165756225586e-01 1.133995950222015381e-01
5.256950259208679199e-01 1.146011427044868469e-01
5.167345404624938965e-01 1.155013442039489746e-01
5.063303112983703613e-01 1.164610460400581360e-01
4.955867230892181396e-01 1.173547729849815369e-01
4.857404828071594238e-01 1.180865541100502014e-01
4.703628718852996826e-01 1.190607622265815735e-01
4.646756052970886230e-01 1.193685978651046753e-01
4.562988877296447754e-01 1.197702363133430481e-01
4.435135126113891602e-01 1.202632263302803040e-01
4.299952983856201172e-01 1.206257641315460205e-01
4.212417006492614746e-01 1.207728013396263123e-01
4.087024629116058350e-01 1.208623796701431274e-01
3.978245258331298828e-01 1.208237186074256897e-01
3.912674188613891602e-01 1.207478940486907959e-01
3.849014043807983398e-01 1.206362396478652954e-01
3.782203197479248047e-01 1.204785332083702087e-01
3.713670372962951660e-01 1.202735006809234619e-01
3.568812012672424316e-01 1.196946799755096436e-01
3.484701216220855713e-01 1.192672699689865112e-01
3.430520296096801758e-01 1.189561113715171814e-01
3.285134434700012207e-01 1.179811879992485046e-01
3.144240677356719971e-01 1.168394833803176880e-01
3.076668977737426758e-01 1.162222102284431458e-01
2.963695526123046875e-01 1.150878816843032837e-01
2.872112095355987549e-01 1.140730828046798706e-01
2.821252346038818359e-01 1.134722605347633362e-01
2.647055089473724365e-01 1.112088114023208618e-01
2.483190894126892090e-01 1.087815910577774048e-01
2.383672595024108887e-01 1.071617230772972107e-01
2.317182719707489014e-01 1.060163229703903198e-01
2.155846655368804932e-01 1.030196547508239746e-01
2.044139206409454346e-01 1.007572636008262634e-01
1.936435848474502563e-01 9.842337667942047119e-02
1.864466220140457153e-01 9.677664190530776978e-02
1.756077110767364502e-01 9.415837377309799194e-02
1.716854423284530640e-01 9.316832572221755981e-02
1.619657278060913086e-01 9.061247855424880981e-02
1.531101465225219727e-01 8.815042674541473389e-02
1.447114944458007812e-01 8.569011092185974121e-02
1.354711353778839111e-01 8.283212780952453613e-02
1.242353469133377075e-01 7.912494242191314697e-02
1.166548803448677063e-01 7.646634429693222046e-02
1.029337346553802490e-01 7.129086554050445557e-02
9.498025476932525635e-02 6.804955005645751953e-02
9.065737575292587280e-02 6.620442867279052734e-02
7.775115966796875000e-02 6.029846891760826111e-02
7.198273390531539917e-02 5.743977800011634827e-02
6.513126194477081299e-02 5.383838340640068054e-02
5.777191370725631714e-02 4.968265071511268616e-02
4.563739150762557983e-02 4.201774299144744873e-02
3.712337091565132141e-02 3.583141043782234192e-02
3.019442409276962280e-02 3.008412942290306091e-02
2.389151416718959808e-02 2.401071041822433472e-02
1.820394769310951233e-02 1.731423102319240570e-02
1.579457335174083710e-02 1.380115561187267303e-02
1.387245766818523407e-02 1.037784758955240250e-02
1.174702681601047516e-02 4.618154838681221008e-03
1.132391393184661865e-02 1.878919778391718864e-03
1.128334458917379379e-02 1.000353833660483360e-03
1.160859502851963043e-02 -2.293892437592148781e-03
1.274258829653263092e-02 -5.410838406533002853e-03
1.491839904338121414e-02 -8.546615950763225555e-03
2.087205648422241211e-02 -1.328066829591989517e-02
2.629330195486545563e-02 -1.602256856858730316e-02
3.781353682279586792e-02 -2.004888467490673065e-02
4.209452867507934570e-02 -2.121051400899887085e-02
5.099317431449890137e-02 -2.328091673552989960e-02
5.585532262921333313e-02 -2.426393888890743256e-02
6.181632727384567261e-02 -2.535842917859554291e-02
7.169096916913986206e-02 -2.695340104401111603e-02
8.157295733690261841e-02 -2.832800149917602539e-02
8.678357303142547607e-02 -2.897685393691062927e-02
1.033158972859382629e-01 -3.073734417557716370e-02
1.132197603583335876e-01 -3.159932419657707214e-02
1.209148243069648743e-01 -3.217970207333564758e-02
1.336489170789718628e-01 -3.298198059201240540e-02
1.446515023708343506e-01 -3.352844342589378357e-02
1.521488726139068604e-01 -3.382859379053115845e-02
1.569252759218215942e-01 -3.399094194173812866e-02
1.700573861598968506e-01 -3.432828187942504883e-02
1.820394992828369141e-01 -3.450626507401466370e-02
1.887085437774658203e-01 -3.455570712685585022e-02
1.988020390272140503e-01 -3.456770256161689758e-02
2.160148173570632935e-01 -3.442801535129547119e-02
2.232472449541091919e-01 -3.431421518325805664e-02
2.324994504451751709e-01 -3.412515670061111450e-02
2.369686067104339600e-01 -3.401727601885795593e-02
2.553542852401733398e-01 -3.346939757466316223e-02
2.637947201728820801e-01 -3.316630050539970398e-02
2.764852344989776611e-01 -3.265573829412460327e-02
2.841883003711700439e-01 -3.231612220406532288e-02
2.954194247722625732e-01 -3.178409859538078308e-02
2.994195520877838135e-01 -3.158469870686531067e-02
3.139146268367767334e-01 -3.082194365561008453e-02
3.209476172924041748e-01 -3.043068572878837585e-02
3.350256681442260742e-01 -2.960992604494094849e-02
3.403293192386627197e-01 -2.928863465785980225e-02
3.484142124652862549e-01 -2.878709509968757629e-02
3.595173954963684082e-01 -2.807671576738357544e-02
3.752059042453765869e-01 -2.703440003097057343e-02
3.850615322589874268e-01 -2.635887265205383301e-02
3.936297893524169922e-01 -2.575983107089996338e-02
4.015402793884277344e-01 -2.519786544144153595e-02
4.128531813621520996e-01 -2.438052929937839508e-02
4.197526872158050537e-01 -2.387482672929763794e-02
4.269453883171081543e-01 -2.334230393171310425e-02
4.334270954132080078e-01 -2.285807952284812927e-02
4.466969966888427734e-01 -2.185522392392158508e-02
4.771044850349426270e-01 -1.951034180819988251e-02
4.859583079814910889e-01 -1.881842687726020813e-02
4.930240213871002197e-01 -1.826419308781623840e-02
5.058843493461608887e-01 -1.725204475224018097e-02
5.142000317573547363e-01 -1.659615337848663330e-02
5.280345678329467773e-01 -1.550452597439289093e-02
5.416947603225708008e-01 -1.442882139235734940e-02
5.560967326164245605e-01 -1.330060418695211411e-02
5.702667832374572754e-01 -1.220030151307582855e-02
5.849386453628540039e-01 -1.107559259980916977e-02
5.960987806320190430e-01 -1.023286674171686172e-02
6.047710180282592773e-01 -9.587132371962070465e-03
6.159040927886962891e-01 -8.771617896854877472e-03
6.232792735099792480e-01 -8.240650407969951630e-03
6.318724155426025391e-01 -7.632255088537931442e-03
6.469221711158752441e-01 -6.596032530069351196e-03
6.529211401939392090e-01 -6.194272544234991074e-03
6.684432625770568848e-01 -5.187264643609523773e-03
6.853048205375671387e-01 -4.150827415287494659e-03
6.947404742240905762e-01 -3.598864655941724777e-03
7.104195952415466309e-01 -2.728833584114909172e-03
7.332485914230346680e-01 -1.573164598084986210e-03
7.412744164466857910e-01 -1.199565012939274311e-03
7.554436326026916504e-01 -5.830190493725240231e-04
7.644653320312500000e-01 -2.197273570345714688e-04
7.780505418777465820e-01 2.832722675520926714e-04
7.907578945159912109e-01 7.046589744277298450e-04
8.031207323074340820e-01 1.067779492586851120e-03
8.134771585464477539e-01 1.335393637418746948e-03
8.337244987487792969e-01 1.758314785547554493e-03
8.417280316352844238e-01 1.887294230982661247e-03
8.542606830596923828e-01 2.043320797383785248e-03
8.612341284751892090e-01 2.104735001921653748e-03
8.762030005455017090e-01 2.170905005186796188e-03
8.848072290420532227e-01 2.165309851989150047e-03
9.038832187652587891e-01 2.023481996729969978e-03
9.115022420883178711e-01 1.909597893245518208e-03
9.331999421119689941e-01 1.352448714897036552e-03
9.418722987174987793e-01 1.001246157102286816e-03
9.554823637008666992e-01 2.174873661715537310e-04
9.599762558937072754e-01 -1.298298448091372848e-04
9.617606997489929199e-01 -2.834815531969070435e-04
9.635130763053894043e-01 -4.438194737304002047e-04
