9.674465060234069824e-01 3.210080321878194809e-03
9.669238328933715820e-01 3.557989606633782387e-03
9.618636965751647949e-01 6.452171597629785538e-03
9.544550776481628418e-01 1.010617241263389587e-02
9.224693179130554199e-01 2.388890460133552551e-02
9.108676910400390625e-01 2.855811081826686859e-02
8.960828781127929688e-01 3.436574339866638184e-02
8.917460441589355469e-01 3.604366630315780640e-02
8.817394971847534180e-01 3.987561538815498352e-02
8.702949881553649902e-01 4.419508203864097595e-02
8.549130558967590332e-01 4.990119859576225281e-02
8.421822786331176758e-01 5.454069375991821289e-02
8.324238657951354980e-01 5.804638937115669250e-02
8.125045299530029297e-01 6.506387144327163696e-02
8.001811504364013672e-01 6.930980831384658813e-02
7.948616743087768555e-01 7.111930102109909058e-02
7.867264747619628906e-01 7.385884970426559448e-02
7.751610875129699707e-01 7.769420742988586426e-02
7.644144892692565918e-01 8.119364827871322632e-02
7.522215247154235840e-01 8.508662879467010498e-02
7.276638746261596680e-01 9.266579896211624146e-02
7.127676606178283691e-01 9.708512574434280396e-02
7.052947282791137695e-01 9.924950450658798218e-02
7.029135823249816895e-01 9.993161261081695557e-02
6.746430397033691406e-01 1.077438518404960632e-01
6.655717492103576660e-01 1.101355403661727905e-01
6.539925336837768555e-01 1.131044998764991760e-01
6.407789587974548340e-01 1.163748502731323242e-01
6.282389163970947266e-01 1.193597763776779175e-01
6.111604571342468262e-01 1.232339516282081604e-01
5.957882404327392578e-01 1.265271902084350586e-01
5.809136629104614258e-01 1.295337080955505371e-01
5.529979467391967773e-01 1.346805095672607422e-01
5.467704534530639648e-01 1.357376724481582642e-01
5.380579829216003418e-01 1.371593922376632690e-01
5.283688902854919434e-01 1.386608481407165527e-01
5.244013667106628418e-01 1.392511427402496338e-01
5.189802050590515137e-01 1.400343030691146851e-01
5.056226253509521484e-01 1.418473124504089355e-01
5.019593238830566406e-01 1.423150599002838135e-01
4.865559935569763184e-01 1.441400945186614990e-01
4.773867130279541016e-01 1.451157927513122559e-01
4.688851535320281982e-01 1.459450572729110718e-01
4.491775035858154297e-01 1.475813388824462891e-01
4.408153593540191650e-01 1.481518447399139404e-01
4.374089539051055908e-01 1.483627110719680786e-01
4.243221580982208252e-01 1.490548104047775269e-01
4.139582812786102295e-01 1.494677066802978516e-01
4.054073691368103027e-01 1.497164964675903320e-01
3.777858018875122070e-01 1.499351263046264648e-01
3.670912981033325195e-01 1.497725248336791992e-01
3.636378645896911621e-01 1.496896445751190186e-01
3.585857748985290527e-01 1.495414525270462036e-01
3.523134291172027588e-01 1.493124663829803467e-01
3.464393913745880127e-01 1.490522474050521851e-01
3.405037224292755127e-01 1.487437486648559570e-01
3.324798345565795898e-01 1.482530832290649414e-01
3.153592348098754883e-01 1.469169110059738159e-01
3.059974312782287598e-01 1.460155248641967773e-01
3.002997338771820068e-01 1.454065889120101929e-01
2.969557344913482666e-01 1.450276076793670654e-01
2.782339453697204590e-01 1.426046341657638550e-01
2.672516703605651855e-01 1.409391760826110840e-01
2.594563066959381104e-01 1.396440118551254272e-01
2.480619996786117554e-01 1.375776082277297974e-01
2.431420981884002686e-01 1.366202682256698608e-01
2.342115938663482666e-01 1.347797065973281860e-01
2.222733199596405029e-01 1.321065127849578857e-01
2.193295657634735107e-01 1.314089298248291016e-01
2.132172435522079468e-01 1.299106925725936890e-01
2.003957033157348633e-01 1.265436112880706787e-01
1.874424517154693604e-01 1.228197589516639709e-01
1.779894828796386719e-01 1.198867782950401306e-01
1.705019176006317139e-01 1.174281314015388489e-01
1.627258807420730591e-01 1.147423535585403442e-01
1.540995985269546509e-01 1.115975454449653625e-01
1.471438705921173096e-01 1.089288368821144104e-01
1.386394053697586060e-01 1.054957136511802673e-01
1.350977420806884766e-01 1.040081754326820374e-01
1.234551295638084412e-01 9.886343777179718018e-02
1.180088296532630920e-01 9.631475061178207397e-02
1.083227619528770447e-01 9.153957664966583252e-02
1.008257195353507996e-01 8.761404454708099365e-02
9.416900575160980225e-02 8.394587039947509766e-02
8.880418539047241211e-02 8.085483312606811523e-02
7.580395787954330444e-02 7.280998677015304565e-02
6.708109378814697266e-02 6.691251695156097412e-02
6.362452358007431030e-02 6.444946676492691040e-02
5.773557350039482117e-02 6.007053703069686890e-02
5.194859579205513000e-02 5.552081391215324402e-02
3.992372378706932068e-02 4.513916745781898499e-02
2.798317931592464447e-02 3.320310264825820923e-02
2.206529118120670319e-02 2.641870267689228058e-02
1.924115233123302460e-02 2.288594469428062439e-02
1.397544797509908676e-02 1.551804039627313614e-02
9.100922383368015289e-03 6.794468499720096588e-03
8.066692389547824860e-03 4.273721016943454742e-03
6.747019942849874496e-03 -7.015262381173670292e-04
6.595787126570940018e-03 -2.164158038794994354e-03
6.596732418984174728e-03 -3.885156242176890373e-03
6.986574735492467880e-03 -6.257896311581134796e-03
7.829341106116771698e-03 -8.395494893193244934e-03
1.043322309851646423e-02 -1.172173488885164261e-02
1.202795002609491348e-02 -1.302051171660423279e-02
2.056468650698661804e-02 -1.719108596444129944e-02
2.472805790603160858e-02 -1.847867481410503387e-02
2.993587404489517212e-02 -1.975814439356327057e-02
3.472388908267021179e-02 -2.071248367428779602e-02
4.028820991516113281e-02 -2.163010276854038239e-02
4.753462970256805420e-02 -2.259623073041439056e-02
5.317962542176246643e-02 -2.321022376418113708e-02
6.152581796050071716e-02 -2.394319139420986176e-02
7.393619418144226074e-02 -2.472845278680324554e-02
9.386943280696868896e-02 -2.541414648294448853e-02
1.017517149448394775e-01 -2.552928961813449860e-02
1.210014224052429199e-01 -2.551036328077316284e-02
1.322600096464157104e-01 -2.532918751239776611e-02
1.403755396604537964e-01 -2.513080276548862457e-02
1.519935280084609985e-01 -2.475760132074356079e-02
1.640946567058563232e-01 -2.426783740520477295e-02
1.744892448186874390e-01 -2.377300150692462921e-02
1.811609119176864624e-01 -2.342230640351772308e-02
1.912508159875869751e-01 -2.284654416143894196e-02
2.025432139635086060e-01 -2.214244753122329712e-02
2.122646272182464600e-01 -2.149009704589843750e-02
2.239907085895538330e-01 -2.065153978765010834e-02
2.346593439579010010e-01 -1.984388753771781921e-02
2.404318600893020630e-01 -1.939058303833007812e-02
2.516179680824279785e-01 -1.848219521343708038e-02
2.613584101200103760e-01 -1.766162179410457611e-02
2.761608660221099854e-01 -1.636777073144912720e-02
2.893322110176086426e-01 -1.517497934401035309e-02
3.014051020145416260e-01 -1.405232492834329605e-02
3.083266913890838623e-01 -1.339773554354906082e-02
3.178511857986450195e-01 -1.248565781861543655e-02
3.256639540195465088e-01 -1.172896660864353180e-02
3.379458785057067871e-01 -1.052667293697595596e-02
3.427225351333618164e-01 -1.005565281957387924e-02
3.515237569808959961e-01 -9.183925576508045197e-03
3.562217950820922852e-01 -8.717004209756851196e-03
3.808990716934204102e-01 -6.257044151425361633e-03
3.886555135250091553e-01 -5.485027097165584564e-03
4.058628380298614502e-01 -3.783140098676085472e-03
4.170309901237487793e-01 -2.691482426598668098e-03
4.222351610660552979e-01 -2.187538193538784981e-03
4.274042546749114990e-01 -1.690508914180099964e-03
4.399443864822387695e-01 -5.016591749154031277e-04
4.498640894889831543e-01 4.188102029729634523e-04
4.589789807796478271e-01 1.246370142325758934e-03
4.782709181308746338e-01 2.929815091192722321e-03
4.917425215244293213e-01 4.041106440126895905e-03
4.990842044353485107e-01 4.621362313628196716e-03
5.115728974342346191e-01 5.563212092965841293e-03
5.174490809440612793e-01 5.985336843878030777e-03
5.305603742599487305e-01 6.875079590827226639e-03
5.428087115287780762e-01 7.637159898877143860e-03
5.478441119194030762e-01 7.930088788270950317e-03
5.570015311241149902e-01 8.431258611381053925e-03
5.638715028762817383e-01 8.779857307672500610e-03
5.824106931686401367e-01 9.599951095879077911e-03
5.863016843795776367e-01 9.749345481395721436e-03
5.979220867156982422e-01 1.014815270900726318e-02
6.034732460975646973e-01 1.031363196671009064e-02
6.110957860946655273e-01 1.051463745534420013e-02
6.287481188774108887e-01 1.086542941629886627e-02
6.393626332283020020e-01 1.100140064954757690e-02
6.566721796989440918e-01 1.110841799527406693e-02
6.612203717231750488e-01 1.111400965601205826e-02
6.698405146598815918e-01 1.110013853758573532e-02
6.848718523979187012e-01 1.100323535501956940e-02
7.000738978385925293e-01 1.081838272511959076e-02
7.141525149345397949e-01 1.057668216526508331e-02
7.358053922653198242e-01 1.008810754865407944e-02
7.427572011947631836e-01 9.904375299811363220e-03
7.594079971313476562e-01 9.417351335287094116e-03
7.758412361145019531e-01 8.878504857420921326e-03
7.896956205368041992e-01 8.384848013520240784e-03
8.013424277305603027e-01 7.945064455270767212e-03
8.164048194885253906e-01 7.346177473664283752e-03
8.262277841567993164e-01 6.938909180462360382e-03
8.348475098609924316e-01 6.571478676050901413e-03
8.428320884704589844e-01 6.223171949386596680e-03
8.585252165794372559e-01 5.517360288649797440e-03
8.635630011558532715e-01 5.284976214170455933e-03
8.831344842910766602e-01 4.355324432253837585e-03
8.939675688743591309e-01 3.821379039436578751e-03
9.150442481040954590e-01 2.734586829319596291e-03
9.303842782974243164e-01 1.888102851808071136e-03
9.515286684036254883e-01 5.781999207101762295e-04
9.607188701629638672e-01 -8.525779412593692541e-05
9.649272561073303223e-01 -4.155959177296608686e-04
9.667679071426391602e-01 -5.647656507790088654e-04
