9.655446410179138184e-01 8.434053161181509495e-04
9.651992321014404297e-01 9.885045001283288002e-04
9.632516503334045410e-01 1.756460871547460556e-03
9.579122662544250488e-01 3.606667742133140564e-03
9.392178654670715332e-01 9.074338711798191071e-03
9.276419878005981445e-01 1.219900883734226227e-02
9.141119718551635742e-01 1.577755622565746307e-02
9.101073145866394043e-01 1.683122105896472931e-02
9.029238820075988770e-01 1.872043870389461517e-02
8.953967690467834473e-01 2.070293016731739044e-02
8.845044374465942383e-01 2.358354069292545319e-02
8.787816762924194336e-01 2.510454691946506500e-02
8.702240586280822754e-01 2.739031054079532623e-02
8.629934191703796387e-01 2.933284640312194824e-02
8.520395755767822266e-01 3.229536861181259155e-02
8.456118106842041016e-01 3.404457122087478638e-02
8.365234136581420898e-01 3.653046861290931702e-02
8.304409384727478027e-01 3.820161521434783936e-02
8.189960122108459473e-01 4.135976359248161316e-02
8.131136894226074219e-01 4.298850893974304199e-02
7.962740063667297363e-01 4.766324907541275024e-02
7.750132083892822266e-01 5.356427282094955444e-02
7.588831782341003418e-01 5.801395699381828308e-02
7.564078569412231445e-01 5.869320780038833618e-02
7.465134859085083008e-01 6.139568611979484558e-02
7.418110370635986328e-01 6.267209351062774658e-02
7.361874580383300781e-01 6.419081985950469971e-02
7.300646305084228516e-01 6.583378463983535767e-02
7.129177451133728027e-01 7.036757469177246094e-02
7.057942152023315430e-01 7.221797853708267212e-02
6.975764036178588867e-01 7.432552427053451538e-02
6.783184409141540527e-01 7.913850247859954834e-02
6.669924259185791016e-01 8.187848329544067383e-02
6.589544415473937988e-01 8.377890288829803467e-02
6.491241455078125000e-01 8.605065941810607910e-02
6.401226520538330078e-01 8.807812631130218506e-02
6.294946670532226562e-01 9.040424227714538574e-02
6.201329231262207031e-01 9.239036589860916138e-02
5.976774692535400391e-01 9.690310060977935791e-02
5.920799374580383301e-01 9.797088056802749634e-02
5.854330062866210938e-01 9.920834749937057495e-02
5.685131549835205078e-01 1.022059544920921326e-01
5.444443821907043457e-01 1.060817092657089233e-01
5.208305716514587402e-01 1.094255745410919189e-01
5.178698897361755371e-01 1.098120734095573425e-01
5.098842978477478027e-01 1.108174994587898254e-01
4.780250787734985352e-01 1.142842620611190796e-01
4.722396731376647949e-01 1.148189306259155273e-01
4.633959233760833740e-01 1.155791506171226501e-01
4.494481384754180908e-01 1.166364774107933044e-01
4.295728802680969238e-01 1.178403794765472412e-01
4.221569001674652100e-01 1.181974112987518311e-01
4.112842082977294922e-01 1.186293885111808777e-01
3.977484107017517090e-01 1.190140321850776672e-01
3.850710391998291016e-01 1.192187070846557617e-01
3.544734418392181396e-01 1.190832331776618958e-01
3.406884968280792236e-01 1.187266185879707336e-01
3.206039667129516602e-01 1.178715601563453674e-01
3.088075518608093262e-01 1.171807870268821716e-01
3.056915700435638428e-01 1.169746816158294678e-01
2.964496016502380371e-01 1.163047924637794495e-01
2.756665945053100586e-01 1.144726574420928955e-01
2.654234766960144043e-01 1.134002208709716797e-01
2.548342943191528320e-01 1.121710240840911865e-01
2.456852644681930542e-01 1.110082268714904785e-01
2.382318973541259766e-01 1.099905595183372498e-01
2.282341271638870239e-01 1.085239201784133911e-01
2.210566997528076172e-01 1.073977872729301453e-01
2.174686491489410400e-01 1.068113371729850769e-01
1.939224451780319214e-01 1.025606542825698853e-01
1.746880114078521729e-01 9.853885322809219360e-02
1.691686064004898071e-01 9.728694707155227661e-02
1.614657789468765259e-01 9.546278417110443115e-02
1.519598811864852905e-01 9.308247268199920654e-02
1.418677121400833130e-01 9.039001166820526123e-02
1.329418569803237915e-01 8.785713464021682739e-02
1.239474043250083923e-01 8.515004068613052368e-02
1.112202256917953491e-01 8.102901279926300049e-02
1.055536940693855286e-01 7.907446473836898804e-02
9.921646863222122192e-02 7.679297775030136108e-02
8.812649548053741455e-02 7.253337651491165161e-02
8.246140182018280029e-02 7.021184265613555908e-02
6.986420601606369019e-02 6.463908404111862183e-02
6.379117816686630249e-02 6.171900406479835510e-02
5.961947515606880188e-02 5.961102619767189026e-02
4.965022206306457520e-02 5.418027937412261963e-02
4.508658871054649353e-02 5.147692933678627014e-02
3.938646614551544189e-02 4.786705225706100464e-02
3.101172670722007751e-02 4.197712242603302002e-02
2.430861629545688629e-02 3.658593446016311646e-02
2.048163674771785736e-02 3.313180059194564819e-02
1.745063066482543945e-02 3.013296052813529968e-02
1.477684453129768372e-02 2.723333239555358887e-02
9.150669910013675690e-03 1.988462917506694794e-02
7.823164574801921844e-03 1.772475987672805786e-02
4.951800219714641571e-03 1.161886472254991531e-02
4.028251860290765762e-03 8.413987234234809875e-03
3.713710000738501549e-03 6.622394546866416931e-03
3.612117609009146690e-03 2.702115336433053017e-03
4.005338996648788452e-03 3.520565514918416739e-04
4.817032720893621445e-03 -2.005243673920631409e-03
7.464377675205469131e-03 -6.064119283109903336e-03
9.863610379397869110e-03 -8.343966677784919739e-03
1.262302696704864502e-02 -1.030016783624887466e-02
2.102206274867057800e-02 -1.426028087735176086e-02
2.820393815636634827e-02 -1.648610830307006836e-02
3.881406784057617188e-02 -1.881717890501022339e-02
4.949906468391418457e-02 -2.049130946397781372e-02
5.658202990889549255e-02 -2.135749347507953644e-02
6.884458661079406738e-02 -2.253144793212413788e-02
8.976393938064575195e-02 -2.385806664824485779e-02
9.866072237491607666e-02 -2.422875352203845978e-02
1.092716455459594727e-01 -2.454912476241588593e-02
1.162450909614562988e-01 -2.469519339501857758e-02
1.234922632575035095e-01 -2.479757927358150482e-02
1.334806233644485474e-01 -2.486242912709712982e-02
1.521610319614410400e-01 -2.477018721401691437e-02
1.650632768869400024e-01 -2.456131018698215485e-02
1.756885498762130737e-01 -2.430948428809642792e-02
1.923737674951553345e-01 -2.378283999860286713e-02
1.978995800018310547e-01 -2.357602119445800781e-02
2.081002891063690186e-01 -2.315544337034225464e-02
2.272900044918060303e-01 -2.224086225032806396e-02
2.321628779172897339e-01 -2.198551408946514130e-02
2.455064505338668823e-01 -2.124390378594398499e-02
2.536832094192504883e-01 -2.076146937906742096e-02
2.695946395397186279e-01 -1.976979151368141174e-02
2.748506963253021240e-01 -1.942860521376132965e-02
2.818245589733123779e-01 -1.896674558520317078e-02
2.938235402107238770e-01 -1.815034635365009308e-02
3.012441992759704590e-01 -1.763351075351238251e-02
3.265619575977325439e-01 -1.581876166164875031e-02
3.416236639022827148e-01 -1.471401378512382507e-02
3.495157957077026367e-01 -1.413125824183225632e-02
3.725972473621368408e-01 -1.242442708462476730e-02
3.799791038036346436e-01 -1.188096962869167328e-02
3.876467645168304443e-01 -1.131929270923137665e-02
3.952630162239074707e-01 -1.076517440378665924e-02
4.074965417385101318e-01 -9.885278530418872833e-03
4.203562438488006592e-01 -8.977418765425682068e-03
4.299683868885040283e-01 -8.312704041600227356e-03
4.368877410888671875e-01 -7.842635735869407654e-03
4.430541098117828369e-01 -7.430244702845811844e-03
4.565053582191467285e-01 -6.554148159921169281e-03
4.723081886768341064e-01 -5.570959299802780151e-03
4.764719903469085693e-01 -5.320995580404996872e-03
4.909957051277160645e-01 -4.481322132050991058e-03
4.996761679649353027e-01 -4.004819784313440323e-03
5.060701370239257812e-01 -3.666640026494860649e-03
5.192186236381530762e-01 -3.006961429491639137e-03
5.344415903091430664e-01 -2.306044101715087891e-03
5.429455041885375977e-01 -1.944936695508658886e-03
5.501842498779296875e-01 -1.655107480473816395e-03
5.667124986648559570e-01 -1.054427353665232658e-03
5.832628607749938965e-01 -5.376712069846689701e-04
5.915511846542358398e-01 -3.100040194112807512e-04
6.011144518852233887e-01 -7.219719554996117949e-05
6.103336811065673828e-01 1.328435027971863747e-04
6.167749762535095215e-01 2.626511268317699432e-04
6.305667161941528320e-01 5.058604292571544647e-04
6.400962471961975098e-01 6.484484765678644180e-04
6.511821746826171875e-01 7.909422856755554676e-04
6.747949719429016113e-01 1.023919787257909775e-03
6.985633969306945801e-01 1.184557680971920490e-03
7.087206244468688965e-01 1.236722571775317192e-03
7.223903536796569824e-01 1.295147696509957314e-03
7.295655608177185059e-01 1.321281306445598602e-03
7.380516529083251953e-01 1.348719699308276176e-03
7.536243200302124023e-01 1.390374964103102684e-03
7.695174813270568848e-01 1.422037719748914242e-03
7.756496071815490723e-01 1.431236276403069496e-03
7.857379913330078125e-01 1.442326698452234268e-03
7.935861945152282715e-01 1.447060261853039265e-03
8.046464920043945312e-01 1.446910202503204346e-03
8.182207345962524414e-01 1.433305558748543262e-03
8.390271663665771484e-01 1.373299630358815193e-03
8.488138318061828613e-01 1.322925672866404057e-03
8.620890378952026367e-01 1.224010018631815910e-03
8.752855658531188965e-01 1.080590882338583469e-03
8.845936655998229980e-01 9.445578907616436481e-04
8.950123190879821777e-01 7.487061084248125553e-04
9.029865264892578125e-01 5.603645113296806812e-04
9.159680008888244629e-01 1.619244721950963140e-04
9.223509430885314941e-01 -8.646246715215966105e-05
9.281951785087585449e-01 -3.516062570270150900e-04
9.335892200469970703e-01 -6.338177481666207314e-04
9.439732432365417480e-01 -1.300496165640652180e-03
9.514412879943847656e-01 -1.901832525618374348e-03
9.560290575027465820e-01 -2.328980481252074242e-03
9.613516926765441895e-01 -2.878848463296890259e-03
9.635806083679199219e-01 -3.123709233477711678e-03
9.653769135475158691e-01 -3.325318684801459312e-03
