9.632590413093566895e-01 3.237071679905056953e-03
9.625324606895446777e-01 3.584113670513033867e-03
9.589118957519531250e-01 5.158498883247375488e-03
9.482985734939575195e-01 9.206933900713920593e-03
9.282377362251281738e-01 1.622571051120758057e-02
9.122573733329772949e-01 2.165715023875236511e-02
8.966500163078308105e-01 2.692928723990917206e-02
8.913620114326477051e-01 2.871402725577354431e-02
8.854010105133056641e-01 3.072593919932842255e-02
8.757690787315368652e-01 3.397743403911590576e-02
8.651347756385803223e-01 3.756730258464813232e-02
8.580369353294372559e-01 3.996205329895019531e-02
8.462840318679809570e-01 4.392163082957267761e-02
8.396778702735900879e-01 4.614185169339179993e-02
8.268970251083374023e-01 5.041993409395217896e-02
8.202107548713684082e-01 5.264573544263839722e-02
8.098543286323547363e-01 5.607142299413681030e-02
7.987586855888366699e-01 5.970556288957595825e-02
7.877182364463806152e-01 6.327590346336364746e-02
7.754942774772644043e-01 6.716582179069519043e-02
7.511419057846069336e-01 7.467458397150039673e-02
7.425745725631713867e-01 7.722793519496917725e-02
7.298812270164489746e-01 8.091574907302856445e-02
7.236181497573852539e-01 8.269093930721282959e-02
7.063534855842590332e-01 8.742214739322662354e-02
6.966539025306701660e-01 8.997021615505218506e-02
6.819290518760681152e-01 9.367901086807250977e-02
6.751543283462524414e-01 9.531866759061813354e-02
6.598292589187622070e-01 9.886778891086578369e-02
6.378443241119384766e-01 1.035605296492576599e-01
6.285132169723510742e-01 1.054069623351097107e-01
6.159814596176147461e-01 1.077482402324676514e-01
6.070352792739868164e-01 1.093217879533767700e-01
5.993139743804931641e-01 1.106141358613967896e-01
5.907016396522521973e-01 1.119832769036293030e-01
5.860049724578857422e-01 1.126978397369384766e-01
5.753095746040344238e-01 1.142403185367584229e-01
5.654280781745910645e-01 1.155608594417572021e-01
5.564370751380920410e-01 1.166752353310585022e-01
5.465053915977478027e-01 1.178099066019058228e-01
5.374341607093811035e-01 1.187582537531852722e-01
5.314719676971435547e-01 1.193359568715095520e-01
5.218901634216308594e-01 1.201889440417289734e-01
5.124126672744750977e-01 1.209415048360824585e-01
5.032465457916259766e-01 1.215837001800537109e-01
4.958805441856384277e-01 1.220391020178794861e-01
4.850909709930419922e-01 1.226092576980590820e-01
4.785793423652648926e-01 1.228978559374809265e-01
4.701503813266754150e-01 1.232100948691368103e-01
4.549141824245452881e-01 1.235996931791305542e-01
4.432929158210754395e-01 1.237472370266914368e-01
4.377940893173217773e-01 1.237723007798194885e-01
4.249325394630432129e-01 1.237197518348693848e-01
4.173915982246398926e-01 1.236169859766960144e-01
4.072728753089904785e-01 1.233961731195449829e-01
4.022220075130462646e-01 1.232506409287452698e-01
3.939959704875946045e-01 1.229635849595069885e-01
3.823466002941131592e-01 1.224514320492744446e-01
3.758068382740020752e-01 1.221100240945816040e-01
3.682705163955688477e-01 1.216686889529228210e-01
3.593259453773498535e-01 1.210786774754524231e-01
3.450116515159606934e-01 1.199852749705314636e-01
3.347608149051666260e-01 1.190897896885871887e-01
3.300496935844421387e-01 1.186467707157135010e-01
3.119101226329803467e-01 1.167556419968605042e-01
3.008252382278442383e-01 1.154545024037361145e-01
2.910095453262329102e-01 1.142095178365707397e-01
2.801189124584197998e-01 1.127250939607620239e-01
2.699972689151763916e-01 1.112469732761383057e-01
2.569835484027862549e-01 1.092043519020080566e-01
2.487743198871612549e-01 1.078318282961845398e-01
2.405081987380981445e-01 1.063825339078903198e-01
2.237448394298553467e-01 1.032292172312736511e-01
2.149775475263595581e-01 1.014610975980758667e-01
2.066044062376022339e-01 9.969257563352584839e-02
1.922656744718551636e-01 9.647329896688461304e-02
1.885818541049957275e-01 9.560543298721313477e-02
1.756529957056045532e-01 9.241896867752075195e-02
1.631263494491577148e-01 8.910815417766571045e-02
1.529874801635742188e-01 8.625178039073944092e-02
1.464472711086273193e-01 8.431796729564666748e-02
1.337779164314270020e-01 8.034770190715789795e-02
1.246319487690925598e-01 7.727813720703125000e-02
1.118020489811897278e-01 7.264213263988494873e-02
1.009903475642204285e-01 6.838934123516082764e-02
9.065894782543182373e-02 6.397619843482971191e-02
8.252561092376708984e-02 6.022068113088607788e-02
7.466751337051391602e-02 5.631721019744873047e-02
6.588220596313476562e-02 5.157696828246116638e-02
5.985388904809951782e-02 4.805453866720199585e-02
4.733265563845634460e-02 3.986263647675514221e-02
3.775103762745857239e-02 3.254792094230651855e-02
3.015915304422378540e-02 2.583458460867404938e-02
2.415039949119091034e-02 1.966830529272556305e-02
2.081725932657718658e-02 1.575154438614845276e-02
1.801423542201519012e-02 1.202239841222763062e-02
1.562509126961231232e-02 8.317866362631320953e-03
1.363912690430879593e-02 4.487597849220037460e-03
1.278835162520408630e-02 2.350824885070323944e-03
1.224534027278423309e-02 5.562175065279006958e-04
1.176183950155973434e-02 -2.599908038973808289e-03
1.204362511634826660e-02 -5.570716690272092819e-03
1.269040349870920181e-02 -7.342162076383829117e-03
1.428071875125169754e-02 -9.617515839636325836e-03
1.788679882884025574e-02 -1.231292169541120529e-02
2.497924119234085083e-02 -1.500561274588108063e-02
2.859862893819808960e-02 -1.586938649415969849e-02
3.332076594233512878e-02 -1.673544384539127350e-02
4.120625182986259460e-02 -1.778002083301544189e-02
4.622896015644073486e-02 -1.827893219888210297e-02
5.538238957524299622e-02 -1.897861994802951813e-02
6.152288243174552917e-02 -1.934169232845306396e-02
7.097416371107101440e-02 -1.978506892919540405e-02
8.399911224842071533e-02 -2.023322321474552155e-02
1.002771705389022827e-01 -2.061089128255844116e-02
1.096419468522071838e-01 -2.076032385230064392e-02
1.226197481155395508e-01 -2.090277895331382751e-02
1.341034322977066040e-01 -2.097580581903457642e-02
1.424404233694076538e-01 -2.100163325667381287e-02
1.505688130855560303e-01 -2.100691385567188263e-02
1.711448878049850464e-01 -2.094200439751148224e-02
1.783808916807174683e-01 -2.089504711329936981e-02
1.876912564039230347e-01 -2.081780880689620972e-02
1.937036663293838501e-01 -2.075839415192604065e-02
2.093981653451919556e-01 -2.057030424475669861e-02
2.186929434537887573e-01 -2.043780870735645294e-02
2.327051758766174316e-01 -2.021059207618236542e-02
2.402669936418533325e-01 -2.007503062486648560e-02
2.555949985980987549e-01 -1.977422833442687988e-02
2.623817920684814453e-01 -1.963050477206707001e-02
2.735960483551025391e-01 -1.937966048717498779e-02
2.868491709232330322e-01 -1.906293816864490509e-02
2.934823930263519287e-01 -1.889662444591522217e-02
2.979219853878021240e-01 -1.878253184258937836e-02
3.122529685497283936e-01 -1.839977689087390900e-02
3.245489597320556641e-01 -1.805479824542999268e-02
3.353607952594757080e-01 -1.773975975811481476e-02
3.422414362430572510e-01 -1.753391511738300323e-02
3.499272465705871582e-01 -1.729936525225639343e-02
3.589164912700653076e-01 -1.701918430626392365e-02
3.792852759361267090e-01 -1.636320725083351135e-02
3.831877112388610840e-01 -1.623451337218284607e-02
3.925639688968658447e-01 -1.592174358665943146e-02
3.996433913707733154e-01 -1.568253152072429657e-02
4.138362705707550049e-01 -1.519603654742240906e-02
4.207493960857391357e-01 -1.495617255568504333e-02
4.281131625175476074e-01 -1.469893660396337509e-02
4.432388544082641602e-01 -1.416606176644563675e-02
4.608900845050811768e-01 -1.353939902037382126e-02
4.703629016876220703e-01 -1.320228725671768188e-02
4.839702844619750977e-01 -1.271868217736482620e-02
4.923517405986785889e-01 -1.242192182689905167e-02
5.034603476524353027e-01 -1.203084737062454224e-02
5.124858617782592773e-01 -1.171564683318138123e-02
5.321528911590576172e-01 -1.103946380317211151e-02
5.409987568855285645e-01 -1.074123103171586990e-02
5.534226298332214355e-01 -1.032973639667034149e-02
5.625867247581481934e-01 -1.003234088420867920e-02
5.730866789817810059e-01 -9.698592126369476318e-03
5.838755965232849121e-01 -9.363998658955097198e-03
5.964605212211608887e-01 -8.985042572021484375e-03
6.124709844589233398e-01 -8.521461859345436096e-03
6.244648694992065430e-01 -8.188223466277122498e-03
6.302247643470764160e-01 -8.032525889575481415e-03
6.442678570747375488e-01 -7.664724718779325485e-03
6.523213982582092285e-01 -7.461315952241420746e-03
6.625671982765197754e-01 -7.210331503301858902e-03
6.729109883308410645e-01 -6.965639535337686539e-03
6.828161478042602539e-01 -6.739281117916107178e-03
6.962461471557617188e-01 -6.444349419325590134e-03
7.138211131095886230e-01 -6.078094709664583206e-03
7.291792035102844238e-01 -5.775017663836479187e-03
7.471599578857421875e-01 -5.438494496047496796e-03
7.563374638557434082e-01 -5.273691378533840179e-03
7.816774249076843262e-01 -4.840252920985221863e-03
7.882168292999267578e-01 -4.733010195195674896e-03
7.996742129325866699e-01 -4.549135919660329819e-03
8.125744462013244629e-01 -4.347643349319696426e-03
8.269626498222351074e-01 -4.128908272832632065e-03
8.384218215942382812e-01 -3.958542831242084503e-03
8.523766398429870605e-01 -3.754823235794901848e-03
8.591486811637878418e-01 -3.657171968370676041e-03
8.744318485260009766e-01 -3.438946558162570000e-03
8.858038783073425293e-01 -3.277856158092617989e-03
9.000401496887207031e-01 -3.076755208894610405e-03
9.091202020645141602e-01 -2.948301378637552261e-03
9.242962598800659180e-01 -2.732231514528393745e-03
9.341300725936889648e-01 -2.590600401163101196e-03
9.471126794815063477e-01 -2.400251338258385658e-03
9.576778411865234375e-01 -2.239382360130548477e-03
9.619247913360595703e-01 -2.171072876080870628e-03
9.634993076324462891e-01 -2.144758822396397591e-03
