9.653732776641845703e-01 4.474830813705921173e-03
9.649494290351867676e-01 4.731932654976844788e-03
9.616634249687194824e-01 6.550626829266548157e-03
9.551813602447509766e-01 9.621031582355499268e-03
9.464781880378723145e-01 1.320585422217845917e-02
9.347341656684875488e-01 1.752704754471778870e-02
9.239567518234252930e-01 2.117176912724971771e-02
9.202688932418823242e-01 2.236681990325450897e-02
9.052170515060424805e-01 2.702871523797512054e-02
9.000506401062011719e-01 2.856074646115303040e-02
8.860391974449157715e-01 3.256952762603759766e-02
8.817896246910095215e-01 3.374717012047767639e-02
8.694948554039001465e-01 3.706431761384010315e-02
8.615751862525939941e-01 3.913474455475807190e-02
8.503922224044799805e-01 4.197596013545989990e-02
8.448899388313293457e-01 4.333990067243576050e-02
8.294693827629089355e-01 4.704863205552101135e-02
8.230452537536621094e-01 4.854538291692733765e-02
8.196917176246643066e-01 4.931570589542388916e-02
8.128461837768554688e-01 5.086487904191017151e-02
8.004960417747497559e-01 5.358150601387023926e-02
7.952272295951843262e-01 5.471015721559524536e-02
7.817080020904541016e-01 5.752370879054069519e-02
7.763829827308654785e-01 5.859944596886634827e-02
7.640374302864074707e-01 6.102294474840164185e-02
7.511896491050720215e-01 6.344051659107208252e-02
7.383776903152465820e-01 6.574504077434539795e-02
7.306813597679138184e-01 6.707829236984252930e-02
7.253636717796325684e-01 6.797700375318527222e-02
7.093238830566406250e-01 7.057653367519378662e-02
6.964208483695983887e-01 7.254638522863388062e-02
6.914136409759521484e-01 7.328169792890548706e-02
6.847791075706481934e-01 7.423090189695358276e-02
6.770465970039367676e-01 7.530115544795989990e-02
6.670122742652893066e-01 7.663244009017944336e-02
6.593090295791625977e-01 7.761037349700927734e-02
6.421118378639221191e-01 7.965644448995590210e-02
6.191659569740295410e-01 8.209452778100967407e-02
6.119533181190490723e-01 8.279284834861755371e-02
5.968989133834838867e-01 8.414706587791442871e-02
5.872201919555664062e-01 8.494482934474945068e-02
5.824406147003173828e-01 8.531796187162399292e-02
5.696176290512084961e-01 8.625180274248123169e-02
5.648464560508728027e-01 8.657453209161758423e-02
5.501356124877929688e-01 8.748630434274673462e-02
5.304231643676757812e-01 8.851443231105804443e-02
5.244816541671752930e-01 8.878161758184432983e-02
5.130950212478637695e-01 8.923936635255813599e-02
5.020929574966430664e-01 8.961468189954757690e-02
4.941010177135467529e-01 8.984660357236862183e-02
4.874945878982543945e-01 9.001274406909942627e-02
4.813480377197265625e-01 9.014662355184555054e-02
4.722681939601898193e-01 9.030838310718536377e-02
4.616251587867736816e-01 9.044369310140609741e-02
4.449004530906677246e-01 9.053919464349746704e-02
4.352612197399139404e-01 9.052986651659011841e-02
4.141949415206909180e-01 9.034686535596847534e-02
4.054233431816101074e-01 9.020509570837020874e-02
4.003443121910095215e-01 9.010543674230575562e-02
3.786456286907196045e-01 8.953364938497543335e-02
3.668994307518005371e-01 8.912475407123565674e-02
3.617118597030639648e-01 8.892171084880828857e-02
3.550093770027160645e-01 8.863882720470428467e-02
3.148167431354522705e-01 8.644262701272964478e-02
3.129400908946990967e-01 8.631844818592071533e-02
2.918642461299896240e-01 8.478426188230514526e-02
2.758724391460418701e-01 8.344174921512603760e-02
2.629194855690002441e-01 8.223452419042587280e-02
2.430976629257202148e-01 8.016470074653625488e-02
2.344870865345001221e-01 7.917613536119461060e-02
2.300360202789306641e-01 7.864265888929367065e-02
2.145158797502517700e-01 7.665611803531646729e-02
2.099088281393051147e-01 7.602670788764953613e-02
1.975899189710617065e-01 7.424820214509963989e-02
1.897532641887664795e-01 7.304022461175918579e-02
1.853435486555099487e-01 7.233279198408126831e-02
1.768934428691864014e-01 7.091838121414184570e-02
1.601700484752655029e-01 6.787291914224624634e-02
1.456739157438278198e-01 6.493666023015975952e-02
1.398130804300308228e-01 6.366206705570220947e-02
1.305420249700546265e-01 6.153248623013496399e-02
1.148684099316596985e-01 5.757901817560195923e-02
1.061161085963249207e-01 5.515124276280403137e-02
9.202899783849716187e-02 5.085271969437599182e-02
8.062011003494262695e-02 4.695358872413635254e-02
7.793948799371719360e-02 4.597443714737892151e-02
6.195574626326560974e-02 3.953407704830169678e-02
5.815958604216575623e-02 3.782642260193824768e-02
4.872414097189903259e-02 3.320451453328132629e-02
4.581775516271591187e-02 3.165324777364730835e-02
3.547364473342895508e-02 2.548484504222869873e-02
3.182346001267433167e-02 2.299234271049499512e-02
2.604159526526927948e-02 1.853626035153865814e-02
2.207052893936634064e-02 1.493035629391670227e-02
1.707164011895656586e-02 9.089901112020015717e-03
1.642142049968242645e-02 8.109697140753269196e-03
1.481006015092134476e-02 5.116094835102558136e-03
1.406557578593492508e-02 3.084742464125156403e-03
1.357732340693473816e-02 5.133041995577514172e-04
1.411470305174589157e-02 -3.892557229846715927e-03
1.579957827925682068e-02 -7.087292149662971497e-03
1.861774921417236328e-02 -1.013262290507555008e-02
2.596351131796836853e-02 -1.496292743831872940e-02
3.279386088252067566e-02 -1.804671250283718109e-02
3.809120506048202515e-02 -1.999751850962638855e-02
5.035346001386642456e-02 -2.366266027092933655e-02
5.966288596391677856e-02 -2.593032829463481903e-02
6.492824852466583252e-02 -2.707276120781898499e-02
7.684739679098129272e-02 -2.936627529561519623e-02
8.255274593830108643e-02 -3.034363687038421631e-02
8.714333921670913696e-02 -3.108123503625392914e-02
1.019116714596748352e-01 -3.319730982184410095e-02
1.102325394749641418e-01 -3.423888236284255981e-02
1.149670258164405823e-01 -3.478869423270225525e-02
1.285248100757598877e-01 -3.620808571577072144e-02
1.370968669652938843e-01 -3.699765354394912720e-02
1.491745412349700928e-01 -3.798320144414901733e-02
1.562746167182922363e-01 -3.849880769848823547e-02
1.702743172645568848e-01 -3.938922658562660217e-02
1.811049133539199829e-01 -3.997219353914260864e-02
1.854567974805831909e-01 -4.018222913146018982e-02
1.938451230525970459e-01 -4.054996371269226074e-02
2.023048698902130127e-01 -4.087358340620994568e-02
2.131183743476867676e-01 -4.122211784124374390e-02
2.264098525047302246e-01 -4.155660793185234070e-02
2.322378456592559814e-01 -4.167242348194122314e-02
2.423861473798751831e-01 -4.183148592710494995e-02
2.486318647861480713e-01 -4.190347716212272644e-02
2.599332928657531738e-01 -4.198576882481575012e-02
2.638518512248992920e-01 -4.200034216046333313e-02
2.771568894386291504e-01 -4.199840128421783447e-02
2.805922329425811768e-01 -4.198536649346351624e-02
3.054989576339721680e-01 -4.174484685063362122e-02
3.098455667495727539e-01 -4.167757928371429443e-02
3.269797265529632568e-01 -4.134279489517211914e-02
3.340365886688232422e-01 -4.117345809936523438e-02
3.583376109600067139e-01 -4.045560956001281738e-02
3.638761341571807861e-01 -4.026355221867561340e-02
3.711645305156707764e-01 -3.999508544802665710e-02
3.958099484443664551e-01 -3.895742446184158325e-02
4.040339887142181396e-01 -3.856730833649635315e-02
4.139693081378936768e-01 -3.806720301508903503e-02
4.236605763435363770e-01 -3.754920139908790588e-02
4.339391589164733887e-01 -3.696744516491889954e-02
4.485386312007904053e-01 -3.608420863747596741e-02
4.571320414543151855e-01 -3.553322702646255493e-02
4.685060381889343262e-01 -3.476868197321891785e-02
4.866082370281219482e-01 -3.346928209066390991e-02
5.033760666847229004e-01 -3.217579796910285950e-02
5.081041455268859863e-01 -3.179555386304855347e-02
5.152640342712402344e-01 -3.120688349008560181e-02
5.222282409667968750e-01 -3.061949461698532104e-02
5.352191329002380371e-01 -2.948532067239284515e-02
5.424359440803527832e-01 -2.883391454815864563e-02
5.585329532623291016e-01 -2.732752636075019836e-02
5.674731135368347168e-01 -2.645999938249588013e-02
5.843963027000427246e-01 -2.476047538220882416e-02
5.945813655853271484e-01 -2.370355091989040375e-02
6.152442097663879395e-01 -2.148842252790927887e-02
6.248739957809448242e-01 -2.042715437710285187e-02
6.390901207923889160e-01 -1.883202046155929565e-02
6.469775438308715820e-01 -1.793446764349937439e-02
6.552921533584594727e-01 -1.698032580316066742e-02
6.574475169181823730e-01 -1.673181541264057159e-02
6.797769069671630859e-01 -1.413707435131072998e-02
6.996347904205322266e-01 -1.181599870324134827e-02
7.132651805877685547e-01 -1.022798847407102585e-02
7.285412549972534180e-01 -8.464366197586059570e-03
7.335731983184814453e-01 -7.889003492891788483e-03
7.411214709281921387e-01 -7.032546680420637131e-03
7.593641281127929688e-01 -5.003768950700759888e-03
7.769560813903808594e-01 -3.118714550510048866e-03
7.828258275985717773e-01 -2.508954843506217003e-03
7.915825247764587402e-01 -1.619967399165034294e-03
8.004403114318847656e-01 -7.485669339075684547e-04
8.094271421432495117e-01 1.035379391396418214e-04
8.279010653495788574e-01 1.737894141115248203e-03
8.322082757949829102e-01 2.093200571835041046e-03
8.472830057144165039e-01 3.247397486120462418e-03
8.554558753967285156e-01 3.807951463386416435e-03
8.759605288505554199e-01 4.969414323568344116e-03
8.792613744735717773e-01 5.118388682603836060e-03
8.866397738456726074e-01 5.406923126429319382e-03
8.903201222419738770e-01 5.526028107851743698e-03
9.038094282150268555e-01 5.799787584692239761e-03
9.067785739898681641e-01 5.821182858198881149e-03
9.229140877723693848e-01 5.631251726299524307e-03
9.356924891471862793e-01 5.008821841329336166e-03
9.528437852859497070e-01 3.182461485266685486e-03
9.609191417694091797e-01 1.759898266755044460e-03
9.632219672203063965e-01 1.272992114536464214e-03
9.652664661407470703e-01 8.094988297671079636e-04
