9.694399237632751465e-01 7.258447003550827503e-04
9.687500596046447754e-01 8.338555344380438328e-04
9.660078883171081543e-01 1.269684289582073689e-03
9.622104763984680176e-01 1.885907608084380627e-03
9.540086984634399414e-01 3.252883208915591240e-03
9.458240270614624023e-01 4.656118340790271759e-03
9.382390379905700684e-01 5.987250246107578278e-03
9.343771934509277344e-01 6.675639655441045761e-03
9.260388016700744629e-01 8.186047896742820740e-03
9.179366230964660645e-01 9.684314019978046417e-03
9.043861031532287598e-01 1.225679740309715271e-02
8.995296955108642578e-01 1.319890283048152924e-02
8.783428668975830078e-01 1.743276417255401611e-02
8.689004778861999512e-01 1.938422396779060364e-02
8.450503945350646973e-01 2.448786050081253052e-02
8.397564291954040527e-01 2.565396949648857117e-02
8.318957686424255371e-01 2.740716561675071716e-02
8.190959095954895020e-01 3.031584247946739197e-02
8.134770989418029785e-01 3.161310404539108276e-02
8.091441988945007324e-01 3.262158483266830444e-02
7.995505928993225098e-01 3.487897664308547974e-02
7.941002249717712402e-01 3.617575019598007202e-02
7.829375267028808594e-01 3.886163979768753052e-02
7.794090509414672852e-01 3.971852734684944153e-02
7.661488652229309082e-01 4.296902939677238464e-02
7.569965124130249023e-01 4.523718729615211487e-02
7.452624440193176270e-01 4.816884547472000122e-02
7.359417676925659180e-01 5.051230639219284058e-02
7.256171703338623047e-01 5.311850830912590027e-02
7.188687920570373535e-01 5.482542142271995544e-02
6.998217105865478516e-01 5.964340642094612122e-02
6.935945749282836914e-01 6.121451780200004578e-02
6.709120273590087891e-01 6.689499318599700928e-02
6.647409796714782715e-01 6.842398643493652344e-02
6.530541181564331055e-01 7.129389792680740356e-02
6.474542021751403809e-01 7.265549898147583008e-02
6.304858922958374023e-01 7.671843469142913818e-02
6.060465574264526367e-01 8.237420767545700073e-02
5.940341949462890625e-01 8.505564928054809570e-02
5.841153860092163086e-01 8.721552789211273193e-02
5.641548037528991699e-01 9.140178561210632324e-02
5.587785840034484863e-01 9.249057620763778687e-02
5.411955118179321289e-01 9.592985361814498901e-02
5.351002216339111328e-01 9.707696735858917236e-02
5.235834121704101562e-01 9.917850047349929810e-02
5.173377394676208496e-01 1.002812013030052185e-01
5.060805678367614746e-01 1.022011935710906982e-01
4.991728663444519043e-01 1.033353433012962341e-01
4.824275076389312744e-01 1.059415638446807861e-01
4.706754982471466064e-01 1.076459139585494995e-01
4.566266238689422607e-01 1.095437929034233093e-01
4.519367516040802002e-01 1.101427152752876282e-01
4.336395263671875000e-01 1.123087629675865173e-01
4.196481108665466309e-01 1.137768253684043884e-01
4.117030203342437744e-01 1.145356148481369019e-01
3.911080956459045410e-01 1.162420511245727539e-01
3.737125098705291748e-01 1.173801496624946594e-01
3.634953498840332031e-01 1.179142668843269348e-01
3.493416905403137207e-01 1.184844449162483215e-01
3.366557955741882324e-01 1.188227608799934387e-01
3.192879557609558105e-01 1.190109699964523315e-01
3.121705949306488037e-01 1.189933195710182190e-01
2.866706252098083496e-01 1.184557974338531494e-01
2.765561044216156006e-01 1.180285289883613586e-01
2.720663249492645264e-01 1.177982091903686523e-01
2.632244825363159180e-01 1.172698512673377991e-01
2.545617818832397461e-01 1.166535243391990662e-01
2.503782510757446289e-01 1.163200289011001587e-01
2.350497096776962280e-01 1.148917749524116516e-01
2.240865826606750488e-01 1.136636286973953247e-01
2.130360752344131470e-01 1.122425496578216553e-01
1.980158984661102295e-01 1.100004836916923523e-01
1.944731920957565308e-01 1.094171628355979919e-01
1.850682049989700317e-01 1.077631935477256775e-01
1.804830133914947510e-01 1.068997383117675781e-01
1.745518594980239868e-01 1.057253479957580566e-01
1.539903432130813599e-01 1.011233329772949219e-01
1.450164169073104858e-01 9.883842617273330688e-02
1.315730214118957520e-01 9.507223218679428101e-02
1.225064173340797424e-01 9.228260070085525513e-02
1.091540828347206116e-01 8.777464926242828369e-02
1.005230769515037537e-01 8.458556979894638062e-02
8.720273524522781372e-02 7.919374108314514160e-02
7.843519002199172974e-02 7.530103623867034912e-02
6.664781272411346436e-02 6.958180665969848633e-02
5.007810145616531372e-02 6.044046580791473389e-02
3.304649889469146729e-02 4.934648796916007996e-02
2.178869768977165222e-02 4.073406010866165161e-02
1.633581891655921936e-02 3.606385737657546997e-02
1.170694548636674881e-02 3.176378458738327026e-02
7.488680537790060043e-03 2.750026248395442963e-02
-2.253899583593010902e-04 1.838091202080249786e-02
-1.817145384848117828e-03 1.614262722432613373e-02
-4.074488300830125809e-03 1.255772821605205536e-02
-6.831837818026542664e-03 6.591190118342638016e-03
-7.274841889739036560e-03 5.047143902629613876e-03
-7.667660713195800781e-03 2.282273024320602417e-03
-7.622897159308195114e-03 1.018505776301026344e-03
-7.298316340893507004e-03 -5.376731278374791145e-04
-6.693536415696144104e-03 -1.874356064945459366e-03
-5.971686914563179016e-03 -2.859509782865643501e-03
-5.102700088173151016e-03 -3.688987344503402710e-03
-3.769498784095048904e-03 -4.581690300256013870e-03
-1.700500259175896645e-03 -5.490055773407220840e-03
1.267556508537381887e-04 -6.020306609570980072e-03
4.533001221716403961e-03 -6.736562587320804596e-03
1.700235903263092041e-02 -6.966778077185153961e-03
2.666216343641281128e-02 -6.456187460571527481e-03
3.891450539231300354e-02 -5.493869073688983917e-03
5.329004675149917603e-02 -4.159981850534677505e-03
6.326464563608169556e-02 -3.163216169923543930e-03
7.614637166261672974e-02 -1.817164709791541100e-03
9.141331911087036133e-02 -1.531280868221074343e-04
1.019710823893547058e-01 1.035077963024377823e-03
1.079731211066246033e-01 1.722775050438940525e-03
1.419038623571395874e-01 5.745621863752603531e-03
1.650256216526031494e-01 8.576411753892898560e-03
1.833610534667968750e-01 1.084187626838684082e-02
1.919031739234924316e-01 1.189736835658550262e-02
2.042509019374847412e-01 1.341794058680534363e-02
2.152535617351531982e-01 1.476374082267284393e-02
2.288748174905776978e-01 1.641222834587097168e-02
2.353577911853790283e-01 1.718821376562118530e-02
2.439178526401519775e-01 1.820284500718116760e-02
2.531609237194061279e-01 1.928414031863212585e-02
2.718103826045989990e-01 2.141396328806877136e-02
2.838278114795684814e-01 2.274481207132339478e-02
2.894267439842224121e-01 2.335264347493648529e-02
3.043943345546722412e-01 2.493661455810070038e-02
3.084772527217864990e-01 2.535783313214778900e-02
3.265680968761444092e-01 2.716443873941898346e-02
3.324179649353027344e-01 2.772681601345539093e-02
3.516224026679992676e-01 2.949334681034088135e-02
3.575837612152099609e-01 3.001583367586135864e-02
3.787948191165924072e-01 3.176981955766677856e-02
3.887928724288940430e-01 3.253729641437530518e-02
4.030720889568328857e-01 3.356430679559707642e-02
4.129693508148193359e-01 3.422681987285614014e-02
4.189846813678741455e-01 3.460915759205818176e-02
4.247603714466094971e-01 3.496152535080909729e-02
4.333700239658355713e-01 3.545945882797241211e-02
4.405821859836578369e-01 3.585088625550270081e-02
4.501185715198516846e-01 3.633172065019607544e-02
4.698395729064941406e-01 3.718925267457962036e-02
4.811071455478668213e-01 3.759367763996124268e-02
4.858263134956359863e-01 3.774406760931015015e-02
5.013370513916015625e-01 3.815761581063270569e-02
5.105548501014709473e-01 3.834360092878341675e-02
5.242053270339965820e-01 3.853527083992958069e-02
5.325807929039001465e-01 3.860257193446159363e-02
5.446186661720275879e-01 3.863133117556571960e-02
5.579379200935363770e-01 3.856869041919708252e-02
5.700831413269042969e-01 3.842437639832496643e-02
5.767436027526855469e-01 3.830981627106666565e-02
5.896012783050537109e-01 3.801777213811874390e-02
5.988508462905883789e-01 3.775016218423843384e-02
6.109073162078857422e-01 3.732979297637939453e-02
6.207197308540344238e-01 3.692866116762161255e-02
6.293115615844726562e-01 3.653467446565628052e-02
6.476211547851562500e-01 3.556516021490097046e-02
6.645364165306091309e-01 3.451796248555183411e-02
6.711026430130004883e-01 3.407379612326622009e-02
6.816982626914978027e-01 3.331422060728073120e-02
6.925038099288940430e-01 3.248681128025054932e-02
7.001489400863647461e-01 3.187029436230659485e-02
7.051073312759399414e-01 3.145703300833702087e-02
7.237828373908996582e-01 2.980932779610157013e-02
7.419189214706420898e-01 2.807802520692348480e-02
7.472688555717468262e-01 2.754379808902740479e-02
7.550184726715087891e-01 2.675158716738224030e-02
7.665700316429138184e-01 2.553139440715312958e-02
7.762902975082397461e-01 2.446913719177246094e-02
7.916282415390014648e-01 2.272891253232955933e-02
7.962656617164611816e-01 2.218762412667274475e-02
8.120605349540710449e-01 2.029217965900897980e-02
8.216248154640197754e-01 1.910586282610893250e-02
8.414586186408996582e-01 1.655318774282932281e-02
8.468168973922729492e-01 1.584193855524063110e-02
8.650344610214233398e-01 1.335318200290203094e-02
8.761110305786132812e-01 1.178470347076654434e-02
8.915901184082031250e-01 9.518007747828960419e-03
8.954765200614929199e-01 8.934349752962589264e-03
9.075176119804382324e-01 7.085972465574741364e-03
9.111617803573608398e-01 6.513924337923526764e-03
9.177644848823547363e-01 5.461414344608783722e-03
9.260177612304687500e-01 4.114661831408739090e-03
9.330398440361022949e-01 2.939272671937942505e-03
9.447638988494873047e-01 9.101484902203083038e-04
9.535517692565917969e-01 -6.684603285975754261e-04
9.642280340194702148e-01 -2.640992170199751854e-03
9.651815295219421387e-01 -2.818537410348653793e-03
9.681560993194580078e-01 -3.371646627783775330e-03
