9.635596275329589844e-01 3.771387739107012749e-03
9.629188179969787598e-01 4.034401383250951767e-03
9.596198201179504395e-01 5.290570668876171112e-03
9.508232474327087402e-01 8.189525455236434937e-03
9.372267127037048340e-01 1.207011379301548004e-02
9.283856153488159180e-01 1.438858080655336380e-02
9.192280173301696777e-01 1.668261922895908356e-02
9.142067432403564453e-01 1.790500432252883911e-02
9.050526618957519531e-01 2.008230239152908325e-02
8.955691456794738770e-01 2.228148281574249268e-02
8.797255158424377441e-01 2.585909329354763031e-02
8.740887045860290527e-01 2.710908092558383942e-02
8.659150004386901855e-01 2.890474349260330200e-02
8.525410294532775879e-01 3.180720284581184387e-02
8.420320749282836914e-01 3.406342864036560059e-02
8.343856334686279297e-01 3.569431602954864502e-02
8.262473940849304199e-01 3.742188960313796997e-02
8.204888701438903809e-01 3.863984346389770508e-02
8.130464553833007812e-01 4.020916670560836792e-02
8.104788064956665039e-01 4.074949026107788086e-02
8.010795116424560547e-01 4.272292181849479675e-02
7.874415516853332520e-01 4.557501152157783508e-02
7.761883139610290527e-01 4.791901260614395142e-02
7.724808454513549805e-01 4.868936166167259216e-02
7.612060308456420898e-01 5.102613195776939392e-02
7.537065148353576660e-01 5.257494747638702393e-02
7.403165698051452637e-01 5.532765015959739685e-02
7.328196763992309570e-01 5.686057731509208679e-02
7.125358581542968750e-01 6.097127497196197510e-02
7.079709768295288086e-01 6.188756227493286133e-02
6.977539062500000000e-01 6.392449885606765747e-02
6.883103847503662109e-01 6.578805297613143921e-02
6.782474517822265625e-01 6.775087118148803711e-02
6.656416654586791992e-01 7.017190009355545044e-02
6.572639942169189453e-01 7.175493240356445312e-02
6.476430892944335938e-01 7.354470342397689819e-02
6.363205909729003906e-01 7.560899853706359863e-02
6.280776262283325195e-01 7.708099484443664551e-02
6.133357286453247070e-01 7.964330911636352539e-02
6.073964834213256836e-01 8.064861595630645752e-02
5.843226909637451172e-01 8.439384400844573975e-02
5.776582956314086914e-01 8.542535454034805298e-02
5.625168681144714355e-01 8.767971396446228027e-02
5.547148585319519043e-01 8.879108726978302002e-02
5.403557419776916504e-01 9.074347466230392456e-02
5.324048995971679688e-01 9.177113324403762817e-02
5.169283151626586914e-01 9.365857392549514771e-02
5.071938633918762207e-01 9.476732462644577026e-02
5.023579597473144531e-01 9.529516100883483887e-02
4.884184300899505615e-01 9.672962129116058350e-02
4.735133945941925049e-01 9.811777621507644653e-02
4.673148691654205322e-01 9.864993393421173096e-02
4.554101824760437012e-01 9.959654510021209717e-02
4.361113011837005615e-01 1.009166762232780457e-01
4.293420910835266113e-01 1.013159453868865967e-01
4.127177596092224121e-01 1.021537333726882935e-01
3.981175720691680908e-01 1.027198061347007751e-01
3.887990117073059082e-01 1.029969155788421631e-01
3.713242411613464355e-01 1.033371463418006897e-01
3.568505346775054932e-01 1.034387722611427307e-01
3.437363803386688232e-01 1.033871620893478394e-01
3.286595046520233154e-01 1.031556800007820129e-01
3.078783452510833740e-01 1.025266349315643311e-01
2.902781963348388672e-01 1.017032042145729065e-01
2.790457308292388916e-01 1.010331660509109497e-01
2.688750028610229492e-01 1.003259792923927307e-01
2.605913877487182617e-01 9.967746585607528687e-02
2.514543235301971436e-01 9.888431429862976074e-02
2.454715371131896973e-01 9.831950068473815918e-02
2.377402782440185547e-01 9.753493219614028931e-02
2.308518737554550171e-01 9.678243845701217651e-02
2.138424366712570190e-01 9.469842165708541870e-02
2.020532786846160889e-01 9.305416792631149292e-02
1.839840859174728394e-01 9.018835425376892090e-02
1.684349328279495239e-01 8.735390752553939819e-02
1.531333625316619873e-01 8.419086039066314697e-02
1.459450423717498779e-01 8.256319910287857056e-02
1.374599486589431763e-01 8.051411807537078857e-02
1.287230700254440308e-01 7.824762910604476929e-02
1.198661103844642639e-01 7.577235996723175049e-02
1.114154160022735596e-01 7.322654873132705688e-02
1.015032380819320679e-01 6.998410075902938843e-02
9.386546164751052856e-02 6.727346777915954590e-02
7.982965558767318726e-02 6.172797456383705139e-02
6.944242864847183228e-02 5.706026032567024231e-02
6.449376046657562256e-02 5.463409051299095154e-02
5.433860793709754944e-02 4.916389659047126770e-02
4.485711082816123962e-02 4.332289099693298340e-02
3.829309716820716858e-02 3.874446079134941101e-02
3.144632279872894287e-02 3.335706144571304321e-02
2.611762471497058868e-02 2.859192155301570892e-02
1.903899945318698883e-02 2.111338265240192413e-02
1.291775424033403397e-02 1.269799564033746719e-02
1.053553447127342224e-02 8.244444616138935089e-03
9.201696142554283142e-03 4.867836833000183105e-03
8.538203313946723938e-03 2.392380498349666595e-03
8.202356286346912384e-03 -1.379610475851222873e-04
8.191422559320926666e-03 -1.348175690509378910e-03
8.348263800144195557e-03 -2.883774926885962486e-03
8.762808516621589661e-03 -4.495162982493638992e-03
9.549739770591259003e-03 -6.184884347021579742e-03
1.210618298500776291e-02 -9.062141180038452148e-03
1.340183522552251816e-02 -9.984205476939678192e-03
1.741286367177963257e-02 -1.194879692047834396e-02
2.133209630846977234e-02 -1.319953892379999161e-02
2.713194862008094788e-02 -1.445607095956802368e-02
3.054726310074329376e-02 -1.499657053500413895e-02
3.792689368128776550e-02 -1.585354469716548920e-02
4.882408306002616882e-02 -1.662911288440227509e-02
6.043053045868873596e-02 -1.705893687903881073e-02
7.036837935447692871e-02 -1.720437780022621155e-02
8.869612962007522583e-02 -1.707646064460277557e-02
1.027592942118644714e-01 -1.670123077929019928e-02
1.188512071967124939e-01 -1.602965593338012695e-02
1.255578100681304932e-01 -1.568249054253101349e-02
1.334882974624633789e-01 -1.522565260529518127e-02
1.502783745527267456e-01 -1.410809718072414398e-02
1.555774807929992676e-01 -1.371680665761232376e-02
1.624666452407836914e-01 -1.318291574716567993e-02
1.782951503992080688e-01 -1.185808330774307251e-02
1.908176988363265991e-01 -1.072448026388883591e-02
2.039599567651748657e-01 -9.465682320296764374e-03
2.150063812732696533e-01 -8.360896259546279907e-03
2.226891964673995972e-01 -7.570909336209297180e-03
2.350332140922546387e-01 -6.270138546824455261e-03
2.437606006860733032e-01 -5.330753047019243240e-03
2.671277523040771484e-01 -2.756947418674826622e-03
2.790940701961517334e-01 -1.417201478034257889e-03
2.918666303157806396e-01 2.043192398559767753e-05
3.036944568157196045e-01 1.353165600448846817e-03
3.101548254489898682e-01 2.079874975606799126e-03
3.188973367214202881e-01 3.060186281800270081e-03
3.299561142921447754e-01 4.292488098144531250e-03
3.365825116634368896e-01 5.025397054851055145e-03
3.496447205543518066e-01 6.454783026129007339e-03
3.560662567615509033e-01 7.148662582039833069e-03
3.766122162342071533e-01 9.321109391748905182e-03
3.837210834026336670e-01 1.005331706255674362e-02
3.966748416423797607e-01 1.135798916220664978e-02
4.106742739677429199e-01 1.272047590464353561e-02
4.225280284881591797e-01 1.383142359554767609e-02
4.343853294849395752e-01 1.489990949630737305e-02
4.381243288516998291e-01 1.522742211818695068e-02
4.535745382308959961e-01 1.652983203530311584e-02
4.693132638931274414e-01 1.776668801903724670e-02
4.814934134483337402e-01 1.865690574049949646e-02
4.923940300941467285e-01 1.940101385116577148e-02
5.032019615173339844e-01 2.008739672601222992e-02
5.192809104919433594e-01 2.100921608507633209e-02
5.367219448089599609e-01 2.186812646687030792e-02
5.428341031074523926e-01 2.213309705257415771e-02
5.513533353805541992e-01 2.247043699026107788e-02
5.630950331687927246e-01 2.287332713603973389e-02
5.707420110702514648e-01 2.309651859104633331e-02
5.903075933456420898e-01 2.352520450949668884e-02
6.018956303596496582e-01 2.368229627609252930e-02
6.122483015060424805e-01 2.376211620867252350e-02
6.234738230705261230e-01 2.378496527671813965e-02
6.353765726089477539e-01 2.373826131224632263e-02
6.555927991867065430e-01 2.349762432277202606e-02
6.661361455917358398e-01 2.329514734447002411e-02
6.758031249046325684e-01 2.306541800498962402e-02
6.819506287574768066e-01 2.289820462465286255e-02
6.966092586517333984e-01 2.243608236312866211e-02
7.059896588325500488e-01 2.209565229713916779e-02
7.195777297019958496e-01 2.154420688748359680e-02
7.285503149032592773e-01 2.114412188529968262e-02
7.387152910232543945e-01 2.065800130367279053e-02
7.575783729553222656e-01 1.966822706162929535e-02
7.677319049835205078e-01 1.909057423472404480e-02
7.782812118530273438e-01 1.845847442746162415e-02
7.851105332374572754e-01 1.803227886557579041e-02
7.926988601684570312e-01 1.754329167306423187e-02
7.983842492103576660e-01 1.716634817421436310e-02
8.055790066719055176e-01 1.667639426887035370e-02
8.128744363784790039e-01 1.616477780044078827e-02
8.372650742530822754e-01 1.434373017400503159e-02
8.444054722785949707e-01 1.377707347273826599e-02
8.574650883674621582e-01 1.269840355962514877e-02
8.660287261009216309e-01 1.195930503308773041e-02
8.718772530555725098e-01 1.143889129161834717e-02
8.771105408668518066e-01 1.096172071993350983e-02
8.904453516006469727e-01 9.691566228866577148e-03
8.988457918167114258e-01 8.846075274050235748e-03
9.112452864646911621e-01 7.520718500018119812e-03
9.170223474502563477e-01 6.865823175758123398e-03
9.310691356658935547e-01 5.146909505128860474e-03
9.401674866676330566e-01 3.910394851118326187e-03
9.522570967674255371e-01 2.061414765194058418e-03
9.571619629859924316e-01 1.230081194080412388e-03
9.607301354408264160e-01 5.947326426394283772e-04
9.633822441101074219e-01 1.075021209544502199e-04
