9.672835469245910645e-01 3.675965126603841782e-03
9.669333696365356445e-01 3.807108616456389427e-03
9.647302031517028809e-01 4.592499695718288422e-03
9.575441479682922363e-01 6.853702943772077560e-03
9.317779541015625000e-01 1.351386681199073792e-02
9.226155877113342285e-01 1.564922742545604706e-02
9.148910045623779297e-01 1.739931292831897736e-02
9.116971492767333984e-01 1.811211183667182922e-02
8.984729051589965820e-01 2.100982330739498138e-02
8.879507184028625488e-01 2.326601743698120117e-02
8.750054240226745605e-01 2.599552460014820099e-02
8.712927103042602539e-01 2.677035517990589142e-02
8.490120172500610352e-01 3.135817870497703552e-02
8.394049406051635742e-01 3.330709412693977356e-02
8.295992612838745117e-01 3.527969494462013245e-02
8.234761357307434082e-01 3.650311008095741272e-02
8.105184435844421387e-01 3.907082602381706238e-02
8.061227798461914062e-01 3.993520140647888184e-02
7.988534569740295410e-01 4.135691747069358826e-02
7.932719588279724121e-01 4.244183376431465149e-02
7.829826474189758301e-01 4.442586377263069153e-02
7.640995979309082031e-01 4.800816625356674194e-02
7.532864809036254883e-01 5.002132430672645569e-02
7.470093965530395508e-01 5.117603391408920288e-02
7.211596965789794922e-01 5.580842494964599609e-02
7.068766355514526367e-01 5.827212333679199219e-02
6.971452832221984863e-01 5.990650504827499390e-02
6.934514045715332031e-01 6.051691621541976929e-02
6.744496226310729980e-01 6.356310099363327026e-02
6.635131835937500000e-01 6.524036079645156860e-02
6.521595120429992676e-01 6.691803783178329468e-02
6.431028842926025391e-01 6.820748001337051392e-02
6.344205737113952637e-01 6.940113008022308350e-02
6.238156557083129883e-01 7.080030441284179688e-02
6.151568889617919922e-01 7.189310342073440552e-02
6.060279607772827148e-01 7.299538701772689819e-02
5.925059914588928223e-01 7.453122735023498535e-02
5.834678411483764648e-01 7.549145817756652832e-02
5.776623487472534180e-01 7.607959955930709839e-02
5.633337497711181641e-01 7.743372023105621338e-02
5.574895739555358887e-01 7.794557511806488037e-02
5.495015382766723633e-01 7.860690355300903320e-02
5.437272191047668457e-01 7.905711978673934937e-02
5.387343168258666992e-01 7.942751795053482056e-02
5.207925438880920410e-01 8.061302453279495239e-02
5.078327655792236328e-01 8.132684230804443359e-02
5.015024542808532715e-01 8.163195103406906128e-02
4.899544119834899902e-01 8.211490511894226074e-02
4.787588417530059814e-01 8.249250799417495728e-02
4.711534976959228516e-01 8.269831538200378418e-02
4.591011703014373779e-01 8.294078707695007324e-02
4.488725960254669189e-01 8.306662738323211670e-02
4.381786286830902100e-01 8.312021940946578979e-02
4.313813149929046631e-01 8.311318606138229370e-02
4.281994104385375977e-01 8.309898525476455688e-02
4.230295419692993164e-01 8.306109905242919922e-02
4.164213836193084717e-01 8.298616111278533936e-02
4.032121896743774414e-01 8.274778723716735840e-02
3.924529850482940674e-01 8.246716856956481934e-02
3.793540596961975098e-01 8.202192187309265137e-02
3.692348897457122803e-01 8.160088211297988892e-02
3.612900972366333008e-01 8.122362941503524780e-02
3.492263853549957275e-01 8.057293295860290527e-02
3.385988771915435791e-01 7.992245256900787354e-02
3.367637097835540771e-01 7.980284839868545532e-02
3.219751715660095215e-01 7.876107096672058105e-02
3.080855011940002441e-01 7.765696197748184204e-02
3.006108701229095459e-01 7.701258361339569092e-02
2.931594252586364746e-01 7.633529603481292725e-02
2.750983834266662598e-01 7.454884052276611328e-02
2.658705413341522217e-01 7.355668395757675171e-02
2.484281212091445923e-01 7.153323292732238770e-02
2.410620003938674927e-01 7.061991840600967407e-02
2.235993891954421997e-01 6.831245869398117065e-02
2.165165990591049194e-01 6.731840968132019043e-02
2.138887792825698853e-01 6.694090366363525391e-02
1.886990517377853394e-01 6.307565420866012573e-02
1.633429825305938721e-01 5.870520323514938354e-02
1.572579592466354370e-01 5.757873877882957458e-02
1.527232676744461060e-01 5.671847239136695862e-02
1.390937417745590210e-01 5.402037501335144043e-02
1.335177570581436157e-01 5.286520346999168396e-02
1.188345998525619507e-01 4.966782778501510620e-02
7.137933373451232910e-02 3.738530725240707397e-02
6.734691560268402100e-02 3.616143018007278442e-02
5.925978720188140869e-02 3.359257057309150696e-02
4.623542726039886475e-02 2.907575108110904694e-02
3.894749283790588379e-02 2.629499696195125580e-02
2.685621567070484161e-02 2.113933674991130829e-02
2.388618886470794678e-02 1.973911188542842865e-02
2.079398743808269501e-02 1.820910163223743439e-02
1.380393467843532562e-02 1.440105121582746506e-02
9.647603146731853485e-03 1.180818770080804825e-02
7.619251031428575516e-03 1.040581427514553070e-02
2.158353338018059731e-03 5.737779196351766586e-03
1.593065913766622543e-03 5.100158043205738068e-03
3.798566758632659912e-04 3.452791832387447357e-03
-5.172773962840437889e-04 1.490815542638301849e-03
-5.955155938863754272e-04 1.178006525151431561e-03
-6.877171108499169350e-04 5.891175824217498302e-04
-5.670216633006930351e-04 -8.662096806801855564e-04
-2.794041356537491083e-04 -1.616004155948758125e-03
1.289584324695169926e-03 -3.483425593003630638e-03
2.853580284863710403e-03 -4.530920181423425674e-03
4.508889745920896530e-03 -5.340992938727140427e-03
1.188175193965435028e-02 -7.534150034189224243e-03
1.969372294843196869e-02 -8.837094530463218689e-03
3.698182106018066406e-02 -1.032947935163974762e-02
4.806872829794883728e-02 -1.077849138528108597e-02
5.236548185348510742e-02 -1.088594738394021988e-02
5.708883330225944519e-02 -1.096984092146158218e-02
7.951597869396209717e-02 -1.100072637200355530e-02
9.138164669275283813e-02 -1.084010675549507141e-02
1.139738634228706360e-01 -1.031722594052553177e-02
1.286718696355819702e-01 -9.871345944702625275e-03
1.465814113616943359e-01 -9.255354292690753937e-03
1.537423729896545410e-01 -8.993306197226047516e-03
1.592725813388824463e-01 -8.786411024630069733e-03
1.763551682233810425e-01 -8.129626512527465820e-03
1.901232749223709106e-01 -7.589048705995082855e-03
1.944707185029983521e-01 -7.417525630444288254e-03
2.249357402324676514e-01 -6.223062518984079361e-03
2.324893027544021606e-01 -5.932513158768415451e-03
2.469875365495681763e-01 -5.385199561715126038e-03
2.539923787117004395e-01 -5.126516800373792648e-03
2.599211335182189941e-01 -4.910876043140888214e-03
2.784303724765777588e-01 -4.259316250681877136e-03
2.805253863334655762e-01 -4.187795799225568771e-03
2.921832203865051270e-01 -3.798743942752480507e-03
2.977683544158935547e-01 -3.617921145632863045e-03
3.107617199420928955e-01 -3.211939241737127304e-03
3.192025125026702881e-01 -2.959668636322021484e-03
3.322934806346893311e-01 -2.587064635008573532e-03
3.359933793544769287e-01 -2.485973760485649109e-03
3.479923307895660400e-01 -2.171308733522891998e-03
3.558277189731597900e-01 -1.976902363821864128e-03
3.767953217029571533e-01 -1.500972197391092777e-03
3.794322013854980469e-01 -1.445771893486380577e-03
3.818819522857666016e-01 -1.395424478687345982e-03
4.033778607845306396e-01 -9.930654196068644524e-04
4.085456132888793945e-01 -9.069722145795822144e-04
4.121894240379333496e-01 -8.487660670652985573e-04
4.155109226703643799e-01 -7.975090411491692066e-04
4.293531179428100586e-01 -6.024292088113725185e-04
4.377305209636688232e-01 -4.988836590200662613e-04
4.417720735073089600e-01 -4.528347053565084934e-04
4.503359198570251465e-01 -3.636257315520197153e-04
4.585867822170257568e-01 -2.883582492358982563e-04
4.701450467109680176e-01 -2.003338449867442250e-04
4.814596772193908691e-01 -1.334785774815827608e-04
4.863897264003753662e-01 -1.102008900488726795e-04
4.915191829204559326e-01 -8.967858593678101897e-05
5.199965834617614746e-01 -4.120761514059267938e-05
5.244678854942321777e-01 -4.312547389417886734e-05
5.315425395965576172e-01 -5.107660763314925134e-05
5.479540824890136719e-01 -9.137016604654490948e-05
5.615608096122741699e-01 -1.458819460822269320e-04
5.657311081886291504e-01 -1.660655252635478973e-04
5.763218998908996582e-01 -2.240003668703138828e-04
5.925586819648742676e-01 -3.294890339020639658e-04
5.971425771713256836e-01 -3.624903329182416201e-04
6.216977834701538086e-01 -5.589427310042083263e-04
6.265311837196350098e-01 -6.008881027810275555e-04
6.344327330589294434e-01 -6.713183829560875893e-04
6.494289636611938477e-01 -8.102642605081200600e-04
6.786853075027465820e-01 -1.094408682547509670e-03
6.879200339317321777e-01 -1.185988192446529865e-03
6.982142329216003418e-01 -1.288380124606192112e-03
7.060677409172058105e-01 -1.366441138088703156e-03
7.188862562179565430e-01 -1.493221963755786419e-03
7.280023694038391113e-01 -1.582548255100846291e-03
7.372718453407287598e-01 -1.672367332503199577e-03
7.545861005783081055e-01 -1.836517360061407089e-03
7.652920484542846680e-01 -1.935077132657170296e-03
7.763819694519042969e-01 -2.034311648458242416e-03
7.833687067031860352e-01 -2.095140516757965088e-03
8.198596835136413574e-01 -2.386596519500017166e-03
8.243890404701232910e-01 -2.419096883386373520e-03
8.331291079521179199e-01 -2.479055430740118027e-03
8.481323719024658203e-01 -2.572437981143593788e-03
8.687508702278137207e-01 -2.676601987332105637e-03
8.699582219123840332e-01 -2.681658836081624031e-03
8.803944587707519531e-01 -2.719564363360404968e-03
8.841875195503234863e-01 -2.730492735281586647e-03
9.071890115737915039e-01 -2.753422362729907036e-03
9.116923809051513672e-01 -2.746434882283210754e-03
9.206419587135314941e-01 -2.716485876590013504e-03
9.340758323669433594e-01 -2.614450873807072639e-03
9.465636014938354492e-01 -2.413841197267174721e-03
9.578032493591308594e-01 -2.059124177321791649e-03
9.613808989524841309e-01 -1.886029494926333427e-03
9.628044366836547852e-01 -1.805885112844407558e-03
