9.717635512351989746e-01 1.026153913699090481e-03
9.714218974113464355e-01 1.263744430616497993e-03
9.679854512214660645e-01 3.444084664806723595e-03
9.604557752609252930e-01 7.676621433347463608e-03
9.506799578666687012e-01 1.275783870369195938e-02
9.414992332458496094e-01 1.732536964118480682e-02
9.308401942253112793e-01 2.247610315680503845e-02
9.250506758689880371e-01 2.522202208638191223e-02
9.128512740135192871e-01 3.091081790626049042e-02
9.047707915306091309e-01 3.461452573537826538e-02
8.901225328445434570e-01 4.120913892984390259e-02
8.863234519958496094e-01 4.289516061544418335e-02
8.733050823211669922e-01 4.859670624136924744e-02
8.640792369842529297e-01 5.256571620702743530e-02
8.562841415405273438e-01 5.587172508239746094e-02
8.523828983306884766e-01 5.750984698534011841e-02
8.457387685775756836e-01 6.027366966009140015e-02
8.395360708236694336e-01 6.282392144203186035e-02
8.307303786277770996e-01 6.639399379491806030e-02
8.272963762283325195e-01 6.776989996433258057e-02
8.131818175315856934e-01 7.332687824964523315e-02
7.961115837097167969e-01 7.983189076185226440e-02
7.752467989921569824e-01 8.745399117469787598e-02
7.706167101860046387e-01 8.909565210342407227e-02
7.554233670234680176e-01 9.435451030731201172e-02
7.455565929412841797e-01 9.766408056020736694e-02
7.293633222579956055e-01 1.029148474335670471e-01
7.226690649986267090e-01 1.050196215510368347e-01
7.107979655265808105e-01 1.086573749780654907e-01
7.027686834335327148e-01 1.110489889979362488e-01
6.872039437294006348e-01 1.155267059803009033e-01
6.798165440559387207e-01 1.175786852836608887e-01
6.645535230636596680e-01 1.216683611273765564e-01
6.572592854499816895e-01 1.235512793064117432e-01
6.492383480072021484e-01 1.255681216716766357e-01
6.425802111625671387e-01 1.271994709968566895e-01
6.224203705787658691e-01 1.319006979465484619e-01
6.134656667709350586e-01 1.338731050491333008e-01
6.053546071052551270e-01 1.355975568294525146e-01
5.944502353668212891e-01 1.378223448991775513e-01
5.815932750701904297e-01 1.403060555458068848e-01
5.757906436920166016e-01 1.413771957159042358e-01
5.605095624923706055e-01 1.440479010343551636e-01
5.509561300277709961e-01 1.456056237220764160e-01
5.369824171066284180e-01 1.477267295122146606e-01
5.226678252220153809e-01 1.497025489807128906e-01
5.117512345314025879e-01 1.510729640722274780e-01
5.008397698402404785e-01 1.523228436708450317e-01
4.951867759227752686e-01 1.529225707054138184e-01
4.795047938823699951e-01 1.544130444526672363e-01
4.720652103424072266e-01 1.550296545028686523e-01
4.659048318862915039e-01 1.554955393075942993e-01
4.557296633720397949e-01 1.561753451824188232e-01
4.421550929546356201e-01 1.569054424762725830e-01
4.367719292640686035e-01 1.571381390094757080e-01
4.305975437164306641e-01 1.573648154735565186e-01
4.194741845130920410e-01 1.576631814241409302e-01
4.121804833412170410e-01 1.577810943126678467e-01
4.044798910617828369e-01 1.578378826379776001e-01
3.933021426200866699e-01 1.577946990728378296e-01
3.765957653522491455e-01 1.574474871158599854e-01
3.643631339073181152e-01 1.569736152887344360e-01
3.572651445865631104e-01 1.566118299961090088e-01
3.400945067405700684e-01 1.554673910140991211e-01
3.318829536437988281e-01 1.547828614711761475e-01
3.176065981388092041e-01 1.533764600753784180e-01
3.132938146591186523e-01 1.528966873884201050e-01
2.906838059425354004e-01 1.499536037445068359e-01
2.808454334735870361e-01 1.484430581331253052e-01
2.634248137474060059e-01 1.454143673181533813e-01
2.569035291671752930e-01 1.441612690687179565e-01
2.368836998939514160e-01 1.398932784795761108e-01
2.231758385896682739e-01 1.365912854671478271e-01
2.082689255475997925e-01 1.326331794261932373e-01
1.986708194017410278e-01 1.298735290765762329e-01
1.903575211763381958e-01 1.273441910743713379e-01
1.838350743055343628e-01 1.252664476633071899e-01
1.747582256793975830e-01 1.222338452935218811e-01
1.642373204231262207e-01 1.185046583414077759e-01
1.533195823431015015e-01 1.143793463706970215e-01
1.448009461164474487e-01 1.109695509076118469e-01
1.356214582920074463e-01 1.070968657732009888e-01
1.216458603739738464e-01 1.007765233516693115e-01
1.077944487333297729e-01 9.395781904458999634e-02
9.703229367733001709e-02 8.823480457067489624e-02
9.351551532745361328e-02 8.627663552761077881e-02
8.386591821908950806e-02 8.066154271364212036e-02
7.160373032093048096e-02 7.296046614646911621e-02
6.189963966608047485e-02 6.635155528783798218e-02
5.581844970583915710e-02 6.194494664669036865e-02
4.702683910727500916e-02 5.516137182712554932e-02
3.900496661663055420e-02 4.848064482212066650e-02
2.764362655580043793e-02 3.803377225995063782e-02
1.756740361452102661e-02 2.749723568558692932e-02
1.142801903188228607e-02 2.024235948920249939e-02
9.280593134462833405e-03 1.749366894364356995e-02
6.774821318686008453e-03 1.409781072288751602e-02
3.303195117041468620e-03 8.910175412893295288e-03
9.755154023878276348e-04 4.886371549218893051e-03
-1.493300514994189143e-04 2.630308503285050392e-03
-1.116913510486483574e-03 3.529771638568490744e-04
-2.461333759129047394e-03 -5.605486221611499786e-03
-2.284225542098283768e-03 -7.768173236399888992e-03
-2.405765262665227056e-04 -1.176809612661600113e-02
1.920419163070619106e-03 -1.361414976418018341e-02
8.063046261668205261e-03 -1.644446887075901031e-02
1.236539799720048904e-02 -1.760698854923248291e-02
1.971547864377498627e-02 -1.888919062912464142e-02
2.714239247143268585e-02 -1.965065859258174896e-02
3.182860463857650757e-02 -1.994713582098484039e-02
3.821994736790657043e-02 -2.018109895288944244e-02
5.037592723965644836e-02 -2.022402919828891754e-02
6.073444336652755737e-02 -1.996180415153503418e-02
7.284179329872131348e-02 -1.941395737230777740e-02
7.871168851852416992e-02 -1.907864958047866821e-02
8.928951621055603027e-02 -1.838930696249008179e-02
9.981103241443634033e-02 -1.762281171977519989e-02
1.081490889191627502e-01 -1.697532273828983307e-02
1.137035638093948364e-01 -1.652996428310871124e-02
1.203433051705360413e-01 -1.598699763417243958e-02
1.261531561613082886e-01 -1.550519280135631561e-02
1.360144019126892090e-01 -1.467930246144533157e-02
1.421720534563064575e-01 -1.416170597076416016e-02
1.504423171281814575e-01 -1.346796005964279175e-02
1.588284820318222046e-01 -1.276953518390655518e-02
1.681808084249496460e-01 -1.200039871037006378e-02
1.938604265451431274e-01 -9.967012330889701843e-03
1.962544173002243042e-01 -9.784573689103126526e-03
2.107291519641876221e-01 -8.711132220923900604e-03
2.162302285432815552e-01 -8.317179977893829346e-03
2.283442318439483643e-01 -7.478357292711734772e-03
2.368497997522354126e-01 -6.913768593221902847e-03
2.452713549137115479e-01 -6.375114899128675461e-03
2.489118576049804688e-01 -6.148635875433683395e-03
2.785593271255493164e-01 -4.450503736734390259e-03
2.876351773738861084e-01 -3.983512520790100098e-03
3.077228069305419922e-01 -3.039009636268019676e-03
3.136818110942840576e-01 -2.782488241791725159e-03
3.217462301254272461e-01 -2.452586079016327858e-03
3.404371142387390137e-01 -1.764199696481227875e-03
3.495910465717315674e-01 -1.465805573388934135e-03
3.564870059490203857e-01 -1.257772557437419891e-03
3.612283766269683838e-01 -1.123069552704691887e-03
3.712571561336517334e-01 -8.604357135482132435e-04
3.804979920387268066e-01 -6.451058434322476387e-04
3.856591284275054932e-01 -5.359046626836061478e-04
4.000637233257293701e-01 -2.728028921410441399e-04
4.117206931114196777e-01 -1.043488373397849500e-04
4.338696599006652832e-01 1.081529844668693841e-04
4.455677866935729980e-01 1.647813769523054361e-04
4.539757668972015381e-01 1.823511411203071475e-04
4.608466029167175293e-01 1.826338993851095438e-04
4.695148169994354248e-01 1.652851060498505831e-04
4.795696139335632324e-01 1.210445043398067355e-04
4.918281137943267822e-01 3.323999771964736283e-05
5.052752494812011719e-01 -1.038969348883256316e-04
5.308411717414855957e-01 -4.729598294943571091e-04
5.456923246383666992e-01 -7.456945022568106651e-04
5.592877864837646484e-01 -1.028023078106343746e-03
5.783800482749938965e-01 -1.469561364501714706e-03
5.996626019477844238e-01 -2.011219039559364319e-03
6.069482564926147461e-01 -2.205885946750640869e-03
6.125729680061340332e-01 -2.358705271035432816e-03
6.189074516296386719e-01 -2.533057006075978279e-03
6.391952037811279297e-01 -3.102721879258751869e-03
6.502673625946044922e-01 -3.417405998334288597e-03
6.591959595680236816e-01 -3.671279409900307655e-03
6.785131692886352539e-01 -4.215638618916273117e-03
6.831690073013305664e-01 -4.344976507127285004e-03
6.963189244270324707e-01 -4.704424180090427399e-03
7.078225016593933105e-01 -5.009984131902456284e-03
7.140501737594604492e-01 -5.171228200197219849e-03
7.250466942787170410e-01 -5.447695497423410416e-03
7.353323101997375488e-01 -5.695550702512264252e-03
7.525706291198730469e-01 -6.084076594561338425e-03
7.664741873741149902e-01 -6.369433365762233734e-03
7.888308167457580566e-01 -6.767155602574348450e-03
7.953792214393615723e-01 -6.867670919746160507e-03
8.155102729797363281e-01 -7.125269155949354172e-03
8.254854083061218262e-01 -7.221305742859840393e-03
8.402749896049499512e-01 -7.320257369428873062e-03
8.482549786567687988e-01 -7.350011728703975677e-03
8.637846112251281738e-01 -7.354549132287502289e-03
8.736640214920043945e-01 -7.316395174711942673e-03
9.012196063995361328e-01 -7.002046797424554825e-03
9.059743881225585938e-01 -6.910215597599744797e-03
9.250235557556152344e-01 -6.393646821379661560e-03
9.405309557914733887e-01 -5.733978003263473511e-03
9.621578454971313477e-01 -4.143923521041870117e-03
9.661702513694763184e-01 -3.691529389470815659e-03
9.693896770477294922e-01 -3.270604414865374565e-03
9.710062742233276367e-01 -3.036726731806993484e-03
