9.586083889007568359e-01 -4.432993941009044647e-03
9.580525755882263184e-01 -4.373327828943729401e-03
9.499343633651733398e-01 -3.584542078897356987e-03
9.384109377861022949e-01 -2.607775386422872543e-03
8.974815011024475098e-01 4.259521374478936195e-04
8.821363449096679688e-01 1.503174076788127422e-03
8.642206788063049316e-01 2.751743188127875328e-03
8.559784889221191406e-01 3.326153615489602089e-03
8.425713181495666504e-01 4.263628274202346802e-03
8.300390839576721191e-01 5.145635455846786499e-03
8.117569088935852051e-01 6.446227896958589554e-03
8.077492713928222656e-01 6.733929272741079330e-03
7.879219055175781250e-01 8.172562345862388611e-03
7.799143195152282715e-01 8.761187084019184113e-03
7.682127952575683594e-01 9.629347361624240875e-03
7.628925442695617676e-01 1.002721674740314484e-02
7.428221106529235840e-01 1.154476311057806015e-02
7.330538630485534668e-01 1.229202095419168472e-02
7.228122353553771973e-01 1.308051962405443192e-02
7.015203833580017090e-01 1.473137550055980682e-02
6.871421337127685547e-01 1.584969088435173035e-02
6.784496307373046875e-01 1.652481034398078918e-02
6.700624823570251465e-01 1.717413961887359619e-02
6.614666581153869629e-01 1.783626526594161987e-02
6.391859650611877441e-01 1.952767558395862579e-02
6.361758112907409668e-01 1.975252665579319000e-02
6.243228316307067871e-01 2.062718756496906281e-02
6.178523302078247070e-01 2.109652757644653320e-02
6.097632050514221191e-01 2.167413011193275452e-02
5.982479453086853027e-01 2.247691713273525238e-02
5.851039886474609375e-01 2.336193993687629700e-02
5.568573474884033203e-01 2.513296343386173248e-02
5.517398715019226074e-01 2.543263509869575500e-02
5.429669022560119629e-01 2.593000978231430054e-02
5.351304411888122559e-01 2.635626494884490967e-02
5.282345414161682129e-01 2.671678364276885986e-02
5.070418119430541992e-01 2.773563936352729797e-02
4.982234835624694824e-01 2.811837382614612579e-02
4.766453802585601807e-01 2.894796617329120636e-02
4.542678594589233398e-01 2.964170090854167938e-02
4.496459960937500000e-01 2.976322919130325317e-02
4.379479289054870605e-01 3.003683499991893768e-02
4.288294315338134766e-01 3.021596185863018036e-02
4.242348670959472656e-01 3.029477223753929138e-02
4.138739407062530518e-01 3.044410236179828644e-02
4.076774120330810547e-01 3.051449544727802277e-02
3.841717243194580078e-01 3.065163269639015198e-02
3.803473114967346191e-01 3.065440244972705841e-02
3.695358932018280029e-01 3.063253313302993774e-02
3.651343882083892822e-01 3.061107546091079712e-02
3.584244847297668457e-01 3.056437335908412933e-02
3.519821763038635254e-01 3.050368465483188629e-02
3.446335196495056152e-01 3.041556105017662048e-02
3.376144468784332275e-01 3.031267598271369934e-02
3.253316581249237061e-01 3.008900210261344910e-02
3.202493786811828613e-01 2.998034097254276276e-02
3.151736855506896973e-01 2.986251935362815857e-02
2.839811146259307861e-01 2.893915399909019470e-02
2.808103561401367188e-01 2.882662788033485413e-02
2.689035534858703613e-01 2.837447635829448700e-02
2.642350196838378906e-01 2.818468585610389709e-02
2.553047835826873779e-01 2.780246548354625702e-02
2.423114478588104248e-01 2.720265649259090424e-02
2.407029420137405396e-01 2.712489478290081024e-02
2.372713685035705566e-01 2.695644274353981018e-02
2.276134043931961060e-01 2.646408602595329285e-02
2.147398591041564941e-01 2.576695010066032410e-02
2.124850302934646606e-01 2.564014494419097900e-02
2.081712782382965088e-01 2.539372816681861877e-02
1.990081220865249634e-01 2.485374920070171356e-02
1.925882250070571899e-01 2.446218952536582947e-02
1.811501830816268921e-01 2.373775653541088104e-02
1.774097979068756104e-01 2.349342405796051025e-02
1.663615554571151733e-01 2.275018952786922455e-02
1.598128080368041992e-01 2.229425869882106781e-02
1.519241780042648315e-01 2.172945812344551086e-02
1.308625042438507080e-01 2.013326995074748993e-02
1.215835809707641602e-01 1.938575319945812225e-02
1.148567572236061096e-01 1.882507838308811188e-02
1.090184971690177917e-01 1.832472905516624451e-02
1.038875430822372437e-01 1.787375845015048981e-02
9.433081001043319702e-02 1.700339652597904205e-02
8.089495450258255005e-02 1.570435054600238800e-02
7.117675244808197021e-02 1.470089051872491837e-02
6.436379253864288330e-02 1.396045554429292679e-02
3.900464251637458801e-02 1.086743921041488647e-02
2.777722664177417755e-02 9.276141412556171417e-03
2.213767170906066895e-02 8.405981585383415222e-03
1.037884037941694260e-02 6.362376734614372253e-03
7.086130324751138687e-03 5.697870161384344101e-03
4.243674688041210175e-03 5.061026196926832199e-03
8.551043574698269367e-04 4.157936666160821915e-03
-2.329251263290643692e-03 2.897080499678850174e-03
-3.022917313501238823e-03 2.418445888906717300e-03
-3.478409023955464363e-03 1.877782051451504230e-03
-3.616767935454845428e-03 1.388498581945896149e-03
-3.531766124069690704e-03 9.123132913373410702e-04
-3.339930204674601555e-03 5.491822957992553711e-04
-3.071569604799151421e-03 2.073816285701468587e-04
-2.553812460973858833e-03 -2.861054963432252407e-04
-1.332062878645956516e-03 -1.158260274678468704e-03
4.773837281391024590e-04 -2.181188669055700302e-03
2.073864685371518135e-03 -2.968310611322522163e-03
2.912363503128290176e-03 -3.356164554134011269e-03
8.703622967004776001e-03 -5.770923104137182236e-03
1.379883009940385818e-02 -7.680311333388090134e-03
1.972777210175991058e-02 -9.753447026014328003e-03
2.629250660538673401e-02 -1.190944761037826538e-02
4.120443388819694519e-02 -1.636671647429466248e-02
5.747571960091590881e-02 -2.061663009226322174e-02
6.888278573751449585e-02 -2.324245683848857880e-02
7.444743067026138306e-02 -2.442259900271892548e-02
8.151479810476303101e-02 -2.582954615354537964e-02
9.379103034734725952e-02 -2.803871594369411469e-02
1.077156886458396912e-01 -3.020516037940979004e-02
1.273128390312194824e-01 -3.269844129681587219e-02
1.317492276430130005e-01 -3.318029269576072693e-02
1.546543240547180176e-01 -3.523779287934303284e-02
1.601451486349105835e-01 -3.563310950994491577e-02
1.828882843255996704e-01 -3.692309930920600891e-02
1.984705924987792969e-01 -3.752432391047477722e-02
2.147248089313507080e-01 -3.794611990451812744e-02
2.216140180826187134e-01 -3.806931525468826294e-02
2.324333488941192627e-01 -3.820336610078811646e-02
2.406809180974960327e-01 -3.826095908880233765e-02
2.474557906389236450e-01 -3.828194364905357361e-02
2.733472585678100586e-01 -3.817281872034072876e-02
2.779577374458312988e-01 -3.812595084309577942e-02
2.859025597572326660e-01 -3.802836686372756958e-02
2.917979657649993896e-01 -3.794313967227935791e-02
3.031255900859832764e-01 -3.775157406926155090e-02
3.155754804611206055e-01 -3.750351816415786743e-02
3.319912254810333252e-01 -3.712541982531547546e-02
3.448329269886016846e-01 -3.679570928215980530e-02
3.539919853210449219e-01 -3.654520958662033081e-02
3.637313246726989746e-01 -3.626674413681030273e-02
3.733747005462646484e-01 -3.598030284047126770e-02
3.786926567554473877e-01 -3.581831231713294983e-02
3.825468420982360840e-01 -3.569928929209709167e-02
3.852232992649078369e-01 -3.561588376760482788e-02
3.973643183708190918e-01 -3.523055091500282288e-02
4.074454605579376221e-01 -3.490305691957473755e-02
4.137352108955383301e-01 -3.469581156969070435e-02
4.351893067359924316e-01 -3.397585824131965637e-02
4.437099099159240723e-01 -3.368566185235977173e-02
4.475036859512329102e-01 -3.355585783720016479e-02
4.543510973453521729e-01 -3.332082554697990417e-02
4.659442901611328125e-01 -3.292111307382583618e-02
4.755535721778869629e-01 -3.258856013417243958e-02
4.804100990295410156e-01 -3.242018073797225952e-02
4.876802265644073486e-01 -3.216779977083206177e-02
4.986964166164398193e-01 -3.178491815924644470e-02
5.179532766342163086e-01 -3.111442551016807556e-02
5.242345929145812988e-01 -3.089535608887672424e-02
5.325079560279846191e-01 -3.060639463365077972e-02
5.382093787193298340e-01 -3.040691651403903961e-02
5.488283038139343262e-01 -3.003428131341934204e-02
5.570792555809020996e-01 -2.974341437220573425e-02
5.651534199714660645e-01 -2.945722267031669617e-02
5.734921693801879883e-01 -2.915960364043712616e-02
5.777395963668823242e-01 -2.900701947510242462e-02
6.027913689613342285e-01 -2.808851934969425201e-02
6.302575469017028809e-01 -2.702664211392402649e-02
6.467764973640441895e-01 -2.634734101593494415e-02
6.573160290718078613e-01 -2.589350380003452301e-02
6.645429730415344238e-01 -2.557181380689144135e-02
6.731026172637939453e-01 -2.517869696021080017e-02
6.784616112709045410e-01 -2.492542751133441925e-02
6.882468461990356445e-01 -2.444778010249137878e-02
6.972504258155822754e-01 -2.398980408906936646e-02
7.044706344604492188e-01 -2.360895089805126190e-02
7.151876688003540039e-01 -2.302005700767040253e-02
7.258406281471252441e-01 -2.240530587732791901e-02
7.296923995018005371e-01 -2.217553555965423584e-02
7.563191652297973633e-01 -2.047294937074184418e-02
7.592516541481018066e-01 -2.027289569377899170e-02
7.651798129081726074e-01 -1.986071653664112091e-02
7.680805325508117676e-01 -1.965525932610034943e-02
7.831552028656005859e-01 -1.854741573333740234e-02
7.915857434272766113e-01 -1.789890415966510773e-02
8.101944327354431152e-01 -1.639723032712936401e-02
8.130868077278137207e-01 -1.615565456449985504e-02
8.319573998451232910e-01 -1.453321520239114761e-02
8.417325615882873535e-01 -1.366760674864053726e-02
8.489507436752319336e-01 -1.302191708236932755e-02
8.570020198822021484e-01 -1.229985058307647705e-02
8.711402416229248047e-01 -1.104695908725261688e-02
9.050071239471435547e-01 -8.497486822307109833e-03
9.103980660438537598e-01 -8.232714608311653137e-03
9.427041411399841309e-01 -8.590777404606342316e-03
9.513427615165710449e-01 -9.411619976162910461e-03
9.561337232589721680e-01 -9.987155906856060028e-03
