9.682800173759460449e-01 -5.742699722759425640e-04
9.675827026367187500e-01 -3.471885283943265676e-04
9.636375904083251953e-01 8.538860711269080639e-04
9.550080299377441406e-01 3.179335035383701324e-03
9.433895349502563477e-01 5.972704384475946426e-03
9.298955798149108887e-01 8.960352279245853424e-03
9.090438485145568848e-01 1.327605545520782471e-02
9.020326733589172363e-01 1.467324234545230865e-02
8.829294443130493164e-01 1.838575303554534912e-02
8.720160722732543945e-01 2.045861631631851196e-02
8.596376180648803711e-01 2.277749963104724884e-02
8.521489500999450684e-01 2.416646108031272888e-02
8.411613106727600098e-01 2.618844062089920044e-02
8.290014863014221191e-01 2.840728498995304108e-02
8.206263780593872070e-01 2.992578223347663879e-02
8.153496980667114258e-01 3.087890520691871643e-02
8.033717274665832520e-01 3.303334489464759827e-02
7.900559306144714355e-01 3.541536256670951843e-02
7.811952829360961914e-01 3.699381649494171143e-02
7.772871851921081543e-01 3.768847137689590454e-02
7.614235877990722656e-01 4.049927741289138794e-02
7.518438696861267090e-01 4.219001904129981995e-02
7.416957616806030273e-01 4.397578164935112000e-02
7.329764366149902344e-01 4.550561308860778809e-02
7.098370194435119629e-01 4.954354465007781982e-02
7.019255161285400391e-01 5.091574415564537048e-02
6.902499794960021973e-01 5.293168500065803528e-02
6.830482482910156250e-01 5.416898801922798157e-02
6.698892116546630859e-01 5.641600117087364197e-02
6.559424400329589844e-01 5.877467244863510132e-02
6.355336904525756836e-01 6.217457354068756104e-02
6.226316690444946289e-01 6.428595632314682007e-02
6.155566573143005371e-01 6.542941182851791382e-02
6.015695333480834961e-01 6.765649467706680298e-02
5.946221351623535156e-01 6.874474883079528809e-02
5.922030210494995117e-01 6.912070512771606445e-02
5.815206170082092285e-01 7.076142728328704834e-02
5.669423937797546387e-01 7.294572889804840088e-02
5.477459430694580078e-01 7.571548968553543091e-02
5.324236750602722168e-01 7.783046364784240723e-02
5.261846184730529785e-01 7.866550236940383911e-02
5.193787217140197754e-01 7.955827564001083374e-02
5.016064047813415527e-01 8.179630339145660400e-02
4.919445514678955078e-01 8.295357972383499146e-02
4.723350703716278076e-01 8.516569435596466064e-02
4.670559465885162354e-01 8.572854846715927124e-02
4.571528136730194092e-01 8.674560487270355225e-02
4.538843929767608643e-01 8.706991374492645264e-02
4.432113170623779297e-01 8.808860182762145996e-02
4.346013665199279785e-01 8.886433392763137817e-02
4.239065945148468018e-01 8.976880460977554321e-02
4.174362421035766602e-01 9.028332680463790894e-02
4.086855649948120117e-01 9.093907475471496582e-02
3.938214778900146484e-01 9.194367378950119019e-02
3.868418335914611816e-01 9.236650913953781128e-02
3.760713338851928711e-01 9.295557439327239990e-02
3.631902337074279785e-01 9.355581551790237427e-02
3.498522043228149414e-01 9.405298531055450439e-02
3.459154367446899414e-01 9.417475759983062744e-02
3.287922739982604980e-01 9.456697851419448853e-02
3.044548928737640381e-01 9.471946954727172852e-02
2.972967624664306641e-01 9.466855227947235107e-02
2.798616290092468262e-01 9.435106813907623291e-02
2.753676176071166992e-01 9.422307461500167847e-02
2.605420053005218506e-01 9.365986287593841553e-02
2.513291239738464355e-01 9.319642186164855957e-02
2.369446605443954468e-01 9.228894114494323730e-02
2.333142161369323730e-01 9.202297031879425049e-02
2.121907770633697510e-01 9.016115963459014893e-02
2.070175707340240479e-01 8.961923420429229736e-02
2.021799683570861816e-01 8.908015489578247070e-02
1.925163269042968750e-01 8.790651708841323853e-02
1.868517994880676270e-01 8.715627342462539673e-02
1.648488044738769531e-01 8.377252519130706787e-02
1.490524262189865112e-01 8.083932846784591675e-02
1.342042982578277588e-01 7.765113562345504761e-02
1.248857229948043823e-01 7.541587948799133301e-02
1.188036128878593445e-01 7.385181635618209839e-02
1.095383167266845703e-01 7.129885256290435791e-02
1.021403744816780090e-01 6.910315901041030884e-02
9.416484087705612183e-02 6.656812876462936401e-02
8.606405556201934814e-02 6.380162388086318970e-02
7.671058923006057739e-02 6.034630164504051208e-02
7.126268744468688965e-02 5.819417536258697510e-02
6.003106012940406799e-02 5.339939892292022705e-02
4.957073181867599487e-02 4.844728112220764160e-02
3.387183323502540588e-02 3.994970768690109253e-02
2.695766650140285492e-02 3.570592403411865234e-02
1.944613642990589142e-02 3.064641170203685760e-02
1.218978501856327057e-02 2.517548017203807831e-02
7.315592840313911438e-03 2.104321308434009552e-02
-1.615049841348081827e-04 1.338520925492048264e-02
-2.551372861489653587e-03 1.017168257385492325e-02
-3.672945545986294746e-03 8.298639208078384399e-03
-4.949344322085380554e-03 5.185820162296295166e-03
-5.174425430595874786e-03 4.058582708239555359e-03
-5.065410397946834564e-03 1.758536673150956631e-03
-4.639269784092903137e-03 6.655314937233924866e-04
-3.564860904589295387e-03 -7.116624037735164165e-04
-2.998904092237353325e-03 -1.184332068078219891e-03
-9.179214248433709145e-04 -2.342780819162726402e-03
4.111941379960626364e-04 -2.825052011758089066e-03
1.529803383164107800e-03 -3.139606909826397896e-03
4.349032416939735413e-03 -3.688334720209240913e-03
7.307668216526508331e-03 -4.018264357000589371e-03
1.057059876620769501e-02 -4.195542074739933014e-03
1.582285761833190918e-02 -4.214302636682987213e-03
1.905718632042407990e-02 -4.112623631954193115e-03
3.721428290009498596e-02 -2.653412288054823875e-03
4.772499948740005493e-02 -1.412516110576689243e-03
5.552591010928153992e-02 -3.807097673416137695e-04
6.995537132024765015e-02 1.704420312307775021e-03
8.187676966190338135e-02 3.554721828550100327e-03
9.083141386508941650e-02 5.001323297619819641e-03
1.051038354635238647e-01 7.383512798696756363e-03
1.196681633591651917e-01 9.885787032544612885e-03
1.308632791042327881e-01 1.184300612658262253e-02
1.429785788059234619e-01 1.398248691111803055e-02
1.499629020690917969e-01 1.522214710712432861e-02
1.645833700895309448e-01 1.782316341996192932e-02
1.773504465818405151e-01 2.009234204888343811e-02
1.859718114137649536e-01 2.161925099790096283e-02
1.902196258306503296e-01 2.236913703382015228e-02
2.072872072458267212e-01 2.536035142838954926e-02
2.237313091754913330e-01 2.819942310452461243e-02
2.324458956718444824e-01 2.968300320208072662e-02
2.591654956340789795e-01 3.412280604243278503e-02
2.769079506397247314e-01 3.696617856621742249e-02
2.871634960174560547e-01 3.856672346591949463e-02
2.914838492870330811e-01 3.923095017671585083e-02
3.075376451015472412e-01 4.164421185851097107e-02
3.187802135944366455e-01 4.327994212508201599e-02
3.237485289573669434e-01 4.398781806230545044e-02
3.358901143074035645e-01 4.567742720246315002e-02
3.502334654331207275e-01 4.759623110294342041e-02
3.587112724781036377e-01 4.868905991315841675e-02
3.691166639328002930e-01 4.998640343546867371e-02
3.799917399883270264e-01 5.128836631774902344e-02
3.910466134548187256e-01 5.255277454853057861e-02
3.994829058647155762e-01 5.347589775919914246e-02
4.086539745330810547e-01 5.443675443530082703e-02
4.153753221035003662e-01 5.511175841093063354e-02
4.236524105072021484e-01 5.590793490409851074e-02
4.386225342750549316e-01 5.724541470408439636e-02
4.577470719814300537e-01 5.875054374337196350e-02
4.721909761428833008e-01 5.972560867667198181e-02
4.807865321636199951e-01 6.023604422807693481e-02
4.864696860313415527e-01 6.054382398724555969e-02
5.044817924499511719e-01 6.135667860507965088e-02
5.092442035675048828e-01 6.152883172035217285e-02
5.160321593284606934e-01 6.174226477742195129e-02
5.262417793273925781e-01 6.199087575078010559e-02
5.300527215003967285e-01 6.206092610955238342e-02
5.376010537147521973e-01 6.216242164373397827e-02
5.500194430351257324e-01 6.221958994865417480e-02
5.567699074745178223e-01 6.219224259257316589e-02
5.683969855308532715e-01 6.204689666628837585e-02
5.778781175613403320e-01 6.183525547385215759e-02
5.900959968566894531e-01 6.143800541758537292e-02
5.967896580696105957e-01 6.116074696183204651e-02
6.119762659072875977e-01 6.037564203143119812e-02
6.268445849418640137e-01 5.939934775233268738e-02
6.377933621406555176e-01 5.855163931846618652e-02
6.406559348106384277e-01 5.831231921911239624e-02
6.544962525367736816e-01 5.705405399203300476e-02
6.598013043403625488e-01 5.652815476059913635e-02
6.750616431236267090e-01 5.488517135381698608e-02
6.869627833366394043e-01 5.347432196140289307e-02
6.911237835884094238e-01 5.295520275831222534e-02
7.054995894432067871e-01 5.106233432888984680e-02
7.176871299743652344e-01 4.934126883745193481e-02
7.239120602607727051e-01 4.842264577746391296e-02
7.457223534584045410e-01 4.500297829508781433e-02
7.524645924568176270e-01 4.388506338000297546e-02
7.719221711158752441e-01 4.050625860691070557e-02
7.769997119903564453e-01 3.958842903375625610e-02
7.900619506835937500e-01 3.716117143630981445e-02
7.980078458786010742e-01 3.563901782035827637e-02
8.206254243850708008e-01 3.112404420971870422e-02
8.358451724052429199e-01 2.793850563466548920e-02
8.547231554985046387e-01 2.382769994437694550e-02
8.590772747993469238e-01 2.285492233932018280e-02
8.697369694709777832e-01 2.043492719531059265e-02
8.775696754455566406e-01 1.862228475511074066e-02
8.903023600578308105e-01 1.561440434306859970e-02
8.997243642807006836e-01 1.334089413285255432e-02
9.122402667999267578e-01 1.026065926998853683e-02
9.322680830955505371e-01 5.205858033150434494e-03
9.454968571662902832e-01 1.809815759770572186e-03
9.627199172973632812e-01 -2.593369456008076668e-03
9.643411636352539062e-01 -3.001567674800753593e-03
9.678636193275451660e-01 -3.882723394781351089e-03
