9.667667746543884277e-01 2.189431106671690941e-03
9.665694236755371094e-01 2.293963683769106865e-03
9.645873308181762695e-01 3.285888116806745529e-03
9.591938257217407227e-01 5.632636602967977524e-03
9.453373551368713379e-01 1.056723203510046005e-02
9.366407394409179688e-01 1.327826268970966339e-02
9.278922080993652344e-01 1.583805307745933533e-02
9.241567254066467285e-01 1.689267903566360474e-02
9.157643914222717285e-01 1.919590495526790619e-02
9.071702361106872559e-01 2.147563546895980835e-02
8.979020118713378906e-01 2.386146411299705505e-02
8.948188424110412598e-01 2.464049309492111206e-02
8.836674690246582031e-01 2.740472555160522461e-02
8.788627982139587402e-01 2.857189439237117767e-02
8.696668148040771484e-01 3.076932020485401154e-02
8.630259037017822266e-01 3.232817724347114563e-02
8.550601005554199219e-01 3.416853398084640503e-02
8.491787314414978027e-01 3.550745174288749695e-02
8.366642594337463379e-01 3.830161690711975098e-02
8.336504697799682617e-01 3.896363452076911926e-02
8.251386284828186035e-01 4.081045463681221008e-02
8.056607842445373535e-01 4.490986093878746033e-02
7.827478647232055664e-01 4.950152710080146790e-02
7.791855335235595703e-01 5.019230023026466370e-02
7.700111865997314453e-01 5.194198712706565857e-02
7.609317898750305176e-01 5.363103374838829041e-02
7.536091208457946777e-01 5.496179312467575073e-02
7.480606436729431152e-01 5.595097690820693970e-02
7.293370962142944336e-01 5.916456878185272217e-02
7.232121825218200684e-01 6.017301604151725769e-02
7.128159999847412109e-01 6.183519959449768066e-02
6.944875717163085938e-01 6.461020559072494507e-02
6.834257245063781738e-01 6.618680804967880249e-02
6.752586960792541504e-01 6.730240583419799805e-02
6.621230840682983398e-01 6.900930404663085938e-02
6.530084013938903809e-01 7.012962549924850464e-02
6.349518299102783203e-01 7.219214737415313721e-02
6.287946701049804688e-01 7.284741103649139404e-02
6.176159977912902832e-01 7.397426664829254150e-02
5.969563722610473633e-01 7.584254443645477295e-02
5.905211567878723145e-01 7.636754959821701050e-02
5.760129690170288086e-01 7.745185494422912598e-02
5.544925332069396973e-01 7.880698889493942261e-02
5.487564802169799805e-01 7.911723107099533081e-02
5.405655503273010254e-01 7.952322810888290405e-02
5.331602096557617188e-01 7.985281944274902344e-02
5.142793059349060059e-01 8.053295314311981201e-02
5.050349235534667969e-01 8.078239858150482178e-02
4.982765913009643555e-01 8.093021810054779053e-02
4.824850857257843018e-01 8.116226643323898315e-02
4.686243534088134766e-01 8.123598247766494751e-02
4.629535675048828125e-01 8.123134821653366089e-02
4.504628479480743408e-01 8.115015178918838501e-02
4.421736598014831543e-01 8.104270696640014648e-02
4.306775331497192383e-01 8.082324266433715820e-02
4.233486652374267578e-01 8.064082264900207520e-02
4.152648448944091797e-01 8.040137588977813721e-02
3.975185155868530273e-01 7.973580062389373779e-02
3.780551850795745850e-01 7.878606766462326050e-02
3.750165402889251709e-01 7.861717045307159424e-02
3.651807904243469238e-01 7.803227752447128296e-02
3.540004193782806396e-01 7.729686051607131958e-02
3.355649411678314209e-01 7.592049986124038696e-02
3.256055712699890137e-01 7.509218901395797729e-02
3.152805566787719727e-01 7.417066395282745361e-02
3.098015785217285156e-01 7.365564256906509399e-02
3.054134249687194824e-01 7.323011010885238647e-02
2.943246364593505859e-01 7.210294902324676514e-02
2.851025760173797607e-01 7.110873609781265259e-02
2.667175233364105225e-01 6.897115707397460938e-02
2.409103810787200928e-01 6.561440229415893555e-02
2.301090806722640991e-01 6.408248841762542725e-02
2.183943688869476318e-01 6.233350187540054321e-02
2.130184471607208252e-01 6.149966269731521606e-02
1.972697526216506958e-01 5.894009023904800415e-02
1.923615932464599609e-01 5.810569971799850464e-02
1.772207468748092651e-01 5.541624128818511963e-02
1.626581251621246338e-01 5.265533179044723511e-02
1.571138799190521240e-01 5.155621469020843506e-02
1.458898484706878662e-01 4.924419149756431580e-02
1.296743154525756836e-01 4.567951709032058716e-02
1.229955106973648071e-01 4.412571340799331665e-02
1.037992238998413086e-01 3.933461755514144897e-02
9.269882738590240479e-02 3.630424663424491882e-02
8.888674527406692505e-02 3.521134331822395325e-02
8.056770265102386475e-02 3.271982073783874512e-02
7.222080230712890625e-02 3.005108237266540527e-02
6.355525553226470947e-02 2.706321701407432556e-02
5.219227820634841919e-02 2.271135523915290833e-02
4.510677978396415710e-02 1.966412924230098724e-02
4.170918464660644531e-02 1.808328926563262939e-02
3.345430642366409302e-02 1.380353514105081558e-02
3.046648204326629639e-02 1.204831805080175400e-02
2.287796884775161743e-02 6.738439667969942093e-03
2.065193466842174530e-02 4.761187359690666199e-03
1.929627917706966400e-02 3.356136847287416458e-03
1.775228604674339294e-02 1.372395548969507217e-03
1.711547002196311951e-02 2.706011582631617785e-04
1.664357446134090424e-02 -9.217242477461695671e-04
1.654435507953166962e-02 -1.321254647336900234e-03
1.644942723214626312e-02 -2.286976668983697891e-03
1.674208231270313263e-02 -3.631613915786147118e-03
1.703400909900665283e-02 -4.163242410868406296e-03
1.795465871691703796e-02 -5.166003480553627014e-03
2.080441638827323914e-02 -6.699482444673776627e-03
2.708562090992927551e-02 -8.164845407009124756e-03
3.766380250453948975e-02 -9.092181921005249023e-03
6.158923730254173279e-02 -9.254543110728263855e-03
7.271044701337814331e-02 -8.966395631432533264e-03
8.019266277551651001e-02 -8.699290454387664795e-03
9.646233916282653809e-02 -7.967719808220863342e-03
1.089820936322212219e-01 -7.296200841665267944e-03
1.143300235271453857e-01 -6.986469961702823639e-03
1.316309124231338501e-01 -5.910187494009733200e-03
1.379882395267486572e-01 -5.491665098816156387e-03
1.527391970157623291e-01 -4.486815538257360458e-03
1.599006652832031250e-01 -3.986814990639686584e-03
1.660673469305038452e-01 -3.552343929186463356e-03
1.740652471780776978e-01 -2.985886530950665474e-03
1.796816289424896240e-01 -2.587577328085899353e-03
1.843441277742385864e-01 -2.257412532344460487e-03
1.948537081480026245e-01 -1.517828553915023804e-03
2.055259346961975098e-01 -7.783070905134081841e-04
2.135815769433975220e-01 -2.312513825017958879e-04
2.287919074296951294e-01 7.669914048165082932e-04
2.340180128812789917e-01 1.097579137422144413e-03
2.510608136653900146e-01 2.123714890331029892e-03
2.532765865325927734e-01 2.250784542411565781e-03
2.665818333625793457e-01 2.980215707793831825e-03
2.775734364986419678e-01 3.536900971084833145e-03
2.864092886447906494e-01 3.952501807361841202e-03
3.080064952373504639e-01 4.842184949666261673e-03
3.238893151283264160e-01 5.377427209168672562e-03
3.311579823493957520e-01 5.587811116129159927e-03
3.432895839214324951e-01 5.890040658414363861e-03
3.490525484085083008e-01 6.012070924043655396e-03
3.586310744285583496e-01 6.184194236993789673e-03
3.653260171413421631e-01 6.281782872974872589e-03
3.746071457862854004e-01 6.386270280927419662e-03
3.885273635387420654e-01 6.476643029600381851e-03
3.918069303035736084e-01 6.486480124294757843e-03
4.061913192272186279e-01 6.479159463196992874e-03
4.117149710655212402e-01 6.454891059547662735e-03
4.224635958671569824e-01 6.374575663357973099e-03
4.379199743270874023e-01 6.185410078614950180e-03
4.416506886482238770e-01 6.127303000539541245e-03
4.560472071170806885e-01 5.860400851815938950e-03
4.670208692550659180e-01 5.614322144538164139e-03
4.760008752346038818e-01 5.387945100665092468e-03
4.954233467578887939e-01 4.831156227737665176e-03
5.073207616806030273e-01 4.452239256352186203e-03
5.180948376655578613e-01 4.089892841875553131e-03
5.298004150390625000e-01 3.680790076032280922e-03
5.453037023544311523e-01 3.123875940218567848e-03
5.589746236801147461e-01 2.628474263474345207e-03
5.719450116157531738e-01 2.163435099646449089e-03
5.840878486633300781e-01 1.739203347824513912e-03
5.935775637626647949e-01 1.418909872882068157e-03
5.993297696113586426e-01 1.230736146681010723e-03
6.125327348709106445e-01 8.189125219359993935e-04
6.247678399085998535e-01 4.659166152123361826e-04
6.400277614593505859e-01 6.947606743779033422e-05
6.500599980354309082e-01 -1.624675060156732798e-04
6.937630176544189453e-01 -8.888360462151467800e-04
7.078163027763366699e-01 -1.023595454171299934e-03
7.244004607200622559e-01 -1.123566064052283764e-03
7.371745705604553223e-01 -1.159340608865022659e-03
7.538273930549621582e-01 -1.156240119598805904e-03
7.662418484687805176e-01 -1.120563596487045288e-03
7.929334044456481934e-01 -9.620481869205832481e-04
8.001289963722229004e-01 -9.034562972374260426e-04
8.110184073448181152e-01 -8.048490853980183601e-04
8.179028034210205078e-01 -7.374561973847448826e-04
8.257966637611389160e-01 -6.565626244992017746e-04
8.405773639678955078e-01 -4.991737077943980694e-04
8.479614853858947754e-01 -4.201503761578351259e-04
8.633618950843811035e-01 -2.624445769470185041e-04
8.708720803260803223e-01 -1.928103156387805939e-04
8.853920102119445801e-01 -8.251442341133952141e-05
8.942844271659851074e-01 -3.824830855592153966e-05
9.031656980514526367e-01 -1.918054840643890202e-05
9.100690484046936035e-01 -2.682191370695363730e-05
9.209978580474853516e-01 -9.186060196952894330e-05
9.265082478523254395e-01 -1.558884978294372559e-04
9.352079629898071289e-01 -3.121157351415604353e-04
9.378465414047241211e-01 -3.753392666112631559e-04
9.457174539566040039e-01 -6.169508560560643673e-04
9.539812207221984863e-01 -9.712296305224299431e-04
9.601463675498962402e-01 -1.310198334977030754e-03
9.642049074172973633e-01 -1.564043574035167694e-03
9.673709869384765625e-01 -1.771337236277759075e-03
9.680546522140502930e-01 -1.816174597479403019e-03
