9.716978073120117188e-01 2.499905647709965706e-03
9.714033007621765137e-01 2.586951944977045059e-03
9.694142341613769531e-01 3.153394209221005440e-03
9.633342623710632324e-01 4.798705223947763443e-03
9.567456245422363281e-01 6.552560720592737198e-03
9.469931721687316895e-01 9.172041900455951691e-03
9.303719997406005859e-01 1.377201452851295471e-02
9.261276125907897949e-01 1.497810520231723785e-02
9.141431450843811035e-01 1.845538616180419922e-02
9.052396416664123535e-01 2.110723033547401428e-02
8.973122239112854004e-01 2.351670153439044952e-02
8.922151327133178711e-01 2.508958615362644196e-02
8.853574395179748535e-01 2.723444811999797821e-02
8.789985775947570801e-01 2.925188094377517700e-02
8.662865161895751953e-01 3.336438536643981934e-02
8.615347146987915039e-01 3.492789715528488159e-02
8.516554832458496094e-01 3.822115808725357056e-02
8.442867398262023926e-01 4.071345180273056030e-02
8.284320831298828125e-01 4.616994410753250122e-02
8.176758885383605957e-01 4.993626102805137634e-02
8.090106844902038574e-01 5.300272628664970398e-02
7.978931665420532227e-01 5.697238445281982422e-02
7.892947196960449219e-01 6.006424874067306519e-02
7.837838530540466309e-01 6.205367669463157654e-02
7.695716619491577148e-01 6.720261275768280029e-02
7.661879658699035645e-01 6.843068450689315796e-02
7.535203695297241211e-01 7.302823662757873535e-02
7.426968216896057129e-01 7.694800198078155518e-02
7.266514897346496582e-01 8.272284269332885742e-02
7.179309129714965820e-01 8.583389967679977417e-02
7.110348939895629883e-01 8.827620744705200195e-02
6.880357861518859863e-01 9.627709537744522095e-02
6.810864806175231934e-01 9.864246845245361328e-02
6.681458950042724609e-01 1.029707938432693481e-01
6.621295809745788574e-01 1.049462854862213135e-01
6.558142304420471191e-01 1.069932058453559875e-01
6.428119540214538574e-01 1.111149191856384277e-01
6.343628764152526855e-01 1.137221828103065491e-01
6.085675358772277832e-01 1.213029846549034119e-01
6.002252101898193359e-01 1.236234754323959351e-01
5.951852202415466309e-01 1.249926164746284485e-01
5.778380632400512695e-01 1.295082420110702515e-01
5.687140822410583496e-01 1.317566484212875366e-01
5.518249869346618652e-01 1.356779187917709351e-01
5.445706844329833984e-01 1.372634023427963257e-01
5.215034484863281250e-01 1.418952047824859619e-01
4.898360371589660645e-01 1.471972614526748657e-01
4.837738871574401855e-01 1.480681300163269043e-01
4.780509769916534424e-01 1.488468945026397705e-01
4.647535681724548340e-01 1.504922062158584595e-01
4.496411383152008057e-01 1.520799547433853149e-01
4.283618330955505371e-01 1.537991911172866821e-01
4.171250760555267334e-01 1.544604599475860596e-01
4.050291776657104492e-01 1.549798846244812012e-01
3.776318132877349854e-01 1.554124653339385986e-01
3.685317039489746094e-01 1.553259044885635376e-01
3.645078539848327637e-01 1.552507728338241577e-01
3.543463945388793945e-01 1.549601256847381592e-01
3.476840257644653320e-01 1.546907871961593628e-01
3.391021490097045898e-01 1.542514115571975708e-01
3.322367072105407715e-01 1.538246870040893555e-01
3.233664333820343018e-01 1.531738489866256714e-01
3.114473819732666016e-01 1.521214395761489868e-01
3.062395751476287842e-01 1.515971124172210693e-01
2.971369922161102295e-01 1.505857110023498535e-01
2.831929922103881836e-01 1.487995535135269165e-01
2.732101082801818848e-01 1.473424285650253296e-01
2.562353610992431641e-01 1.445157378911972046e-01
2.496354132890701294e-01 1.432955563068389893e-01
2.337252348661422729e-01 1.400674283504486084e-01
2.169069200754165649e-01 1.361988335847854614e-01
2.081044763326644897e-01 1.339790672063827515e-01
2.016926705837249756e-01 1.322745531797409058e-01
1.920781135559082031e-01 1.295755803585052490e-01
1.799483001232147217e-01 1.259149610996246338e-01
1.629310697317123413e-01 1.202655807137489319e-01
1.571025550365447998e-01 1.181830018758773804e-01
1.404147893190383911e-01 1.117648854851722717e-01
1.291208863258361816e-01 1.070031449198722839e-01
1.231382563710212708e-01 1.043301224708557129e-01
1.184082701802253723e-01 1.021375060081481934e-01
1.116960197687149048e-01 9.889861941337585449e-02
9.720984101295471191e-02 9.134653210639953613e-02
8.930095285177230835e-02 8.685798943042755127e-02
8.460897207260131836e-02 8.405747264623641968e-02
7.031127065420150757e-02 7.479783147573471069e-02
5.914938077330589294e-02 6.666426360607147217e-02
4.927778616547584534e-02 5.863693356513977051e-02
3.903077915310859680e-02 4.924151301383972168e-02
3.365073353052139282e-02 4.375524073839187622e-02
2.883066609501838684e-02 3.842878341674804688e-02
2.488307654857635498e-02 3.370948508381843567e-02
2.030818164348602295e-02 2.772269956767559052e-02
1.727811992168426514e-02 2.335041575133800507e-02
1.509390026330947876e-02 1.992140896618366241e-02
1.171816233545541763e-02 1.392617169767618179e-02
1.016960758715867996e-02 1.070855092257261276e-02
7.744594942778348923e-03 4.204118158668279648e-03
6.923902779817581177e-03 5.784297827631235123e-04
6.691206712275743484e-03 -1.335932407528162003e-03
6.659694481641054153e-03 -4.144707228988409042e-03
8.194024674594402313e-03 -1.005101762712001801e-02
9.098424576222896576e-03 -1.165771950036287308e-02
1.060267724096775055e-02 -1.367707084864377975e-02
1.344076264649629593e-02 -1.645899005234241486e-02
1.632440462708473206e-02 -1.860799640417098999e-02
2.332232706248760223e-02 -2.249613963067531586e-02
2.869839407503604889e-02 -2.479151263833045959e-02
3.700614720582962036e-02 -2.766809239983558655e-02
5.164601281285285950e-02 -3.151479735970497131e-02
7.795885205268859863e-02 -3.612068668007850647e-02
8.742444217205047607e-02 -3.728714585304260254e-02
9.571675211191177368e-02 -3.814509883522987366e-02
1.076996326446533203e-01 -3.915063291788101196e-02
1.161128655076026917e-01 -3.971098363399505615e-02
1.297405660152435303e-01 -4.039707779884338379e-02
1.527778059244155884e-01 -4.103084281086921692e-02
1.730146706104278564e-01 -4.114133864641189575e-02
1.803277730941772461e-01 -4.109480232000350952e-02
1.864227503538131714e-01 -4.102458804845809937e-02
1.999253034591674805e-01 -4.077535867691040039e-02
2.118832468986511230e-01 -4.045673087239265442e-02
2.239649891853332520e-01 -4.005134850740432739e-02
2.313817590475082397e-01 -3.976459428668022156e-02
2.502841949462890625e-01 -3.891703486442565918e-02
2.613272964954376221e-01 -3.835204616189002991e-02
2.710927426815032959e-01 -3.781407698988914490e-02
2.744846642017364502e-01 -3.761934116482734680e-02
2.858041524887084961e-01 -3.694198653101921082e-02
2.948964834213256836e-01 -3.636924177408218384e-02
3.004941046237945557e-01 -3.600481897592544556e-02
3.226119279861450195e-01 -3.448503464460372925e-02
3.401567935943603516e-01 -3.319946676492691040e-02
3.454420864582061768e-01 -3.279996290802955627e-02
3.749735951423645020e-01 -3.047794289886951447e-02
3.837614655494689941e-01 -2.976106293499469757e-02
3.912606835365295410e-01 -2.914116345345973969e-02
3.947970271110534668e-01 -2.884639427065849304e-02
4.033211469650268555e-01 -2.812985703349113464e-02
4.070191979408264160e-01 -2.781646512448787689e-02
4.207439124584197998e-01 -2.664124593138694763e-02
4.319671988487243652e-01 -2.566743642091751099e-02
4.430446326732635498e-01 -2.469654567539691925e-02
4.529215693473815918e-01 -2.382380515336990356e-02
4.662086665630340576e-01 -2.264093235135078430e-02
4.702600240707397461e-01 -2.227856218814849854e-02
4.837625026702880859e-01 -2.106622233986854553e-02
5.003591179847717285e-01 -1.956896856427192688e-02
5.051481127738952637e-01 -1.913602091372013092e-02
5.157716870307922363e-01 -1.817495003342628479e-02
5.316892266273498535e-01 -1.673537865281105042e-02
5.463461875915527344e-01 -1.541313156485557556e-02
5.522319674491882324e-01 -1.488374732434749603e-02
5.724838376045227051e-01 -1.307279616594314575e-02
5.840386152267456055e-01 -1.204919535666704178e-02
5.949406623840332031e-01 -1.109161507338285446e-02
6.028298735618591309e-01 -1.040440611541271210e-02
6.105570793151855469e-01 -9.736568666994571686e-03
6.177798509597778320e-01 -9.117445908486843109e-03
6.255402565002441406e-01 -8.458226919174194336e-03
6.337614059448242188e-01 -7.767200935631990433e-03
6.555609107017517090e-01 -5.975720472633838654e-03
6.798757910728454590e-01 -4.058653023093938828e-03
6.923002004623413086e-01 -3.117000684142112732e-03
7.133784890174865723e-01 -1.585787162184715271e-03
7.196094989776611328e-01 -1.150443800725042820e-03
7.300615906715393066e-01 -4.392474365886300802e-04
7.466846108436584473e-01 6.393727380782365799e-04
7.680207490921020508e-01 1.920082140713930130e-03
7.856875658035278320e-01 2.881875494495034218e-03
7.942659854888916016e-01 3.313252003863453865e-03
8.000817298889160156e-01 3.591467859223484993e-03
8.070286512374877930e-01 3.907919395714998245e-03
8.130303025245666504e-01 4.166737198829650879e-03
8.288710117340087891e-01 4.779784940183162689e-03
8.310182094573974609e-01 4.854516126215457916e-03
8.398194313049316406e-01 5.138238891959190369e-03
8.442310094833374023e-01 5.266094580292701721e-03
8.633112907409667969e-01 5.695507861673831940e-03
8.748629689216613770e-01 5.843791645020246506e-03
8.878765106201171875e-01 5.888960789889097214e-03
8.990638256072998047e-01 5.804015323519706726e-03
9.085710644721984863e-01 5.622360855340957642e-03
9.183906912803649902e-01 5.304837133735418320e-03
9.308213591575622559e-01 4.657870158553123474e-03
9.380459785461425781e-01 4.115297924727201462e-03
9.501046538352966309e-01 2.812350634485483170e-03
9.607454538345336914e-01 1.006425125524401665e-03
9.655888080596923828e-01 -1.539460790809243917e-04
9.703989624977111816e-01 -1.631162245757877827e-03
9.724702835083007812e-01 -2.394481794908642769e-03
9.732371568679809570e-01 -2.698752796277403831e-03
