9.691184759140014648e-01 5.415225867182016373e-03
9.688764810562133789e-01 5.536329932510852814e-03
9.677927494049072266e-01 6.055021658539772034e-03
9.640839695930480957e-01 7.627490907907485962e-03
9.554333686828613281e-01 1.066840812563896179e-02
9.512879848480224609e-01 1.195822656154632568e-02
9.443090558052062988e-01 1.398342475295066833e-02
9.419000744819641113e-01 1.464982423931360245e-02
9.279966950416564941e-01 1.826230436563491821e-02
9.240941405296325684e-01 1.922034844756126404e-02
9.159229397773742676e-01 2.116456814110279083e-02
9.116047024726867676e-01 2.216270565986633301e-02
8.943734765052795410e-01 2.597838826477527618e-02
8.890749216079711914e-01 2.710517309606075287e-02
8.705931305885314941e-01 3.089137189090251923e-02
8.651303648948669434e-01 3.197146207094192505e-02
8.523802757263183594e-01 3.442890197038650513e-02
8.430811762809753418e-01 3.616814687848091125e-02
8.335204720497131348e-01 3.791169822216033936e-02
8.221369981765747070e-01 3.993057832121849060e-02
8.152927160263061523e-01 4.111521691083908081e-02
8.084645271301269531e-01 4.227540269494056702e-02
7.903051376342773438e-01 4.525708779692649841e-02
7.865520119667053223e-01 4.585461318492889404e-02
7.747720479965209961e-01 4.768839478492736816e-02
7.706653475761413574e-01 4.831288382411003113e-02
7.541434168815612793e-01 5.074723437428474426e-02
7.467552423477172852e-01 5.179530009627342224e-02
7.339648008346557617e-01 5.355003103613853455e-02
7.271599173545837402e-01 5.445264652371406555e-02
7.164354920387268066e-01 5.583121255040168762e-02
7.098382711410522461e-01 5.665249750018119812e-02
6.977559924125671387e-01 5.810337513685226440e-02
6.879349946975708008e-01 5.923194810748100281e-02
6.722531318664550781e-01 6.093937158584594727e-02
6.665781736373901367e-01 6.152854487299919128e-02
6.554621458053588867e-01 6.263857334852218628e-02
6.500088572502136230e-01 6.316183507442474365e-02
6.358844041824340820e-01 6.445214897394180298e-02
6.285384893417358398e-01 6.508634239435195923e-02
6.130395531654357910e-01 6.634223461151123047e-02
6.031676530838012695e-01 6.708448380231857300e-02
5.974745750427246094e-01 6.749230623245239258e-02
5.879655480384826660e-01 6.814070045948028564e-02
5.740906000137329102e-01 6.901384890079498291e-02
5.607285499572753906e-01 6.977375596761703491e-02
5.455371141433715820e-01 7.054241001605987549e-02
5.377380251884460449e-01 7.089810073375701904e-02
5.185064077377319336e-01 7.166346907615661621e-02
5.112913846969604492e-01 7.190996408462524414e-02
4.917483329772949219e-01 7.246740162372589111e-02
4.887197315692901611e-01 7.253947108983993530e-02
4.657580256462097168e-01 7.296168059110641479e-02
4.565202891826629639e-01 7.306990027427673340e-02
4.436486363410949707e-01 7.316195219755172729e-02
4.393211305141448975e-01 7.317757606506347656e-02
4.283621609210968018e-01 7.318255305290222168e-02
4.175288677215576172e-01 7.313876599073410034e-02
3.755986690521240234e-01 7.251013815402984619e-02
3.690424859523773193e-01 7.234520465135574341e-02
3.653868734836578369e-01 7.224531471729278564e-02
3.549118041992187500e-01 7.192745804786682129e-02
3.409020006656646729e-01 7.142832130193710327e-02
3.294892609119415283e-01 7.095814496278762817e-02
3.243712186813354492e-01 7.072848826646804810e-02
3.174117505550384521e-01 7.039727270603179932e-02
3.021832406520843506e-01 6.959524005651473999e-02
2.950424849987030029e-01 6.918191164731979370e-02
2.872141897678375244e-01 6.870082765817642212e-02
2.761937975883483887e-01 6.797301769256591797e-02
2.659492492675781250e-01 6.724201887845993042e-02
2.463190108537673950e-01 6.568871438503265381e-02
2.392944544553756714e-01 6.508211046457290649e-02
2.279389053583145142e-01 6.404221802949905396e-02
2.169682830572128296e-01 6.296509504318237305e-02
2.082955390214920044e-01 6.206079199910163879e-02
1.954178512096405029e-01 6.062732636928558350e-02
1.756889224052429199e-01 5.820436775684356689e-02
1.678399890661239624e-01 5.715760216116905212e-02
1.597442477941513062e-01 5.602448806166648865e-02
1.452514827251434326e-01 5.384990945458412170e-02
1.299086809158325195e-01 5.132145062088966370e-02
1.200589910149574280e-01 4.956030473113059998e-02
8.698453009128570557e-02 4.267899319529533386e-02
7.420477271080017090e-02 3.952040895819664001e-02
6.870085000991821289e-02 3.805213421583175659e-02
3.982533887028694153e-02 2.894350886344909668e-02
3.172871842980384827e-02 2.581796422600746155e-02
2.105463668704032898e-02 2.111807093024253845e-02
1.589165069162845612e-02 1.852681674063205719e-02
1.157965976744890213e-02 1.614430919289588928e-02
6.617336533963680267e-03 1.306497678160667419e-02
2.217246918007731438e-03 9.876837953925132751e-03
9.638636402087286115e-05 8.091935887932777405e-03
-4.804726224392652512e-03 2.393817761912941933e-03
-5.747921299189329147e-03 2.954582450911402702e-04
-6.060807965695858002e-03 -1.201935694552958012e-03
-6.058732978999614716e-03 -2.386078005656599998e-03
-5.792741663753986359e-03 -3.594268113374710083e-03
-5.371768493205308914e-03 -4.537319298833608627e-03
-4.181864671409130096e-03 -6.102820392698049545e-03
-2.763018943369388580e-03 -7.307876367121934891e-03
2.602610969915986061e-03 -1.002778485417366028e-02
8.741376921534538269e-03 -1.191995479166507721e-02
1.263495907187461853e-02 -1.283987425267696381e-02
2.047206647694110870e-02 -1.435177586972713470e-02
3.170219436287879944e-02 -1.609954237937927246e-02
5.342033877968788147e-02 -1.891028322279453278e-02
5.871030688285827637e-02 -1.954252086579799652e-02
7.216306030750274658e-02 -2.110072970390319824e-02
8.064337819814682007e-02 -2.205362357199192047e-02
9.388123452663421631e-02 -2.349963411688804626e-02
9.787368774414062500e-02 -2.392546646296977997e-02
1.239490061998367310e-01 -2.657122164964675903e-02
1.328546255826950073e-01 -2.741303667426109314e-02
1.516068875789642334e-01 -2.906516566872596741e-02
1.604924798011779785e-01 -2.978632412850856781e-02
1.708768606185913086e-01 -3.057583048939704895e-02
1.872916817665100098e-01 -3.170253336429595947e-02
1.950093358755111694e-01 -3.217992559075355530e-02
2.056165933609008789e-01 -3.278110176324844360e-02
2.186254858970642090e-01 -3.343184292316436768e-02
2.266798317432403564e-01 -3.378752619028091431e-02
2.437182217836380005e-01 -3.442360088229179382e-02
2.529428303241729736e-01 -3.470382094383239746e-02
2.601418197154998779e-01 -3.489216044545173645e-02
2.667986750602722168e-01 -3.504319489002227783e-02
2.748631834983825684e-01 -3.519711643457412720e-02
2.953689098358154297e-01 -3.545099124312400818e-02
3.023667633533477783e-01 -3.549438342452049255e-02
3.092720210552215576e-01 -3.551656007766723633e-02
3.148057758808135986e-01 -3.551987558603286743e-02
3.598110675811767578e-01 -3.510272502899169922e-02
3.743569552898406982e-01 -3.481146693229675293e-02
3.826919496059417725e-01 -3.461263328790664673e-02
3.889610767364501953e-01 -3.444817289710044861e-02
4.025447666645050049e-01 -3.404892608523368835e-02
4.058176577091217041e-01 -3.394410014152526855e-02
4.143736064434051514e-01 -3.365451097488403320e-02
4.285914599895477295e-01 -3.312411904335021973e-02
4.360632300376892090e-01 -3.282105922698974609e-02
4.624841213226318359e-01 -3.161586448550224304e-02
4.738182127475738525e-01 -3.103470988571643829e-02
4.809822738170623779e-01 -3.064718842506408691e-02
4.894097447395324707e-01 -3.017097711563110352e-02
4.924502372741699219e-01 -2.999369800090789795e-02
5.020672678947448730e-01 -2.941353432834148407e-02
5.090984106063842773e-01 -2.897033281624317169e-02
5.197687745094299316e-01 -2.826612256467342377e-02
5.565986037254333496e-01 -2.552269399166107178e-02
5.654236078262329102e-01 -2.478798292577266693e-02
5.697590708732604980e-01 -2.441538311541080475e-02
5.827039480209350586e-01 -2.325595542788505554e-02
5.930295586585998535e-01 -2.227942645549774170e-02
6.018171310424804688e-01 -2.141143567860126495e-02
6.115850210189819336e-01 -2.040647156536579132e-02
6.156675219535827637e-01 -1.997394300997257233e-02
6.252580881118774414e-01 -1.892914623022079468e-02
6.459714770317077637e-01 -1.654081046581268311e-02
6.538010835647583008e-01 -1.559459976851940155e-02
6.579294800758361816e-01 -1.508698891848325729e-02
6.661015152931213379e-01 -1.406600512564182281e-02
6.783962249755859375e-01 -1.249453052878379822e-02
6.845766901969909668e-01 -1.169134210795164108e-02
6.923391819000244141e-01 -1.067290548235177994e-02
7.082889676094055176e-01 -8.558930829167366028e-03
7.394204735755920410e-01 -4.442512989044189453e-03
7.476903796195983887e-01 -3.371963510289788246e-03
7.593466639518737793e-01 -1.892655040137469769e-03
7.700998783111572266e-01 -5.666256183758378029e-04
7.809054851531982422e-01 7.203997811302542686e-04
8.001075983047485352e-01 2.871017903089523315e-03
8.141059279441833496e-01 4.307654220610857010e-03
8.238743543624877930e-01 5.233955103904008865e-03
8.386212587356567383e-01 6.497285328805446625e-03
8.519842028617858887e-01 7.482791785150766373e-03
8.673248887062072754e-01 8.397016674280166626e-03
8.737530112266540527e-01 8.701534010469913483e-03
8.828868269920349121e-01 9.043851867318153381e-03
8.865070939064025879e-01 9.147603064775466919e-03
9.087120294570922852e-01 9.311246685683727264e-03
9.125535488128662109e-01 9.242211468517780304e-03
9.176231026649475098e-01 9.097923524677753448e-03
9.219144582748413086e-01 8.923810906708240509e-03
9.264073371887207031e-01 8.684761822223663330e-03
9.304525256156921387e-01 8.414315059781074524e-03
9.403239488601684570e-01 7.494269870221614838e-03
9.489028453826904297e-01 6.317228078842163086e-03
9.552839398384094238e-01 5.142391193658113480e-03
9.660348296165466309e-01 2.404031110927462578e-03
9.668213725090026855e-01 2.161997836083173752e-03
9.681301712989807129e-01 1.747262896969914436e-03
