9.637121558189392090e-01 4.061947111040353775e-03
9.632891416549682617e-01 4.305529408156871796e-03
9.614948034286499023e-01 5.258775316178798676e-03
9.537317752838134766e-01 8.647054433822631836e-03
9.367476105690002441e-01 1.459785085171461105e-02
9.249622821807861328e-01 1.825720258057117462e-02
9.083420634269714355e-01 2.309402264654636383e-02
9.017740488052368164e-01 2.493500709533691406e-02
8.853159546852111816e-01 2.942634187638759613e-02
8.787327408790588379e-01 3.118420392274856567e-02
8.572764396667480469e-01 3.680136427283287048e-02
8.513445854187011719e-01 3.832967951893806458e-02
8.397385478019714355e-01 4.129488393664360046e-02
8.288736939430236816e-01 4.404425621032714844e-02
8.162062764167785645e-01 4.722096771001815796e-02
8.094282150268554688e-01 4.890870675444602966e-02
8.007488250732421875e-01 5.105832591652870178e-02
7.840546965599060059e-01 5.515564978122711182e-02
7.710127234458923340e-01 5.832112208008766174e-02
7.616202235221862793e-01 6.058002635836601257e-02
7.402315735816955566e-01 6.565154343843460083e-02
7.314534783363342285e-01 6.770040094852447510e-02
7.129676938056945801e-01 7.194373011589050293e-02
7.044267654418945312e-01 7.386832684278488159e-02
6.924158334732055664e-01 7.653213292360305786e-02
6.871276497840881348e-01 7.768811285495758057e-02
6.691261529922485352e-01 8.153944462537765503e-02
6.610866785049438477e-01 8.321476727724075317e-02
6.549202203750610352e-01 8.447986096143722534e-02
6.443526148796081543e-01 8.660577237606048584e-02
6.340456604957580566e-01 8.862558752298355103e-02
6.269094347953796387e-01 8.999151736497879028e-02
6.039751172065734863e-01 9.419080615043640137e-02
5.992141962051391602e-01 9.502431750297546387e-02
5.846741795539855957e-01 9.748431295156478882e-02
5.802640914916992188e-01 9.820428490638732910e-02
5.712505578994750977e-01 9.963677823543548584e-02
5.647953152656555176e-01 1.006298735737800598e-01
5.473322272300720215e-01 1.031747981905937195e-01
5.407447218894958496e-01 1.040796190500259399e-01
5.317929387092590332e-01 1.052594408392906189e-01
5.216917991638183594e-01 1.065205410122871399e-01
5.071660876274108887e-01 1.082002446055412292e-01
4.972681105136871338e-01 1.092522367835044861e-01
4.842041134834289551e-01 1.105229780077934265e-01
4.772272706031799316e-01 1.111457124352455139e-01
4.651965498924255371e-01 1.121262833476066589e-01
4.573386907577514648e-01 1.127020493149757385e-01
4.483255445957183838e-01 1.132983788847923279e-01
4.375040531158447266e-01 1.139226183295249939e-01
4.194889366626739502e-01 1.147350892424583435e-01
4.057418704032897949e-01 1.151600107550621033e-01
3.959884345531463623e-01 1.153567880392074585e-01
3.894291818141937256e-01 1.154394745826721191e-01
3.832166492938995361e-01 1.154805421829223633e-01
3.764790296554565430e-01 1.154836267232894897e-01
3.702374994754791260e-01 1.154475957155227661e-01
3.616577088832855225e-01 1.153363063931465149e-01
3.452742695808410645e-01 1.149215772747993469e-01
3.366274237632751465e-01 1.145935133099555969e-01
3.303969502449035645e-01 1.143095120787620544e-01
3.226863443851470947e-01 1.139019280672073364e-01
3.077872395515441895e-01 1.129352897405624390e-01
2.974874377250671387e-01 1.121258959174156189e-01
2.820776998996734619e-01 1.106929555535316467e-01
2.767011523246765137e-01 1.101288050413131714e-01
2.664328515529632568e-01 1.089566349983215332e-01
2.601095438003540039e-01 1.081717535853385925e-01
2.514930069446563721e-01 1.070229336619377136e-01
2.394009381532669067e-01 1.052523106336593628e-01
2.314299196004867554e-01 1.039807647466659546e-01
2.181973755359649658e-01 1.016796007752418518e-01
2.025812566280364990e-01 9.864365309476852417e-02
1.890377402305603027e-01 9.571243822574615479e-02
1.830506771802902222e-01 9.432339668273925781e-02
1.758326739072799683e-01 9.256912767887115479e-02
1.644686013460159302e-01 8.962257951498031616e-02
1.504933685064315796e-01 8.566795289516448975e-02
1.406983435153961182e-01 8.266066759824752808e-02
1.289493292570114136e-01 7.877358794212341309e-02
1.227330639958381653e-01 7.658366113901138306e-02
1.073270291090011597e-01 7.071517407894134521e-02
9.092493355274200439e-02 6.367691606283187866e-02
8.074381202459335327e-02 5.882354080677032471e-02
7.324150204658508301e-02 5.496977642178535461e-02
6.778667122125625610e-02 5.200125277042388916e-02
6.342755258083343506e-02 4.951778799295425415e-02
5.130783841013908386e-02 4.201367869973182678e-02
4.506869986653327942e-02 3.774293884634971619e-02
3.856791183352470398e-02 3.292458131909370422e-02
3.313419222831726074e-02 2.853958681225776672e-02
2.764135040342807770e-02 2.367116138339042664e-02
2.317597717046737671e-02 1.925651729106903076e-02
2.110486105084419250e-02 1.700581051409244537e-02
1.805320195853710175e-02 1.332073379307985306e-02
1.656790822744369507e-02 1.127689890563488007e-02
1.531797554343938828e-02 9.337227791547775269e-03
1.343242358416318893e-02 5.572984926402568817e-03
1.253769639879465103e-02 2.182340715080499649e-03
1.247370988130569458e-02 1.433010213077068329e-03
1.256752945482730865e-02 -3.649582213256508112e-04
1.329402159899473190e-02 -2.622659318149089813e-03
1.512103434652090073e-02 -5.069024860858917236e-03
1.738870143890380859e-02 -6.838560104370117188e-03
2.141179144382476807e-02 -8.865397423505783081e-03
3.021449968218803406e-02 -1.146304886788129807e-02
3.618596494197845459e-02 -1.257856842130422592e-02
4.438779875636100769e-02 -1.366246119141578674e-02
5.443310365080833435e-02 -1.453984715044498444e-02
5.943376198410987854e-02 -1.484594587236642838e-02
6.754979491233825684e-02 -1.520229037851095200e-02
7.495850324630737305e-02 -1.540352031588554382e-02
8.076687157154083252e-02 -1.549261249601840973e-02
9.791709482669830322e-02 -1.547475531697273254e-02
1.154167279601097107e-01 -1.512517128139734268e-02
1.330726146697998047e-01 -1.452649291604757309e-02
1.483260840177536011e-01 -1.386142522096633911e-02
1.549413800239562988e-01 -1.353928726166486740e-02
1.682639122009277344e-01 -1.284037716686725616e-02
1.711846143007278442e-01 -1.267936360090970993e-02
1.977959424257278442e-01 -1.111363619565963745e-02
2.035448402166366577e-01 -1.075695920735597610e-02
2.076221108436584473e-01 -1.050097122788429260e-02
2.184646129608154297e-01 -9.809918701648712158e-03
2.354106307029724121e-01 -8.707104250788688660e-03
2.464943379163742065e-01 -7.975913584232330322e-03
2.588938772678375244e-01 -7.152908015996217728e-03
2.640231847763061523e-01 -6.811729166656732559e-03
2.726525068283081055e-01 -6.237661466002464294e-03
2.793673872947692871e-01 -5.791431758552789688e-03
2.965095043182373047e-01 -4.657385870814323425e-03
3.070090711116790771e-01 -3.968574572354555130e-03
3.221519291400909424e-01 -2.986196428537368774e-03
3.284583985805511475e-01 -2.581705804914236069e-03
3.391837179660797119e-01 -1.901075593195855618e-03
3.498854339122772217e-01 -1.232121372595429420e-03
3.682929575443267822e-01 -1.086285701603628695e-04
3.738432228565216064e-01 2.226889919256791472e-04
3.814346492290496826e-01 6.697786157019436359e-04
4.001526832580566406e-01 1.739928382448852062e-03
4.090248048305511475e-01 2.229852136224508286e-03
4.168862402439117432e-01 2.653969451785087585e-03
4.332662522792816162e-01 3.505503991618752480e-03
4.406046271324157715e-01 3.872086992487311363e-03
4.544229805469512939e-01 4.535668995231389999e-03
4.583791196346282959e-01 4.718964453786611557e-03
4.664215445518493652e-01 5.082030780613422394e-03
4.800219535827636719e-01 5.665789358317852020e-03
4.870120286941528320e-01 5.950458347797393799e-03
5.074676275253295898e-01 6.720446981489658356e-03
5.131824612617492676e-01 6.918151862919330597e-03
5.226268768310546875e-01 7.227640599012374878e-03
5.423652529716491699e-01 7.803311571478843689e-03
5.475884079933166504e-01 7.939224131405353546e-03
5.583294630050659180e-01 8.196825161576271057e-03
5.660970807075500488e-01 8.364698849618434906e-03
5.771756768226623535e-01 8.577388711273670197e-03
5.826386809349060059e-01 8.670744486153125763e-03
5.966497659683227539e-01 8.875772356986999512e-03
6.018305420875549316e-01 8.939213119447231293e-03
6.118193268775939941e-01 9.043054655194282532e-03
6.305127143859863281e-01 9.173950180411338806e-03
6.427444219589233398e-01 9.216735139489173889e-03
6.452178359031677246e-01 9.221423417329788208e-03
6.587860584259033203e-01 9.224280714988708496e-03
6.680053472518920898e-01 9.204879403114318848e-03
6.835058331489562988e-01 9.135297499597072601e-03
6.968221068382263184e-01 9.040333330631256104e-03
7.041986584663391113e-01 8.974364958703517914e-03
7.112486362457275391e-01 8.902708068490028381e-03
7.295649647712707520e-01 8.678555488586425781e-03
7.436042428016662598e-01 8.470905013382434845e-03
7.577827572822570801e-01 8.230619132518768311e-03
7.642138600349426270e-01 8.111649192869663239e-03
7.811901569366455078e-01 7.767843548208475113e-03
7.953525781631469727e-01 7.447783835232257843e-03
8.025260567665100098e-01 7.273933384567499161e-03
8.145912885665893555e-01 6.963225547224283218e-03
8.310258984565734863e-01 6.501449737697839737e-03
8.385695815086364746e-01 6.273739971220493317e-03
8.534179925918579102e-01 5.794201511889696121e-03
8.583599328994750977e-01 5.624738056212663651e-03
8.712912201881408691e-01 5.155669990926980972e-03
8.776665925979614258e-01 4.909565206617116928e-03
8.922559618949890137e-01 4.304131027311086655e-03
8.971258997917175293e-01 4.087284207344055176e-03
9.152168035507202148e-01 3.202090505510568619e-03
9.323812127113342285e-01 2.208135090768337250e-03
9.467869997024536133e-01 1.195912249386310577e-03
9.591917991638183594e-01 1.179912142106331885e-04
9.633527994155883789e-01 -3.001295553985983133e-04
9.644798040390014648e-01 -4.183393029961735010e-04
