9.640209078788757324e-01 5.885914899408817291e-03
9.635550379753112793e-01 6.187879014760255814e-03
9.613925218582153320e-01 7.471822667866945267e-03
9.554119706153869629e-01 1.041573286056518555e-02
9.396516680717468262e-01 1.638002879917621613e-02
9.273629188537597656e-01 2.023082226514816284e-02
9.228451848030090332e-01 2.154490537941455841e-02
9.193220734596252441e-01 2.254007384181022644e-02
9.119365215301513672e-01 2.455379068851470947e-02
9.031349420547485352e-01 2.684532664716243744e-02
8.914033174514770508e-01 2.975013665854930878e-02
8.854361772537231445e-01 3.117202781140804291e-02
8.705990910530090332e-01 3.456937521696090698e-02
8.561956286430358887e-01 3.770337998867034912e-02
8.417975306510925293e-01 4.069516062736511230e-02
8.370613455772399902e-01 4.165077209472656250e-02
8.258951902389526367e-01 4.385080188512802124e-02
8.198792934417724609e-01 4.500593990087509155e-02
8.126947879791259766e-01 4.635879397392272949e-02
8.099723458290100098e-01 4.686390608549118042e-02
7.978256344795227051e-01 4.906775057315826416e-02
7.846412658691406250e-01 5.136868357658386230e-02
7.688170671463012695e-01 5.400580167770385742e-02
7.641704678535461426e-01 5.475432798266410828e-02
7.493041753768920898e-01 5.706986412405967712e-02
7.394847273826599121e-01 5.853249132633209229e-02
7.293091416358947754e-01 5.999151989817619324e-02
7.199436426162719727e-01 6.128287315368652344e-02
7.058492898941040039e-01 6.313219666481018066e-02
6.993997097015380859e-01 6.394035369157791138e-02
6.806784272193908691e-01 6.614913046360015869e-02
6.763889193534851074e-01 6.662628054618835449e-02
6.675982475280761719e-01 6.757020950317382812e-02
6.591894030570983887e-01 6.843023747205734253e-02
6.538047194480895996e-01 6.895885616540908813e-02
6.452756524085998535e-01 6.976081430912017822e-02
6.322242617607116699e-01 7.090377062559127808e-02
6.246412396430969238e-01 7.152105122804641724e-02
6.156303286552429199e-01 7.220979779958724976e-02
5.910144448280334473e-01 7.384452968835830688e-02
5.717182755470275879e-01 7.487505674362182617e-02
5.671156644821166992e-01 7.508860528469085693e-02
5.526800155639648438e-01 7.567857205867767334e-02
5.483187437057495117e-01 7.583315670490264893e-02
5.256984233856201172e-01 7.646134495735168457e-02
5.111497044563293457e-01 7.671395689249038696e-02
5.031614303588867188e-01 7.680318504571914673e-02
4.905401468276977539e-01 7.687375694513320923e-02
4.796440005302429199e-01 7.686640322208404541e-02
4.627916514873504639e-01 7.673280686140060425e-02
4.490930736064910889e-01 7.651717960834503174e-02
4.462810456752777100e-01 7.646126300096511841e-02
4.361988306045532227e-01 7.622855156660079956e-02
4.214309453964233398e-01 7.579813897609710693e-02
4.182162284851074219e-01 7.569056004285812378e-02
4.042936265468597412e-01 7.516831159591674805e-02
3.891970217227935791e-01 7.450041174888610840e-02
3.755383491516113281e-01 7.380704581737518311e-02
3.680798113346099854e-01 7.339335978031158447e-02
3.595838546752929688e-01 7.289239764213562012e-02
3.513698279857635498e-01 7.237825542688369751e-02
3.419992625713348389e-01 7.175635546445846558e-02
3.225497603416442871e-01 7.034691423177719116e-02
3.084335029125213623e-01 6.922498345375061035e-02
3.059678375720977783e-01 6.902055442333221436e-02
2.941103875637054443e-01 6.800238788127899170e-02
2.818353772163391113e-01 6.688730418682098389e-02
2.746401727199554443e-01 6.620476394891738892e-02
2.567796111106872559e-01 6.441740691661834717e-02
2.493529766798019409e-01 6.363464891910552979e-02
2.440610080957412720e-01 6.306247413158416748e-02
2.252092063426971436e-01 6.092435866594314575e-02
2.185339480638504028e-01 6.012873351573944092e-02
2.136627733707427979e-01 5.953495204448699951e-02
2.076003998517990112e-01 5.878004059195518494e-02
2.035043835639953613e-01 5.825973674654960632e-02
1.885910183191299438e-01 5.629220977425575256e-02
1.773317605257034302e-01 5.472576618194580078e-02
1.659599393606185913e-01 5.306595191359519958e-02
1.510901451110839844e-01 5.076387897133827209e-02
1.354224234819412231e-01 4.815080389380455017e-02
1.212218925356864929e-01 4.558213055133819580e-02
1.124890595674514771e-01 4.388876259326934814e-02
9.554255008697509766e-02 4.029387608170509338e-02
8.882583677768707275e-02 3.873096778988838196e-02
8.405619859695434570e-02 3.756352886557579041e-02
6.311174482107162476e-02 3.169979900121688843e-02
5.071043223142623901e-02 2.742164395749568939e-02
4.427918791770935059e-02 2.484598942101001740e-02
3.840435296297073364e-02 2.219935879111289978e-02
3.545355796813964844e-02 2.073596790432929993e-02
2.450185455381870270e-02 1.412356458604335785e-02
2.131571434438228607e-02 1.164318434894084930e-02
1.673849672079086304e-02 7.153972983360290527e-03
1.484840176999568939e-02 4.651196766644716263e-03
1.427989732474088669e-02 3.737427992746233940e-03
1.275035459548234940e-02 2.539192792028188705e-04
1.251500565558671951e-02 -7.374106207862496376e-04
1.234536804258823395e-02 -2.357221674174070358e-03
1.261817198246717453e-02 -4.620571620762348175e-03
1.385334320366382599e-02 -7.223009597510099411e-03
1.656197756528854370e-02 -9.883824735879898071e-03
1.929925568401813507e-02 -1.150671299546957016e-02
2.294238843023777008e-02 -1.299550011754035950e-02
2.688816562294960022e-02 -1.414408627897500992e-02
3.845730796456336975e-02 -1.616583205759525299e-02
4.608174040913581848e-02 -1.693307049572467804e-02
6.917944550514221191e-02 -1.811698079109191895e-02
7.847197353839874268e-02 -1.835187338292598724e-02
8.862406760454177856e-02 -1.852962933480739594e-02
1.000948175787925720e-01 -1.866622269153594971e-02
1.116682365536689758e-01 -1.875935681164264679e-02
1.214178651571273804e-01 -1.881429925560951233e-02
1.322709619998931885e-01 -1.885721646249294281e-02
1.389902085065841675e-01 -1.887604407966136932e-02
1.478839218616485596e-01 -1.889311522245407104e-02
1.553835570812225342e-01 -1.890110969543457031e-02
1.621398329734802246e-01 -1.890352740883827209e-02
1.718747466802597046e-01 -1.889914646744728088e-02
1.829210966825485229e-01 -1.888293772935867310e-02
1.863010227680206299e-01 -1.887556165456771851e-02
2.043771445751190186e-01 -1.881646551191806793e-02
2.114835828542709351e-01 -1.878407597541809082e-02
2.194951176643371582e-01 -1.874131336808204651e-02
2.249395251274108887e-01 -1.870849728584289551e-02
2.306960523128509521e-01 -1.867053098976612091e-02
2.526033222675323486e-01 -1.849623396992683411e-02
2.570349276065826416e-01 -1.845548301935195923e-02
2.740533351898193359e-01 -1.828324981033802032e-02
2.799135446548461914e-01 -1.821854896843433380e-02
2.931320369243621826e-01 -1.806356944143772125e-02
2.979129850864410400e-01 -1.800467632710933685e-02
3.098153769969940186e-01 -1.785234175622463226e-02
3.141300678253173828e-01 -1.779529638588428497e-02
3.298564255237579346e-01 -1.758053153753280640e-02
3.372157812118530273e-01 -1.747694611549377441e-02
3.544762134552001953e-01 -1.722852699458599091e-02
3.603649735450744629e-01 -1.714251935482025146e-02
3.732056915760040283e-01 -1.695370674133300781e-02
3.945075571537017822e-01 -1.663944311439990997e-02
4.003269970417022705e-01 -1.655386947095394135e-02
4.094937145709991455e-01 -1.641961373388767242e-02
4.116168022155761719e-01 -1.638863421976566315e-02
4.290184974670410156e-01 -1.613658666610717773e-02
4.411960840225219727e-01 -1.596227847039699554e-02
4.464750885963439941e-01 -1.588720083236694336e-02
4.605272412300109863e-01 -1.568841375410556793e-02
4.684917628765106201e-01 -1.557610370218753815e-02
4.869445860385894775e-01 -1.531487703323364258e-02
4.979456365108489990e-01 -1.515679433941841125e-02
5.035139322280883789e-01 -1.507554855197668076e-02
5.071437954902648926e-01 -1.502201147377490997e-02
5.287993550300598145e-01 -1.468919217586517334e-02
5.357212424278259277e-01 -1.457630936056375504e-02
5.490512251853942871e-01 -1.434677001088857651e-02
5.594668984413146973e-01 -1.415385771542787552e-02
5.802457332611083984e-01 -1.372375246137380600e-02
5.896268486976623535e-01 -1.350585464388132095e-02
5.962686538696289062e-01 -1.334131229668855667e-02
6.221442222595214844e-01 -1.260808017104864120e-02
6.470662355422973633e-01 -1.174417976289987564e-02
6.536466479301452637e-01 -1.148800086230039597e-02
6.613289713859558105e-01 -1.117363944649696350e-02
6.820676922798156738e-01 -1.024247054010629654e-02
6.905508041381835938e-01 -9.827335365116596222e-03
7.050594091415405273e-01 -9.073090739548206329e-03
7.169098258018493652e-01 -8.417802862823009491e-03
7.313433885574340820e-01 -7.576153613626956940e-03
7.395443916320800781e-01 -7.078692782670259476e-03
7.476733326911926270e-01 -6.573353428393602371e-03
7.622094750404357910e-01 -5.643499083817005157e-03
7.820938825607299805e-01 -4.330608062446117401e-03
7.897817492485046387e-01 -3.814938711002469063e-03
7.964460253715515137e-01 -3.366153920069336891e-03
8.071262836456298828e-01 -2.646415494382381439e-03
8.178297281265258789e-01 -1.928878948092460632e-03
8.575565218925476074e-01 5.988837801851332188e-04
8.612007498741149902e-01 8.111722418107092381e-04
8.698894977569580078e-01 1.296571455895900726e-03
8.780643939971923828e-01 1.721625914797186852e-03
8.866600990295410156e-01 2.127913758158683777e-03
8.899185061454772949e-01 2.269155578687787056e-03
9.027317166328430176e-01 2.741242526099085808e-03
9.073473811149597168e-01 2.872647251933813095e-03
9.199985265731811523e-01 3.096930216997861862e-03
9.228852391242980957e-01 3.114728955551981926e-03
9.329792261123657227e-01 3.053497290238738060e-03
9.411397576332092285e-01 2.832120284438133240e-03
9.540337920188903809e-01 2.070520771667361259e-03
9.588097333908081055e-01 1.641490031033754349e-03
9.614676833152770996e-01 1.370283192954957485e-03
9.628338813781738281e-01 1.223274040967226028e-03
