9.687607884407043457e-01 9.050603839568793774e-04
9.683789014816284180e-01 1.154243480414152145e-03
9.661480188369750977e-01 2.475307788699865341e-03
9.621556997299194336e-01 4.458158742636442184e-03
9.519886970520019531e-01 8.405069820582866669e-03
9.432504773139953613e-01 1.115559786558151245e-02
9.286829233169555664e-01 1.506022084504365921e-02
9.252349138259887695e-01 1.590001583099365234e-02
9.197307825088500977e-01 1.718989014625549316e-02
9.131715893745422363e-01 1.865638978779315948e-02
9.060822129249572754e-01 2.016796357929706573e-02
8.982311487197875977e-01 2.176614664494991302e-02
8.843331336975097656e-01 2.443214319646358490e-02
8.741939663887023926e-01 2.626624330878257751e-02
8.656433820724487305e-01 2.775058336555957794e-02
8.612463474273681641e-01 2.849352359771728516e-02
8.522747159004211426e-01 2.996967360377311707e-02
8.461264967918395996e-01 3.095228224992752075e-02
8.410372734069824219e-01 3.174875304102897644e-02
8.341842889785766602e-01 3.279814124107360840e-02
8.248752355575561523e-01 3.418306261301040649e-02
8.136019706726074219e-01 3.580076247453689575e-02
8.005936145782470703e-01 3.759060800075531006e-02
7.966320514678955078e-01 3.811985626816749573e-02
7.891402244567871094e-01 3.910104557871818542e-02
7.833366394042968750e-01 3.984367474913597107e-02
7.693603038787841797e-01 4.157053679227828979e-02
7.645968198776245117e-01 4.213946685194969177e-02
7.501379251480102539e-01 4.380572587251663208e-02
7.364288568496704102e-01 4.530178010463714600e-02
7.255115509033203125e-01 4.643484205007553101e-02
7.083833813667297363e-01 4.810776188969612122e-02
6.951579451560974121e-01 4.931127652525901794e-02
6.862915158271789551e-01 5.007474496960639954e-02
6.762105822563171387e-01 5.090023204684257507e-02
6.639623045921325684e-01 5.184184387326240540e-02
6.511923670768737793e-01 5.275160074234008789e-02
6.417365670204162598e-01 5.337773635983467102e-02
6.310402750968933105e-01 5.403731018304824829e-02
6.268464922904968262e-01 5.428180843591690063e-02
6.156360507011413574e-01 5.489656701683998108e-02
5.861061215400695801e-01 5.624803900718688965e-02
5.724157094955444336e-01 5.674540996551513672e-02
5.638502836227416992e-01 5.701600387692451477e-02
5.422543883323669434e-01 5.756346136331558228e-02
5.329579114913940430e-01 5.774139612913131714e-02
5.183041691780090332e-01 5.795398727059364319e-02
5.134312510490417480e-01 5.800676345825195312e-02
4.962430894374847412e-01 5.812401324510574341e-02
4.832697212696075439e-01 5.814403668045997620e-02
4.614520967006683350e-01 5.805242061614990234e-02
4.577360451221466064e-01 5.802183970808982849e-02
4.490565061569213867e-01 5.793417990207672119e-02
4.374339878559112549e-01 5.778216943144798279e-02
4.230938553810119629e-01 5.754232406616210938e-02
4.188360571861267090e-01 5.746041983366012573e-02
4.072714447975158691e-01 5.721414089202880859e-02
3.924259841442108154e-01 5.684893205761909485e-02
3.742648363113403320e-01 5.633113160729408264e-02
3.682055473327636719e-01 5.614174529910087585e-02
3.640569448471069336e-01 5.600744858384132385e-02
3.516608774662017822e-01 5.558412894606590271e-02
3.270181715488433838e-01 5.464816838502883911e-02
3.133584260940551758e-01 5.407702550292015076e-02
3.086432814598083496e-01 5.387134477496147156e-02
2.962261140346527100e-01 5.330884084105491638e-02
2.637316286563873291e-01 5.169095098972320557e-02
2.522368431091308594e-01 5.106536671519279480e-02
2.441843599081039429e-01 5.060920491814613342e-02
2.400999218225479126e-01 5.037188902497291565e-02
2.207172214984893799e-01 4.918666556477546692e-02
2.141324132680892944e-01 4.875976964831352234e-02
2.075349986553192139e-01 4.831834509968757629e-02
1.960649639368057251e-01 4.751504212617874146e-02
1.829990893602371216e-01 4.653701186180114746e-02
1.661707162857055664e-01 4.515841975808143616e-02
1.501302570104598999e-01 4.368844255805015564e-02
1.435065120458602905e-01 4.302708059549331665e-02
1.372458040714263916e-01 4.236783832311630249e-02
1.195962727069854736e-01 4.029689356684684753e-02
1.093628033995628357e-01 3.892067819833755493e-02
8.754089474678039551e-02 3.540461510419845581e-02
7.489634305238723755e-02 3.288792073726654053e-02
6.070155650377273560e-02 2.948865480720996857e-02
5.822018533945083618e-02 2.881827764213085175e-02
4.867681115865707397e-02 2.598275616765022278e-02
3.978575393557548523e-02 2.289990149438381195e-02
3.371150046586990356e-02 2.048067003488540649e-02
2.745686098933219910e-02 1.763963513076305389e-02
2.261233702301979065e-02 1.510819047689437866e-02
2.002276293933391571e-02 1.359120570123195648e-02
1.493707578629255295e-02 1.008938904851675034e-02
9.180843830108642578e-03 3.649490419775247574e-03
8.637490682303905487e-03 2.040893537923693657e-03
8.536264300346374512e-03 6.504393531940877438e-04
9.081124328076839447e-03 -1.311572967097163200e-03
9.555802680552005768e-03 -2.088940236717462540e-03
1.007543131709098816e-02 -2.732807304710149765e-03
1.032589096575975418e-02 -2.998860552906990051e-03
1.356506347656250000e-02 -5.344200413674116135e-03
1.619161665439605713e-02 -6.602087058126926422e-03
2.429180964827537537e-02 -9.256428107619285583e-03
2.746013551950454712e-02 -1.004210021346807480e-02
3.353728353977203369e-02 -1.133425999432802200e-02
3.807988762855529785e-02 -1.216972246766090393e-02
4.478297382593154907e-02 -1.325922273099422455e-02
5.615104362368583679e-02 -1.482960302382707596e-02
6.669538468122482300e-02 -1.606178469955921173e-02
7.985930889844894409e-02 -1.737290620803833008e-02
1.010363399982452393e-01 -1.906738243997097015e-02
1.079331859946250916e-01 -1.952589489519596100e-02
1.154002398252487183e-01 -1.997629739344120026e-02
1.226852312684059143e-01 -2.037235721945762634e-02
1.343482881784439087e-01 -2.092330716550350189e-02
1.463490724563598633e-01 -2.139127999544143677e-02
1.556509286165237427e-01 -2.169024758040904999e-02
1.713903546333312988e-01 -2.207972668111324310e-02
1.775071173906326294e-01 -2.219431661069393158e-02
1.878499686717987061e-01 -2.234458923339843750e-02
2.042176425457000732e-01 -2.247853204607963562e-02
2.136280089616775513e-01 -2.250238694250583649e-02
2.214415222406387329e-01 -2.249485626816749573e-02
2.370504438877105713e-01 -2.241078391671180725e-02
2.499323636293411255e-01 -2.227748557925224304e-02
2.576003372669219971e-01 -2.217284403741359711e-02
2.596202492713928223e-01 -2.214230410754680634e-02
2.710169851779937744e-01 -2.194770611822605133e-02
2.829824090003967285e-01 -2.170500718057155609e-02
2.989659607410430908e-01 -2.132466807961463928e-02
3.202521204948425293e-01 -2.072901651263237000e-02
3.250414133071899414e-01 -2.058227360248565674e-02
3.296442925930023193e-01 -2.043711952865123749e-02
3.513130545616149902e-01 -1.970351487398147583e-02
3.699536025524139404e-01 -1.901251450181007385e-02
3.745951354503631592e-01 -1.883268728852272034e-02
3.787690401077270508e-01 -1.866851001977920532e-02
3.996112048625946045e-01 -1.781583018600940704e-02
4.040197432041168213e-01 -1.762890815734863281e-02
4.184893071651458740e-01 -1.700059883296489716e-02
4.238324463367462158e-01 -1.676315255463123322e-02
4.400370121002197266e-01 -1.602627150714397430e-02
4.653178155422210693e-01 -1.483025588095188141e-02
4.824012219905853271e-01 -1.399245392531156540e-02
5.029476881027221680e-01 -1.295458152890205383e-02
5.129567980766296387e-01 -1.243702229112386703e-02
5.236585140228271484e-01 -1.187475025653839111e-02
5.391661524772644043e-01 -1.104290410876274109e-02
5.572631359100341797e-01 -1.004455145448446274e-02
5.640094876289367676e-01 -9.664091281592845917e-03
5.735883712768554688e-01 -9.115507826209068298e-03
5.808979868888854980e-01 -8.689887821674346924e-03
5.870186686515808105e-01 -8.328557945787906647e-03
5.990588665008544922e-01 -7.603817153722047806e-03
6.033524274826049805e-01 -7.340662181377410889e-03
6.134288907051086426e-01 -6.712834816426038742e-03
6.264964938163757324e-01 -5.876179318875074387e-03
6.322786808013916016e-01 -5.497566889971494675e-03
6.405374407768249512e-01 -4.947631154209375381e-03
6.546036005020141602e-01 -3.986154217272996902e-03
6.673461794853210449e-01 -3.088854020461440086e-03
6.761518716812133789e-01 -2.455201465636491776e-03
7.044342756271362305e-01 -3.607971302699297667e-04
7.155626416206359863e-01 4.785336786881089211e-04
7.298952937126159668e-01 1.560551347211003304e-03
7.433462738990783691e-01 2.566545968875288963e-03
7.554463744163513184e-01 3.453803714364767075e-03
7.697167992591857910e-01 4.465751349925994873e-03
7.739206552505493164e-01 4.754590801894664764e-03
7.941028475761413574e-01 6.064634770154953003e-03
8.004597425460815430e-01 6.445847917348146439e-03
8.067639470100402832e-01 6.806343793869018555e-03
8.160753250122070312e-01 7.303305901587009430e-03
8.227692246437072754e-01 7.631665095686912537e-03
8.296273350715637207e-01 7.940421812236309052e-03
8.372652530670166016e-01 8.248261176049709320e-03
8.422911763191223145e-01 8.428368717432022095e-03
8.587832450866699219e-01 8.877795189619064331e-03
8.649331331253051758e-01 8.982891216874122620e-03
8.806759119033813477e-01 9.068444371223449707e-03
8.855953216552734375e-01 9.033751673996448517e-03
8.937646150588989258e-01 8.901441469788551331e-03
8.988222479820251465e-01 8.767930790781974792e-03
9.088213443756103516e-01 8.370831608772277832e-03
9.168173074722290039e-01 7.905649021267890930e-03
9.215095639228820801e-01 7.561192847788333893e-03
9.259117245674133301e-01 7.183340378105640411e-03
9.412082433700561523e-01 5.361453630030155182e-03
9.543632268905639648e-01 2.920286031439900398e-03
9.588033556938171387e-01 1.840764656662940979e-03
9.649868607521057129e-01 6.422685692086815834e-05
9.669103622436523438e-01 -5.601037992164492607e-04
9.687413573265075684e-01 -1.187640591524541378e-03
