9.620775580406188965e-01 5.455823615193367004e-03
9.612553715705871582e-01 5.880345590412616730e-03
9.584912657737731934e-01 7.163726724684238434e-03
9.514052867889404297e-01 9.843691252171993256e-03
9.365562200546264648e-01 1.415471825748682022e-02
9.290210008621215820e-01 1.600227504968643188e-02
9.166121482849121094e-01 1.876095496118068695e-02
9.126799702644348145e-01 1.958024315536022186e-02
9.043029546737670898e-01 2.125742100179195404e-02
8.963689804077148438e-01 2.277417108416557312e-02
8.810623288154602051e-01 2.554499171674251556e-02
8.772084116935729980e-01 2.621572278439998627e-02
8.667910099029541016e-01 2.798307500779628754e-02
8.573035597801208496e-01 2.954107150435447693e-02
8.476480245590209961e-01 3.108229674398899078e-02
8.412203788757324219e-01 3.208573907613754272e-02
8.290309309959411621e-01 3.394328430294990540e-02
8.187204599380493164e-01 3.547156229615211487e-02
8.120779395103454590e-01 3.643654659390449524e-02
8.063177466392517090e-01 3.726139292120933533e-02
7.942107319831848145e-01 3.895983099937438965e-02
7.844218611717224121e-01 4.029896482825279236e-02
7.634790539741516113e-01 4.306328296661376953e-02
7.572638988494873047e-01 4.385714605450630188e-02
7.468063235282897949e-01 4.516512528061866760e-02
7.383821010589599609e-01 4.619308561086654663e-02
7.254563570022583008e-01 4.772458970546722412e-02
7.189877033233642578e-01 4.846970364451408386e-02
7.082777619361877441e-01 4.967117682099342346e-02
6.981412172317504883e-01 5.077040940523147583e-02
6.875328421592712402e-01 5.188006162643432617e-02
6.700099706649780273e-01 5.361866205930709839e-02
6.575968265533447266e-01 5.477665364742279053e-02
6.515654325485229492e-01 5.531673878431320190e-02
6.401757597923278809e-01 5.629566311836242676e-02
6.315315961837768555e-01 5.700239911675453186e-02
6.161706447601318359e-01 5.818020924925804138e-02
6.012148261070251465e-01 5.923019722104072571e-02
5.871610641479492188e-01 6.012960150837898254e-02
5.797696709632873535e-01 6.056884676218032837e-02
5.685194730758666992e-01 6.119293347001075745e-02
5.580139756202697754e-01 6.172767281532287598e-02
5.457633137702941895e-01 6.229339167475700378e-02
5.389825105667114258e-01 6.258010119199752808e-02
5.249335169792175293e-01 6.311516463756561279e-02
5.151471495628356934e-01 6.344172358512878418e-02
5.017545223236083984e-01 6.382852047681808472e-02
4.866273999214172363e-01 6.418398022651672363e-02
4.743673205375671387e-01 6.441040337085723877e-02
4.654304683208465576e-01 6.454150378704071045e-02
4.411641359329223633e-01 6.475750356912612915e-02
4.291405379772186279e-01 6.479097902774810791e-02
4.183338582515716553e-01 6.478068977594375610e-02
4.106254577636718750e-01 6.475041061639785767e-02
3.951492607593536377e-01 6.463301181793212891e-02
3.871009647846221924e-01 6.454256176948547363e-02
3.735009133815765381e-01 6.434462964534759521e-02
3.570840656757354736e-01 6.403128057718276978e-02
3.395430743694305420e-01 6.360744684934616089e-02
3.260424435138702393e-01 6.321883946657180786e-02
3.159514963626861572e-01 6.289285421371459961e-02
2.993392646312713623e-01 6.228937581181526184e-02
2.837068438529968262e-01 6.164422631263732910e-02
2.671574652194976807e-01 6.087708100676536560e-02
2.572351098060607910e-01 6.037412956357002258e-02
2.471661865711212158e-01 5.982942134141921997e-02
2.318849414587020874e-01 5.893363431096076965e-02
2.244063317775726318e-01 5.846332013607025146e-02
2.114413529634475708e-01 5.759499967098236084e-02
1.965183019638061523e-01 5.650615692138671875e-02
1.836254894733428955e-01 5.548077076673507690e-02
1.709196269512176514e-01 5.438477173447608948e-02
1.637964099645614624e-01 5.372947081923484802e-02
1.435415446758270264e-01 5.168274417519569397e-02
1.323003470897674561e-01 5.041179433465003967e-02
1.234361007809638977e-01 4.932967200875282288e-02
1.102037951350212097e-01 4.756203666329383850e-02
9.247680753469467163e-02 4.484480991959571838e-02
8.485927432775497437e-02 4.352583363652229309e-02
7.698208093643188477e-02 4.204548895359039307e-02
6.775412708520889282e-02 4.013415798544883728e-02
5.725661665201187134e-02 3.767652437090873718e-02
4.956217482686042786e-02 3.563778474926948547e-02
4.202347248792648315e-02 3.339695185422897339e-02
3.217393159866333008e-02 3.000305779278278351e-02
2.545541711151599884e-02 2.728886716067790985e-02
1.967884972691535950e-02 2.460584789514541626e-02
1.459198724478483200e-02 2.188524603843688965e-02
8.099026978015899658e-03 1.770303584635257721e-02
5.054194945842027664e-03 1.532514579594135284e-02
1.051395083777606487e-03 1.148116588592529297e-02
-1.776880351826548576e-03 7.738205604255199432e-03
-3.101951675489544868e-03 5.124348215758800507e-03
-3.772045252844691277e-03 2.884276444092392921e-03
-3.948778379708528519e-03 4.699479613918811083e-04
-3.708688775077462196e-03 -1.118345302529633045e-03
-2.823918126523494720e-03 -3.307248931378126144e-03
-2.024083863943815231e-03 -4.497880116105079651e-03
-1.407058327458798885e-03 -5.225169472396373749e-03
-1.864307414507493377e-04 -6.392042152583599091e-03
1.811312278732657433e-03 -7.856999523937702179e-03
4.636586178094148636e-03 -9.421490132808685303e-03
8.168274536728858948e-03 -1.091891340911388397e-02
1.091841142624616623e-02 -1.186968851834535599e-02
1.846620813012123108e-02 -1.391058322042226791e-02
2.406430616974830627e-02 -1.509082503616809845e-02
3.177779540419578552e-02 -1.643634214997291565e-02
4.621415212750434875e-02 -1.841527037322521210e-02
5.813578888773918152e-02 -1.971305161714553833e-02
7.458806782960891724e-02 -2.116900682449340820e-02
8.236898481845855713e-02 -2.175017073750495911e-02
9.071570634841918945e-02 -2.230756543576717377e-02
9.787742793560028076e-02 -2.273558638989925385e-02
1.118193045258522034e-01 -2.344628609716892242e-02
1.262601315975189209e-01 -2.402524836361408234e-02
1.372767239809036255e-01 -2.436764352023601532e-02
1.458400040864944458e-01 -2.457810565829277039e-02
1.536346822977066040e-01 -2.472937293350696564e-02
1.629869192838668823e-01 -2.486250922083854675e-02
1.727306246757507324e-01 -2.494776807725429535e-02
1.813450008630752563e-01 -2.498005330562591553e-02
1.914088726043701172e-01 -2.496931888163089752e-02
2.061055302619934082e-01 -2.486590668559074402e-02
2.150691151618957520e-01 -2.475523017346858978e-02
2.278990745544433594e-01 -2.453891932964324951e-02
2.353507578372955322e-01 -2.438405156135559082e-02
2.540599703788757324e-01 -2.390911430120468140e-02
2.659601867198944092e-01 -2.354889735579490662e-02
2.765035331249237061e-01 -2.319598570466041565e-02
2.905602455139160156e-01 -2.268105000257492065e-02
3.007238507270812988e-01 -2.228025905787944794e-02
3.106273710727691650e-01 -2.186911366879940033e-02
3.197770416736602783e-01 -2.147287689149379730e-02
3.263535797595977783e-01 -2.117917500436306000e-02
3.369268774986267090e-01 -2.069284580647945404e-02
3.440735340118408203e-01 -2.035512775182723999e-02
3.646359741687774658e-01 -1.934874244034290314e-02
3.699902296066284180e-01 -1.907938718795776367e-02
3.815373480319976807e-01 -1.848985254764556885e-02
3.971828818321228027e-01 -1.767513342201709747e-02
4.144993424415588379e-01 -1.675663515925407410e-02
4.258575439453125000e-01 -1.614685915410518646e-02
4.378771185874938965e-01 -1.549675036221742630e-02
4.478788673877716064e-01 -1.495275553315877914e-02
4.618037045001983643e-01 -1.419177465140819550e-02
4.677973985671997070e-01 -1.386313047260046005e-02
4.785395264625549316e-01 -1.327265705913305283e-02
4.928439855575561523e-01 -1.248353160917758942e-02
5.037775635719299316e-01 -1.187801733613014221e-02
5.221452713012695312e-01 -1.085503399372100830e-02
5.314035415649414062e-01 -1.033588312566280365e-02
5.403903126716613770e-01 -9.829084388911724091e-03
5.572761297225952148e-01 -8.867192082107067108e-03
5.703140497207641602e-01 -8.113760501146316528e-03
5.806424617767333984e-01 -7.508867885917425156e-03
5.924193859100341797e-01 -6.809186190366744995e-03
6.067696809768676758e-01 -5.940692499279975891e-03
6.158508658409118652e-01 -5.381402093917131424e-03
6.275333166122436523e-01 -4.650543443858623505e-03
6.392652392387390137e-01 -3.903840202838182449e-03
6.458943486213684082e-01 -3.476531710475683212e-03
6.557649374008178711e-01 -2.833632752299308777e-03
6.670637726783752441e-01 -2.089199377223849297e-03
6.751279830932617188e-01 -1.553387497551739216e-03
6.898340582847595215e-01 -5.700195906683802605e-04
7.087541222572326660e-01 6.976011791266500950e-04
7.201298475265502930e-01 1.454764278605580330e-03
7.387754917144775391e-01 2.675194991752505302e-03
7.492767572402954102e-01 3.345150034874677658e-03
7.602270841598510742e-01 4.025495611131191254e-03
7.750862240791320801e-01 4.911215510219335556e-03
7.899083495140075684e-01 5.741222761571407318e-03
8.003957271575927734e-01 6.289458367973566055e-03
8.092738986015319824e-01 6.724231410771608353e-03
8.212013840675354004e-01 7.260010112076997757e-03
8.305674791336059570e-01 7.636745925992727280e-03
8.427134752273559570e-01 8.059100247919559479e-03
8.521537184715270996e-01 8.328513242304325104e-03
8.663089871406555176e-01 8.619430474936962128e-03
8.741967082023620605e-01 8.713321760296821594e-03
8.844531178474426270e-01 8.749497123062610626e-03
8.895469903945922852e-01 8.726508356630802155e-03
9.027514457702636719e-01 8.516779169440269470e-03
9.090537428855895996e-01 8.326951414346694946e-03
9.158202409744262695e-01 8.045420981943607330e-03
9.219880700111389160e-01 7.707207929342985153e-03
9.288991689682006836e-01 7.218626793473958969e-03
9.374459981918334961e-01 6.417855620384216309e-03
9.469481110572814941e-01 5.196962505578994751e-03
9.579584598541259766e-01 3.185037057846784592e-03
9.612041115760803223e-01 2.438429975882172585e-03
9.637309312820434570e-01 1.803679973818361759e-03
