9.611901044845581055e-01 3.372450359165668488e-03
9.604719281196594238e-01 3.559308592230081558e-03
9.556006789207458496e-01 4.704189486801624298e-03
9.458404183387756348e-01 6.699151825159788132e-03
9.306838512420654297e-01 9.508772753179073334e-03
9.207848906517028809e-01 1.127026695758104324e-02
9.076216220855712891e-01 1.358200237154960632e-02
9.025977849960327148e-01 1.446215994656085968e-02
8.924305438995361328e-01 1.624756865203380585e-02
8.824842572212219238e-01 1.800620369613170624e-02
8.726137876510620117e-01 1.976905390620231628e-02
8.625299334526062012e-01 2.159276045858860016e-02
8.552591800689697266e-01 2.292416431009769440e-02
8.447981476783752441e-01 2.486628666520118713e-02
8.308827280998229980e-01 2.750271558761596680e-02
8.231406211853027344e-01 2.899733744561672211e-02
8.156881332397460938e-01 3.045553341507911682e-02
7.992435097694396973e-01 3.374271839857101440e-02
7.843778729438781738e-01 3.679763525724411011e-02
7.791453599929809570e-01 3.789164870977401733e-02
7.653955817222595215e-01 4.081206768751144409e-02
7.467086315155029297e-01 4.488198086619377136e-02
7.297464013099670410e-01 4.866746440529823303e-02
7.244257926940917969e-01 4.987078905105590820e-02
7.098530530929565430e-01 5.319968238472938538e-02
7.048600912094116211e-01 5.435000732541084290e-02
6.956631541252136230e-01 5.647954344749450684e-02
6.879901885986328125e-01 5.826484411954879761e-02
6.732811927795410156e-01 6.170136854052543640e-02
6.591240167617797852e-01 6.501479446887969971e-02
6.451617479324340820e-01 6.827433407306671143e-02
6.293171048164367676e-01 7.194556295871734619e-02
6.223554611206054688e-01 7.354421913623809814e-02
6.062997579574584961e-01 7.718530297279357910e-02
5.951167941093444824e-01 7.967451214790344238e-02
5.885810852050781250e-01 8.110821247100830078e-02
5.813984870910644531e-01 8.266398310661315918e-02
5.680125951766967773e-01 8.550164103507995605e-02
5.462001562118530273e-01 8.992888778448104858e-02
5.390177965164184570e-01 9.132686257362365723e-02
5.330541729927062988e-01 9.246308356523513794e-02
5.193899273872375488e-01 9.497816860675811768e-02
5.108101367950439453e-01 9.649097919464111328e-02
4.991138577461242676e-01 9.846581518650054932e-02
4.873450696468353271e-01 1.003457605838775635e-01
4.777793884277343750e-01 1.017907932400703430e-01
4.665550589561462402e-01 1.033873409032821655e-01
4.623609781265258789e-01 1.039556190371513367e-01
4.528145790100097656e-01 1.051900237798690796e-01
4.380551576614379883e-01 1.069316864013671875e-01
4.247588813304901123e-01 1.083205714821815491e-01
4.176599383354187012e-01 1.089897751808166504e-01
4.011445343494415283e-01 1.103452742099761963e-01
3.931993246078491211e-01 1.108942329883575439e-01
3.823917210102081299e-01 1.115303114056587219e-01
3.700916171073913574e-01 1.120951920747756958e-01
3.563686609268188477e-01 1.125198602676391602e-01
3.413194715976715088e-01 1.127288565039634705e-01
3.302367925643920898e-01 1.127061545848846436e-01
3.232780396938323975e-01 1.126135140657424927e-01
3.104078471660614014e-01 1.122795194387435913e-01
2.989260852336883545e-01 1.117993965744972229e-01
2.859189510345458984e-01 1.110426560044288635e-01
2.806790769100189209e-01 1.106725931167602539e-01
2.644551396369934082e-01 1.092834398150444031e-01
2.560473382472991943e-01 1.084156706929206848e-01
2.453145533800125122e-01 1.071573346853256226e-01
2.432394027709960938e-01 1.068942546844482422e-01
2.346527278423309326e-01 1.057362407445907593e-01
2.282580435276031494e-01 1.048002392053604126e-01
2.173947393894195557e-01 1.030629277229309082e-01
2.072201520204544067e-01 1.012634336948394775e-01
2.001962661743164062e-01 9.992131590843200684e-02
1.831236034631729126e-01 9.630668908357620239e-02
1.676702797412872314e-01 9.258437156677246094e-02
1.495501399040222168e-01 8.763720840215682983e-02
1.438663303852081299e-01 8.594800531864166260e-02
1.347535252571105957e-01 8.309506624937057495e-02
1.276879161596298218e-01 8.075516670942306519e-02
1.201215013861656189e-01 7.811933010816574097e-02
1.081457734107971191e-01 7.365508377552032471e-02
1.025769039988517761e-01 7.144899666309356689e-02
8.813665062189102173e-02 6.530604511499404907e-02
8.123525977134704590e-02 6.213437393307685852e-02
7.107704877853393555e-02 5.715276300907135010e-02
6.015451252460479736e-02 5.132236331701278687e-02
4.930583015084266663e-02 4.494981840252876282e-02
3.924620151519775391e-02 3.839121758937835693e-02
3.446092829108238220e-02 3.499485552310943604e-02
2.537638135254383087e-02 2.788838371634483337e-02
2.082867547869682312e-02 2.388830296695232391e-02
1.518945302814245224e-02 1.827798970043659210e-02
1.288340706378221512e-02 1.566060632467269897e-02
1.004668790847063065e-02 1.198769453912973404e-02
8.395405486226081848e-03 9.443536400794982910e-03
7.003538310527801514e-03 6.802162155508995056e-03
6.211488973349332809e-03 4.810635000467300415e-03
5.931040737777948380e-03 3.885631449520587921e-03
5.494816228747367859e-03 1.261580851860344410e-03
5.504114087671041489e-03 6.955372373340651393e-05
6.983650848269462585e-03 -4.131059627979993820e-03
7.956398651003837585e-03 -5.310532636940479279e-03
9.313523769378662109e-03 -6.518189795315265656e-03
1.192533317953348160e-02 -8.160027675330638885e-03
1.596369408071041107e-02 -9.863397106528282166e-03
2.046086639165878296e-02 -1.116921938955783844e-02
2.457480691373348236e-02 -1.205396372824907303e-02
3.432621806859970093e-02 -1.347172353416681290e-02
5.492341145873069763e-02 -1.485561300069093704e-02
6.925707310438156128e-02 -1.511596608906984329e-02
8.737847954034805298e-02 -1.491861511021852493e-02
1.000677049160003662e-01 -1.450383756309747696e-02
1.161655187606811523e-01 -1.370122283697128296e-02
1.321438848972320557e-01 -1.263411808758974075e-02
1.468172222375869751e-01 -1.144138630479574203e-02
1.618692874908447266e-01 -1.002613920718431473e-02
1.733804345130920410e-01 -8.824017830193042755e-03
1.946194916963577271e-01 -6.361883133649826050e-03
2.013079077005386353e-01 -5.527152214199304581e-03
2.072860449552536011e-01 -4.759173374623060226e-03
2.254567146301269531e-01 -2.309321425855159760e-03
2.512151598930358887e-01 1.414285972714424133e-03
2.583845853805541992e-01 2.492954721674323082e-03
2.728139162063598633e-01 4.707532469183206558e-03
2.882102727890014648e-01 7.121165283024311066e-03
3.086068630218505859e-01 1.037034671753644943e-02
3.271567523479461670e-01 1.334661804139614105e-02
3.367872536182403564e-01 1.489008963108062744e-02
3.460932970046997070e-01 1.637575589120388031e-02
3.561824560165405273e-01 1.797598041594028473e-02
3.613288700580596924e-01 1.878677122294902802e-02
3.788021802902221680e-01 2.150313369929790497e-02
3.864651918411254883e-01 2.267279103398323059e-02
4.002913832664489746e-01 2.474220469594001770e-02
4.112963974475860596e-01 2.634589374065399170e-02
4.197874665260314941e-01 2.755334228277206421e-02
4.257605373859405518e-01 2.838568016886711121e-02
4.318864643573760986e-01 2.922371774911880493e-02
4.408955276012420654e-01 3.042558580636978149e-02
4.512401223182678223e-01 3.175730630755424500e-02
4.581717252731323242e-01 3.261871635913848877e-02
4.660054743289947510e-01 3.356036916375160217e-02
4.772177338600158691e-01 3.484563902020454407e-02
4.871514737606048584e-01 3.591873496770858765e-02
4.937247037887573242e-01 3.659284487366676331e-02
5.012959837913513184e-01 3.733207285404205322e-02
5.072550177574157715e-01 3.788474947214126587e-02
5.131822824478149414e-01 3.840807452797889709e-02
5.240005254745483398e-01 3.929262980818748474e-02
5.376530289649963379e-01 4.027206078171730042e-02
5.443514585494995117e-01 4.069412127137184143e-02
5.494354367256164551e-01 4.098786413669586182e-02
5.586513280868530273e-01 4.146033525466918945e-02
5.695712566375732422e-01 4.191736876964569092e-02
5.832271575927734375e-01 4.232742637395858765e-02
5.928767919540405273e-01 4.250667616724967957e-02
6.016594767570495605e-01 4.258934408426284790e-02
6.122351884841918945e-01 4.258681833744049072e-02
6.201086044311523438e-01 4.251276701688766479e-02
6.257809400558471680e-01 4.242155700922012329e-02
6.327660679817199707e-01 4.226613789796829224e-02
6.483269929885864258e-01 4.175234586000442505e-02
6.668773889541625977e-01 4.084952920675277710e-02
6.723034977912902832e-01 4.052852094173431396e-02
6.890156865119934082e-01 3.938691690564155579e-02
6.929695010185241699e-01 3.908439725637435913e-02
7.044372558593750000e-01 3.814028203487396240e-02
7.170839309692382812e-01 3.698938339948654175e-02
7.263761758804321289e-01 3.607442229986190796e-02
7.362347841262817383e-01 3.504286706447601318e-02
7.457036972045898438e-01 3.399581834673881531e-02
7.537876367568969727e-01 3.306020796298980713e-02
7.656077146530151367e-01 3.162611648440361023e-02
7.718486785888671875e-01 3.083848580718040466e-02
7.869747877120971680e-01 2.884611487388610840e-02
7.939389944076538086e-01 2.789054438471794128e-02
8.035573959350585938e-01 2.653254568576812744e-02
8.154000639915466309e-01 2.480137906968593597e-02
8.297299146652221680e-01 2.262202464044094086e-02
8.444410562515258789e-01 2.029094472527503967e-02
8.589609861373901367e-01 1.789876446127891541e-02
8.656369447708129883e-01 1.676861941814422607e-02
8.790059685707092285e-01 1.444797962903976440e-02
8.882406949996948242e-01 1.279976218938827515e-02
8.948190808296203613e-01 1.160272397100925446e-02
9.056807756423950195e-01 9.583549574017524719e-03
9.168435335159301758e-01 7.451080251485109329e-03
9.326840043067932129e-01 4.319318570196628571e-03
9.481334686279296875e-01 1.135474187321960926e-03
9.595054984092712402e-01 -1.296736649237573147e-03
9.606467485427856445e-01 -1.545201055705547333e-03
9.625037908554077148e-01 -1.951264101080596447e-03
