9.721267223358154297e-01 -5.379433277994394302e-04
9.719636440277099609e-01 -4.185456491541117430e-04
9.687259793281555176e-01 1.681552967056632042e-03
9.636589884757995605e-01 4.484282806515693665e-03
9.499770998954772949e-01 1.105885021388530731e-02
9.425781369209289551e-01 1.434411667287349701e-02
9.328618049621582031e-01 1.850572787225246429e-02
9.291691184043884277e-01 2.005379647016525269e-02
9.222212433815002441e-01 2.292771078646183014e-02
9.176929593086242676e-01 2.477767504751682281e-02
9.009702205657958984e-01 3.148540109395980835e-02
8.972894549369812012e-01 3.294011950492858887e-02
8.920239806175231934e-01 3.501003608107566833e-02
8.849614262580871582e-01 3.776716068387031555e-02
8.749412894248962402e-01 4.164471477270126343e-02
8.717327117919921875e-01 4.287850856781005859e-02
8.637768030166625977e-01 4.592267051339149475e-02
8.506838679313659668e-01 5.088691785931587219e-02
8.428704142570495605e-01 5.382347851991653442e-02
8.383892178535461426e-01 5.549924075603485107e-02
8.202205896377563477e-01 6.222728267312049866e-02
8.106172680854797363e-01 6.573973596096038818e-02
7.942393422126770020e-01 7.165515422821044922e-02
7.927251458168029785e-01 7.219709455966949463e-02
7.792711257934570312e-01 7.697261869907379150e-02
7.712879180908203125e-01 7.977122068405151367e-02
7.641139030456542969e-01 8.226252347230911255e-02
7.607478499412536621e-01 8.342344313859939575e-02
7.554707527160644531e-01 8.523291349411010742e-02
7.458686232566833496e-01 8.849114179611206055e-02
7.354215979576110840e-01 9.198346734046936035e-02
7.259221673011779785e-01 9.510897845029830933e-02
6.980152726173400879e-01 1.039937362074851990e-01
6.955421566963195801e-01 1.047584712505340576e-01
6.873005628585815430e-01 1.072788015007972717e-01
6.825510263442993164e-01 1.087112724781036377e-01
6.692832112312316895e-01 1.126330122351646423e-01
6.525313258171081543e-01 1.174099296331405640e-01
6.442725658416748047e-01 1.196901425719261169e-01
6.386418342590332031e-01 1.212156414985656738e-01
6.147361993789672852e-01 1.274188905954360962e-01
6.103348731994628906e-01 1.285113394260406494e-01
5.962419509887695312e-01 1.319012194871902466e-01
5.884674191474914551e-01 1.336993426084518433e-01
5.784085988998413086e-01 1.359479576349258423e-01
5.706269741058349609e-01 1.376260071992874146e-01
5.479902625083923340e-01 1.421932280063629150e-01
5.356257557868957520e-01 1.444841325283050537e-01
5.302560925483703613e-01 1.454329639673233032e-01
5.186724066734313965e-01 1.473828852176666260e-01
4.970815479755401611e-01 1.506551951169967651e-01
4.839078485965728760e-01 1.524135917425155640e-01
4.779990613460540771e-01 1.531422585248947144e-01
4.697655141353607178e-01 1.540946513414382935e-01
4.432036578655242920e-01 1.566567867994308472e-01
4.368317127227783203e-01 1.571531593799591064e-01
4.265235662460327148e-01 1.578570604324340820e-01
4.167470932006835938e-01 1.584102362394332886e-01
4.105495512485504150e-01 1.587024629116058350e-01
3.970881700515747070e-01 1.591790765523910522e-01
3.759754002094268799e-01 1.594821959733963013e-01
3.545163571834564209e-01 1.592200398445129395e-01
3.421386182308197021e-01 1.588007807731628418e-01
3.120800256729125977e-01 1.569396108388900757e-01
3.071290254592895508e-01 1.565155237913131714e-01
3.009442985057830811e-01 1.559379696846008301e-01
2.942432761192321777e-01 1.552514284849166870e-01
2.807705700397491455e-01 1.536767482757568359e-01
2.773030996322631836e-01 1.532287299633026123e-01
2.511758506298065186e-01 1.492699831724166870e-01
2.415197193622589111e-01 1.475371271371841431e-01
2.312351465225219727e-01 1.455237120389938354e-01
2.256403863430023193e-01 1.443537175655364990e-01
2.029637992382049561e-01 1.390452682971954346e-01
1.946259289979934692e-01 1.368533372879028320e-01
1.890906840562820435e-01 1.353228688240051270e-01
1.760734319686889648e-01 1.314760446548461914e-01
1.552850902080535889e-01 1.245579570531845093e-01
1.474891901016235352e-01 1.216965690255165100e-01
1.386049240827560425e-01 1.182427629828453064e-01
1.342812180519104004e-01 1.164837554097175598e-01
1.213927716016769409e-01 1.109154969453811646e-01
1.016829460859298706e-01 1.013550087809562683e-01
9.488542377948760986e-02 9.772701561450958252e-02
8.343090116977691650e-02 9.117694944143295288e-02
7.296084612607955933e-02 8.465503901243209839e-02
7.018938660621643066e-02 8.283409476280212402e-02
5.879544839262962341e-02 7.488391548395156860e-02
4.982364177703857422e-02 6.803411990404129028e-02
4.570771008729934692e-02 6.469354033470153809e-02
3.355159983038902283e-02 5.397531762719154358e-02
2.267837710678577423e-02 4.306103289127349854e-02
1.891805604100227356e-02 3.891383484005928040e-02
1.565605774521827698e-02 3.512451797723770142e-02
9.545819833874702454e-03 2.743288688361644745e-02
1.823506434448063374e-03 1.603001542389392853e-02
-1.231217640452086926e-03 1.054330170154571533e-02
-3.644838929176330566e-03 5.285555031150579453e-03
-4.337972961366176605e-03 3.464473178610205650e-03
-5.733547732234001160e-03 -1.413022051565349102e-03
-6.092140451073646545e-03 -3.622855292633175850e-03
-6.182613782584667206e-03 -7.262246217578649521e-03
-5.431100726127624512e-03 -1.087425556033849716e-02
-4.751063417643308640e-03 -1.243129000067710876e-02
-2.254338469356298447e-03 -1.576686650514602661e-02
-8.567568147554993629e-04 -1.699273288249969482e-02
4.020613618195056915e-03 -1.989410817623138428e-02
9.049934335052967072e-03 -2.179764583706855774e-02
2.873407490551471710e-02 -2.548051625490188599e-02
3.808915242552757263e-02 -2.627410180866718292e-02
4.266512393951416016e-02 -2.653607167303562164e-02
4.938662797212600708e-02 -2.680271491408348083e-02
8.011792600154876709e-02 -2.677486836910247803e-02
9.413077682256698608e-02 -2.629872597754001617e-02
1.043501496315002441e-01 -2.582508884370326996e-02
1.208074539899826050e-01 -2.488608285784721375e-02
1.420720666646957397e-01 -2.342775091528892517e-02
1.492189615964889526e-01 -2.289001084864139557e-02
1.608702689409255981e-01 -2.197326347231864929e-02
1.698302626609802246e-01 -2.123988792300224304e-02
1.828145533800125122e-01 -2.014231495559215546e-02
1.854062080383300781e-01 -1.991912163794040680e-02
1.951747387647628784e-01 -1.906786859035491943e-02
2.017995566129684448e-01 -1.848297007381916046e-02
2.203566282987594604e-01 -1.682185009121894836e-02
2.338573783636093140e-01 -1.560129597783088684e-02
2.514006197452545166e-01 -1.401266455650329590e-02
2.645030319690704346e-01 -1.283131726086139679e-02
2.701133191585540771e-01 -1.232819072902202606e-02
2.850343883037567139e-01 -1.100127398967742920e-02
3.031439781188964844e-01 -9.419310837984085083e-03
3.098875284194946289e-01 -8.839989081025123596e-03
3.200237452983856201e-01 -7.980617694556713104e-03
3.230516016483306885e-01 -7.726750802248716354e-03
3.325003981590270996e-01 -6.943498272448778152e-03
3.448412418365478516e-01 -5.942325573414564133e-03
3.702376186847686768e-01 -3.968386910855770111e-03
3.775138556957244873e-01 -3.426121082156896591e-03
3.851728439331054688e-01 -2.867276314646005630e-03
3.950421214103698730e-01 -2.165820449590682983e-03
4.108577370643615723e-01 -1.087455544620752335e-03
4.153701066970825195e-01 -7.904565427452325821e-04
4.251016378402709961e-01 -1.665429299464449286e-04
4.310213029384613037e-01 2.016949583776295185e-04
4.526622295379638672e-01 1.473196665756404400e-03
4.544405937194824219e-01 1.572375418618321419e-03
4.645155966281890869e-01 2.118770731613039970e-03
4.852953255176544189e-01 3.161760047078132629e-03
4.967821240425109863e-01 3.689441364258527756e-03
5.034945607185363770e-01 3.981696907430887222e-03
5.274491906166076660e-01 4.928761627525091171e-03
5.369418859481811523e-01 5.263332743197679520e-03
5.540257692337036133e-01 5.809111986309289932e-03
5.583804249763488770e-01 5.936944391578435898e-03
5.829997658729553223e-01 6.577540189027786255e-03
5.947077274322509766e-01 6.835549604147672653e-03
6.138809919357299805e-01 7.197739556431770325e-03
6.308528780937194824e-01 7.459698710590600967e-03
6.366390585899353027e-01 7.537072990089654922e-03
6.526867151260375977e-01 7.721220143139362335e-03
6.576208472251892090e-01 7.769060786813497543e-03
6.822970509529113770e-01 7.948086597025394440e-03
6.960191130638122559e-01 8.004700765013694763e-03
6.992647647857666016e-01 8.013595826923847198e-03
7.169895768165588379e-01 8.031410165131092072e-03
7.343134880065917969e-01 7.997168228030204773e-03
7.399061918258666992e-01 7.974782027304172516e-03
7.507100701332092285e-01 7.915231399238109589e-03
7.537574768066406250e-01 7.894444279372692108e-03
7.676950693130493164e-01 7.776034530252218246e-03
7.817546725273132324e-01 7.615691050887107849e-03
7.881362438201904297e-01 7.528477348387241364e-03
7.961177229881286621e-01 7.405973505228757858e-03
8.032987117767333984e-01 7.282400503754615784e-03
8.179352283477783203e-01 6.988543551415205002e-03
8.326609730720520020e-01 6.630512885749340057e-03
8.500263690948486328e-01 6.116537842899560928e-03
8.537988662719726562e-01 5.990199744701385498e-03
8.741838335990905762e-01 5.202382802963256836e-03
8.936808109283447266e-01 4.249394405633211136e-03
9.040879011154174805e-01 3.639382543042302132e-03
9.092421531677246094e-01 3.305630758404731750e-03
9.176161885261535645e-01 2.711324952542781830e-03
9.200452566146850586e-01 2.525474410504102707e-03
9.316954016685485840e-01 1.534019247628748417e-03
9.373598098754882812e-01 9.811448398977518082e-04
9.411680102348327637e-01 5.779199418611824512e-04
9.491091370582580566e-01 -3.603225632105022669e-04
9.635803699493408203e-01 -2.522972878068685532e-03
9.684595465660095215e-01 -3.424015128985047340e-03
9.714587926864624023e-01 -4.026045091450214386e-03
9.723755717277526855e-01 -4.217084962874650955e-03
