9.593147039413452148e-01 -3.599687246605753899e-03
9.584270715713500977e-01 -3.567076986655592918e-03
9.557230472564697266e-01 -3.452347358688712120e-03
9.459660053253173828e-01 -2.926938002929091454e-03
9.312059879302978516e-01 -1.986005343496799469e-03
9.223289489746093750e-01 -1.383485505357384682e-03
9.061270356178283691e-01 -2.525708696339279413e-04
8.977341055870056152e-01 3.412930527701973915e-04
8.883921504020690918e-01 1.005153986625373363e-03
8.811276555061340332e-01 1.522285863757133484e-03
8.695113062858581543e-01 2.349407877773046494e-03
8.648644685745239258e-01 2.680069068446755409e-03
8.522144556045532227e-01 3.579129930585622787e-03
8.453820347785949707e-01 4.063990898430347443e-03
8.315355181694030762e-01 5.045259837061166763e-03
8.255379796028137207e-01 5.469926632940769196e-03
8.150613903999328613e-01 6.211696658283472061e-03
8.079723119735717773e-01 6.713891401886940002e-03
7.940214872360229492e-01 7.703913841396570206e-03
7.892080545425415039e-01 8.046331815421581268e-03
7.746691703796386719e-01 9.084260091185569763e-03
7.672656178474426270e-01 9.615405462682247162e-03
7.444244623184204102e-01 1.126769185066223145e-02
7.405102252960205078e-01 1.155306212604045868e-02
7.338354587554931641e-01 1.204125583171844482e-02
7.235847711563110352e-01 1.279473025351762772e-02
7.072091698646545410e-01 1.400692202150821686e-02
6.973338127136230469e-01 1.474216952919960022e-02
6.852835416793823242e-01 1.564230769872665405e-02
6.739602088928222656e-01 1.648973114788532257e-02
6.656566262245178223e-01 1.711120456457138062e-02
6.519942879676818848e-01 1.813185960054397583e-02
6.451909542083740234e-01 1.863839477300643921e-02
6.301198005676269531e-01 1.975402422249317169e-02
6.119279265403747559e-01 2.108356729149818420e-02
6.047507524490356445e-01 2.160140872001647949e-02
5.868089795112609863e-01 2.287535555660724640e-02
5.738665461540222168e-01 2.377311699092388153e-02
5.653598308563232422e-01 2.435217611491680145e-02
5.504780411720275879e-01 2.534192614257335663e-02
5.412812232971191406e-01 2.593758143484592438e-02
5.271977782249450684e-01 2.682397142052650452e-02
5.054101943969726562e-01 2.812872827053070068e-02
4.987008273601531982e-01 2.851309627294540405e-02
4.904148280620574951e-01 2.897586487233638763e-02
4.831235408782958984e-01 2.937183715403079987e-02
4.537076652050018311e-01 3.085707314312458038e-02
4.460286796092987061e-01 3.121375106275081635e-02
4.310991764068603516e-01 3.186865523457527161e-02
4.167151153087615967e-01 3.244999051094055176e-02
4.072152376174926758e-01 3.280641511082649231e-02
4.037685394287109375e-01 3.293023258447647095e-02
3.951046168804168701e-01 3.322828188538551331e-02
3.861050605773925781e-01 3.351768106222152710e-02
3.724254965782165527e-01 3.391732648015022278e-02
3.661274611949920654e-01 3.408469259738922119e-02
3.479264378547668457e-01 3.450796753168106079e-02
3.404983878135681152e-01 3.465430811047554016e-02
3.363696634769439697e-01 3.472887352108955383e-02
3.238574564456939697e-01 3.492473438382148743e-02
3.058166801929473877e-01 3.512443602085113525e-02
2.993397116661071777e-01 3.517128154635429382e-02
2.844447493553161621e-01 3.522634133696556091e-02
2.766657769680023193e-01 3.522446006536483765e-02
2.678606212139129639e-01 3.519543260335922241e-02
2.507054507732391357e-01 3.505045175552368164e-02
2.380751073360443115e-01 3.486149385571479797e-02
2.325967848300933838e-01 3.475567325949668884e-02
2.203009873628616333e-01 3.446059674024581909e-02
2.121317982673645020e-01 3.421673923730850220e-02
2.053471952676773071e-01 3.398251533508300781e-02
1.944717317819595337e-01 3.354152664542198181e-02
1.818062216043472290e-01 3.291491791605949402e-02
1.775936037302017212e-01 3.267681598663330078e-02
1.639330238103866577e-01 3.179112076759338379e-02
1.546542942523956299e-01 3.108054585754871368e-02
1.498840153217315674e-01 3.067748621106147766e-02
1.443158686161041260e-01 3.017227537930011749e-02
1.358543932437896729e-01 2.932817116379737854e-02
1.244695261120796204e-01 2.803399227559566498e-02
1.153104528784751892e-01 2.684752084314823151e-02
1.038891747593879700e-01 2.516653388738632202e-02
9.331826865673065186e-02 2.339054271578788757e-02
8.277148753404617310e-02 2.138475142419338226e-02
7.422423362731933594e-02 1.957080326974391937e-02
6.796789169311523438e-02 1.812675781548023224e-02
5.447697266936302185e-02 1.464131195098161697e-02
4.896441102027893066e-02 1.305385679006576538e-02
4.415710270404815674e-02 1.158119272440671921e-02
3.380776941776275635e-02 8.074816316366195679e-03
2.950669452548027039e-02 6.440476048737764359e-03
2.245023846626281738e-02 3.365347860381007195e-03
1.934277079999446869e-02 1.688730902969837189e-03
1.750950142741203308e-02 4.409908142406493425e-04
1.627829484641551971e-02 -7.405235664919018745e-04
1.567751355469226837e-02 -1.979891676455736160e-03
1.611819863319396973e-02 -3.412995720282196999e-03
1.639790460467338562e-02 -3.720871405676007271e-03
1.720148511230945587e-02 -4.357405472546815872e-03
1.807842217385768890e-02 -4.871465731412172318e-03
1.912585645914077759e-02 -5.369844380766153336e-03
2.019576355814933777e-02 -5.803854204714298248e-03
2.098242938518524170e-02 -6.090649869292974472e-03
2.375030145049095154e-02 -6.961715873330831528e-03
2.719327993690967560e-02 -7.864150218665599823e-03
4.005639627575874329e-02 -1.045268308371305466e-02
5.381899327039718628e-02 -1.257187314331531525e-02
6.137211620807647705e-02 -1.356429513543844223e-02
7.482787221670150757e-02 -1.511102449148893356e-02
8.880075812339782715e-02 -1.647940278053283691e-02
1.064483225345611572e-01 -1.794473268091678619e-02
1.188088208436965942e-01 -1.883787289261817932e-02
1.275280863046646118e-01 -1.941672526299953461e-02
1.385500282049179077e-01 -2.009988576173782349e-02
1.449873745441436768e-01 -2.047814987599849701e-02
1.532801687717437744e-01 -2.094698697328567505e-02
1.664040088653564453e-01 -2.165499702095985413e-02
1.762042790651321411e-01 -2.216309495270252228e-02
1.842758953571319580e-01 -2.257178910076618195e-02
1.951938122510910034e-01 -2.311431989073753357e-02
2.048090845346450806e-01 -2.358526922762393951e-02
2.092210203409194946e-01 -2.379989624023437500e-02
2.262859344482421875e-01 -2.462519332766532898e-02
2.304262816905975342e-01 -2.482490427792072296e-02
2.429373562335968018e-01 -2.542864531278610229e-02
2.479202598333358765e-01 -2.566950954496860504e-02
2.577937841415405273e-01 -2.614797279238700867e-02
2.674706280231475830e-01 -2.661882527172565460e-02
2.774246931076049805e-01 -2.710546925663948059e-02
2.934730947017669678e-01 -2.789521403610706329e-02
3.067463338375091553e-01 -2.855292335152626038e-02
3.139378130435943604e-01 -2.891076356172561646e-02
3.295840322971343994e-01 -2.969202212989330292e-02
3.365660309791564941e-01 -3.004142083227634430e-02
3.498004376888275146e-01 -3.070405125617980957e-02
3.547613024711608887e-01 -3.095227479934692383e-02
3.653648495674133301e-01 -3.148193284869194031e-02
3.770887255668640137e-01 -3.206506744027137756e-02
3.876651227474212646e-01 -3.258775174617767334e-02
4.029865860939025879e-01 -3.333678841590881348e-02
4.081352651119232178e-01 -3.358576074242591858e-02
4.201166033744812012e-01 -3.415862470865249634e-02
4.280766546726226807e-01 -3.453342616558074951e-02
4.379586577415466309e-01 -3.499128296971321106e-02
4.636023342609405518e-01 -3.613308072090148926e-02
4.779387712478637695e-01 -3.673650324344635010e-02
4.922786951065063477e-01 -3.731043636798858643e-02
5.029613375663757324e-01 -3.771657124161720276e-02
5.127617716789245605e-01 -3.807169198989868164e-02
5.164493918418884277e-01 -3.820073232054710388e-02
5.319228768348693848e-01 -3.871325030922889709e-02
5.415632724761962891e-01 -3.900756314396858215e-02
5.499076843261718750e-01 -3.924584016203880310e-02
5.629487633705139160e-01 -3.958596661686897278e-02
5.909695625305175781e-01 -4.017285257577896118e-02
6.008743047714233398e-01 -4.032962396740913391e-02
6.092897653579711914e-01 -4.044061154127120972e-02
6.141880154609680176e-01 -4.049551114439964294e-02
6.271727681159973145e-01 -4.060517624020576477e-02
6.359583139419555664e-01 -4.064873605966567993e-02
6.477906703948974609e-01 -4.066641628742218018e-02
6.631219983100891113e-01 -4.061572998762130737e-02
6.748832464218139648e-01 -4.051728174090385437e-02
6.907238960266113281e-01 -4.029766097664833069e-02
7.044041156768798828e-01 -4.002244770526885986e-02
7.165262103080749512e-01 -3.970791026949882507e-02
7.291995882987976074e-01 -3.930352255702018738e-02
7.417711615562438965e-01 -3.882121667265892029e-02
7.503530383110046387e-01 -3.844276070594787598e-02
7.653893828392028809e-01 -3.767682984471321106e-02
7.757377028465270996e-01 -3.706856817007064819e-02
7.848370075225830078e-01 -3.647518157958984375e-02
7.900708317756652832e-01 -3.610774874687194824e-02
7.962437868118286133e-01 -3.564874455332756042e-02
8.023514747619628906e-01 -3.516616299748420715e-02
8.090857267379760742e-01 -3.459979221224784851e-02
8.314236402511596680e-01 -3.243976831436157227e-02
8.387076258659362793e-01 -3.163232281804084778e-02
8.567029833793640137e-01 -2.938748896121978760e-02
8.675069212913513184e-01 -2.784735895693302155e-02
8.757244944572448730e-01 -2.656610682606697083e-02
8.818583488464355469e-01 -2.554196864366531372e-02
8.983153700828552246e-01 -2.247314527630805969e-02
9.059952497482299805e-01 -2.086342498660087585e-02
9.124149084091186523e-01 -1.942407898604869843e-02
9.176462888717651367e-01 -1.818719692528247833e-02
9.284341931343078613e-01 -1.546811778098344803e-02
9.382302761077880859e-01 -1.286154147237539291e-02
9.467862248420715332e-01 -1.057842094451189041e-02
9.543673992156982422e-01 -8.637532591819763184e-03
9.576646089553833008e-01 -7.832204923033714294e-03
9.593953490257263184e-01 -7.420150563120841980e-03
