9.677832722663879395e-01 -3.032468375749886036e-04
9.672278165817260742e-01 -4.303682544559706002e-06
9.649592638015747070e-01 1.130339456722140312e-03
9.554468393325805664e-01 5.244943778961896896e-03
9.280426502227783203e-01 1.555031444877386093e-02
9.131977558135986328e-01 2.083448693156242371e-02
8.975547552108764648e-01 2.631781995296478271e-02
8.883609175682067871e-01 2.951786667108535767e-02
8.764308691024780273e-01 3.365635499358177185e-02
8.702996969223022461e-01 3.577949479222297668e-02
8.532926440238952637e-01 4.166163504123687744e-02
8.469496965408325195e-01 4.385411739349365234e-02
8.315428495407104492e-01 4.917779564857482910e-02
8.173398971557617188e-01 5.408207699656486511e-02
7.914512157440185547e-01 6.299827247858047485e-02
7.852026820182800293e-01 6.514192372560501099e-02
7.772118449211120605e-01 6.787620484828948975e-02
7.562358379364013672e-01 7.500203698873519897e-02
7.433151602745056152e-01 7.934114336967468262e-02
7.378774285316467285e-01 8.115296065807342529e-02
7.207924127578735352e-01 8.677932620048522949e-02
7.119282484054565430e-01 8.965318650007247925e-02
6.989766955375671387e-01 9.378769993782043457e-02
6.930273771286010742e-01 9.565877914428710938e-02
6.763445138931274414e-01 1.008017137646675110e-01
6.649183034896850586e-01 1.042274683713912964e-01
6.555846929550170898e-01 1.069626733660697937e-01
6.471293568611145020e-01 1.093886941671371460e-01
6.381228566169738770e-01 1.119159981608390808e-01
6.265589594841003418e-01 1.150713637471199036e-01
6.096030473709106445e-01 1.195062771439552307e-01
6.010684370994567871e-01 1.216483265161514282e-01
5.696111321449279785e-01 1.289922595024108887e-01
5.673757791519165039e-01 1.294798851013183594e-01
5.573328733444213867e-01 1.316128224134445190e-01
5.532866120338439941e-01 1.324450969696044922e-01
5.406162738800048828e-01 1.349488645792007446e-01
5.237925648689270020e-01 1.380287855863571167e-01
5.148820281028747559e-01 1.395445019006729126e-01
5.089688301086425781e-01 1.405054777860641479e-01
5.001842379570007324e-01 1.418661773204803467e-01
4.959718585014343262e-01 1.424899995326995850e-01
4.851223826408386230e-01 1.440104097127914429e-01
4.769087135791778564e-01 1.450776308774948120e-01
4.667825102806091309e-01 1.462927162647247314e-01
4.594441056251525879e-01 1.471031904220581055e-01
4.432495832443237305e-01 1.486795693635940552e-01
4.324356913566589355e-01 1.495673209428787231e-01
4.252234399318695068e-01 1.500849127769470215e-01
4.096692204475402832e-01 1.509952694177627563e-01
3.955251574516296387e-01 1.515747159719467163e-01
3.842477500438690186e-01 1.518640369176864624e-01
3.799040615558624268e-01 1.519339978694915771e-01
3.705403804779052734e-01 1.520054489374160767e-01
3.641902804374694824e-01 1.519916057586669922e-01
3.542969524860382080e-01 1.518682837486267090e-01
3.471093475818634033e-01 1.516999751329421997e-01
3.357841968536376953e-01 1.512983143329620361e-01
3.279924094676971436e-01 1.509234011173248291e-01
3.191391229629516602e-01 1.503983289003372192e-01
3.084988594055175781e-01 1.496252268552780151e-01
2.929157316684722900e-01 1.482064723968505859e-01
2.775878012180328369e-01 1.464681625366210938e-01
2.635914981365203857e-01 1.445729136466979980e-01
2.557815313339233398e-01 1.433831751346588135e-01
2.521800994873046875e-01 1.428019255399703979e-01
2.436735779047012329e-01 1.413453817367553711e-01
2.388423681259155273e-01 1.404648870229721069e-01
2.308637797832489014e-01 1.389243304729461670e-01
2.162793576717376709e-01 1.358204334974288940e-01
2.070626169443130493e-01 1.336588412523269653e-01
1.988898515701293945e-01 1.316066682338714600e-01
1.907302439212799072e-01 1.294256448745727539e-01
1.677864938974380493e-01 1.225368380546569824e-01
1.607725471258163452e-01 1.201919466257095337e-01
1.569174081087112427e-01 1.188521161675453186e-01
1.434439569711685181e-01 1.138692125678062439e-01
1.321248710155487061e-01 1.092960536479949951e-01
1.219715103507041931e-01 1.048639342188835144e-01
1.108793392777442932e-01 9.962932765483856201e-02
1.055264621973037720e-01 9.694328904151916504e-02
9.435050934553146362e-02 9.096506237983703613e-02
8.588303625583648682e-02 8.606775104999542236e-02
7.893843948841094971e-02 8.178599923849105835e-02
7.089909911155700684e-02 7.649543136358261108e-02
5.455366149544715881e-02 6.442508101463317871e-02
5.191338062286376953e-02 6.228024140000343323e-02
4.386353865265846252e-02 5.533493682742118835e-02
3.682016581296920776e-02 4.867267981171607971e-02
3.101058676838874817e-02 4.267013445496559143e-02
2.185005322098731995e-02 3.195669129490852356e-02
1.690003462135791779e-02 2.525197342038154602e-02
1.554550230503082275e-02 2.325400337576866150e-02
1.310065854340791702e-02 1.940472796559333801e-02
1.074390485882759094e-02 1.528868172317743301e-02
8.683006279170513153e-03 1.116360444575548172e-02
6.825194694101810455e-03 6.604511290788650513e-03
5.340071860700845718e-03 9.652028093114495277e-04
5.065992940217256546e-03 -2.141814911738038063e-03
5.137445405125617981e-03 -3.774116281419992447e-03
5.528359208256006241e-03 -5.928499624133110046e-03
6.050959695130586624e-03 -7.426577620208263397e-03
7.465138100087642670e-03 -9.825104847550392151e-03
8.564153686165809631e-03 -1.106391940265893936e-02
1.153138093650341034e-02 -1.334260497242212296e-02
1.525177154690027237e-02 -1.518694590777158737e-02
2.027105167508125305e-02 -1.686265692114830017e-02
2.453382499516010284e-02 -1.788953505456447601e-02
3.744307160377502441e-02 -1.988700218498706818e-02
4.565611854195594788e-02 -2.067465335130691528e-02
5.294951051473617554e-02 -2.118550240993499756e-02
5.716021358966827393e-02 -2.141835540533065796e-02
7.680559158325195312e-02 -2.206094190478324890e-02
8.661935478448867798e-02 -2.217040583491325378e-02
1.074174195528030396e-01 -2.205588482320308685e-02
1.252888292074203491e-01 -2.165529131889343262e-02
1.392809003591537476e-01 -2.118338085711002350e-02
1.498493403196334839e-01 -2.074777148663997650e-02
1.650488525629043579e-01 -2.001677267253398895e-02
1.703139245510101318e-01 -1.973757706582546234e-02
1.928202509880065918e-01 -1.841254718601703644e-02
1.967836767435073853e-01 -1.815919950604438782e-02
2.024938315153121948e-01 -1.778468489646911621e-02
2.083408534526824951e-01 -1.739008538424968719e-02
2.241538166999816895e-01 -1.627112552523612976e-02
2.372199743986129761e-01 -1.529525686055421829e-02
2.591810524463653564e-01 -1.356580667197704315e-02
2.685810029506683350e-01 -1.279591862112283707e-02
2.775486409664154053e-01 -1.204698346555233002e-02
2.836614549160003662e-01 -1.152906194329261780e-02
3.001776337623596191e-01 -1.010289695113897324e-02
3.125132918357849121e-01 -9.015516377985477448e-03
3.202063739299774170e-01 -8.329201489686965942e-03
3.243354558944702148e-01 -7.958549074828624725e-03
3.336723446846008301e-01 -7.115136366337537766e-03
3.439971506595611572e-01 -6.175145041197538376e-03
3.582684695720672607e-01 -4.866025876253843307e-03
3.659167885780334473e-01 -4.161052405834197998e-03
3.719786107540130615e-01 -3.601194126531481743e-03
3.827323317527770996e-01 -2.606708090752363205e-03
4.017605781555175781e-01 -8.482355624437332153e-04
4.062129557132720947e-01 -4.379815945867449045e-04
4.186412990093231201e-01 7.025871891528367996e-04
4.242004156112670898e-01 1.209864276461303234e-03
4.307413995265960693e-01 1.803813967853784561e-03
4.332785010337829590e-01 2.033220836892724037e-03
4.384128451347351074e-01 2.495641587302088737e-03
4.484795629978179932e-01 3.394100116565823555e-03
4.643456339836120605e-01 4.783116746693849564e-03
4.824654459953308105e-01 6.317375693470239639e-03
4.900308549404144287e-01 6.937752012163400650e-03
5.044391155242919922e-01 8.079900406301021576e-03
5.166414976119995117e-01 9.000870399177074432e-03
5.199196338653564453e-01 9.240205399692058563e-03
5.380446314811706543e-01 1.049450505524873734e-02
5.438859462738037109e-01 1.087171863764524460e-02
5.590726137161254883e-01 1.178414747118949890e-02
5.676385760307312012e-01 1.225234009325504303e-02
5.742651820182800293e-01 1.259018573909997940e-02
5.845860838890075684e-01 1.307234261184930801e-02
5.922456979751586914e-01 1.339438371360301971e-02
6.130464076995849609e-01 1.410952489823102951e-02
6.221985816955566406e-01 1.434880308806896210e-02
6.252368688583374023e-01 1.441796123981475830e-02
6.374384164810180664e-01 1.464411616325378418e-02
6.449980735778808594e-01 1.474299468100070953e-02
6.539004445075988770e-01 1.481939200311899185e-02
6.690398454666137695e-01 1.485159154981374741e-02
6.721414923667907715e-01 1.484328322112560272e-02
6.884718537330627441e-01 1.471826061606407166e-02
7.016809582710266113e-01 1.452022418379783630e-02
7.102036476135253906e-01 1.434820238500833511e-02
7.281851172447204590e-01 1.387616805732250214e-02
7.365047931671142578e-01 1.360958721488714218e-02
7.723445892333984375e-01 1.213592849671840668e-02
7.906497120857238770e-01 1.119277067482471466e-02
8.023318648338317871e-01 1.052787620574235916e-02
8.135732412338256836e-01 9.843460284173488617e-03
8.309193253517150879e-01 8.704338222742080688e-03
8.464936614036560059e-01 7.598510477691888809e-03
8.584493398666381836e-01 6.697846576571464539e-03
8.633415102958679199e-01 6.316586863249540329e-03
8.771345019340515137e-01 5.202551372349262238e-03
8.829652070999145508e-01 4.714481532573699951e-03
9.028167724609375000e-01 2.978030126541852951e-03
9.095411896705627441e-01 2.364189596846699715e-03
9.177139997482299805e-01 1.601231866516172886e-03
9.347662329673767090e-01 -4.737922427011653781e-05
9.508264064788818359e-01 -1.661624992266297340e-03
9.612681865692138672e-01 -2.737079048529267311e-03
9.652817845344543457e-01 -3.156832419335842133e-03
9.667008519172668457e-01 -3.306605154648423195e-03
