9.680081009864807129e-01 1.185800938401371241e-04
9.673709869384765625e-01 3.671318409033119678e-04
9.645777940750122070e-01 1.382281538099050522e-03
9.579097628593444824e-01 3.597906092181801796e-03
9.503201842308044434e-01 5.997508764266967773e-03
9.427986145019531250e-01 8.336543105542659760e-03
9.299334883689880371e-01 1.233088038861751556e-02
9.254149794578552246e-01 1.374185644090175629e-02
9.189705848693847656e-01 1.576570607721805573e-02
9.113807678222656250e-01 1.816985756158828735e-02
9.004259109497070312e-01 2.168343216180801392e-02
8.960985541343688965e-01 2.308602072298526764e-02
8.865696787834167480e-01 2.620460465550422668e-02
8.788876533508300781e-01 2.874821983277797699e-02
8.692025542259216309e-01 3.199116513133049011e-02
8.648074269294738770e-01 3.347529098391532898e-02
8.574585318565368652e-01 3.597329929471015930e-02
8.459759354591369629e-01 3.991359844803810120e-02
8.285632133483886719e-01 4.595879465341567993e-02
8.220378160476684570e-01 4.824033007025718689e-02
8.050053119659423828e-01 5.421760305762290955e-02
7.990294098854064941e-01 5.631730705499649048e-02
7.847377657890319824e-01 6.133062765002250671e-02
7.767748832702636719e-01 6.411246210336685181e-02
7.601386308670043945e-01 6.987750530242919922e-02
7.551525235176086426e-01 7.158920168876647949e-02
7.365835905075073242e-01 7.787720859050750732e-02
7.308813929557800293e-01 7.977631688117980957e-02
7.184979319572448730e-01 8.384127169847488403e-02
7.069288492202758789e-01 8.755753934383392334e-02
6.978929042816162109e-01 9.040056914091110229e-02
6.785704493522644043e-01 9.628821909427642822e-02
6.723208427429199219e-01 9.813316911458969116e-02
6.644783616065979004e-01 1.004052907228469849e-01
6.550389528274536133e-01 1.030744165182113647e-01
6.497237682342529297e-01 1.045450717210769653e-01
6.388258337974548340e-01 1.074858233332633972e-01
6.285177469253540039e-01 1.101728454232215881e-01
6.121266484260559082e-01 1.142512857913970947e-01
5.987575650215148926e-01 1.173969581723213196e-01
5.894587039947509766e-01 1.194871291518211365e-01
5.821985006332397461e-01 1.210625022649765015e-01
5.688978433609008789e-01 1.238183304667472839e-01
5.514257550239562988e-01 1.271793395280838013e-01
5.422231554985046387e-01 1.288297623395919800e-01
5.308615565299987793e-01 1.307519823312759399e-01
5.140476226806640625e-01 1.333605051040649414e-01
5.069542527198791504e-01 1.343756318092346191e-01
4.980791807174682617e-01 1.355739533901214600e-01
4.887288808822631836e-01 1.367495208978652954e-01
4.711640477180480957e-01 1.387144476175308228e-01
4.611241519451141357e-01 1.396936923265457153e-01
4.479664266109466553e-01 1.408168226480484009e-01
4.347744882106781006e-01 1.417587697505950928e-01
4.237363040447235107e-01 1.424037218093872070e-01
4.155876934528350830e-01 1.427953541278839111e-01
4.015331566333770752e-01 1.433004140853881836e-01
3.876598179340362549e-01 1.435847729444503784e-01
3.821513354778289795e-01 1.436379849910736084e-01
3.646777868270874023e-01 1.435786038637161255e-01
3.516216874122619629e-01 1.433044672012329102e-01
3.412142097949981689e-01 1.429423689842224121e-01
3.327590823173522949e-01 1.425528973340988159e-01
3.264338970184326172e-01 1.422049105167388916e-01
3.153751194477081299e-01 1.414780467748641968e-01
3.057311773300170898e-01 1.407191902399063110e-01
2.902801036834716797e-01 1.392542719841003418e-01
2.787709236145019531e-01 1.379580348730087280e-01
2.665042579174041748e-01 1.363773643970489502e-01
2.465526014566421509e-01 1.333484649658203125e-01
2.400725930929183960e-01 1.322376430034637451e-01
2.215881198644638062e-01 1.287080943584442139e-01
2.108371257781982422e-01 1.263975203037261963e-01
1.997317820787429810e-01 1.237999871373176575e-01
1.901985406875610352e-01 1.213905736804008484e-01
1.728236675262451172e-01 1.165434569120407104e-01
1.653496176004409790e-01 1.142652630805969238e-01
1.484758555889129639e-01 1.086562350392341614e-01
1.338051557540893555e-01 1.032060012221336365e-01
1.226929500699043274e-01 9.868309646844863892e-02
1.169335171580314636e-01 9.619323909282684326e-02
1.095766127109527588e-01 9.285772591829299927e-02
1.030080914497375488e-01 8.972372114658355713e-02
9.452404826879501343e-02 8.544203639030456543e-02
8.576279133558273315e-02 8.072105795145034790e-02
7.388391345739364624e-02 7.378167659044265747e-02
6.305492669343948364e-02 6.684710085391998291e-02
5.340823158621788025e-02 6.011149287223815918e-02
4.727998748421669006e-02 5.552464351058006287e-02
4.118964821100234985e-02 5.070154741406440735e-02
3.024186939001083374e-02 4.126866906881332397e-02
2.499840967357158661e-02 3.634065762162208557e-02
1.925577968358993530e-02 3.056426718831062317e-02
1.302003022283315659e-02 2.370767854154109955e-02
9.481996297836303711e-03 1.943482644855976105e-02
5.834789481014013290e-03 1.456922665238380432e-02
3.244266612455248833e-03 1.062584575265645981e-02
1.409962656907737255e-03 7.346632424741983414e-03
-2.365757536608725786e-04 3.524760948494076729e-03
-8.899458334781229496e-04 1.201393664814531803e-03
-1.183344167657196522e-03 -1.037542126141488552e-03
-7.175827049650251865e-04 -4.517666064202785492e-03
7.830520189600065351e-05 -6.204595323652029037e-03
1.644036150537431240e-03 -8.132186718285083771e-03
4.675602540373802185e-03 -1.035244856029748917e-02
9.260882623493671417e-03 -1.240812055766582489e-02
1.551299635320901871e-02 -1.420149672776460648e-02
2.110028639435768127e-02 -1.531574875116348267e-02
3.332626447081565857e-02 -1.691505685448646545e-02
4.600590839982032776e-02 -1.787924207746982574e-02
6.232281774282455444e-02 -1.851119101047515869e-02
7.347773015499114990e-02 -1.867393963038921356e-02
8.427303284406661987e-02 -1.867586374282836914e-02
9.479580819606781006e-02 -1.855840906500816345e-02
1.087597832083702087e-01 -1.825469918549060822e-02
1.233852505683898926e-01 -1.779093034565448761e-02
1.442109197378158569e-01 -1.693267375230789185e-02
1.575944125652313232e-01 -1.628654263913631439e-02
1.647579669952392578e-01 -1.591652818024158478e-02
1.713981777429580688e-01 -1.556063164025545120e-02
1.904316693544387817e-01 -1.448365766555070877e-02
1.979848593473434448e-01 -1.403730642050504684e-02
2.057199925184249878e-01 -1.357140671461820602e-02
2.174025475978851318e-01 -1.285400427877902985e-02
2.342569231986999512e-01 -1.179771311581134796e-02
2.460547834634780884e-01 -1.104881521314382553e-02
2.590054571628570557e-01 -1.022235862910747528e-02
2.658368349075317383e-01 -9.785885922610759735e-03
2.752094268798828125e-01 -9.187687188386917114e-03
2.846859693527221680e-01 -8.584814146161079407e-03
2.974858880043029785e-01 -7.775736507028341293e-03
3.164026737213134766e-01 -6.596317514777183533e-03
3.251817524433135986e-01 -6.057469174265861511e-03
3.357429206371307373e-01 -5.417767912149429321e-03
3.570971488952636719e-01 -4.157212562859058380e-03
3.708729147911071777e-01 -3.370620310306549072e-03
3.838887512683868408e-01 -2.648872556164860725e-03
3.898569643497467041e-01 -2.325372071936726570e-03
3.994505703449249268e-01 -1.815682393498718739e-03
4.107791483402252197e-01 -1.230951165780425072e-03
4.268519580364227295e-01 -4.350233939476311207e-04
4.344549775123596191e-01 -7.297072443179786205e-05
4.417502880096435547e-01 2.653427072800695896e-04
4.502545297145843506e-01 6.481852615252137184e-04
4.650975167751312256e-01 1.285513513721525669e-03
4.704099595546722412e-01 1.503784209489822388e-03
4.821388423442840576e-01 1.966701820492744446e-03
4.895485341548919678e-01 2.245359821245074272e-03
4.982892870903015137e-01 2.559980843216180801e-03
5.088378787040710449e-01 2.918877871707081795e-03
5.228067636489868164e-01 3.358153393492102623e-03
5.373504161834716797e-01 3.770613344386219978e-03
5.459269285202026367e-01 3.991823177784681320e-03
5.578336119651794434e-01 4.271261394023895264e-03
5.753022432327270508e-01 4.621906671673059464e-03
5.799785852432250977e-01 4.703631624579429626e-03
5.927864313125610352e-01 4.900929518043994904e-03
6.028770804405212402e-01 5.028840154409408569e-03
6.114469170570373535e-01 5.118357483297586441e-03
6.193895936012268066e-01 5.185650661587715149e-03
6.312373876571655273e-01 5.258087068796157837e-03
6.468543410301208496e-01 5.302861798554658890e-03
6.638619899749755859e-01 5.287068430334329605e-03
6.677929759025573730e-01 5.274007096886634827e-03
6.808678507804870605e-01 5.205656401813030243e-03
6.885693669319152832e-01 5.147769115865230560e-03
7.007734179496765137e-01 5.029927473515272141e-03
7.135761976242065430e-01 4.872811492532491684e-03
7.239198684692382812e-01 4.721599165350198746e-03
7.382002472877502441e-01 4.478420130908489227e-03
7.513985037803649902e-01 4.219471011310815811e-03
7.630965709686279297e-01 3.963578026741743088e-03
7.765246033668518066e-01 3.640480572357773781e-03
7.811546921730041504e-01 3.522026119753718376e-03
8.011049032211303711e-01 2.971964655444025993e-03
8.083784580230712891e-01 2.755955792963504791e-03
8.185804486274719238e-01 2.439626958221197128e-03
8.263978362083435059e-01 2.186992904171347618e-03
8.485245108604431152e-01 1.426054863259196281e-03
8.585499525070190430e-01 1.060137175954878330e-03
8.729970455169677734e-01 5.113102379254996777e-04
8.822128176689147949e-01 1.488151756348088384e-04
8.974436521530151367e-01 -4.692116635851562023e-04
9.069297909736633301e-01 -8.643887704238295555e-04
9.191086292266845703e-01 -1.380306086502969265e-03
9.259698390960693359e-01 -1.673467457294464111e-03
9.359943270683288574e-01 -2.101524965837597847e-03
9.501106739044189453e-01 -2.690677298232913017e-03
9.591546058654785156e-01 -3.045051824301481247e-03
9.645791053771972656e-01 -3.242069855332374573e-03
9.667529463768005371e-01 -3.317058319225907326e-03
9.682844877243041992e-01 -3.368551144376397133e-03
