9.605951309204101562e-01 -2.120829420164227486e-03
9.598050713539123535e-01 -2.135073998942971230e-03
9.556990861892700195e-01 -2.154684858396649361e-03
9.410064816474914551e-01 -1.819359022192656994e-03
9.037599563598632812e-01 1.118485160986892879e-04
8.894430398941040039e-01 1.050416496582329273e-03
8.771222829818725586e-01 1.914103515446186066e-03
8.717622756958007812e-01 2.303807530552148819e-03
8.615003824234008789e-01 3.071317914873361588e-03
8.407325744628906250e-01 4.702019970864057541e-03
8.206723928451538086e-01 6.365580018609762192e-03
8.157058954238891602e-01 6.789985578507184982e-03
8.008620738983154297e-01 8.086912333965301514e-03
7.914791703224182129e-01 8.928347378969192505e-03
7.795720696449279785e-01 1.001984719187021255e-02
7.706831097602844238e-01 1.085181627422571182e-02
7.613306641578674316e-01 1.174277160316705704e-02
7.526409029960632324e-01 1.258484553545713425e-02
7.396631240844726562e-01 1.386754680424928665e-02
7.345293164253234863e-01 1.438312046229839325e-02
7.189870476722717285e-01 1.597136445343494415e-02
7.018002271652221680e-01 1.777314022183418274e-02
6.787198185920715332e-01 2.025992609560489655e-02
6.761616468429565430e-01 2.053976804018020630e-02
6.585376262664794922e-01 2.248642407357692719e-02
6.468197703361511230e-01 2.379611693322658539e-02
6.363555192947387695e-01 2.497325465083122253e-02
6.305367350578308105e-01 2.563014067709445953e-02
6.125651001930236816e-01 2.766436338424682617e-02
6.034030318260192871e-01 2.870182693004608154e-02
5.873847603797912598e-01 3.051026165485382080e-02
5.742424726486206055e-01 3.198374062776565552e-02
5.554962158203125000e-01 3.405946865677833557e-02
5.499346256256103516e-01 3.466760739684104919e-02
5.387500524520874023e-01 3.587768226861953735e-02
5.298382639884948730e-01 3.682785108685493469e-02
5.193712115287780762e-01 3.792585432529449463e-02
5.130439400672912598e-01 3.857924416661262512e-02
4.987690448760986328e-01 4.002145677804946899e-02
4.904221594333648682e-01 4.084242880344390869e-02
4.805319011211395264e-01 4.179186373949050903e-02
4.704692661762237549e-01 4.272991791367530823e-02
4.580205976963043213e-01 4.384835436940193176e-02
4.481554329395294189e-01 4.469918459653854370e-02
4.414160251617431641e-01 4.526127874851226807e-02
4.373649656772613525e-01 4.559135064482688904e-02
4.219180941581726074e-01 4.679371044039726257e-02
4.127253293991088867e-01 4.746473580598831177e-02
4.041482806205749512e-01 4.805916175246238708e-02
3.789775669574737549e-01 4.961543902754783630e-02
3.673445582389831543e-01 5.023370683193206787e-02
3.635818958282470703e-01 5.041929706931114197e-02
3.557741641998291016e-01 5.078136920928955078e-02
3.496224880218505859e-01 5.104431882500648499e-02
3.436954021453857422e-01 5.127865076065063477e-02
3.366250395774841309e-01 5.153331160545349121e-02
3.261283636093139648e-01 5.186039209365844727e-02
3.140568435192108154e-01 5.215923115611076355e-02
3.068357110023498535e-01 5.229754745960235596e-02
3.025028407573699951e-01 5.236578732728958130e-02
2.910542190074920654e-01 5.249195545911788940e-02
2.591491937637329102e-01 5.241863802075386047e-02
2.484044581651687622e-01 5.224984139204025269e-02
2.432274222373962402e-01 5.214214324951171875e-02
2.345297634601593018e-01 5.192235484719276428e-02
2.289949804544448853e-01 5.175695195794105530e-02
2.250333428382873535e-01 5.162632465362548828e-02
2.165926545858383179e-01 5.131372809410095215e-02
2.139406353235244751e-01 5.120583251118659973e-02
2.036738395690917969e-01 5.074422433972358704e-02
1.835372447967529297e-01 4.963324591517448425e-02
1.711471229791641235e-01 4.881107434630393982e-02
1.660119593143463135e-01 4.843847453594207764e-02
1.572225242853164673e-01 4.775623604655265808e-02
1.505267024040222168e-01 4.719784855842590332e-02
1.436277180910110474e-01 4.658636823296546936e-02
1.354889571666717529e-01 4.581593722105026245e-02
1.223012730479240417e-01 4.444778338074684143e-02
1.188152804970741272e-01 4.405976831912994385e-02
1.016547530889511108e-01 4.197101294994354248e-02
9.115824848413467407e-02 4.052855074405670166e-02
8.253005146980285645e-02 3.923280164599418640e-02
6.546001136302947998e-02 3.631186857819557190e-02
5.236523225903511047e-02 3.365448489785194397e-02
4.525150358676910400e-02 3.200875222682952881e-02
3.666331246495246887e-02 2.977390214800834656e-02
3.195851296186447144e-02 2.840592712163925171e-02
2.567561902105808258e-02 2.637616358697414398e-02
1.983869262039661407e-02 2.422289922833442688e-02
1.571615599095821381e-02 2.249598130583763123e-02
9.701910428702831268e-03 1.954219304025173187e-02
2.301538595929741859e-03 1.467853132635354996e-02
-6.343961576931178570e-04 1.195915136486291885e-02
-2.295756945386528969e-03 9.947231039404869080e-03
-4.249708261340856552e-03 6.272273603826761246e-03
-4.807087127119302750e-03 2.804281655699014664e-03
-4.311052151024341583e-03 8.546578465029597282e-05
-3.299421630799770355e-03 -2.008827170357108116e-03
-2.711808076128363609e-03 -2.859934465959668159e-03
-2.269539050757884979e-03 -3.413518425077199936e-03
-8.914142381399869919e-04 -4.839919973164796829e-03
7.195932557806372643e-04 -6.153245922178030014e-03
2.650859300047159195e-03 -7.427040487527847290e-03
4.492732696235179901e-03 -8.440139703452587128e-03
1.195587031543254852e-02 -1.140639930963516235e-02
2.367821149528026581e-02 -1.430564094334840775e-02
3.300893679261207581e-02 -1.595217362046241760e-02
4.312345385551452637e-02 -1.744628511369228363e-02
5.445259064435958862e-02 -1.894824765622615814e-02
5.987316370010375977e-02 -1.963104680180549622e-02
6.866613030433654785e-02 -2.070478163659572601e-02
8.006584644317626953e-02 -2.204363979399204254e-02
9.704604744911193848e-02 -2.392957732081413269e-02
1.081817671656608582e-01 -2.509380504488945007e-02
1.138336658477783203e-01 -2.566256001591682434e-02
1.371276676654815674e-01 -2.785553969442844391e-02
1.485623717308044434e-01 -2.884936705231666565e-02
1.564013063907623291e-01 -2.950222045183181763e-02
1.682984381914138794e-01 -3.045229800045490265e-02
1.779547780752182007e-01 -3.119005449116230011e-02
1.833467334508895874e-01 -3.158991038799285889e-02
1.925481706857681274e-01 -3.225348517298698425e-02
2.020332515239715576e-01 -3.291415795683860779e-02
2.071921527385711670e-01 -3.326408937573432922e-02
2.200804501771926880e-01 -3.411107882857322693e-02
2.276253104209899902e-01 -3.458978608250617981e-02
2.438274919986724854e-01 -3.557778522372245789e-02
2.478202283382415771e-01 -3.581324219703674316e-02
2.613230943679809570e-01 -3.658709675073623657e-02
2.743639349937438965e-01 -3.730271384119987488e-02
2.914029359817504883e-01 -3.819245472550392151e-02
3.153621554374694824e-01 -3.935937583446502686e-02
3.226709663867950439e-01 -3.969606012105941772e-02
3.258799910545349121e-01 -3.984104096889495850e-02
3.448725640773773193e-01 -4.066365957260131836e-02
3.596831560134887695e-01 -4.126284644007682800e-02
3.715509772300720215e-01 -4.171592742204666138e-02
3.782471716403961182e-01 -4.196085780858993530e-02
3.875382840633392334e-01 -4.228775203227996826e-02
3.996537923812866211e-01 -4.269120097160339355e-02
4.136817753314971924e-01 -4.312564432621002197e-02
4.239381253719329834e-01 -4.342078045010566711e-02
4.328809380531311035e-01 -4.366242885589599609e-02
4.419965445995330811e-01 -4.389358311891555786e-02
4.509777724742889404e-01 -4.410623759031295776e-02
4.567079246044158936e-01 -4.423405975103378296e-02
4.694601893424987793e-01 -4.449642822146415710e-02
4.782328307628631592e-01 -4.465920105576515198e-02
4.914392828941345215e-01 -4.487694427371025085e-02
5.039085149765014648e-01 -4.505252465605735779e-02
5.192608833312988281e-01 -4.522893577814102173e-02
5.324321985244750977e-01 -4.534563794732093811e-02
5.498060584068298340e-01 -4.545133188366889954e-02
5.573291778564453125e-01 -4.548024013638496399e-02
5.742424130439758301e-01 -4.550841078162193298e-02
5.902740955352783203e-01 -4.548807814717292786e-02
6.028089523315429688e-01 -4.543999955058097839e-02
6.088647842407226562e-01 -4.540644586086273193e-02
6.140283942222595215e-01 -4.537244513630867004e-02
6.312327384948730469e-01 -4.522204399108886719e-02
6.393979787826538086e-01 -4.512982070446014404e-02
6.565055251121520996e-01 -4.488981142640113831e-02
6.614730358123779297e-01 -4.480750113725662231e-02
6.811870336532592773e-01 -4.441929236054420471e-02
6.900938749313354492e-01 -4.420888051390647888e-02
7.045064568519592285e-01 -4.381683841347694397e-02
7.155182361602783203e-01 -4.347026720643043518e-02
7.224807143211364746e-01 -4.322821274399757385e-02
7.277581095695495605e-01 -4.303215816617012024e-02
7.405061721801757812e-01 -4.251058772206306458e-02
7.490686774253845215e-01 -4.211933910846710205e-02
7.569915652275085449e-01 -4.172560200095176697e-02
7.753552794456481934e-01 -4.068395867943763733e-02
7.801994681358337402e-01 -4.037643224000930786e-02
7.961115241050720215e-01 -3.925896435976028442e-02
8.088245391845703125e-01 -3.823580592870712280e-02
8.250880837440490723e-01 -3.673370555043220520e-02
8.357564210891723633e-01 -3.561485931277275085e-02
8.452559709548950195e-01 -3.451801091432571411e-02
8.545429706573486328e-01 -3.334393724799156189e-02
8.598310947418212891e-01 -3.262621536850929260e-02
8.688520789146423340e-01 -3.131128102540969849e-02
8.822547793388366699e-01 -2.912051975727081299e-02
8.868871927261352539e-01 -2.828905172646045685e-02
9.031702876091003418e-01 -2.501169405877590179e-02
9.096614122390747070e-01 -2.353088743984699249e-02
9.169200062751770020e-01 -2.174271270632743835e-02
9.315856099128723145e-01 -1.768826134502887726e-02
9.413298368453979492e-01 -1.472484134137630463e-02
9.498603343963623047e-01 -1.207747403532266617e-02
9.571929574012756348e-01 -9.866998530924320221e-03
9.604036211967468262e-01 -8.936200290918350220e-03
