9.643572568893432617e-01 -3.902136231772601604e-04
9.639827013015747070e-01 -2.454852510709315538e-04
9.624174237251281738e-01 3.318196104373782873e-04
9.569807052612304688e-01 2.132400637492537498e-03
9.487595558166503906e-01 4.565581213682889938e-03
9.410321712493896484e-01 6.698390468955039978e-03
9.336574673652648926e-01 8.653025142848491669e-03
9.294356107711791992e-01 9.746850468218326569e-03
9.236089587211608887e-01 1.123310253024101257e-02
9.184406399726867676e-01 1.253260485827922821e-02
9.081656336784362793e-01 1.507458090782165527e-02
9.030236601829528809e-01 1.632960140705108643e-02
8.904740214347839355e-01 1.935460604727268219e-02
8.807271718978881836e-01 2.167313545942306519e-02
8.716521859169006348e-01 2.381188608705997467e-02
8.664375543594360352e-01 2.503312937915325165e-02
8.598691225051879883e-01 2.656392566859722137e-02
8.554961085319519043e-01 2.757876180112361908e-02
8.461247086524963379e-01 2.974285371601581573e-02
8.434540629386901855e-01 3.035698831081390381e-02
8.283017873764038086e-01 3.382038697600364685e-02
8.117900490760803223e-01 3.755558282136917114e-02
8.061633110046386719e-01 3.881914168596267700e-02
8.027907013893127441e-01 3.957426548004150391e-02
7.896452546119689941e-01 4.250046238303184509e-02
7.792864441871643066e-01 4.478657245635986328e-02
7.612029910087585449e-01 4.873180389404296875e-02
7.556478381156921387e-01 4.993101954460144043e-02
7.392833828926086426e-01 5.342488735914230347e-02
7.305992245674133301e-01 5.525330826640129089e-02
7.202268242835998535e-01 5.741134658455848694e-02
7.129461765289306641e-01 5.890804901719093323e-02
6.994004845619201660e-01 6.164919584989547729e-02
6.900477409362792969e-01 6.350613385438919067e-02
6.785027384757995605e-01 6.575445830821990967e-02
6.746154427528381348e-01 6.649988144636154175e-02
6.654653549194335938e-01 6.823020428419113159e-02
6.539490818977355957e-01 7.035660743713378906e-02
6.411727666854858398e-01 7.264429330825805664e-02
6.364562511444091797e-01 7.346878200769424438e-02
6.211807131767272949e-01 7.606073468923568726e-02
6.073184013366699219e-01 7.830388098955154419e-02
5.879979729652404785e-01 8.124594390392303467e-02
5.805064439773559570e-01 8.232628554105758667e-02
5.564611554145812988e-01 8.555459976196289062e-02
5.519931316375732422e-01 8.611309528350830078e-02
5.411964654922485352e-01 8.740780502557754517e-02
5.241460800170898438e-01 8.929127454757690430e-02
5.122508406639099121e-01 9.048613905906677246e-02
5.062805414199829102e-01 9.104844927787780762e-02
4.902932643890380859e-01 9.242942184209823608e-02
4.823504686355590820e-01 9.304741770029067993e-02
4.732377529144287109e-01 9.370024502277374268e-02
4.619822800159454346e-01 9.442315250635147095e-02
4.522693157196044922e-01 9.497239440679550171e-02
4.461723268032073975e-01 9.528163820505142212e-02
4.267584383487701416e-01 9.608271718025207520e-02
4.199264049530029297e-01 9.629774093627929688e-02
4.018738865852355957e-01 9.669686853885650635e-02
3.836996555328369141e-01 9.684858471155166626e-02
3.744777441024780273e-01 9.682856500148773193e-02
3.626548945903778076e-01 9.670624881982803345e-02
3.483082354068756104e-01 9.641028940677642822e-02
3.232366442680358887e-01 9.549644589424133301e-02
3.184491693973541260e-01 9.526334702968597412e-02
3.093688189983367920e-01 9.476852416992187500e-02
2.962945699691772461e-01 9.393248707056045532e-02
2.879600822925567627e-01 9.332179278135299683e-02
2.782156169414520264e-01 9.252897650003433228e-02
2.735480964183807373e-01 9.211853891611099243e-02
2.692992687225341797e-01 9.172736108303070068e-02
2.514325380325317383e-01 8.989360183477401733e-02
2.424295246601104736e-01 8.884984999895095825e-02
1.918390542268753052e-01 8.131890743970870972e-02
1.766280233860015869e-01 7.842437177896499634e-02
1.665011048316955566e-01 7.630847394466400146e-02
1.551858037710189819e-01 7.374852895736694336e-02
1.453002691268920898e-01 7.132760435342788696e-02
1.392731070518493652e-01 6.975996494293212891e-02
1.259667277336120605e-01 6.602829694747924805e-02
1.174970939755439758e-01 6.343843787908554077e-02
1.118027791380882263e-01 6.159278005361557007e-02
9.387283027172088623e-02 5.514868348836898804e-02
8.025194704532623291e-02 4.947820305824279785e-02
7.230720669031143188e-02 4.578357562422752380e-02
6.466338783502578735e-02 4.190068691968917847e-02
5.801315978169441223e-02 3.820998966693878174e-02
5.602901428937911987e-02 3.704373165965080261e-02
4.650305956602096558e-02 3.093805164098739624e-02
4.144160076975822449e-02 2.727153338491916656e-02
3.765225782990455627e-02 2.427213080227375031e-02
3.122451715171337128e-02 1.848726160824298859e-02
2.321923151612281799e-02 8.715818636119365692e-03
2.269274368882179260e-02 7.804410532116889954e-03
2.105824835598468781e-02 4.025431815534830093e-03
2.061578072607517242e-02 1.755268196575343609e-03
2.060057595372200012e-02 5.434372578747570515e-04
2.072681114077568054e-02 -4.358683363534510136e-04
2.084001339972019196e-02 -9.137594606727361679e-04
2.139909565448760986e-02 -2.311125164851546288e-03
2.277409285306930542e-02 -4.136039409786462784e-03
2.365092933177947998e-02 -4.915324039757251740e-03
2.595477551221847534e-02 -6.391623988747596741e-03
2.857781574130058289e-02 -7.560455705970525742e-03
3.336467221379280090e-02 -9.024593979120254517e-03
3.860042244195938110e-02 -1.010305900126695633e-02
4.334718734025955200e-02 -1.080491393804550171e-02
4.949094355106353760e-02 -1.145673822611570358e-02
6.831512600183486938e-02 -1.236249040812253952e-02
7.646397501230239868e-02 -1.242158655077219009e-02
7.917599380016326904e-02 -1.240867469459772110e-02
9.130661189556121826e-02 -1.218649279326200485e-02
1.023456156253814697e-01 -1.179222948849201202e-02
1.157823428511619568e-01 -1.112290285527706146e-02
1.203745305538177490e-01 -1.085538044571876526e-02
1.401809304952621460e-01 -9.528093039989471436e-03
1.605982333421707153e-01 -7.946797646582126617e-03
1.646935790777206421e-01 -7.611598819494247437e-03
1.773146092891693115e-01 -6.551937665790319443e-03
1.871217042207717896e-01 -5.707676056772470474e-03
1.997631192207336426e-01 -4.602750763297080994e-03
2.083657681941986084e-01 -3.845065366476774216e-03
2.166958302259445190e-01 -3.110108664259314537e-03
2.257372289896011353e-01 -2.313649049028754234e-03
2.517515122890472412e-01 -5.126249743625521660e-05
2.609181702136993408e-01 7.289945497177541256e-04
2.706668972969055176e-01 1.545904087834060192e-03
2.790257632732391357e-01 2.234430518001317978e-03
2.921276390552520752e-01 3.288981504738330841e-03
3.080361783504486084e-01 4.524731542915105820e-03
3.155131042003631592e-01 5.087215919047594070e-03
3.212290108203887939e-01 5.508904345333576202e-03
3.404235839843750000e-01 6.869707722216844559e-03
3.471180796623229980e-01 7.323478814214468002e-03
3.523374199867248535e-01 7.669531274586915970e-03
3.573330044746398926e-01 7.994320243597030640e-03
3.897362053394317627e-01 9.942786768078804016e-03
3.972304165363311768e-01 1.035326160490512848e-02
4.019986391067504883e-01 1.060638763010501862e-02
4.140254259109497070e-01 1.121677737683057785e-02
4.281399846076965332e-01 1.188136544078588486e-02
4.413887262344360352e-01 1.245382428169250488e-02
4.488921761512756348e-01 1.275585778057575226e-02
4.573672115802764893e-01 1.307765580713748932e-02
4.685495495796203613e-01 1.347085461020469666e-02
4.728381633758544922e-01 1.361217536032199860e-02
4.802500605583190918e-01 1.384407002478837967e-02
4.942571222782135010e-01 1.423973310738801956e-02
5.185934305191040039e-01 1.479606144130229950e-02
5.329564809799194336e-01 1.504749339073896408e-02
5.410485267639160156e-01 1.516440790146589279e-02
5.516479611396789551e-01 1.529089733958244324e-02
5.621853470802307129e-01 1.538700051605701447e-02
5.632800459861755371e-01 1.539530232548713684e-02
5.853626132011413574e-01 1.549585629254579544e-02
6.003440618515014648e-01 1.549217663705348969e-02
6.101350784301757812e-01 1.545863784849643707e-02
6.220335960388183594e-01 1.538487710058689117e-02
6.405003666877746582e-01 1.519882027059793472e-02
6.491231918334960938e-01 1.508212368935346603e-02
6.538047790527343750e-01 1.501080673187971115e-02
6.632485985755920410e-01 1.484988071024417877e-02
6.683264374732971191e-01 1.475391816347837448e-02
6.737697124481201172e-01 1.464369986206293106e-02
6.904038786888122559e-01 1.425974536687135696e-02
7.167930603027343750e-01 1.350438408553600311e-02
7.290901541709899902e-01 1.309079956263303757e-02
7.385593652725219727e-01 1.274545770138502121e-02
7.556895613670349121e-01 1.206084806472063065e-02
7.619163393974304199e-01 1.179270632565021515e-02
7.853274345397949219e-01 1.069076731801033020e-02
7.909868955612182617e-01 1.040171366184949875e-02
8.039909601211547852e-01 9.703117422759532928e-03
8.109387755393981934e-01 9.309766814112663269e-03
8.206052184104919434e-01 8.738501928746700287e-03
8.242180347442626953e-01 8.517646230757236481e-03
8.521665334701538086e-01 6.665710359811782837e-03
8.568328022956848145e-01 6.330151576548814774e-03
8.698279261589050293e-01 5.351894535124301910e-03
8.781037330627441406e-01 4.693015478551387787e-03
8.883636593818664551e-01 3.833594033494591713e-03
8.925007581710815430e-01 3.472641110420227051e-03
8.986881375312805176e-01 2.916106954216957092e-03
9.018671512603759766e-01 2.621928462758660316e-03
9.157985448837280273e-01 1.259186305105686188e-03
9.252711534500122070e-01 2.538527769502252340e-04
9.337912201881408691e-01 -7.161590037867426872e-04
9.458729028701782227e-01 -2.221655333414673805e-03
9.579963684082031250e-01 -3.912013024091720581e-03
9.619866609573364258e-01 -4.502438008785247803e-03
9.638516306877136230e-01 -4.780277609825134277e-03
9.655838608741760254e-01 -5.037370603531599045e-03
