9.710580110549926758e-01 -2.481953706592321396e-03
9.708348512649536133e-01 -2.346910536289215088e-03
9.683786034584045410e-01 -9.539940510876476765e-04
9.615699648857116699e-01 2.436825539916753769e-03
9.487326145172119141e-01 8.072722703218460083e-03
9.369221925735473633e-01 1.286255475133657455e-02
9.290251731872558594e-01 1.593978889286518097e-02
9.237977862358093262e-01 1.793468371033668518e-02
9.157564640045166016e-01 2.094864659011363983e-02
9.079182147979736328e-01 2.383096516132354736e-02
8.958178162574768066e-01 2.818788215517997742e-02
8.891340494155883789e-01 3.055143728852272034e-02
8.788311481475830078e-01 3.414059430360794067e-02
8.703178167343139648e-01 3.705970570445060730e-02
8.577348589897155762e-01 4.130138829350471497e-02
8.541680574417114258e-01 4.248856380581855774e-02
8.447134494781494141e-01 4.560368508100509644e-02
8.340438008308410645e-01 4.906469956040382385e-02
8.249361515045166016e-01 5.197383090853691101e-02
8.232710957527160645e-01 5.250131711363792419e-02
8.049755096435546875e-01 5.820503085851669312e-02
7.898318171501159668e-01 6.279869377613067627e-02
7.800168991088867188e-01 6.571322679519653320e-02
7.765154242515563965e-01 6.674078106880187988e-02
7.571010589599609375e-01 7.232075184583663940e-02
7.509132623672485352e-01 7.405634969472885132e-02
7.419748902320861816e-01 7.652623206377029419e-02
7.354922890663146973e-01 7.828934490680694580e-02
7.223597764968872070e-01 8.178714662790298462e-02
7.112906575202941895e-01 8.465693891048431396e-02
6.973000764846801758e-01 8.817828446626663208e-02
6.906097531318664551e-01 8.981953561305999756e-02
6.798792481422424316e-01 9.239294379949569702e-02
6.750537753105163574e-01 9.352622926235198975e-02
6.407778263092041016e-01 1.011324375867843628e-01
6.371979713439941406e-01 1.018808856606483459e-01
6.271604299545288086e-01 1.039313003420829773e-01
6.180915832519531250e-01 1.057222485542297363e-01
6.022917032241821289e-01 1.087003201246261597e-01
5.985323190689086914e-01 1.093818470835685730e-01
5.841161608695983887e-01 1.118969544768333435e-01
5.779727697372436523e-01 1.129207015037536621e-01
5.680112838745117188e-01 1.145187392830848694e-01
5.560680627822875977e-01 1.163321062922477722e-01
5.429763793945312500e-01 1.181890368461608887e-01
5.386582612991333008e-01 1.187710314989089966e-01
5.289384722709655762e-01 1.200251802802085876e-01
5.138468146324157715e-01 1.218166500329971313e-01
5.071141719818115234e-01 1.225538775324821472e-01
4.919698834419250488e-01 1.240700110793113708e-01
4.853787720203399658e-01 1.246676072478294373e-01
4.838773012161254883e-01 1.247984468936920166e-01
4.658800959587097168e-01 1.262109726667404175e-01
4.575796425342559814e-01 1.267646700143814087e-01
4.393036961555480957e-01 1.277626007795333862e-01
4.317012131214141846e-01 1.280870288610458374e-01
4.175038039684295654e-01 1.285481899976730347e-01
4.054981470108032227e-01 1.287894845008850098e-01
3.962670862674713135e-01 1.288812458515167236e-01
3.879132866859436035e-01 1.288934201002120972e-01
3.712923228740692139e-01 1.287152916193008423e-01
3.659867048263549805e-01 1.286011338233947754e-01
3.603182435035705566e-01 1.284482777118682861e-01
3.422439694404602051e-01 1.277460306882858276e-01
3.288322687149047852e-01 1.270108968019485474e-01
3.118308186531066895e-01 1.258123964071273804e-01
3.048822283744812012e-01 1.252356171607971191e-01
3.027012646198272705e-01 1.250440329313278198e-01
2.958718240261077881e-01 1.244115233421325684e-01
2.869952023029327393e-01 1.235146895051002502e-01
2.765954136848449707e-01 1.223552599549293518e-01
2.513048648834228516e-01 1.190341860055923462e-01
2.223572283983230591e-01 1.143232882022857666e-01
2.005075067281723022e-01 1.100831776857376099e-01
1.796766817569732666e-01 1.054493337869644165e-01
1.617278158664703369e-01 1.009541079401969910e-01
1.577365696430206299e-01 9.988682717084884644e-02
1.457428783178329468e-01 9.652205556631088257e-02
1.327091902494430542e-01 9.258033335208892822e-02
1.176450625061988831e-01 8.761812001466751099e-02
1.086601167917251587e-01 8.442942053079605103e-02
1.050524041056632996e-01 8.309682458639144897e-02
7.500092685222625732e-02 7.064513117074966431e-02
6.596914678812026978e-02 6.634246557950973511e-02
5.525207519531250000e-02 6.081455200910568237e-02
4.742161184549331665e-02 5.643741413950920105e-02
4.062587022781372070e-02 5.236733704805374146e-02
3.604098781943321228e-02 4.945824667811393738e-02
1.842875033617019653e-02 3.671128302812576294e-02
1.257612463086843491e-02 3.173466399312019348e-02
5.719518754631280899e-03 2.520087361335754395e-02
1.510985428467392921e-03 2.066670916974544525e-02
-2.617949154227972031e-03 1.562712714076042175e-02
-5.847936030477285385e-03 1.100430637598037720e-02
-8.835397660732269287e-03 5.522148218005895615e-03
-9.443943388760089874e-03 4.040923435240983963e-03
-9.905216284096240997e-03 2.694118767976760864e-03
-1.041202899068593979e-02 6.169280968606472015e-04
-1.060612779110670090e-02 -1.372328377328813076e-03
-1.050341688096523285e-02 -2.896335208788514137e-03
-9.832136332988739014e-03 -5.076913628727197647e-03
-8.669097907841205597e-03 -6.802651099860668182e-03
-7.433697115629911423e-03 -7.952214218676090240e-03
1.129247131757438183e-03 -1.144762523472309113e-02
9.822140447795391083e-03 -1.272674091160297394e-02
2.049139887094497681e-02 -1.326129306107759476e-02
2.912731282413005829e-02 -1.323566772043704987e-02
3.577699512243270874e-02 -1.302139274775981903e-02
6.229556351900100708e-02 -1.095676328986883163e-02
7.226583361625671387e-02 -9.782123379409313202e-03
8.596447855234146118e-02 -7.878001779317855835e-03
9.570106118917465210e-02 -6.344600114971399307e-03
1.111062616109848022e-01 -3.661600640043616295e-03
1.278169304132461548e-01 -4.738831776194274426e-04
1.353263407945632935e-01 1.025673467665910721e-03
1.540462970733642578e-01 4.863825161010026932e-03
1.656690537929534912e-01 7.268676999956369400e-03
1.765145659446716309e-01 9.493106976151466370e-03
1.849936842918395996e-01 1.120352931320667267e-02
1.915666311979293823e-01 1.250527240335941315e-02
2.012975513935089111e-01 1.438452396541833878e-02
2.071767002344131470e-01 1.548814401030540466e-02
2.185063511133193970e-01 1.753857359290122986e-02
2.223717123270034790e-01 1.821337267756462097e-02
2.426301240921020508e-01 2.152592130005359650e-02
2.554470002651214600e-01 2.341587655246257782e-02
2.728826999664306641e-01 2.571969106793403625e-02
2.773650288581848145e-01 2.626162022352218628e-02
2.865996062755584717e-01 2.731313556432723999e-02
2.948150038719177246e-01 2.817541174590587616e-02
3.063283860683441162e-01 2.926904149353504181e-02
3.125783801078796387e-01 2.980732545256614685e-02
3.211869895458221436e-01 3.048594668507575989e-02
3.299318850040435791e-01 3.110211342573165894e-02
3.497490584850311279e-01 3.223406523466110229e-02
3.536774218082427979e-01 3.241625428199768066e-02
3.707276284694671631e-01 3.305253759026527405e-02
3.774940371513366699e-01 3.323787450790405273e-02
3.864582777023315430e-01 3.342726826667785645e-02
3.988886475563049316e-01 3.358848765492439270e-02
4.054872393608093262e-01 3.362839296460151672e-02
4.114687740802764893e-01 3.363840281963348389e-02
4.261090755462646484e-01 3.356339037418365479e-02
4.341223835945129395e-01 3.346606716513633728e-02
4.456496238708496094e-01 3.326159343123435974e-02
4.539167284965515137e-01 3.307133913040161133e-02
4.639004766941070557e-01 3.279689326882362366e-02
4.699255526065826416e-01 3.260928019881248474e-02
4.883055984973907471e-01 3.194552287459373474e-02
4.958402812480926514e-01 3.163790702819824219e-02
5.026924014091491699e-01 3.134237974882125854e-02
5.080717802047729492e-01 3.110067918896675110e-02
5.184625387191772461e-01 3.061189129948616028e-02
5.262209177017211914e-01 3.023003973066806793e-02
5.518715381622314453e-01 2.888446860015392303e-02
5.656247735023498535e-01 2.812203578650951385e-02
5.783283710479736328e-01 2.739892154932022095e-02
5.986961126327514648e-01 2.621064335107803345e-02
6.090009808540344238e-01 2.559874393045902252e-02
6.278756260871887207e-01 2.446324005722999573e-02
6.358851194381713867e-01 2.397629991173744202e-02
6.453512907028198242e-01 2.339713275432586670e-02
6.548641324043273926e-01 2.281121723353862762e-02
6.601480245590209961e-01 2.248405292630195618e-02
6.832820177078247070e-01 2.103632874786853790e-02
6.983494758605957031e-01 2.007841132581233978e-02
7.122358083724975586e-01 1.918331719934940338e-02
7.326386570930480957e-01 1.784297823905944824e-02
7.390859723091125488e-01 1.741227321326732635e-02
7.442954182624816895e-01 1.706148125231266022e-02
7.544194459915161133e-01 1.637208275496959686e-02
7.620490193367004395e-01 1.584535837173461914e-02
7.788837552070617676e-01 1.465857401490211487e-02
7.910035252571105957e-01 1.378070656210184097e-02
7.983472347259521484e-01 1.323805376887321472e-02
8.049437999725341797e-01 1.274311635643243790e-02
8.200454115867614746e-01 1.158067677170038223e-02
8.331896662712097168e-01 1.053154002875089645e-02
8.496548533439636230e-01 9.160161949694156647e-03
8.618777394294738770e-01 8.094273507595062256e-03
8.685616850852966309e-01 7.491687312722206116e-03
8.741567730903625488e-01 6.975423544645309448e-03
8.873800039291381836e-01 5.707368254661560059e-03
8.948999643325805664e-01 4.952329676598310471e-03
9.053416252136230469e-01 3.856392810121178627e-03
9.143401384353637695e-01 2.860623877495527267e-03
9.273436665534973145e-01 1.320038340054452419e-03
9.336787462234497070e-01 5.173585959710180759e-04
9.582031369209289551e-01 -3.023018827661871910e-03
9.668139219284057617e-01 -4.453717730939388275e-03
9.681379795074462891e-01 -4.679613281041383743e-03
9.706610441207885742e-01 -5.110739730298519135e-03
