9.641822576522827148e-01 7.106396515155211091e-05
9.638218879699707031e-01 3.662367817014455795e-04
9.609410762786865234e-01 2.527164993807673454e-03
9.532565474510192871e-01 7.316247094422578812e-03
9.288319349288940430e-01 1.901560276746749878e-02
9.183651208877563477e-01 2.325102128088474274e-02
9.020242691040039062e-01 2.930602245032787323e-02
8.955253362655639648e-01 3.156051784753799438e-02
8.834883570671081543e-01 3.554025292396545410e-02
8.725647926330566406e-01 3.895408660173416138e-02
8.625087738037109375e-01 4.194625094532966614e-02
8.578421473503112793e-01 4.328879341483116150e-02
8.491492867469787598e-01 4.571604728698730469e-02
8.400554656982421875e-01 4.815701395273208618e-02
8.244582414627075195e-01 5.212269350886344910e-02
8.200371861457824707e-01 5.319825932383537292e-02
8.082057833671569824e-01 5.597588419914245605e-02
8.017265200614929199e-01 5.743657052516937256e-02
7.952858209609985352e-01 5.884762480854988098e-02
7.911051511764526367e-01 5.974206700921058655e-02
7.836428880691528320e-01 6.129758059978485107e-02
7.706696391105651855e-01 6.388028711080551147e-02
7.464323043823242188e-01 6.831344962120056152e-02
7.414584159851074219e-01 6.916327029466629028e-02
7.268129587173461914e-01 7.155315577983856201e-02
7.172183394432067871e-01 7.303124666213989258e-02
7.044356465339660645e-01 7.489770650863647461e-02
7.004019021987915039e-01 7.546316087245941162e-02
6.852382421493530273e-01 7.749146223068237305e-02
6.772024035453796387e-01 7.850607484579086304e-02
6.671056151390075684e-01 7.972392439842224121e-02
6.507604718208312988e-01 8.156572282314300537e-02
6.404614448547363281e-01 8.264674991369247437e-02
6.341388821601867676e-01 8.328077942132949829e-02
6.144034862518310547e-01 8.511886745691299438e-02
6.053459644317626953e-01 8.589246869087219238e-02
5.925111770629882812e-01 8.691471815109252930e-02
5.853557586669921875e-01 8.744744956493377686e-02
5.796657800674438477e-01 8.785218000411987305e-02
5.700173974037170410e-01 8.850058168172836304e-02
5.597310662269592285e-01 8.913945406675338745e-02
5.528279542922973633e-01 8.953804522752761841e-02
5.389384627342224121e-01 9.026677906513214111e-02
5.336402058601379395e-01 9.051898121833801270e-02
5.246331691741943359e-01 9.091520309448242188e-02
5.186313390731811523e-01 9.115640819072723389e-02
5.040645599365234375e-01 9.166590869426727295e-02
4.957546591758728027e-01 9.190836548805236816e-02
4.868293106555938721e-01 9.212964773178100586e-02
4.706149399280548096e-01 9.242773801088333130e-02
4.589440822601318359e-01 9.255900979042053223e-02
4.517287313938140869e-01 9.260512888431549072e-02
4.312996268272399902e-01 9.258960187435150146e-02
4.204768240451812744e-01 9.249334037303924561e-02
4.110854566097259521e-01 9.235993027687072754e-02
4.067828059196472168e-01 9.228325635194778442e-02
3.984577655792236328e-01 9.210699796676635742e-02
3.808627426624298096e-01 9.161233901977539062e-02
3.593890964984893799e-01 9.078035503625869751e-02
3.501986265182495117e-01 9.034606814384460449e-02
3.406661748886108398e-01 8.984515070915222168e-02
3.341436386108398438e-01 8.947237581014633179e-02
3.192132711410522461e-01 8.852554112672805786e-02
3.048212230205535889e-01 8.748644590377807617e-02
2.971576750278472900e-01 8.688099682331085205e-02
2.886032760143280029e-01 8.616130799055099487e-02
2.837337553501129150e-01 8.573047816753387451e-02
2.743998169898986816e-01 8.486080914735794067e-02
2.588241994380950928e-01 8.327671140432357788e-02
2.498983740806579590e-01 8.229076862335205078e-02
2.328297048807144165e-01 8.023709058761596680e-02
2.154942303895950317e-01 7.790845632553100586e-02
2.050981372594833374e-01 7.638450711965560913e-02
1.923994421958923340e-01 7.438194751739501953e-02
1.698997020721435547e-01 7.040873914957046509e-02
1.533131897449493408e-01 6.707905977964401245e-02
1.471933424472808838e-01 6.575208157300949097e-02
1.386111974716186523e-01 6.379188597202301025e-02
1.338249444961547852e-01 6.264464557170867920e-02
1.269317865371704102e-01 6.091887503862380981e-02
1.162018775939941406e-01 5.804315209388732910e-02
1.089548990130424500e-01 5.595554783940315247e-02
1.000923737883567810e-01 5.322201550006866455e-02
8.720601350069046021e-02 4.883616417646408081e-02
7.865648716688156128e-02 4.560810700058937073e-02
7.096190750598907471e-02 4.244393110275268555e-02
6.317849457263946533e-02 3.894977271556854248e-02
5.609738454222679138e-02 3.546765446662902832e-02
4.128092527389526367e-02 2.696800790727138519e-02
3.524310514330863953e-02 2.287390455603599548e-02
2.960590086877346039e-02 1.858580484986305237e-02
2.279230393469333649e-02 1.253785006701946259e-02
2.005766704678535461e-02 9.700253605842590332e-03
1.572048477828502655e-02 4.234988242387771606e-03
1.396655477583408356e-02 1.210863818414509296e-03
1.309297978878021240e-02 -9.598327451385557652e-04
1.276224385946989059e-02 -2.308839932084083557e-03
1.264072488993406296e-02 -3.746940288692712784e-03
1.275316439568996429e-02 -4.854895174503326416e-03
1.285799499601125717e-02 -5.292514804750680923e-03
1.324736606329679489e-02 -6.280499044805765152e-03
1.513706613332033157e-02 -8.448651060461997986e-03
1.658754050731658936e-02 -9.363593533635139465e-03
2.111493051052093506e-02 -1.103134918957948685e-02
2.755235321819782257e-02 -1.222493499517440796e-02
3.878415003418922424e-02 -1.310892123728990555e-02
4.357898980379104614e-02 -1.325216703116893768e-02
5.125294253230094910e-02 -1.330233365297317505e-02
5.942042917013168335e-02 -1.317484024912118912e-02
6.698382645845413208e-02 -1.292894780635833740e-02
7.671531289815902710e-02 -1.246810611337423325e-02
8.752150088548660278e-02 -1.180068124085664749e-02
9.395990520715713501e-02 -1.133725605905056000e-02
1.097297519445419312e-01 -1.002946309745311737e-02
1.240916997194290161e-01 -8.661934174597263336e-03
1.361445039510726929e-01 -7.410104386508464813e-03
1.490128636360168457e-01 -5.988514516502618790e-03
1.546074301004409790e-01 -5.347434431314468384e-03
1.606025546789169312e-01 -4.647073801606893539e-03
1.676192730665206909e-01 -3.811722388491034508e-03
1.747486144304275513e-01 -2.947855740785598755e-03
1.847526133060455322e-01 -1.714091282337903976e-03
1.953304708003997803e-01 -3.875418624375015497e-04
1.998084038496017456e-01 1.794262789189815521e-04
2.295482456684112549e-01 3.993777092546224594e-03
2.365040034055709839e-01 4.891542252153158188e-03
2.536924183368682861e-01 7.107074372470378876e-03
2.620462775230407715e-01 8.179149590432643890e-03
2.738221883773803711e-01 9.681474417448043823e-03
2.858547568321228027e-01 1.120240241289138794e-02
2.961876988410949707e-01 1.249442808330059052e-02
3.029801249504089355e-01 1.333565730601549149e-02
3.221833705902099609e-01 1.567405462265014648e-02
3.301369547843933105e-01 1.662346906960010529e-02
3.435659408569335938e-01 1.819829270243644714e-02
3.492483496665954590e-01 1.885335706174373627e-02
3.639689683914184570e-01 2.051694877445697784e-02
3.718996942043304443e-01 2.139218524098396301e-02
3.830693066120147705e-01 2.259849756956100464e-02
3.923596739768981934e-01 2.357731573283672333e-02
4.027561545372009277e-01 2.464505843818187714e-02
4.135158658027648926e-01 2.571807429194450378e-02
4.308947026729583740e-01 2.737878635525703430e-02
4.386358261108398438e-01 2.808838337659835815e-02
4.509456455707550049e-01 2.917666547000408173e-02
4.617722034454345703e-01 3.009151481091976166e-02
4.760334491729736328e-01 3.123329207301139832e-02
4.848993122577667236e-01 3.190526738762855530e-02
5.007424354553222656e-01 3.303019329905509949e-02
5.191949009895324707e-01 3.421083092689514160e-02
5.293075442314147949e-01 3.479529917240142822e-02
5.361899137496948242e-01 3.516658395528793335e-02
5.469079017639160156e-01 3.570052236318588257e-02
5.535619258880615234e-01 3.600405901670455933e-02
5.707607865333557129e-01 3.668509051203727722e-02
5.866250395774841309e-01 3.717452287673950195e-02
5.964882373809814453e-01 3.740837052464485168e-02
6.076357364654541016e-01 3.760511055588722229e-02
6.186764836311340332e-01 3.772712126374244690e-02
6.317062377929687500e-01 3.777500614523887634e-02
6.391447782516479492e-01 3.775458410382270813e-02
6.569169759750366211e-01 3.756179288029670715e-02
6.640423536300659180e-01 3.742652758955955505e-02
6.776779294013977051e-01 3.707376122474670410e-02
6.912277340888977051e-01 3.659977391362190247e-02
7.018505334854125977e-01 3.614149987697601318e-02
7.151506543159484863e-01 3.545983135700225830e-02
7.241204380989074707e-01 3.493222221732139587e-02
7.309823036193847656e-01 3.449164703488349915e-02
7.460592985153198242e-01 3.341097757220268250e-02
7.557365894317626953e-01 3.263570740818977356e-02
7.699174880981445312e-01 3.138401731848716736e-02
7.841525077819824219e-01 2.998863533139228821e-02
7.913815379142761230e-01 2.922632917761802673e-02
8.000650405883789062e-01 2.826240472495555878e-02
8.086929917335510254e-01 2.725194767117500305e-02
8.235183358192443848e-01 2.539084106683731079e-02
8.313286304473876953e-01 2.434551715850830078e-02
8.474826216697692871e-01 2.203632332384586334e-02
8.577426075935363770e-01 2.046253532171249390e-02
8.679327368736267090e-01 1.881266757845878601e-02
8.731902241706848145e-01 1.792607642710208893e-02
8.837891221046447754e-01 1.606173999607563019e-02
8.917459845542907715e-01 1.459068711847066879e-02
9.056137800216674805e-01 1.186715345829725266e-02
9.124512672424316406e-01 1.044283155351877213e-02
9.304453134536743164e-01 6.399620324373245239e-03
9.392110705375671387e-01 4.254803061485290527e-03
9.498270750045776367e-01 1.487986533902585506e-03
9.600074887275695801e-01 -1.315823639743030071e-03
9.624219536781311035e-01 -1.990056596696376801e-03
9.639374017715454102e-01 -2.411768306046724319e-03
