9.599145650863647461e-01 3.795245429500937462e-03
9.591359496116638184e-01 3.709931392222642899e-03
9.492619037628173828e-01 2.886937232688069344e-03
9.324393272399902344e-01 2.071961993351578712e-03
8.670083284378051758e-01 1.424986752681434155e-03
8.478747606277465820e-01 1.631182269193232059e-03
8.178113102912902832e-01 2.199817914515733719e-03
8.124067187309265137e-01 2.330877818167209625e-03
7.992789745330810547e-01 2.683742903172969818e-03
7.863096594810485840e-01 3.079206915572285652e-03
7.756704688072204590e-01 3.437662264332175255e-03
7.659083008766174316e-01 3.793271491304039955e-03
7.501598000526428223e-01 4.420496057718992233e-03
7.356628179550170898e-01 5.056353285908699036e-03
7.207853198051452637e-01 5.767564289271831512e-03
7.074818611145019531e-01 6.454341113567352295e-03
6.990392208099365234e-01 6.915307603776454926e-03
6.905946135520935059e-01 7.396063767373561859e-03
6.784045100212097168e-01 8.125000633299350739e-03
6.657766699790954590e-01 8.923921734094619751e-03
6.484985947608947754e-01 1.008950453251600266e-02
6.300368309020996094e-01 1.142700668424367905e-02
6.120048761367797852e-01 1.282349321991205215e-02
6.069600582122802734e-01 1.322972308844327927e-02
5.886819958686828613e-01 1.475638616830110550e-02
5.821078419685363770e-01 1.532572414726018906e-02
5.731456279754638672e-01 1.611826568841934204e-02
5.652118325233459473e-01 1.683501899242401123e-02
5.460608601570129395e-01 1.861933059990406036e-02
5.325111746788024902e-01 1.992335729300975800e-02
5.272543430328369141e-01 2.043749764561653137e-02
5.102716088294982910e-01 2.212561108171939850e-02
5.017023086547851562e-01 2.299095503985881805e-02
4.926389157772064209e-01 2.391415648162364960e-02
4.840886592864990234e-01 2.479121461510658264e-02
4.753389358520507812e-01 2.569342963397502899e-02
4.668702781200408936e-01 2.656975947320461273e-02
4.581557810306549072e-01 2.747322805225849152e-02
4.438521862030029297e-01 2.895579114556312561e-02
4.383677244186401367e-01 2.952289208769798279e-02
4.332342147827148438e-01 3.005247376859188080e-02
4.092242717742919922e-01 3.250320255756378174e-02
3.948549330234527588e-01 3.393890336155891418e-02
3.808635473251342773e-01 3.530512377619743347e-02
3.781393766403198242e-01 3.556686639785766602e-02
3.738652169704437256e-01 3.597435355186462402e-02
3.607770502567291260e-01 3.719631582498550415e-02
3.572946786880493164e-01 3.751425817608833313e-02
3.468719720840454102e-01 3.844592347741127014e-02
3.173311948776245117e-01 4.089720547199249268e-02
3.081678152084350586e-01 4.159146174788475037e-02
3.040789365768432617e-01 4.188991338014602661e-02
2.964277863502502441e-01 4.242846369743347168e-02
2.885187566280364990e-01 4.295668751001358032e-02
2.837380170822143555e-01 4.326121881604194641e-02
2.715031802654266357e-01 4.398716241121292114e-02
2.649177908897399902e-01 4.434449598193168640e-02
2.415148466825485229e-01 4.540943354368209839e-02
2.352181524038314819e-01 4.563784599304199219e-02
2.331079989671707153e-01 4.570859670639038086e-02
2.286244928836822510e-01 4.584907740354537964e-02
2.194889634847640991e-01 4.609294980764389038e-02
2.068211734294891357e-01 4.633373767137527466e-02
2.037263065576553345e-01 4.637481272220611572e-02
1.946311444044113159e-01 4.645401239395141602e-02
1.904654800891876221e-01 4.646920785307884216e-02
1.842989474534988403e-01 4.646683484315872192e-02
1.776378601789474487e-01 4.643036797642707825e-02
1.750566661357879639e-01 4.640660062432289124e-02
1.654810905456542969e-01 4.627042636275291443e-02
1.474575698375701904e-01 4.580186679959297180e-02
1.434668898582458496e-01 4.565917700529098511e-02
1.385343372821807861e-01 4.546257108449935913e-02
1.320627331733703613e-01 4.516987875103950500e-02
1.265157461166381836e-01 4.488676413893699646e-02
1.121958941221237183e-01 4.401130229234695435e-02
1.072519421577453613e-01 4.365800693631172180e-02
9.611111879348754883e-02 4.275823757052421570e-02
9.393209964036941528e-02 4.256455600261688232e-02
8.212894201278686523e-02 4.140610620379447937e-02
7.548082619905471802e-02 4.066574573516845703e-02
6.595661491155624390e-02 3.948076814413070679e-02
4.877911508083343506e-02 3.690353408455848694e-02
4.249825701117515564e-02 3.578924760222434998e-02
3.886092826724052429e-02 3.509350866079330444e-02
2.402042225003242493e-02 3.178466856479644775e-02
1.740106754004955292e-02 3.000067546963691711e-02
1.160053908824920654e-02 2.822865545749664307e-02
4.254482686519622803e-03 2.562016807496547699e-02
1.427925453754141927e-04 2.392660826444625854e-02
-5.665522534400224686e-03 2.113197930157184601e-02
-1.068884320557117462e-02 1.814665645360946655e-02
-1.593813300132751465e-02 1.394444890320301056e-02
-1.857771910727024078e-02 1.077710371464490891e-02
-1.988739520311355591e-02 8.178718388080596924e-03
-2.029542066156864166e-02 4.620075691491365433e-03
-1.965381763875484467e-02 2.523394534364342690e-03
-1.886645518243312836e-02 1.229318324476480484e-03
-1.781291514635086060e-02 1.318509384873323143e-05
-1.731841452419757843e-02 -4.548126016743481159e-04
-1.522184628993272781e-02 -2.048552036285400391e-03
-1.053538452833890915e-02 -4.519102629274129868e-03
-8.459860458970069885e-03 -5.374605767428874969e-03
-3.954407759010791779e-03 -6.965365726500749588e-03
5.953238811343908310e-03 -9.781898930668830872e-03
1.670762710273265839e-02 -1.235278323292732239e-02
2.166443131864070892e-02 -1.344975829124450684e-02
3.131793439388275146e-02 -1.548229437321424484e-02
3.741849586367607117e-02 -1.670847088098526001e-02
4.603973403573036194e-02 -1.837145537137985229e-02
6.160658225417137146e-02 -2.116623148322105408e-02
6.860320270061492920e-02 -2.233142778277397156e-02
7.736533880233764648e-02 -2.370804548263549805e-02
8.349013328552246094e-02 -2.461518160998821259e-02
9.226916730403900146e-02 -2.583687379956245422e-02
1.000074595212936401e-01 -2.683882042765617371e-02
1.248356476426124573e-01 -2.961951121687889099e-02
1.389304101467132568e-01 -3.094426169991493225e-02
1.457171738147735596e-01 -3.152770549058914185e-02
1.585491001605987549e-01 -3.254812955856323242e-02
1.635442674160003662e-01 -3.291944414377212524e-02
1.826401799917221069e-01 -3.422733396291732788e-02
1.904224306344985962e-01 -3.471711277961730957e-02
1.950770169496536255e-01 -3.499984741210937500e-02
2.131452262401580811e-01 -3.603444620966911316e-02
2.192780375480651855e-01 -3.636560589075088501e-02
2.346588373184204102e-01 -3.715814650058746338e-02
2.385653704404830933e-01 -3.735154122114181519e-02
2.565344870090484619e-01 -3.820424899458885193e-02
2.666074931621551514e-01 -3.865775093436241150e-02
2.729051411151885986e-01 -3.893290832638740540e-02
3.026005327701568604e-01 -4.014785215258598328e-02
3.138971030712127686e-01 -4.057510569691658020e-02
3.180604875087738037e-01 -4.072770848870277405e-02
3.356859683990478516e-01 -4.134425148367881775e-02
3.436799943447113037e-01 -4.160781577229499817e-02
3.510178625583648682e-01 -4.184065759181976318e-02
3.584926128387451172e-01 -4.206864908337593079e-02
3.666951060295104980e-01 -4.230788722634315491e-02
3.730343580245971680e-01 -4.248473048210144043e-02
3.948625624179840088e-01 -4.303726926445960999e-02
4.051090180873870850e-01 -4.326491430401802063e-02
4.155998826026916504e-01 -4.347573965787887573e-02
4.391926527023315430e-01 -4.386252537369728088e-02
4.493659436702728271e-01 -4.398976266384124756e-02
4.541897475719451904e-01 -4.404135793447494507e-02
4.672237932682037354e-01 -4.415161535143852234e-02
4.766001701354980469e-01 -4.420378804206848145e-02
4.844702780246734619e-01 -4.422945901751518250e-02
5.031099319458007812e-01 -4.422172904014587402e-02
5.122025012969970703e-01 -4.418176040053367615e-02
5.227974057197570801e-01 -4.410419613122940063e-02
5.296031832695007324e-01 -4.403641447424888611e-02
5.397892594337463379e-01 -4.390814155340194702e-02
5.518104434013366699e-01 -4.371453821659088135e-02
5.612132549285888672e-01 -4.353059828281402588e-02
5.696572661399841309e-01 -4.334065318107604980e-02
5.767413377761840820e-01 -4.316297918558120728e-02
5.857197642326354980e-01 -4.291347041726112366e-02
5.940455198287963867e-01 -4.265749081969261169e-02
6.052387952804565430e-01 -4.227548092603683472e-02
6.194926500320434570e-01 -4.172522574663162231e-02
6.396715641021728516e-01 -4.082127660512924194e-02
6.601669788360595703e-01 -3.974913060665130615e-02
6.757611632347106934e-01 -3.882623836398124695e-02
6.827597618103027344e-01 -3.838121145963668823e-02
6.935587525367736816e-01 -3.765625134110450745e-02
6.983087658882141113e-01 -3.732243180274963379e-02
7.147508859634399414e-01 -3.609500080347061157e-02
7.246882319450378418e-01 -3.529777005314826965e-02
7.303963899612426758e-01 -3.482051566243171692e-02
7.418141961097717285e-01 -3.382258489727973938e-02
7.591060400009155273e-01 -3.219814598560333252e-02
7.649084925651550293e-01 -3.162156045436859131e-02
7.792793512344360352e-01 -3.012288361787796021e-02
7.866311073303222656e-01 -2.931619994342327118e-02
7.919899821281433105e-01 -2.871059812605381012e-02
8.045213222503662109e-01 -2.723498828709125519e-02
8.162327408790588379e-01 -2.577792853116989136e-02
8.293334245681762695e-01 -2.405451983213424683e-02
8.413692116737365723e-01 -2.237993478775024414e-02
8.490766882896423340e-01 -2.125962078571319580e-02
8.681624531745910645e-01 -1.831628009676933289e-02
8.772407174110412598e-01 -1.682832650840282440e-02
8.882182240486145020e-01 -1.495157834142446518e-02
8.954482674598693848e-01 -1.366979908198118210e-02
9.154853820800781250e-01 -9.955074638128280640e-03
9.318759441375732422e-01 -6.867306306958198547e-03
9.385125637054443359e-01 -5.688354838639497757e-03
9.538772702217102051e-01 -3.471808508038520813e-03
9.597741961479187012e-01 -2.902795560657978058e-03
9.633105397224426270e-01 -2.640706719830632210e-03
