9.598874449729919434e-01 6.338419625535607338e-04
9.594928622245788574e-01 7.632772321812808514e-04
9.543659090995788574e-01 2.343807835131883621e-03
9.482204914093017578e-01 4.090957809239625931e-03
9.243302941322326660e-01 1.028043124824762344e-02
9.136109948158264160e-01 1.290830597281455994e-02
9.011102914810180664e-01 1.591066643595695496e-02
8.974909186363220215e-01 1.677042245864868164e-02
8.765237331390380859e-01 2.168858423829078674e-02
8.678597807884216309e-01 2.369647100567817688e-02
8.534912467002868652e-01 2.700278721749782562e-02
8.474463820457458496e-01 2.838613651692867279e-02
8.366725444793701172e-01 3.084202855825424194e-02
8.252520561218261719e-01 3.343303129076957703e-02
8.134465813636779785e-01 3.609893098473548889e-02
8.084834218025207520e-01 3.721601516008377075e-02
7.912392616271972656e-01 4.108025506138801575e-02
7.810633778572082520e-01 4.334751516580581665e-02
7.708307504653930664e-01 4.561659321188926697e-02
7.617931962013244629e-01 4.761074855923652649e-02
7.469310760498046875e-01 5.086694285273551941e-02
7.276062965393066406e-01 5.504898354411125183e-02
7.153114080429077148e-01 5.767233669757843018e-02
7.108914256095886230e-01 5.860711634159088135e-02
6.982696652412414551e-01 6.124931201338768005e-02
6.861457228660583496e-01 6.374441832304000854e-02
6.668000817298889160e-01 6.762281060218811035e-02
6.610035300254821777e-01 6.875682622194290161e-02
6.544901132583618164e-01 7.001399248838424683e-02
6.372471451759338379e-01 7.324658334255218506e-02
6.301931142807006836e-01 7.452555000782012939e-02
6.138843894004821777e-01 7.737571746110916138e-02
6.005331277847290039e-01 7.958907634019851685e-02
5.954920649528503418e-01 8.039481192827224731e-02
5.807987451553344727e-01 8.264433592557907104e-02
5.724117755889892578e-01 8.385976403951644897e-02
5.586667656898498535e-01 8.573898673057556152e-02
5.524449348449707031e-01 8.654232323169708252e-02
5.398818254470825195e-01 8.807203918695449829e-02
5.312482714653015137e-01 8.905039727687835693e-02
5.214718580245971680e-01 9.008536487817764282e-02
5.077591538429260254e-01 9.140492230653762817e-02
5.002785921096801758e-01 9.205919504165649414e-02
4.923114776611328125e-01 9.270477294921875000e-02
4.752230346202850342e-01 9.391067177057266235e-02
4.640304446220397949e-01 9.456827491521835327e-02
4.517115056514739990e-01 9.517129510641098022e-02
4.423780441284179688e-01 9.554417431354522705e-02
4.274908304214477539e-01 9.598990529775619507e-02
4.144586920738220215e-01 9.623058140277862549e-02
4.018681049346923828e-01 9.633158892393112183e-02
3.928776383399963379e-01 9.632512927055358887e-02
3.817728161811828613e-01 9.622730314731597900e-02
3.756963312625885010e-01 9.613189846277236938e-02
3.667463660240173340e-01 9.593772143125534058e-02
3.613559901714324951e-01 9.578996896743774414e-02
3.541572093963623047e-01 9.555665403604507446e-02
3.407421112060546875e-01 9.501222521066665649e-02
3.323558866977691650e-01 9.459950774908065796e-02
3.230422735214233398e-01 9.407589584589004517e-02
3.123745620250701904e-01 9.339161962270736694e-02
2.904114723205566406e-01 9.169712662696838379e-02
2.787886559963226318e-01 9.064324200153350830e-02
2.745050787925720215e-01 9.022706001996994019e-02
2.693516612052917480e-01 8.970636874437332153e-02
2.638441622257232666e-01 8.912558853626251221e-02
2.451922446489334106e-01 8.696902543306350708e-02
2.390932738780975342e-01 8.619903028011322021e-02
2.336610257625579834e-01 8.548564463853836060e-02
2.228227704763412476e-01 8.398330956697463989e-02
2.068919986486434937e-01 8.157740533351898193e-02
1.955171227455139160e-01 7.970885187387466431e-02
1.914247721433639526e-01 7.900458574295043945e-02
1.670624315738677979e-01 7.443758845329284668e-02
1.576193720102310181e-01 7.248248159885406494e-02
1.466971188783645630e-01 7.007958739995956421e-02
1.337596625089645386e-01 6.702034920454025269e-02
1.170791834592819214e-01 6.269446760416030884e-02
1.092259436845779419e-01 6.049077585339546204e-02
1.047085002064704895e-01 5.916967988014221191e-02
9.876401722431182861e-02 5.736761540174484253e-02
8.978009223937988281e-02 5.449587851762771606e-02
7.213109731674194336e-02 4.825513437390327454e-02
5.706161260604858398e-02 4.215443506836891174e-02
4.812264814972877502e-02 3.811118006706237793e-02
3.512463346123695374e-02 3.150406479835510254e-02
2.717858552932739258e-02 2.691449411213397980e-02
2.336398325860500336e-02 2.451781742274761200e-02
1.508783642202615738e-02 1.873352937400341034e-02
1.243933290243148804e-02 1.665461435914039612e-02
9.746081195771694183e-03 1.437830738723278046e-02
7.205469068139791489e-03 1.202880591154098511e-02
3.979526460170745850e-03 8.602254092693328857e-03
2.337236655876040459e-03 6.524182856082916260e-03
-2.881507971324026585e-04 1.798238605260848999e-03
-8.369446150027215481e-04 -4.707372572738677263e-04
-8.534484077244997025e-04 -2.056065713986754417e-03
-2.797604829538613558e-04 -4.159990698099136353e-03
6.903420580783858895e-05 -4.818192217499017715e-03
6.555171567015349865e-04 -5.661310628056526184e-03
1.411385950632393360e-03 -6.497472058981657028e-03
4.143472295254468918e-03 -8.539645932614803314e-03
6.311417091637849808e-03 -9.664849378168582916e-03
9.781024418771266937e-03 -1.104507036507129669e-02
1.362460479140281677e-02 -1.223450433462858200e-02
1.945139653980731964e-02 -1.365926768630743027e-02
3.000263124704360962e-02 -1.562851481139659882e-02
4.377591982483863831e-02 -1.761280745267868042e-02
5.370424315333366394e-02 -1.881779357790946960e-02
6.169274821877479553e-02 -1.969474181532859802e-02
6.996097415685653687e-02 -2.053227648138999939e-02
8.037265390157699585e-02 -2.149910666048526764e-02
9.576451033353805542e-02 -2.276748232543468475e-02
1.098809093236923218e-01 -2.377215027809143066e-02
1.258386969566345215e-01 -2.472948282957077026e-02
1.520625948905944824e-01 -2.589253336191177368e-02
1.609055846929550171e-01 -2.616952545940876007e-02
1.788519918918609619e-01 -2.655357494950294495e-02
1.857624202966690063e-01 -2.663822472095489502e-02
2.048424929380416870e-01 -2.669197879731655121e-02
2.150138020515441895e-01 -2.661441825330257416e-02
2.338854074478149414e-01 -2.628036960959434509e-02
2.452169507741928101e-01 -2.596447616815567017e-02
2.532321810722351074e-01 -2.569042704999446869e-02
2.615813910961151123e-01 -2.536148764193058014e-02
2.745280563831329346e-01 -2.476620860397815704e-02
3.005102276802062988e-01 -2.327449060976505280e-02
3.058487772941589355e-01 -2.292136102914810181e-02
3.135968744754791260e-01 -2.238191477954387665e-02
3.253784477710723877e-01 -2.150247991085052490e-02
3.339263498783111572e-01 -2.082143723964691162e-02
3.442912995815277100e-01 -1.994917355477809906e-02
3.572165071964263916e-01 -1.879335567355155945e-02
3.684525489807128906e-01 -1.773041486740112305e-02
3.801789879798889160e-01 -1.656658016145229340e-02
3.896350860595703125e-01 -1.558974012732505798e-02
4.067017436027526855e-01 -1.374584808945655823e-02
4.111530184745788574e-01 -1.324882078915834427e-02
4.176197052001953125e-01 -1.251556631177663803e-02
4.239161610603332520e-01 -1.178932934999465942e-02
4.410343766212463379e-01 -9.757933206856250763e-03
4.466224312782287598e-01 -9.078107774257659912e-03
4.572102725505828857e-01 -7.769624236971139908e-03
4.652377963066101074e-01 -6.761237513273954391e-03
4.702433645725250244e-01 -6.125980988144874573e-03
4.728503227233886719e-01 -5.793292541056871414e-03
4.834966063499450684e-01 -4.422835540026426315e-03
4.905137717723846436e-01 -3.510390175506472588e-03
5.016323328018188477e-01 -2.052838914096355438e-03
5.175226926803588867e-01 4.664980588131584227e-05
5.274893641471862793e-01 1.366894226521253586e-03
5.381566882133483887e-01 2.776660257950425148e-03
5.484216809272766113e-01 4.124328959733247757e-03
5.562996268272399902e-01 5.148718599230051041e-03
5.624415278434753418e-01 5.939302034676074982e-03
5.731870532035827637e-01 7.300529628992080688e-03
5.802418589591979980e-01 8.175634779036045074e-03
5.863535404205322266e-01 8.919608779251575470e-03
5.929688811302185059e-01 9.708130732178688049e-03
6.029300689697265625e-01 1.085818186402320862e-02
6.055971384048461914e-01 1.115774735808372498e-02
6.168968677520751953e-01 1.238362025469541550e-02
6.337822079658508301e-01 1.406965311616659164e-02
6.431403160095214844e-01 1.492039859294891357e-02
6.572755575180053711e-01 1.608222536742687225e-02
6.672832369804382324e-01 1.681047677993774414e-02
6.912648677825927734e-01 1.822201535105705261e-02
6.997701525688171387e-01 1.860677637159824371e-02
7.052028775215148926e-01 1.882041804492473602e-02
7.142294645309448242e-01 1.911984570324420929e-02
7.252969741821289062e-01 1.939225196838378906e-02
7.346556186676025391e-01 1.954121142625808716e-02
7.497270703315734863e-01 1.962459646165370941e-02
7.596372961997985840e-01 1.957432366907596588e-02
7.805077433586120605e-01 1.919528096914291382e-02
7.882056236267089844e-01 1.896142773330211639e-02
8.030096888542175293e-01 1.836729235947132111e-02
8.134860396385192871e-01 1.783005520701408386e-02
8.268778324127197266e-01 1.699826121330261230e-02
8.362807035446166992e-01 1.631364040076732635e-02
8.537829518318176270e-01 1.480582356452941895e-02
8.611898422241210938e-01 1.407061610370874405e-02
8.715965151786804199e-01 1.293231453746557236e-02
8.762986063957214355e-01 1.237515825778245926e-02
8.941318392753601074e-01 9.992991574108600616e-03
9.068285822868347168e-01 7.998154498636722565e-03
9.165122509002685547e-01 6.273533683270215988e-03
9.295769333839416504e-01 3.597691422328352928e-03
9.390317797660827637e-01 1.338683417998254299e-03
9.530336856842041016e-01 -2.709949854761362076e-03
9.559116363525390625e-01 -3.674375358968973160e-03
9.587708711624145508e-01 -4.682098980993032455e-03
