9.711821675300598145e-01 -1.211051712743937969e-03
9.708635807037353516e-01 -1.028307829983532429e-03
9.692150950431823730e-01 -1.329012011410668492e-04
9.645048379898071289e-01 2.156604314222931862e-03
9.543665647506713867e-01 6.487411446869373322e-03
9.477650523185729980e-01 9.089776314795017242e-03
9.369832873344421387e-01 1.312835514545440674e-02
9.337821602821350098e-01 1.428972836583852768e-02
9.252628684043884277e-01 1.731495745480060577e-02
9.181089997291564941e-01 1.979333907365798950e-02
9.099761843681335449e-01 2.255343832075595856e-02
9.040175676345825195e-01 2.454206719994544983e-02
8.980003595352172852e-01 2.652465552091598511e-02
8.891709446907043457e-01 2.939178794622421265e-02
8.817513585090637207e-01 3.176642581820487976e-02
8.764748573303222656e-01 3.343756496906280518e-02
8.662401437759399414e-01 3.664077818393707275e-02
8.545817136764526367e-01 4.023335129022598267e-02
8.478150963783264160e-01 4.229364916682243347e-02
8.445525169372558594e-01 4.328076541423797607e-02
8.289118409156799316e-01 4.796057939529418945e-02
8.205415606498718262e-01 5.043138936161994934e-02
8.041185736656188965e-01 5.521566793322563171e-02
8.025785088539123535e-01 5.566011741757392883e-02
7.910040616989135742e-01 5.897854641079902649e-02
7.819111943244934082e-01 6.155844405293464661e-02
7.673242688179016113e-01 6.564798951148986816e-02
7.576842308044433594e-01 6.831717491149902344e-02
7.478001713752746582e-01 7.102574408054351807e-02
7.406456470489501953e-01 7.296828925609588623e-02
7.323787808418273926e-01 7.519321143627166748e-02
7.182273268699645996e-01 7.895136624574661255e-02
7.055481076240539551e-01 8.226154744625091553e-02
6.965382099151611328e-01 8.457902818918228149e-02
6.846837997436523438e-01 8.758164197206497192e-02
6.768445372581481934e-01 8.953692018985748291e-02
6.658186316490173340e-01 9.224350750446319580e-02
6.512722373008728027e-01 9.573253244161605835e-02
6.371813416481018066e-01 9.901735931634902954e-02
6.333498954772949219e-01 9.989357739686965942e-02
6.094130873680114746e-01 1.051925644278526306e-01
6.029245853424072266e-01 1.065744832158088684e-01
5.914103388786315918e-01 1.089661419391632080e-01
5.757545232772827148e-01 1.120886728167533875e-01
5.659717321395874023e-01 1.139608174562454224e-01
5.597418546676635742e-01 1.151202768087387085e-01
5.386951565742492676e-01 1.188414990901947021e-01
5.232322216033935547e-01 1.213750019669532776e-01
5.179097056388854980e-01 1.222064197063446045e-01
5.074683427810668945e-01 1.237751767039299011e-01
4.911418557167053223e-01 1.260590702295303345e-01
4.847821593284606934e-01 1.268915981054306030e-01
4.731405973434448242e-01 1.283304840326309204e-01
4.601666927337646484e-01 1.298019587993621826e-01
4.417761266231536865e-01 1.316427141427993774e-01
4.337662756443023682e-01 1.323524415493011475e-01
4.080244302749633789e-01 1.342443972826004028e-01
3.950100541114807129e-01 1.349691897630691528e-01
3.902252316474914551e-01 1.351955980062484741e-01
3.635850846767425537e-01 1.360524594783782959e-01
3.470100760459899902e-01 1.362304836511611938e-01
3.361527621746063232e-01 1.361945718526840210e-01
3.190637826919555664e-01 1.358863413333892822e-01
2.896609604358673096e-01 1.346044838428497314e-01
2.822687029838562012e-01 1.341260224580764771e-01
2.654380202293395996e-01 1.327908337116241455e-01
2.516012787818908691e-01 1.314270496368408203e-01
2.434697598218917847e-01 1.305084824562072754e-01
2.391543984413146973e-01 1.299846917390823364e-01
2.251192927360534668e-01 1.281004399061203003e-01
2.191564440727233887e-01 1.272134333848953247e-01
2.055901736021041870e-01 1.249929368495941162e-01
1.929574161767959595e-01 1.226585432887077332e-01
1.828690469264984131e-01 1.205970942974090576e-01
1.741296350955963135e-01 1.186606734991073608e-01
1.617480069398880005e-01 1.156613975763320923e-01
1.498243361711502075e-01 1.124668121337890625e-01
1.288975030183792114e-01 1.060435250401496887e-01
1.186368837952613831e-01 1.024642437696456909e-01
1.062098070979118347e-01 9.769447892904281616e-02
9.743067622184753418e-02 9.400425106287002563e-02
8.993823081254959106e-02 9.062068164348602295e-02
8.056366443634033203e-02 8.604937046766281128e-02
7.558404654264450073e-02 8.345292508602142334e-02
6.550049036741256714e-02 7.779298722743988037e-02
5.794721841812133789e-02 7.315570861101150513e-02
4.735246673226356506e-02 6.597421318292617798e-02
3.504324331879615784e-02 5.640626698732376099e-02
2.919294871389865875e-02 5.127753317356109619e-02
2.321871183812618256e-02 4.554980248212814331e-02
1.732042990624904633e-02 3.928556293249130249e-02
1.009177602827548981e-02 3.046110458672046661e-02
4.866933915764093399e-03 2.282603457570075989e-02
1.719861291348934174e-03 1.727079600095748901e-02
-7.075683097355067730e-04 1.189670152962207794e-02
-2.807658864185214043e-03 3.895517671480774879e-03
-2.936630044132471085e-03 1.804827130399644375e-03
-2.789068501442670822e-03 -5.200245068408548832e-04
-2.601346233859658241e-03 -1.564783626236021519e-03
-1.757482765242457390e-03 -4.074662458151578903e-03
-1.151445205323398113e-03 -5.205340217798948288e-03
3.440596396103501320e-03 -9.660379961133003235e-03
5.844826344400644302e-03 -1.094726845622062683e-02
8.319757878780364990e-03 -1.195060741156339645e-02
1.343616377562284470e-02 -1.340358331799507141e-02
1.958624459803104401e-02 -1.448852568864822388e-02
2.350453287363052368e-02 -1.494054310023784637e-02
3.000262938439846039e-02 -1.540728099644184113e-02
4.406714811921119690e-02 -1.560037396848201752e-02
5.522713065147399902e-02 -1.521477941423654556e-02
6.194425001740455627e-02 -1.481368485838174820e-02
7.652071863412857056e-02 -1.359905861318111420e-02
1.013761907815933228e-01 -1.070685125887393951e-02
1.128239035606384277e-01 -9.115784429013729095e-03
1.238924860954284668e-01 -7.459761574864387512e-03
1.349089890718460083e-01 -5.717633757740259171e-03
1.525716781616210938e-01 -2.773019485175609589e-03
1.594969481229782104e-01 -1.579050207510590553e-03
1.693321615457534790e-01 1.454253069823607802e-04
1.867126375436782837e-01 3.252671333029866219e-03
1.975135654211044312e-01 5.207747220993041992e-03
2.069243341684341431e-01 6.918507162481546402e-03
2.200425565242767334e-01 9.305421262979507446e-03
2.326218932867050171e-01 1.158736925572156906e-02
2.452125698328018188e-01 1.385588198900222778e-02
2.556733787059783936e-01 1.572341285645961761e-02
2.648771405220031738e-01 1.735038124024868011e-02
2.864237129688262939e-01 2.108664065599441528e-02
2.946632206439971924e-01 2.248432673513889313e-02
3.103262782096862793e-01 2.508737146854400635e-02
3.200303018093109131e-01 2.666172385215759277e-02
3.357612788677215576e-01 2.914632111787796021e-02
3.537214100360870361e-01 3.187318146228790283e-02
3.573744297027587891e-01 3.241264820098876953e-02
3.688919842243194580e-01 3.407856076955795288e-02
3.769651353359222412e-01 3.521361947059631348e-02
3.932512104511260986e-01 3.741801157593727112e-02
3.988004326820373535e-01 3.814214468002319336e-02
4.088924527168273926e-01 3.942271322011947632e-02
4.194691777229309082e-01 4.071301594376564026e-02
4.321049451828002930e-01 4.218270257115364075e-02
4.359030127525329590e-01 4.260875657200813293e-02
4.513148367404937744e-01 4.426069185137748718e-02
4.648477435111999512e-01 4.560623317956924438e-02
4.889382421970367432e-01 4.774558171629905701e-02
4.981985390186309814e-01 4.847667366266250610e-02
5.147159695625305176e-01 4.964870959520339966e-02
5.258599519729614258e-01 5.034039542078971863e-02
5.347774624824523926e-01 5.083435028791427612e-02
5.383198857307434082e-01 5.101555585861206055e-02
5.667347908020019531e-01 5.214792490005493164e-02
5.768855810165405273e-01 5.240870267152786255e-02
5.942544341087341309e-01 5.267098546028137207e-02
5.995250940322875977e-01 5.270346254110336304e-02
6.159694790840148926e-01 5.266002565622329712e-02
6.241040825843811035e-01 5.255597457289695740e-02
6.409965753555297852e-01 5.216148868203163147e-02
6.515570282936096191e-01 5.179076269268989563e-02
6.588032245635986328e-01 5.148054286837577820e-02
6.682716012001037598e-01 5.100630968809127808e-02
6.750057339668273926e-01 5.062136426568031311e-02
6.880298256874084473e-01 4.976426437497138977e-02
6.974843144416809082e-01 4.904910176992416382e-02
7.004978656768798828e-01 4.880474507808685303e-02
7.173881530761718750e-01 4.728884994983673096e-02
7.336180806159973145e-01 4.559980332851409912e-02
7.448241710662841797e-01 4.430194944143295288e-02
7.524939179420471191e-01 4.335220158100128174e-02
7.691593766212463379e-01 4.111771285533905029e-02
7.771650552749633789e-01 3.996175900101661682e-02
7.914510965347290039e-01 3.776676207780838013e-02
8.085891604423522949e-01 3.491098061203956604e-02
8.189793229103088379e-01 3.306152671575546265e-02
8.236997723579406738e-01 3.219176828861236572e-02
8.334704637527465820e-01 3.033259883522987366e-02
8.409138321876525879e-01 2.886270731687545776e-02
8.541715145111083984e-01 2.612859010696411133e-02
8.587266802787780762e-01 2.515443414449691772e-02
8.714506626129150391e-01 2.233749628067016602e-02
8.842309713363647461e-01 1.936275698244571686e-02
8.897464871406555176e-01 1.803275197744369507e-02
8.963298201560974121e-01 1.640794798731803894e-02
9.112727046012878418e-01 1.256563421338796616e-02
9.143936634063720703e-01 1.173562183976173401e-02
9.230920076370239258e-01 9.371716529130935669e-03
9.318166971206665039e-01 6.927519571036100388e-03
9.405530095100402832e-01 4.413478076457977295e-03
9.505987167358398438e-01 1.466862158849835396e-03
9.600091576576232910e-01 -1.279530231840908527e-03
9.649683237075805664e-01 -2.675102092325687408e-03
9.671010971069335938e-01 -3.254553303122520447e-03
9.694311022758483887e-01 -3.869387321174144745e-03
