9.671308398246765137e-01 -7.397228619083762169e-04
9.668099284172058105e-01 -5.428972654044628143e-04
9.636934995651245117e-01 1.233463641256093979e-03
9.577829837799072266e-01 4.168468061834573746e-03
9.350786805152893066e-01 1.316338218748569489e-02
9.251391291618347168e-01 1.652004756033420563e-02
9.074456691741943359e-01 2.198675274848937988e-02
9.024284482002258301e-01 2.344304509460926056e-02
8.914341926574707031e-01 2.651425637304782867e-02
8.791803717613220215e-01 2.976708114147186279e-02
8.700461387634277344e-01 3.208913281559944153e-02
8.629865646362304688e-01 3.382951393723487854e-02
8.580823540687561035e-01 3.501249849796295166e-02
8.429181575775146484e-01 3.854523971676826477e-02
8.291937112808227539e-01 4.159360378980636597e-02
8.224419951438903809e-01 4.304563626646995544e-02
8.121195435523986816e-01 4.520889371633529663e-02
8.038980364799499512e-01 4.688549041748046875e-02
7.998110055923461914e-01 4.770436137914657593e-02
7.964713573455810547e-01 4.836649447679519653e-02
7.825915217399597168e-01 5.105383321642875671e-02
7.688415050506591797e-01 5.361934006214141846e-02
7.393217086791992188e-01 5.883324518799781799e-02
7.374642491340637207e-01 5.914888530969619751e-02
7.264268398284912109e-01 6.099603325128555298e-02
7.204012870788574219e-01 6.198440119624137878e-02
7.116457819938659668e-01 6.339614093303680420e-02
7.008144855499267578e-01 6.510362774133682251e-02
6.803096532821655273e-01 6.822194904088973999e-02
6.750757098197937012e-01 6.899444758892059326e-02
6.662157773971557617e-01 7.028061151504516602e-02
6.504356265068054199e-01 7.250410318374633789e-02
6.344587802886962891e-01 7.466631382703781128e-02
6.275528669357299805e-01 7.557254284620285034e-02
6.166357398033142090e-01 7.696925103664398193e-02
6.083279848098754883e-01 7.800196111202239990e-02
6.028879880905151367e-01 7.866360247135162354e-02
5.969688296318054199e-01 7.937016338109970093e-02
5.836239457130432129e-01 8.091067522764205933e-02
5.795187354087829590e-01 8.136954158544540405e-02
5.691888928413391113e-01 8.249167352914810181e-02
5.562816262245178223e-01 8.382654935121536255e-02
5.360666513442993164e-01 8.575892448425292969e-02
5.258589386940002441e-01 8.665771037340164185e-02
5.211011171340942383e-01 8.705834299325942993e-02
5.173181891441345215e-01 8.736838400363922119e-02
4.880702495574951172e-01 8.950269967317581177e-02
4.772290587425231934e-01 9.017088264226913452e-02
4.684987068176269531e-01 9.065867960453033447e-02
4.491230845451354980e-01 9.157615154981613159e-02
4.350468516349792480e-01 9.209570288658142090e-02
4.316607713699340820e-01 9.220178425312042236e-02
4.246734380722045898e-01 9.239715337753295898e-02
4.144841730594635010e-01 9.262456744909286499e-02
4.062663614749908447e-01 9.275757521390914917e-02
3.942275643348693848e-01 9.286970645189285278e-02
3.803765773773193359e-01 9.287492185831069946e-02
3.583098351955413818e-01 9.260250627994537354e-02
3.451734483242034912e-01 9.227233380079269409e-02
3.367204666137695312e-01 9.199203550815582275e-02
3.266918063163757324e-01 9.158935397863388062e-02
3.072155416011810303e-01 9.058523178100585938e-02
2.836832404136657715e-01 8.896780014038085938e-02
2.687862217426300049e-01 8.770605176687240601e-02
2.598981857299804688e-01 8.686221390962600708e-02
2.525803744792938232e-01 8.611500263214111328e-02
2.455976903438568115e-01 8.535692840814590454e-02
2.398269474506378174e-01 8.469650149345397949e-02
2.330779880285263062e-01 8.388439565896987915e-02
2.269904017448425293e-01 8.311441540718078613e-02
1.981471776962280273e-01 7.895717024803161621e-02
1.849832683801651001e-01 7.676091045141220093e-02
1.779521405696868896e-01 7.550489902496337891e-02
1.670372635126113892e-01 7.343392074108123779e-02
1.559191197156906128e-01 7.116355746984481812e-02
1.415937095880508423e-01 6.797823309898376465e-02
1.301160007715225220e-01 6.519395858049392700e-02
1.238203644752502441e-01 6.357071548700332642e-02
1.191829293966293335e-01 6.232837215065956116e-02
1.098588332533836365e-01 5.970230326056480408e-02
1.013090014457702637e-01 5.713105201721191406e-02
8.947976678609848022e-02 5.328399688005447388e-02
7.943444699048995972e-02 4.971580952405929565e-02
7.239446043968200684e-02 4.702596738934516907e-02
6.214013695716857910e-02 4.278579726815223694e-02
5.107696726918220520e-02 3.770491480827331543e-02
4.570620879530906677e-02 3.501373156905174255e-02
3.833690285682678223e-02 3.103858791291713715e-02
2.870799973607063293e-02 2.525472082197666168e-02
2.148818410933017731e-02 2.037129551172256470e-02
1.462351903319358826e-02 1.516344491392374039e-02
9.370516985654830933e-03 1.068258006125688553e-02
6.499032955616712570e-03 7.984286174178123474e-03
3.263290738686919212e-03 4.638241138309240341e-03
1.330952160060405731e-03 2.408226486295461655e-03
-1.706155366264283657e-03 -1.825824379920959473e-03
-2.887084381654858589e-03 -4.174183588474988937e-03
-3.223976818844676018e-03 -5.153112113475799561e-03
-3.480538027361035347e-03 -6.461144890636205673e-03
-3.495280165225267410e-03 -7.318199146538972855e-03
-3.425014205276966095e-03 -7.863531820476055145e-03
-1.802952960133552551e-03 -1.043676957488059998e-02
-5.232043622527271509e-05 -1.150531880557537079e-02
4.084638785570859909e-03 -1.282736100256443024e-02
1.161395758390426636e-02 -1.390168722718954086e-02
2.088527940213680267e-02 -1.441804692149162292e-02
2.631898969411849976e-02 -1.452700234949588776e-02
3.219476714730262756e-02 -1.454469934105873108e-02
4.341709986329078674e-02 -1.437406893819570541e-02
5.414148792624473572e-02 -1.402570493519306183e-02
7.116809487342834473e-02 -1.318657677620649338e-02
8.306685835123062134e-02 -1.242134999483823776e-02
1.026047021150588989e-01 -1.087745837867259979e-02
1.193231642246246338e-01 -9.291023947298526764e-03
1.278255879878997803e-01 -8.395296521484851837e-03
1.400751322507858276e-01 -7.004281505942344666e-03
1.583134680986404419e-01 -4.725520964711904526e-03
1.657109558582305908e-01 -3.734833793714642525e-03
1.768389493227005005e-01 -2.177441725507378578e-03
2.039004713296890259e-01 1.911521423608064651e-03
2.099725455045700073e-01 2.880793297663331032e-03
2.173374295234680176e-01 4.078716039657592773e-03
2.317125499248504639e-01 6.480091717094182968e-03
2.365327179431915283e-01 7.302001118659973145e-03
2.520700097084045410e-01 9.999489411711692810e-03
2.585354447364807129e-01 1.114057935774326324e-02
2.708505988121032715e-01 1.333811134099960327e-02
2.923577725887298584e-01 1.722922176122665405e-02
3.008185327053070068e-01 1.877070590853691101e-02
3.107532560825347900e-01 2.058345824480056763e-02
3.178490102291107178e-01 2.187789417803287506e-02
3.340197205543518066e-01 2.481898106634616852e-02
3.435398638248443604e-01 2.653972432017326355e-02
3.490448594093322754e-01 2.752953954041004181e-02
3.607218265533447266e-01 2.961346134543418884e-02
3.670261800289154053e-01 3.072818182408809662e-02
3.836929500102996826e-01 3.363277390599250793e-02
3.927325606346130371e-01 3.517838940024375916e-02
4.059338271617889404e-01 3.739181160926818848e-02
4.123443067073822021e-01 3.844599425792694092e-02
4.259621798992156982e-01 4.063579440116882324e-02
4.317927360534667969e-01 4.155115038156509399e-02
4.419162273406982422e-01 4.310623183846473694e-02
4.561595022678375244e-01 4.521477967500686646e-02
4.676139652729034424e-01 4.683715477585792542e-02
4.789956808090209961e-01 4.837878048419952393e-02
5.050083398818969727e-01 5.160909146070480347e-02
5.197592377662658691e-01 5.323918536305427551e-02
5.259026885032653809e-01 5.387090146541595459e-02
5.338419079780578613e-01 5.464384704828262329e-02
5.446006655693054199e-01 5.560957640409469604e-02
5.519817471504211426e-01 5.621515959501266479e-02
5.585275888442993164e-01 5.671178549528121948e-02
5.666312575340270996e-01 5.727205052971839905e-02
5.901452302932739258e-01 5.853628739714622498e-02
6.017518639564514160e-01 5.895072221755981445e-02
6.117140650749206543e-01 5.919045954942703247e-02
6.216936111450195312e-01 5.932031199336051941e-02
6.302144527435302734e-01 5.934222042560577393e-02
6.607086062431335449e-01 5.873719602823257446e-02
6.642948389053344727e-01 5.859549716114997864e-02
6.726605296134948730e-01 5.820748955011367798e-02
6.803262829780578613e-01 5.778174847364425659e-02
6.977493762969970703e-01 5.656776577234268188e-02
7.089276909828186035e-01 5.561206117272377014e-02
7.186691761016845703e-01 5.466900020837783813e-02
7.290345430374145508e-01 5.355508998036384583e-02
7.336423397064208984e-01 5.302394554018974304e-02
7.387557625770568848e-01 5.240890011191368103e-02
7.490104436874389648e-01 5.109535902738571167e-02
7.550798654556274414e-01 5.026815459132194519e-02
7.655081152915954590e-01 4.876179248094558716e-02
7.807124853134155273e-01 4.637551680207252502e-02
7.858154177665710449e-01 4.552470520138740540e-02
7.966209650039672852e-01 4.364094883203506470e-02
8.114296793937683105e-01 4.087865725159645081e-02
8.240121603012084961e-01 3.836717456579208374e-02
8.358817100524902344e-01 3.585800901055335999e-02
8.450946807861328125e-01 3.381512686610221863e-02
8.539717197418212891e-01 3.176615014672279358e-02
8.598065972328186035e-01 3.037526644766330719e-02
8.667535781860351562e-01 2.867251075804233551e-02
8.845810890197753906e-01 2.405895292758941650e-02
8.910874724388122559e-01 2.228266187012195587e-02
9.066029787063598633e-01 1.782789081335067749e-02
9.135137796401977539e-01 1.573586091399192810e-02
9.277878403663635254e-01 1.117601431906223297e-02
9.421049356460571289e-01 6.226733792573213577e-03
9.512938261032104492e-01 2.813530154526233673e-03
9.628424644470214844e-01 -1.778974663466215134e-03
9.645041823387145996e-01 -2.468163613229990005e-03
9.676728248596191406e-01 -3.800288541242480278e-03
