9.666312336921691895e-01 3.306614817120134830e-04
9.662079215049743652e-01 6.918258732184767723e-04
9.624924063682556152e-01 3.479194128885865211e-03
9.555625915527343750e-01 7.823887281119823456e-03
9.225772619247436523e-01 2.422596141695976257e-02
9.076701402664184570e-01 3.065492585301399231e-02
8.999060988426208496e-01 3.385321795940399170e-02
8.965659737586975098e-01 3.520118072628974915e-02
8.876246809959411621e-01 3.873271867632865906e-02
8.778629302978515625e-01 4.246856272220611572e-02
8.632494211196899414e-01 4.784507304430007935e-02
8.538012504577636719e-01 5.119156837463378906e-02
8.433613181114196777e-01 5.477645248174667358e-02
8.316291570663452148e-01 5.866821855306625366e-02
8.190423250198364258e-01 6.268698722124099731e-02
8.123863339424133301e-01 6.474783271551132202e-02
8.018483519554138184e-01 6.792128086090087891e-02
7.930825948715209961e-01 7.047852873802185059e-02
7.841976881027221680e-01 7.299475371837615967e-02
7.789036035537719727e-01 7.445818930864334106e-02
7.621548771858215332e-01 7.891291379928588867e-02
7.364073991775512695e-01 8.524984121322631836e-02
7.179303169250488281e-01 8.942213654518127441e-02
7.155357599258422852e-01 8.994021266698837280e-02
6.988849639892578125e-01 9.340032935142517090e-02
6.925176978111267090e-01 9.465826302766799927e-02
6.847559213638305664e-01 9.614313393831253052e-02
6.749334335327148438e-01 9.794657677412033081e-02
6.581375598907470703e-01 1.008358821272850037e-01
6.519653201103210449e-01 1.018365249037742615e-01
6.339365243911743164e-01 1.045732796192169189e-01
6.243942379951477051e-01 1.059104278683662415e-01
6.141431331634521484e-01 1.072617843747138977e-01
6.074712276458740234e-01 1.080941781401634216e-01
5.981447100639343262e-01 1.091959550976753235e-01
5.877737998962402344e-01 1.103368178009986877e-01
5.786661505699157715e-01 1.112658903002738953e-01
5.750842690467834473e-01 1.116127446293830872e-01
5.599034428596496582e-01 1.129668951034545898e-01
5.540834069252014160e-01 1.134366318583488464e-01
5.419299602508544922e-01 1.143294721841812134e-01
5.377135872840881348e-01 1.146115437150001526e-01
5.226893424987792969e-01 1.155012398958206177e-01
5.119207501411437988e-01 1.160284504294395447e-01
5.053722858428955078e-01 1.163041815161705017e-01
5.004360675811767578e-01 1.164896637201309204e-01
4.881393015384674072e-01 1.168682202696800232e-01
4.771252274513244629e-01 1.171065643429756165e-01
4.683570563793182373e-01 1.172284334897994995e-01
4.533635079860687256e-01 1.172980144619941711e-01
4.414619505405426025e-01 1.172287911176681519e-01
4.363084137439727783e-01 1.171647310256958008e-01
4.250995218753814697e-01 1.169543787837028503e-01
4.029039144515991211e-01 1.162510961294174194e-01
3.971972465515136719e-01 1.160087659955024719e-01
3.776084482669830322e-01 1.149853095412254333e-01
3.597534298896789551e-01 1.137933731079101562e-01
3.378729820251464844e-01 1.119938790798187256e-01
3.278540074825286865e-01 1.110443845391273499e-01
3.237501978874206543e-01 1.106325611472129822e-01
3.149581253528594971e-01 1.097051128745079041e-01
2.854902744293212891e-01 1.061416938900947571e-01
2.782110273838043213e-01 1.051515489816665649e-01
2.650933563709259033e-01 1.032545045018196106e-01
2.595323622226715088e-01 1.024058237671852112e-01
2.485983520746231079e-01 1.006584167480468750e-01
2.415215224027633667e-01 9.947074949741363525e-02
2.373005002737045288e-01 9.874073415994644165e-02
2.341531664133071899e-01 9.818577021360397339e-02
2.225188463926315308e-01 9.605381637811660767e-02
2.104851007461547852e-01 9.371137619018554688e-02
1.973051279783248901e-01 9.097819775342941284e-02
1.868395954370498657e-01 8.867660909891128540e-02
1.792569309473037720e-01 8.693266659975051880e-02
1.703797131776809692e-01 8.480543643236160278e-02
1.634371131658554077e-01 8.307445794343948364e-02
1.522074341773986816e-01 8.014179766178131104e-02
1.450119614601135254e-01 7.817105203866958618e-02
1.362169533967971802e-01 7.565777748823165894e-02
1.279896646738052368e-01 7.319514453411102295e-02
1.118925958871841431e-01 6.802918761968612671e-02
1.022483631968498230e-01 6.468426436185836792e-02
9.315429627895355225e-02 6.133220717310905457e-02
8.510836213827133179e-02 5.818467587232589722e-02
7.743045687675476074e-02 5.499995127320289612e-02
7.038033753633499146e-02 5.189770460128784180e-02
5.821335688233375549e-02 4.606510698795318604e-02
4.253622516989707947e-02 3.736879676580429077e-02
3.238574415445327759e-02 3.071208856999874115e-02
2.529877237975597382e-02 2.534473873674869537e-02
2.100565657019615173e-02 2.168242260813713074e-02
1.464057527482509613e-02 1.539146620780229568e-02
1.272558234632015228e-02 1.320208422839641571e-02
6.966916378587484360e-03 4.948820918798446655e-03
5.297725088894367218e-03 1.474171294830739498e-03
4.293323494493961334e-03 -1.462459680624306202e-03
3.894455265253782272e-03 -3.216065233573317528e-03
3.705206559970974922e-03 -4.532780963927507401e-03
3.658291185274720192e-03 -7.313100621104240417e-03
4.231454804539680481e-03 -1.025600917637348175e-02
5.247772671282291412e-03 -1.257065031677484512e-02
8.551278151571750641e-03 -1.652864180505275726e-02
1.199472695589065552e-02 -1.900272071361541748e-02
1.642729714512825012e-02 -2.126449160277843475e-02
2.504256740212440491e-02 -2.432681806385517120e-02
3.576779738068580627e-02 -2.700385265052318573e-02
4.003537818789482117e-02 -2.787777967751026154e-02
4.692940041422843933e-02 -2.913868613541126251e-02
5.399269983172416687e-02 -3.028305061161518097e-02
6.463987380266189575e-02 -3.179720416665077209e-02
7.704371213912963867e-02 -3.331459686160087585e-02
8.377896249294281006e-02 -3.404569253325462341e-02
9.333179891109466553e-02 -3.498224541544914246e-02
1.004556566476821899e-01 -3.560820966958999634e-02
1.120132580399513245e-01 -3.649770468473434448e-02
1.204229295253753662e-01 -3.704953938722610474e-02
1.345385462045669556e-01 -3.779979422688484192e-02
1.422155201435089111e-01 -3.811716660857200623e-02
1.504618674516677856e-01 -3.838860988616943359e-02
1.609397828578948975e-01 -3.863230347633361816e-02
1.669564247131347656e-01 -3.872245922684669495e-02
1.768567115068435669e-01 -3.879440203309059143e-02
1.883293986320495605e-01 -3.876374289393424988e-02
1.939254701137542725e-01 -3.870633617043495178e-02
2.023918777704238892e-01 -3.856892883777618408e-02
2.141956239938735962e-01 -3.828096389770507812e-02
2.277064919471740723e-01 -3.782311826944351196e-02
2.337695807218551636e-01 -3.757623955607414246e-02
2.421149611473083496e-01 -3.719714656472206116e-02
2.481005787849426270e-01 -3.689860552549362183e-02
2.539809942245483398e-01 -3.658472746610641479e-02
2.642655074596405029e-01 -3.598945215344429016e-02
2.751016020774841309e-01 -3.530278056859970093e-02
2.859293222427368164e-01 -3.456073626875877380e-02
3.008306920528411865e-01 -3.345679864287376404e-02
3.068865537643432617e-01 -3.298312425613403320e-02
3.210959434509277344e-01 -3.182028606534004211e-02
3.257246613502502441e-01 -3.142702206969261169e-02
3.408306539058685303e-01 -3.009875863790512085e-02
3.668013215065002441e-01 -2.767560631036758423e-02
3.758626282215118408e-01 -2.679485268890857697e-02
3.819883763790130615e-01 -2.619046531617641449e-02
3.882245421409606934e-01 -2.556833066046237946e-02
4.032841920852661133e-01 -2.404033392667770386e-02
4.083835482597351074e-01 -2.351560629904270172e-02
4.138280153274536133e-01 -2.295171841979026794e-02
4.290152490139007568e-01 -2.136149816215038300e-02
4.426350891590118408e-01 -1.991790346801280975e-02
4.573637247085571289e-01 -1.834381930530071259e-02
4.709313213825225830e-01 -1.688699238002300262e-02
4.811820089817047119e-01 -1.578503288328647614e-02
4.849310219287872314e-01 -1.538222376257181168e-02
5.038301944732666016e-01 -1.335818972438573837e-02
5.108488202095031738e-01 -1.261124294251203537e-02
5.195598006248474121e-01 -1.168948039412498474e-02
5.317133069038391113e-01 -1.041589397937059402e-02
5.412513017654418945e-01 -9.428975172340869904e-03
5.524543523788452148e-01 -8.286838419735431671e-03
5.576587319374084473e-01 -7.763414178043603897e-03
5.990784764289855957e-01 -3.801458748057484627e-03
6.149637103080749512e-01 -2.398472977802157402e-03
6.248073577880859375e-01 -1.567032886669039726e-03
6.322747468948364258e-01 -9.568820241838693619e-04
6.449339985847473145e-01 3.494206976029090583e-05
6.537930369377136230e-01 6.959207821637392044e-04
6.718655824661254883e-01 1.955860061571002007e-03
6.847383379936218262e-01 2.778040710836648941e-03
6.961167454719543457e-01 3.450827440246939659e-03
7.083088755607604980e-01 4.114050883799791336e-03
7.221094369888305664e-01 4.791015759110450745e-03
7.316973805427551270e-01 5.214179400354623795e-03
7.478079795837402344e-01 5.835935007780790329e-03
7.642917633056640625e-01 6.352811586111783981e-03
7.726751565933227539e-01 6.567936390638351440e-03
7.854997515678405762e-01 6.832610350102186203e-03
8.030201792716979980e-01 7.063101977109909058e-03
8.188036084175109863e-01 7.133465260267257690e-03
8.282311558723449707e-01 7.109355647116899490e-03
8.446779251098632812e-01 6.939586251974105835e-03
8.563694357872009277e-01 6.711790338158607483e-03
8.623772263526916504e-01 6.557038519531488419e-03
8.684797286987304688e-01 6.371808238327503204e-03
8.877297043800354004e-01 5.581640172749757767e-03
8.972721695899963379e-01 5.057209171354770660e-03
9.136312603950500488e-01 3.905238583683967590e-03
9.192616939544677734e-01 3.420473076403141022e-03
9.391483068466186523e-01 1.222960185259580612e-03
9.467751383781433105e-01 1.157613587565720081e-04
9.551905393600463867e-01 -1.338166650384664536e-03
9.622457027435302734e-01 -2.775189001113176346e-03
9.637013077735900879e-01 -3.096151398494839668e-03
9.662106037139892578e-01 -3.665549214929342270e-03
