9.659106135368347168e-01 -2.609723713248968124e-03
9.653705954551696777e-01 -2.331723226234316826e-03
9.641022682189941406e-01 -1.715992810204625130e-03
9.569182991981506348e-01 1.234156428836286068e-03
9.492210745811462402e-01 3.916312940418720245e-03
9.439302086830139160e-01 5.613816902041435242e-03
9.320582747459411621e-01 9.162528440356254578e-03
9.262358546257019043e-01 1.080999989062547684e-02
9.195372462272644043e-01 1.264882832765579224e-02
9.139839410781860352e-01 1.413453090935945511e-02
9.046727418899536133e-01 1.655899174511432648e-02
9.005020260810852051e-01 1.762123778462409973e-02
8.921864032745361328e-01 1.970013789832592010e-02
8.849965333938598633e-01 2.145974710583686829e-02
8.704914450645446777e-01 2.491448074579238892e-02
8.663669228553771973e-01 2.587556093931198120e-02
8.566766381263732910e-01 2.809928916394710541e-02
8.464565277099609375e-01 3.039510361850261688e-02
8.401657938957214355e-01 3.178424760699272156e-02
8.353278636932373047e-01 3.284051641821861267e-02
8.263339400291442871e-01 3.477705270051956177e-02
8.156538009643554688e-01 3.703198209404945374e-02
8.013131022453308105e-01 3.998568654060363770e-02
7.943443059921264648e-01 4.139089956879615784e-02
7.826710939407348633e-01 4.370116442441940308e-02
7.751248478889465332e-01 4.516586661338806152e-02
7.526875734329223633e-01 4.938754811882972717e-02
7.475829124450683594e-01 5.032025650143623352e-02
7.389322519302368164e-01 5.187718197703361511e-02
7.255553007125854492e-01 5.422607809305191040e-02
7.097786068916320801e-01 5.690399184823036194e-02
6.967410445213317871e-01 5.904091894626617432e-02
6.873531937599182129e-01 6.053652986884117126e-02
6.745900511741638184e-01 6.251151114702224731e-02
6.628547310829162598e-01 6.426735967397689819e-02
6.554931402206420898e-01 6.533914059400558472e-02
6.359975934028625488e-01 6.806582212448120117e-02
6.179976463317871094e-01 7.043694704771041870e-02
6.096971631050109863e-01 7.148233801126480103e-02
5.988891720771789551e-01 7.279741764068603516e-02
5.876767635345458984e-01 7.410600036382675171e-02
5.718455910682678223e-01 7.585569471120834351e-02
5.610209107398986816e-01 7.698509097099304199e-02
5.518572926521301270e-01 7.789807766675949097e-02
5.372201204299926758e-01 7.927338033914566040e-02
5.277501940727233887e-01 8.010797947645187378e-02
5.123361945152282715e-01 8.137230575084686279e-02
5.057037472724914551e-01 8.187997341156005859e-02
4.853748977184295654e-01 8.329717814922332764e-02
4.731050729751586914e-01 8.404952287673950195e-02
4.565170109272003174e-01 8.494058996438980103e-02
4.495303928852081299e-01 8.527178317308425903e-02
4.330273568630218506e-01 8.594828844070434570e-02
4.186428785324096680e-01 8.641434460878372192e-02
4.059887826442718506e-01 8.672694861888885498e-02
3.977233171463012695e-01 8.688093721866607666e-02
3.770499825477600098e-01 8.708821237087249756e-02
3.661967515945434570e-01 8.709277212619781494e-02
3.511042594909667969e-01 8.697607368230819702e-02
3.328531384468078613e-01 8.663758635520935059e-02
3.175385892391204834e-01 8.618049323558807373e-02
3.104529678821563721e-01 8.591374009847640991e-02
2.928296029567718506e-01 8.509303629398345947e-02
2.808038890361785889e-01 8.439953625202178955e-02
2.722665667533874512e-01 8.383874595165252686e-02
2.550136744976043701e-01 8.252441883087158203e-02
2.460186183452606201e-01 8.173877745866775513e-02
2.367196679115295410e-01 8.085075765848159790e-02
2.176605314016342163e-01 7.877603918313980103e-02
2.106042802333831787e-01 7.791607081890106201e-02
2.021383941173553467e-01 7.681477814912796021e-02
1.849099844694137573e-01 7.432445883750915527e-02
1.773132979869842529e-01 7.311277091503143311e-02
1.613057255744934082e-01 7.031015306711196899e-02
1.488223224878311157e-01 6.786774843931198120e-02
1.353165507316589355e-01 6.494114547967910767e-02
1.247409507632255554e-01 6.241908669471740723e-02
1.182955950498580933e-01 6.077218800783157349e-02
1.111878156661987305e-01 5.885093286633491516e-02
1.011519581079483032e-01 5.593241378664970398e-02
9.060322493314743042e-02 5.257256701588630676e-02
8.243554830551147461e-02 4.973629489541053772e-02
7.411477714776992798e-02 4.660488665103912354e-02
6.285924464464187622e-02 4.191272705793380737e-02
5.614135786890983582e-02 3.881551697850227356e-02
5.297974124550819397e-02 3.726842999458312988e-02
4.037485644221305847e-02 3.040609136223793030e-02
3.481042757630348206e-02 2.693397924304008484e-02
3.129171952605247498e-02 2.455464936792850494e-02
2.365444414317607880e-02 1.872928813099861145e-02
2.006185986101627350e-02 1.554021425545215607e-02
1.551518402993679047e-02 1.076894532889127731e-02
1.277947518974542618e-02 7.080406881868839264e-03
1.168576441705226898e-02 5.166986957192420959e-03
1.034996099770069122e-02 1.117959502153098583e-03
1.030609011650085449e-02 -3.080218157265335321e-04
1.079295855015516281e-02 -2.303420566022396088e-03
1.116304565221071243e-02 -3.004534868523478508e-03
1.190657168626785278e-02 -3.980038687586784363e-03
1.255681179463863373e-02 -4.606022499501705170e-03
1.492868736386299133e-02 -6.122906692326068878e-03
1.594882458448410034e-02 -6.577160675078630447e-03
1.858391426503658295e-02 -7.458589505404233932e-03
2.360325492918491364e-02 -8.474500849843025208e-03
2.765663713216781616e-02 -8.938688784837722778e-03
3.503978252410888672e-02 -9.320608340203762054e-03
4.138903319835662842e-02 -9.342418052256107330e-03
5.008689686655998230e-02 -9.072542190551757812e-03
6.324328482151031494e-02 -8.221351541578769684e-03
7.397948205471038818e-02 -7.252933923155069351e-03
8.266800642013549805e-02 -6.336952559649944305e-03
1.050292178988456726e-01 -3.590391483157873154e-03
1.161444410681724548e-01 -2.075862837955355644e-03
1.424669623374938965e-01 1.745618646964430809e-03
1.488239914178848267e-01 2.698962576687335968e-03
1.580824106931686401e-01 4.098016303032636642e-03
1.721040308475494385e-01 6.226725876331329346e-03
1.837812215089797974e-01 7.995344698429107666e-03
1.933265477418899536e-01 9.430508129298686981e-03
2.029812335968017578e-01 1.086711231619119644e-02
2.135454863309860229e-01 1.241671014577150345e-02
2.237299680709838867e-01 1.388408150523900986e-02
2.306140214204788208e-01 1.485923398286104202e-02
2.407557070255279541e-01 1.626892760396003723e-02
2.558241784572601318e-01 1.829892583191394806e-02
2.638973891735076904e-01 1.935251243412494659e-02
2.738744616508483887e-01 2.061993256211280823e-02
2.843612730503082275e-01 2.190930210053920746e-02
2.980556488037109375e-01 2.352452836930751801e-02
3.095992207527160645e-01 2.482397854328155518e-02
3.201940655708312988e-01 2.596537396311759949e-02
3.233715593814849854e-01 2.629799582064151764e-02
3.357676267623901367e-01 2.755226008594036102e-02
3.439820408821105957e-01 2.834499254822731018e-02
3.558512330055236816e-01 2.943565882742404938e-02
3.630880713462829590e-01 3.006859309971332550e-02
3.789596259593963623e-01 3.137071803212165833e-02
3.960840404033660889e-01 3.264160081744194031e-02
4.039301276206970215e-01 3.317693248391151428e-02
4.183252155780792236e-01 3.408152982592582703e-02
4.297250807285308838e-01 3.472607582807540894e-02
4.414036273956298828e-01 3.531994670629501343e-02
4.522206485271453857e-01 3.580951690673828125e-02
4.628387093544006348e-01 3.623307496309280396e-02
4.831274449825286865e-01 3.688383102416992188e-02
4.962229132652282715e-01 3.719230368733406067e-02
5.071039199829101562e-01 3.738150000572204590e-02
5.136412382125854492e-01 3.746575489640235901e-02
5.280599594116210938e-01 3.757329285144805908e-02
5.402515530586242676e-01 3.757999092340469360e-02
5.486187338829040527e-01 3.753995522856712341e-02
5.570986270904541016e-01 3.746239468455314636e-02
5.677482485771179199e-01 3.731245547533035278e-02
5.736092329025268555e-01 3.720510751008987427e-02
5.944933295249938965e-01 3.668103367090225220e-02
6.123420000076293945e-01 3.606113046407699585e-02
6.222449541091918945e-01 3.565060719847679138e-02
6.329221725463867188e-01 3.515606746077537537e-02
6.570151448249816895e-01 3.384871035814285278e-02
6.637144684791564941e-01 3.343958035111427307e-02
6.757932901382446289e-01 3.265355154871940613e-02
6.835126280784606934e-01 3.211934864521026611e-02
6.954525709152221680e-01 3.124530799686908722e-02
7.018283605575561523e-01 3.075529634952545166e-02
7.175889611244201660e-01 2.947611734271049500e-02
7.286329865455627441e-01 2.852330543100833893e-02
7.426505684852600098e-01 2.724830433726310730e-02
7.546332478523254395e-01 2.610099315643310547e-02
7.643030285835266113e-01 2.513683587312698364e-02
7.710771560668945312e-01 2.444107271730899811e-02
7.848518490791320801e-01 2.297448739409446716e-02
7.950959801673889160e-01 2.183841541409492493e-02
8.076559901237487793e-01 2.039178647100925446e-02
8.126121759414672852e-01 1.980440877377986908e-02
8.206523060798645020e-01 1.883112266659736633e-02
8.292567729949951172e-01 1.776100136339664459e-02
8.502294421195983887e-01 1.502292230725288391e-02
8.589497208595275879e-01 1.382691878825426102e-02
8.753942251205444336e-01 1.147064752876758575e-02
8.869252204895019531e-01 9.732096455991268158e-03
9.016609191894531250e-01 7.392245810478925705e-03
9.059937000274658203e-01 6.676076911389827728e-03
9.154615402221679688e-01 5.060902796685695648e-03
9.208559989929199219e-01 4.106895998120307922e-03
9.271839857101440430e-01 2.953078597784042358e-03
9.319859743118286133e-01 2.050220733508467674e-03
9.425944685935974121e-01 -3.797160752583295107e-05
9.501578211784362793e-01 -1.613039756193757057e-03
9.581524133682250977e-01 -3.352334257215261459e-03
9.633452892303466797e-01 -4.503179807215929031e-03
9.642369151115417480e-01 -4.699760116636753082e-03
9.659413695335388184e-01 -5.072688683867454529e-03
