9.619717001914978027e-01 1.476162724429741502e-04
9.611412882804870605e-01 6.379984552040696144e-04
9.587370753288269043e-01 1.917697954922914505e-03
9.530380964279174805e-01 4.437508992850780487e-03
9.434749484062194824e-01 7.835882715880870819e-03
9.360615015029907227e-01 1.008627563714981079e-02
9.276941418647766113e-01 1.238005701452493668e-02
9.229738116264343262e-01 1.358899753540754318e-02
9.155969619750976562e-01 1.538216136395931244e-02
9.071647524833679199e-01 1.731445826590061188e-02
8.875747323036193848e-01 2.143765054643154144e-02
8.815424442291259766e-01 2.262489311397075653e-02
8.661727309226989746e-01 2.550795488059520721e-02
8.558200597763061523e-01 2.734883874654769897e-02
8.446983098983764648e-01 2.924632839858531952e-02
8.396401405334472656e-01 3.008377179503440857e-02
8.283087611198425293e-01 3.190518915653228760e-02
8.189257979393005371e-01 3.335897997021675110e-02
8.088272809982299805e-01 3.487107902765274048e-02
8.039442896842956543e-01 3.558328002691268921e-02
7.921319603919982910e-01 3.725634142756462097e-02
7.848131060600280762e-01 3.825826197862625122e-02
7.667599320411682129e-01 4.061853885650634766e-02
7.582487463951110840e-01 4.167720302939414978e-02
7.468346953392028809e-01 4.304306581616401672e-02
7.386676669120788574e-01 4.398265480995178223e-02
7.261171936988830566e-01 4.536551609635353088e-02
7.171547412872314453e-01 4.630794748663902283e-02
7.111846208572387695e-01 4.691493883728981018e-02
7.022370100021362305e-01 4.779367893934249878e-02
6.845087409019470215e-01 4.942559823393821716e-02
6.694931387901306152e-01 5.069563537836074829e-02
6.617921590805053711e-01 5.130768567323684692e-02
6.552790999412536621e-01 5.180479958653450012e-02
6.459229588508605957e-01 5.248630046844482422e-02
6.358528137207031250e-01 5.317767709493637085e-02
6.194552779197692871e-01 5.421213433146476746e-02
6.081629395484924316e-01 5.486067011952400208e-02
5.917389988899230957e-01 5.571449920535087585e-02
5.773693919181823730e-01 5.637801438570022583e-02
5.628429055213928223e-01 5.697314441204071045e-02
5.571418404579162598e-01 5.718665570020675659e-02
5.425793528556823730e-01 5.768267065286636353e-02
5.368059873580932617e-01 5.786023288965225220e-02
5.187942981719970703e-01 5.834725871682167053e-02
5.093212723731994629e-01 5.856412276625633240e-02
4.917091727256774902e-01 5.889862775802612305e-02
4.847975671291351318e-01 5.900627747178077698e-02
4.690765142440795898e-01 5.920330062508583069e-02
4.586457312107086182e-01 5.929834768176078796e-02
4.443965852260589600e-01 5.938355997204780579e-02
4.378241002559661865e-01 5.940584465861320496e-02
4.270514547824859619e-01 5.941954627633094788e-02
4.130968451499938965e-01 5.939577147364616394e-02
4.009757637977600098e-01 5.933753773570060730e-02
3.810688555240631104e-01 5.916683748364448547e-02
3.655825555324554443e-01 5.896957218647003174e-02
3.465791046619415283e-01 5.864965543150901794e-02
3.350597321987152100e-01 5.841318145394325256e-02
3.234198987483978271e-01 5.814082175493240356e-02
3.069150447845458984e-01 5.769512429833412170e-02
2.961506247520446777e-01 5.736538767814636230e-02
2.780819833278656006e-01 5.673865601420402527e-02
2.645323276519775391e-01 5.620469525456428528e-02
2.544642090797424316e-01 5.576992034912109375e-02
2.442720681428909302e-01 5.529467016458511353e-02
2.269323319196701050e-01 5.439834296703338623e-02
2.220292389392852783e-01 5.412336066365242004e-02
2.008925080299377441e-01 5.281690880656242371e-02
1.854845434427261353e-01 5.172596126794815063e-02
1.749513000249862671e-01 5.090302973985671997e-02
1.603753417730331421e-01 4.964651167392730713e-02
1.522674262523651123e-01 4.888123646378517151e-02
1.427999436855316162e-01 4.792013391852378845e-02
1.296328902244567871e-01 4.644707962870597839e-02
1.241239309310913086e-01 4.577791690826416016e-02
1.112921237945556641e-01 4.408055171370506287e-02
9.670155495405197144e-02 4.187512025237083435e-02
8.432507514953613281e-02 3.972384333610534668e-02
7.843299955129623413e-02 3.859189152717590332e-02
6.860148161649703979e-02 3.652096912264823914e-02
5.826607719063758850e-02 3.405437245965003967e-02
5.184039101004600525e-02 3.234208375215530396e-02
4.543700441718101501e-02 3.047437779605388641e-02
3.674810379743576050e-02 2.763355337083339691e-02
3.242928907275199890e-02 2.606583200395107269e-02
1.737307198345661163e-02 1.951096393167972565e-02
1.087010931223630905e-02 1.594155468046665192e-02
6.888845469802618027e-03 1.341936085373163223e-02
3.045255318284034729e-03 1.063649728894233704e-02
-1.729917014017701149e-03 6.400273181498050690e-03
-4.999448545277118683e-03 2.385928994044661522e-03
-5.861677695065736771e-03 8.972967625595629215e-04
-6.806408520787954330e-03 -1.621355884708464146e-03
-7.007792592048645020e-03 -3.451914526522159576e-03
-6.887302268296480179e-03 -4.560436587780714035e-03
-6.037824787199497223e-03 -6.652349606156349182e-03
-5.384617485105991364e-03 -7.531297858804464340e-03
-3.972391132265329361e-03 -8.865632116794586182e-03
-1.907341880723834038e-03 -1.021780259907245636e-02
1.776583725586533546e-03 -1.188715826719999313e-02
4.780480172485113144e-03 -1.290024444460868835e-02
7.457786239683628082e-03 -1.365172956138849258e-02
1.057011634111404419e-02 -1.440414041280746460e-02
1.850369200110435486e-02 -1.595179550349712372e-02
2.979986369609832764e-02 -1.764174737036228180e-02
3.880137950181961060e-02 -1.874813809990882874e-02
5.413522571325302124e-02 -2.034169994294643402e-02
6.681744754314422607e-02 -2.146869152784347534e-02
8.163318037986755371e-02 -2.262073755264282227e-02
9.297489374876022339e-02 -2.340077981352806091e-02
1.035303175449371338e-01 -2.405501902103424072e-02
1.103438436985015869e-01 -2.444262057542800903e-02
1.246521100401878357e-01 -2.517211437225341797e-02
1.356631368398666382e-01 -2.565865404903888702e-02
1.470027565956115723e-01 -2.609443664550781250e-02
1.555296033620834351e-01 -2.637992426753044128e-02
1.675293594598770142e-01 -2.672247961163520813e-02
1.799733489751815796e-01 -2.700738236308097839e-02
1.885296255350112915e-01 -2.716340310871601105e-02
1.965940296649932861e-01 -2.728187292814254761e-02
2.102604061365127563e-01 -2.742206305265426636e-02
2.229514420032501221e-01 -2.748763561248779297e-02
2.328735589981079102e-01 -2.749821357429027557e-02
2.427040934562683105e-01 -2.747552841901779175e-02
2.493631243705749512e-01 -2.744237892329692841e-02
2.692965269088745117e-01 -2.726361900568008423e-02
2.812622487545013428e-01 -2.710387110710144043e-02
2.925997078418731689e-01 -2.691982313990592957e-02
2.990489304065704346e-01 -2.680200897157192230e-02
3.114972412586212158e-01 -2.654979191720485687e-02
3.208729028701782227e-01 -2.633992396295070648e-02
3.328132927417755127e-01 -2.605021558701992035e-02
3.451162278652191162e-01 -2.572799287736415863e-02
3.587868809700012207e-01 -2.534489892423152924e-02
3.655211627483367920e-01 -2.514746040105819702e-02
3.762902617454528809e-01 -2.482093125581741333e-02
3.821886777877807617e-01 -2.463684789836406708e-02
3.969038426876068115e-01 -2.416297607123851776e-02
4.132499694824218750e-01 -2.361446991562843323e-02
4.187236726284027100e-01 -2.342605404555797577e-02
4.305620491504669189e-01 -2.301088720560073853e-02
4.378799498081207275e-01 -2.274914830923080444e-02
4.539564549922943115e-01 -2.216065302491188049e-02
4.668448567390441895e-01 -2.167507447302341461e-02
4.712326526641845703e-01 -2.150681801140308380e-02
4.801555275917053223e-01 -2.115971222519874573e-02
4.923824965953826904e-01 -2.067249827086925507e-02
5.032719969749450684e-01 -2.022596821188926697e-02
5.105067491531372070e-01 -1.992193050682544708e-02
5.202777385711669922e-01 -1.950090192258358002e-02
5.276687741279602051e-01 -1.917365938425064087e-02
5.432588458061218262e-01 -1.845527812838554382e-02
5.602151751518249512e-01 -1.762374676764011383e-02
5.723406076431274414e-01 -1.699199527502059937e-02
5.790233016014099121e-01 -1.662916876375675201e-02
5.900698304176330566e-01 -1.600497588515281677e-02
6.018975973129272461e-01 -1.530093420296907425e-02
6.100279688835144043e-01 -1.479466445744037628e-02
6.233577132225036621e-01 -1.392430812120437622e-02
6.431413292884826660e-01 -1.254075020551681519e-02
6.503494977951049805e-01 -1.201043184846639633e-02
6.600110530853271484e-01 -1.127923373132944107e-02
6.676038503646850586e-01 -1.068936474621295929e-02
6.777414083480834961e-01 -9.883099235594272614e-03
6.867890357971191406e-01 -9.147834032773971558e-03
7.076117992401123047e-01 -7.414040621370077133e-03
7.278620600700378418e-01 -5.699761211872100830e-03
7.388154268264770508e-01 -4.773482214659452438e-03
7.532634139060974121e-01 -3.565103979781270027e-03
7.668355703353881836e-01 -2.455124631524085999e-03
7.848488688468933105e-01 -1.039862516336143017e-03
7.931143641471862793e-01 -4.195664660073816776e-04
8.017712235450744629e-01 2.061776031041517854e-04
8.149511814117431641e-01 1.104043680243194103e-03
8.301976323127746582e-01 2.044447464868426323e-03
8.405923247337341309e-01 2.613853430375456810e-03
8.500382304191589355e-01 3.072560764849185944e-03
8.680482506752014160e-01 3.763651242479681969e-03
8.765469193458557129e-01 3.991060890257358551e-03
8.909208178520202637e-01 4.199311602860689163e-03
8.952808976173400879e-01 4.211758729070425034e-03
9.066661596298217773e-01 4.111347254365682602e-03
9.142363667488098145e-01 3.920610994100570679e-03
9.195071458816528320e-01 3.718493739143013954e-03
9.237986803054809570e-01 3.505982691422104836e-03
9.343326091766357422e-01 2.767485799267888069e-03
9.442104697227478027e-01 1.720967586152255535e-03
9.521228075027465820e-01 5.536068347282707691e-04
9.603367447853088379e-01 -1.057332148775458336e-03
9.619349837303161621e-01 -1.423821668140590191e-03
9.637505412101745605e-01 -1.860923832282423973e-03
