9.697632193565368652e-01 -2.537926426157355309e-03
9.692523479461669922e-01 -2.257824409753084183e-03
9.673657417297363281e-01 -1.278665731661021709e-03
9.623590707778930664e-01 1.121859648264944553e-03
9.549275636672973633e-01 4.474616609513759613e-03
9.476330280303955078e-01 7.659991737455129623e-03
9.376740455627441406e-01 1.192231941968202591e-02
9.356116056442260742e-01 1.279657520353794098e-02
9.311892390251159668e-01 1.466342993080615997e-02
9.246644377708435059e-01 1.740130037069320679e-02
9.134541153907775879e-01 2.206639014184474945e-02
9.108347892761230469e-01 2.315021120011806488e-02
9.054797291755676270e-01 2.535844221711158752e-02
8.985705971717834473e-01 2.819367125630378723e-02
8.922783136367797852e-01 3.076191060245037079e-02
8.873383402824401855e-01 3.276871144771575928e-02
8.780669569969177246e-01 3.651151433587074280e-02
8.702770471572875977e-01 3.963093459606170654e-02
8.597182631492614746e-01 4.381909221410751343e-02
8.566437363624572754e-01 4.502928629517555237e-02
8.411049246788024902e-01 5.107595026493072510e-02
8.356798291206359863e-01 5.315737053751945496e-02
8.255372643470764160e-01 5.700388550758361816e-02
8.217393159866333008e-01 5.842843279242515564e-02
8.151640892028808594e-01 6.087313592433929443e-02
8.061869144439697266e-01 6.416480243206024170e-02
7.902765274047851562e-01 6.985967606306076050e-02
7.867555022239685059e-01 7.109459489583969116e-02
7.744295597076416016e-01 7.534155249595642090e-02
7.592245340347290039e-01 8.041045814752578735e-02
7.530169486999511719e-01 8.242391049861907959e-02
7.354993224143981934e-01 8.792418986558914185e-02
7.270076274871826172e-01 9.049190580844879150e-02
7.197789549827575684e-01 9.262605011463165283e-02
7.124904394149780273e-01 9.472928196191787720e-02
7.089266777038574219e-01 9.573987126350402832e-02
6.993008852005004883e-01 9.841053932905197144e-02
6.839756369590759277e-01 1.024840325117111206e-01
6.731646656990051270e-01 1.052251458168029785e-01
6.670292019844055176e-01 1.067318767309188843e-01
6.510971784591674805e-01 1.104791983962059021e-01
6.440451145172119141e-01 1.120617911219596863e-01
6.247743368148803711e-01 1.161482185125350952e-01
6.112552881240844727e-01 1.188074350357055664e-01
6.013725996017456055e-01 1.206433475017547607e-01
5.958598852157592773e-01 1.216278970241546631e-01
5.779268145561218262e-01 1.246351674199104309e-01
5.680922269821166992e-01 1.261575967073440552e-01
5.584225058555603027e-01 1.275670677423477173e-01
5.460668206214904785e-01 1.292422860860824585e-01
5.308215022087097168e-01 1.311147063970565796e-01
5.258725285530090332e-01 1.316764354705810547e-01
5.099170207977294922e-01 1.333334445953369141e-01
4.943723380565643311e-01 1.347218602895736694e-01
4.831907153129577637e-01 1.355825960636138916e-01
4.755832552909851074e-01 1.361021697521209717e-01
4.547281265258789062e-01 1.372517794370651245e-01
4.447900950908660889e-01 1.376575827598571777e-01
4.390600323677062988e-01 1.378498077392578125e-01
4.301394224166870117e-01 1.380880624055862427e-01
4.098416268825531006e-01 1.383521705865859985e-01
3.966472148895263672e-01 1.383152902126312256e-01
3.758696913719177246e-01 1.379202604293823242e-01
3.671270906925201416e-01 1.376293748617172241e-01
3.508059680461883545e-01 1.368858814239501953e-01
3.361005783081054688e-01 1.359886527061462402e-01
3.192777037620544434e-01 1.346918195486068726e-01
2.985537946224212646e-01 1.326849758625030518e-01
2.928684353828430176e-01 1.320530474185943604e-01
2.781004309654235840e-01 1.302422434091567993e-01
2.744883298873901367e-01 1.297612786293029785e-01
2.612693607807159424e-01 1.278695613145828247e-01
2.443266361951828003e-01 1.251307576894760132e-01
2.309700250625610352e-01 1.227088123559951782e-01
2.224362492561340332e-01 1.210331842303276062e-01
2.037405073642730713e-01 1.169893294572830200e-01
1.944319903850555420e-01 1.147721111774444580e-01
1.809989064931869507e-01 1.113133057951927185e-01
1.590064167976379395e-01 1.049195230007171631e-01
1.453991085290908813e-01 1.004496216773986816e-01
1.387545019388198853e-01 9.810656309127807617e-02
1.299106031656265259e-01 9.480957686901092529e-02
1.238565444946289062e-01 9.242658317089080811e-02
1.163387149572372437e-01 8.931335806846618652e-02
1.061649098992347717e-01 8.480327576398849487e-02
9.886818379163742065e-02 8.133642375469207764e-02
8.544111996889114380e-02 7.437735050916671753e-02
7.738472521305084229e-02 6.978826224803924561e-02
6.874699145555496216e-02 6.446433067321777344e-02
6.255790591239929199e-02 6.035543605685234070e-02
4.791706055402755737e-02 4.943331703543663025e-02
3.859422728419303894e-02 4.133724421262741089e-02
2.912104874849319458e-02 3.178109973669052124e-02
2.231311798095703125e-02 2.362083084881305695e-02
1.806055568158626556e-02 1.756290346384048462e-02
1.453613210469484329e-02 1.141862943768501282e-02
1.268363744020462036e-02 7.255989126861095428e-03
1.149684749543666840e-02 3.604835597798228264e-03
1.096921414136886597e-02 1.083668787032365799e-03
1.075136568397283554e-02 -2.779589034616947174e-03
1.125885080546140671e-02 -5.863131489604711533e-03
1.293458975851535797e-02 -9.389756247401237488e-03
1.455048006027936935e-02 -1.128287240862846375e-02
1.645583659410476685e-02 -1.285027153789997101e-02
1.954068616032600403e-02 -1.462447363883256912e-02
2.360590919852256775e-02 -1.618675515055656433e-02
2.806148491799831390e-02 -1.732258684933185577e-02
3.241660818457603455e-02 -1.806653663516044617e-02
4.963880032300949097e-02 -1.909355074167251587e-02
6.365077197551727295e-02 -1.874053664505481720e-02
6.961707770824432373e-02 -1.841025613248348236e-02
8.127630501985549927e-02 -1.755945198237895966e-02
9.570974856615066528e-02 -1.624913886189460754e-02
1.091763973236083984e-01 -1.486768200993537903e-02
1.238559186458587646e-01 -1.326100621372461319e-02
1.340827494859695435e-01 -1.210707612335681915e-02
1.545051485300064087e-01 -9.770957753062248230e-03
1.611136645078659058e-01 -9.014798328280448914e-03
1.677109152078628540e-01 -8.262776769697666168e-03
1.791314482688903809e-01 -6.971511524170637131e-03
1.943432986736297607e-01 -5.280534736812114716e-03
2.006592601537704468e-01 -4.590302705764770508e-03
2.064915299415588379e-01 -3.959868568927049637e-03
2.236709892749786377e-01 -2.145111793652176857e-03
2.389403283596038818e-01 -5.896115908399224281e-04
2.482442259788513184e-01 3.298714291304349899e-04
2.630283534526824951e-01 1.744825509376823902e-03
2.808675467967987061e-01 3.374123480170965195e-03
2.915129959583282471e-01 4.304582253098487854e-03
3.038566410541534424e-01 5.343553144484758377e-03
3.145458698272705078e-01 6.208124570548534393e-03
3.234733939170837402e-01 6.904940586537122726e-03
3.323762416839599609e-01 7.576703559607267380e-03
3.429632186889648438e-01 8.345257490873336792e-03
3.576525151729583740e-01 9.356610476970672607e-03
3.696565628051757812e-01 1.013520266860723495e-02
3.948352038860321045e-01 1.162680797278881073e-02
4.001469314098358154e-01 1.191680226475000381e-02
4.133138358592987061e-01 1.259826682507991791e-02
4.211695790290832520e-01 1.297936309128999710e-02
4.431231915950775146e-01 1.394278556108474731e-02
4.477395713329315186e-01 1.412624958902597427e-02
4.517050087451934814e-01 1.427852455526590347e-02
4.624605476856231689e-01 1.466673985123634338e-02
4.936777353286743164e-01 1.558803766965866089e-02
5.005393624305725098e-01 1.574960909783840179e-02
5.116847157478332520e-01 1.598075777292251587e-02
5.218685865402221680e-01 1.615826413035392761e-02
5.305489897727966309e-01 1.628433726727962494e-02
5.376192927360534668e-01 1.637000218033790588e-02
5.533580183982849121e-01 1.650648377835750580e-02
5.671188831329345703e-01 1.656555384397506714e-02
5.799719691276550293e-01 1.657116971909999847e-02
5.899391770362854004e-01 1.654338277876377106e-02
6.159498095512390137e-01 1.634374260902404785e-02
6.209334731101989746e-01 1.628526858985424042e-02
6.345477700233459473e-01 1.609379425644874573e-02
6.431992053985595703e-01 1.594863831996917725e-02
6.549207568168640137e-01 1.572386734187602997e-02
6.671971082687377930e-01 1.545492373406887054e-02
6.817946434020996094e-01 1.509209629148244858e-02
6.953005194664001465e-01 1.471622008830308914e-02
7.148986458778381348e-01 1.410432346165180206e-02
7.189089059829711914e-01 1.396959461271762848e-02
7.402046918869018555e-01 1.320056710392236710e-02
7.497740387916564941e-01 1.282557286322116852e-02
7.568657994270324707e-01 1.253577787429094315e-02
7.673094272613525391e-01 1.209028065204620361e-02
7.787495255470275879e-01 1.157603692263364792e-02
7.887112498283386230e-01 1.110511459410190582e-02
8.036686778068542480e-01 1.035544089972972870e-02
8.170055150985717773e-01 9.640834294259548187e-03
8.265573382377624512e-01 9.100017137825489044e-03
8.325588107109069824e-01 8.746914565563201904e-03
8.418530821800231934e-01 8.178327232599258423e-03
8.499509692192077637e-01 7.659730035811662674e-03
8.569287061691284180e-01 7.194032892584800720e-03
8.629060983657836914e-01 6.780095864087343216e-03
8.824424743652343750e-01 5.315973423421382904e-03
8.929073810577392578e-01 4.448186140507459641e-03
9.012893438339233398e-01 3.701206995174288750e-03
9.088537096977233887e-01 2.980120712891221046e-03
9.160775542259216309e-01 2.242356305941939354e-03
9.226105213165283203e-01 1.526094041764736176e-03
9.313988685607910156e-01 4.725636681541800499e-04
9.372382760047912598e-01 -2.978540433105081320e-04
9.452210664749145508e-01 -1.467597088776528835e-03
9.509918093681335449e-01 -2.419010037556290627e-03
9.607584476470947266e-01 -4.296778235584497452e-03
9.646891951560974121e-01 -5.165786482393741608e-03
9.671097397804260254e-01 -5.734195932745933533e-03
9.685720205307006836e-01 -6.088704802095890045e-03
