9.674538969993591309e-01 -1.998349791392683983e-03
9.672360420227050781e-01 -1.848906860686838627e-03
9.663386344909667969e-01 -1.254164613783359528e-03
9.615774750709533691e-01 1.532802591100335121e-03
9.396511912345886230e-01 1.146281417459249496e-02
9.285032153129577637e-01 1.573779433965682983e-02
9.118099808692932129e-01 2.160909771919250488e-02
9.082376956939697266e-01 2.279932610690593719e-02
9.053093194961547852e-01 2.375970967113971710e-02
8.995084166526794434e-01 2.562365867197513580e-02
8.813237547874450684e-01 3.116634115576744080e-02
8.739286065101623535e-01 3.330239281058311462e-02
8.589644432067871094e-01 3.743643313646316528e-02
8.488695621490478516e-01 4.009171947836875916e-02
8.319717049598693848e-01 4.431177303194999695e-02
8.244207501411437988e-01 4.611089825630187988e-02
8.117083311080932617e-01 4.902394860982894897e-02
8.071684241294860840e-01 5.002996698021888733e-02
7.939985990524291992e-01 5.284940451383590698e-02
7.892768979072570801e-01 5.382503196597099304e-02
7.805444598197937012e-01 5.558165535330772400e-02
7.661159038543701172e-01 5.835143476724624634e-02
7.367121577262878418e-01 6.350495666265487671e-02
7.329388856887817383e-01 6.412032991647720337e-02
7.199998497962951660e-01 6.615410000085830688e-02
7.102289199829101562e-01 6.761299073696136475e-02
6.966874599456787109e-01 6.952861696481704712e-02
6.944158673286437988e-01 6.983809918165206909e-02
6.765772700309753418e-01 7.215352356433868408e-02
6.599584817886352539e-01 7.413240522146224976e-02
6.456860303878784180e-01 7.570014148950576782e-02
6.378754973411560059e-01 7.650817930698394775e-02
6.316037178039550781e-01 7.713203877210617065e-02
6.132801175117492676e-01 7.883057743310928345e-02
6.017387509346008301e-01 7.980814576148986816e-02
5.894779562950134277e-01 8.077094703912734985e-02
5.803776383399963379e-01 8.143631368875503540e-02
5.703992843627929688e-01 8.211865276098251343e-02
5.616747140884399414e-01 8.267547190189361572e-02
5.561922192573547363e-01 8.300667256116867065e-02
5.463857650756835938e-01 8.356349170207977295e-02
5.220716595649719238e-01 8.475099503993988037e-02
5.093948841094970703e-01 8.526309579610824585e-02
5.034672021865844727e-01 8.547771722078323364e-02
4.920302629470825195e-01 8.584745228290557861e-02
4.753225147724151611e-01 8.628319203853607178e-02
4.678598344326019287e-01 8.643797785043716431e-02
4.601390063762664795e-01 8.657226711511611938e-02
4.474537670612335205e-01 8.673579990863800049e-02
4.292231202125549316e-01 8.684636652469635010e-02
4.149842858314514160e-01 8.683004975318908691e-02
4.096048772335052490e-01 8.680033683776855469e-02
4.022807180881500244e-01 8.673894405364990234e-02
3.969660699367523193e-01 8.667923510074615479e-02
3.925389349460601807e-01 8.661974221467971802e-02
3.881860375404357910e-01 8.655247092247009277e-02
3.800334632396697998e-01 8.640325069427490234e-02
3.692795336246490479e-01 8.615940064191818237e-02
3.429809510707855225e-01 8.533400297164916992e-02
3.386065065860748291e-01 8.516454696655273438e-02
3.349057734012603760e-01 8.501390367746353149e-02
3.282481431961059570e-01 8.472589403390884399e-02
3.138603866100311279e-01 8.402784168720245361e-02
3.047259449958801270e-01 8.352986723184585571e-02
2.940672338008880615e-01 8.289361000061035156e-02
2.832028865814208984e-01 8.218228816986083984e-02
2.803646624088287354e-01 8.198579400777816772e-02
2.666585445404052734e-01 8.097280561923980713e-02
2.605241239070892334e-01 8.048420399427413940e-02
2.530520856380462646e-01 7.985865324735641479e-02
2.348342090845108032e-01 7.818727940320968628e-02
2.295251190662384033e-01 7.765934616327285767e-02
2.191351056098937988e-01 7.656975090503692627e-02
2.097122818231582642e-01 7.551394402980804443e-02
2.028333842754364014e-01 7.470032572746276855e-02
1.832746267318725586e-01 7.217260450124740601e-02
1.771047711372375488e-01 7.130391895771026611e-02
1.692989915609359741e-01 7.015125453472137451e-02
1.595629006624221802e-01 6.862336397171020508e-02
1.464343518018722534e-01 6.638792157173156738e-02
1.294802725315093994e-01 6.315753608942031860e-02
1.227890774607658386e-01 6.175960972905158997e-02
1.085959747433662415e-01 5.852279812097549438e-02
8.741134405136108398e-02 5.284587293863296509e-02
8.432156592607498169e-02 5.191439762711524963e-02
7.587203383445739746e-02 4.920491576194763184e-02
6.515141576528549194e-02 4.537213221192359924e-02
6.194505095481872559e-02 4.412591457366943359e-02
5.231050774455070496e-02 4.005067050457000732e-02
4.103233665227890015e-02 3.450012207031250000e-02
3.531417623162269592e-02 3.126433864235877991e-02
2.386927418410778046e-02 2.350929379463195801e-02
1.758007518947124481e-02 1.800530217587947845e-02
1.589864492416381836e-02 1.624385826289653778e-02
1.192652247846126556e-02 1.092798728495836258e-02
1.100844889879226685e-02 9.108184836804866791e-03
1.058272272348403931e-02 8.003384806215763092e-03
1.008733175694942474e-02 5.876158364117145538e-03
1.002607680857181549e-02 5.021658726036548615e-03
1.005536690354347229e-02 4.172760061919689178e-03
1.069266814738512039e-02 1.833419664762914181e-03
1.243780832737684250e-02 -5.164503236301243305e-04
1.359162200242280960e-02 -1.468130038119852543e-03
1.764428801834583282e-02 -3.598717506974935532e-03
2.170394919812679291e-02 -4.880523309111595154e-03
3.910801559686660767e-02 -7.112873252481222153e-03
5.167647823691368103e-02 -7.351547945290803909e-03
5.491464957594871521e-02 -7.315565831959247589e-03
6.605320423841476440e-02 -6.980307400226593018e-03
8.882493525743484497e-02 -5.615643691271543503e-03
9.576413780450820923e-02 -5.083855707198381424e-03
1.047902181744575500e-01 -4.339670296758413315e-03
1.118485778570175171e-01 -3.726021619513630867e-03
1.325821876525878906e-01 -1.822657068260014057e-03
1.487836688756942749e-01 -2.860563399735838175e-04
1.585539132356643677e-01 6.429149070754647255e-04
1.747872829437255859e-01 2.170470077544450760e-03
1.787418723106384277e-01 2.537503838539123535e-03
1.955320239067077637e-01 4.064976237714290619e-03
2.085721492767333984e-01 5.210083443671464920e-03
2.158190160989761353e-01 5.828654859215021133e-03
2.262022197246551514e-01 6.691033951938152313e-03
2.379643768072128296e-01 7.632068358361721039e-03
2.515322566032409668e-01 8.667963556945323944e-03
2.604642510414123535e-01 9.319921024143695831e-03
2.634464502334594727e-01 9.532201103866100311e-03
2.684631645679473877e-01 9.883146733045578003e-03
2.767680883407592773e-01 1.044701412320137024e-02
2.890415191650390625e-01 1.124089956283569336e-02
3.123910427093505859e-01 1.262000482529401779e-02
3.208300471305847168e-01 1.307588163763284683e-02
3.232827484607696533e-01 1.320412848144769669e-02
3.370415866374969482e-01 1.388806849718093872e-02
3.502168655395507812e-01 1.448662485927343369e-02
3.576022386550903320e-01 1.479807402938604355e-02
3.625063598155975342e-01 1.499534584581851959e-02
3.717851638793945312e-01 1.534783095121383667e-02
3.759251534938812256e-01 1.549635175615549088e-02
3.843575119972229004e-01 1.578223705291748047e-02
3.929227590560913086e-01 1.604985259473323822e-02
4.090143442153930664e-01 1.649096421897411346e-02
4.223225116729736328e-01 1.679548807442188263e-02
4.392409026622772217e-01 1.710481755435466766e-02
4.600475132465362549e-01 1.736799441277980804e-02
4.651109576225280762e-01 1.741283573210239410e-02
4.750041663646697998e-01 1.747917942702770233e-02
4.803591072559356689e-01 1.750350929796695709e-02
4.857906699180603027e-01 1.751998253166675568e-02
4.926902949810028076e-01 1.752916537225246429e-02
5.149377584457397461e-01 1.747202873229980469e-02
5.186042189598083496e-01 1.745031960308551788e-02
5.243106484413146973e-01 1.740986108779907227e-02
5.453290939331054688e-01 1.719359308481216431e-02
5.468897223472595215e-01 1.717348955571651459e-02
5.600014328956604004e-01 1.698374934494495392e-02
5.805786848068237305e-01 1.661548204720020294e-02
5.852959156036376953e-01 1.651977933943271637e-02
5.894130468368530273e-01 1.643300615251064301e-02
6.014676690101623535e-01 1.616224087774753571e-02
6.111090183258056641e-01 1.592861860990524292e-02
6.199416518211364746e-01 1.570198498666286469e-02
6.500508189201354980e-01 1.484504435211420059e-02
6.540306210517883301e-01 1.472245994955301285e-02
6.590695381164550781e-01 1.456421520560979843e-02
6.829299926757812500e-01 1.376903615891933441e-02
6.955899596214294434e-01 1.331613678485155106e-02
7.083649039268493652e-01 1.283671893179416656e-02
7.139787077903747559e-01 1.261871866881847382e-02
7.403917908668518066e-01 1.152997743338346481e-02
7.539478540420532227e-01 1.092825457453727722e-02
7.622798085212707520e-01 1.054290030151605606e-02
7.739602923393249512e-01 9.981672279536724091e-03
7.892394661903381348e-01 9.208113886415958405e-03
7.956479191780090332e-01 8.869513869285583496e-03
7.986406683921813965e-01 8.708377368748188019e-03
8.057609796524047852e-01 8.317028172314167023e-03
8.178206086158752441e-01 7.627311628311872482e-03
8.261988162994384766e-01 7.126905024051666260e-03
8.524189591407775879e-01 5.433681420981884003e-03
8.634847402572631836e-01 4.652897827327251434e-03
8.789840936660766602e-01 3.480325452983379364e-03
8.820179700851440430e-01 3.238713601604104042e-03
8.937462568283081055e-01 2.262135967612266541e-03
9.083600640296936035e-01 9.353674831800162792e-04
9.209499359130859375e-01 -3.303171833977103233e-04
9.250861406326293945e-01 -7.766285561956465244e-04
9.414511919021606445e-01 -2.735647372901439667e-03
9.474507570266723633e-01 -3.552317852154374123e-03
9.539710879325866699e-01 -4.518663045018911362e-03
9.611191153526306152e-01 -5.689111538231372833e-03
9.655295610427856445e-01 -6.471622735261917114e-03
9.669758081436157227e-01 -6.736771669238805771e-03
