9.596385955810546875e-01 -2.216137479990720749e-03
9.590560197830200195e-01 -2.077392535284161568e-03
9.556361436843872070e-01 -1.293871435336768627e-03
9.466173052787780762e-01 6.310890312306582928e-04
9.367144703865051270e-01 2.635433105751872063e-03
9.279320836067199707e-01 4.368590191006660461e-03
9.102341532707214355e-01 7.805656641721725464e-03
9.052413702011108398e-01 8.769427426159381866e-03
8.951912522315979004e-01 1.070764195173978806e-02
8.802424073219299316e-01 1.359456032514572144e-02
8.616856336593627930e-01 1.719789952039718628e-02
8.551163673400878906e-01 1.848088763654232025e-02
8.461214900016784668e-01 2.024494670331478119e-02
8.322277665138244629e-01 2.298768982291221619e-02
8.127660155296325684e-01 2.686910331249237061e-02
8.071386218070983887e-01 2.800038456916809082e-02
7.929720878601074219e-01 3.086583316326141357e-02
7.808560729026794434e-01 3.333641216158866882e-02
7.723321318626403809e-01 3.508497774600982666e-02
7.597440481185913086e-01 3.768211975693702698e-02
7.499620914459228516e-01 3.971142321825027466e-02
7.414660453796386719e-01 4.148083925247192383e-02
7.311415076255798340e-01 4.363824799656867981e-02
7.232341170310974121e-01 4.529469460248947144e-02
7.070996165275573730e-01 4.868102818727493286e-02
6.982753276824951172e-01 5.053353309631347656e-02
6.838069558143615723e-01 5.356494337320327759e-02
6.780125498771667480e-01 5.477487668395042419e-02
6.649953126907348633e-01 5.747958272695541382e-02
6.538422107696533203e-01 5.977633595466613770e-02
6.448448896408081055e-01 6.161086261272430420e-02
6.150405406951904297e-01 6.752536445856094360e-02
6.094313859939575195e-01 6.860340386629104614e-02
6.039209961891174316e-01 6.964953988790512085e-02
5.947222709655761719e-01 7.136528193950653076e-02
5.889501571655273438e-01 7.242098450660705566e-02
5.769092440605163574e-01 7.456693053245544434e-02
5.606363415718078613e-01 7.733546942472457886e-02
5.441459417343139648e-01 7.997160404920578003e-02
5.382522940635681152e-01 8.086968958377838135e-02
5.338857769966125488e-01 8.151948451995849609e-02
5.213103890419006348e-01 8.331518620252609253e-02
5.085983276367187500e-01 8.501269668340682983e-02
4.964274168014526367e-01 8.652385324239730835e-02
4.897184669971466064e-01 8.730828016996383667e-02
4.715237617492675781e-01 8.925896137952804565e-02
4.563436806201934814e-01 9.068670123815536499e-02
4.435086250305175781e-01 9.175094217061996460e-02
4.322564899921417236e-01 9.257577359676361084e-02
4.260520040988922119e-01 9.298728406429290771e-02
4.060715734958648682e-01 9.410317987203598022e-02
3.793552517890930176e-01 9.509569406509399414e-02
3.641069829463958740e-01 9.540526568889617920e-02
3.502163887023925781e-01 9.552384167909622192e-02
3.355481624603271484e-01 9.547874331474304199e-02
3.303185701370239258e-01 9.541995078325271606e-02
3.229902088642120361e-01 9.529953449964523315e-02
3.103722929954528809e-01 9.498711675405502319e-02
3.009857237339019775e-01 9.466728568077087402e-02
2.870838344097137451e-01 9.405395388603210449e-02
2.804824113845825195e-01 9.370318800210952759e-02
2.722818255424499512e-01 9.321293234825134277e-02
2.617340683937072754e-01 9.249164909124374390e-02
2.567758262157440186e-01 9.211656451225280762e-02
2.462546229362487793e-01 9.124223142862319946e-02
2.357050925493240356e-01 9.025543183088302612e-02
2.270800173282623291e-01 8.936361968517303467e-02
2.198491543531417847e-01 8.855487406253814697e-02
2.085400670766830444e-01 8.717378228902816772e-02
1.973994970321655273e-01 8.566779643297195435e-02
1.884450167417526245e-01 8.434675633907318115e-02
1.831257343292236328e-01 8.351305872201919556e-02
1.775681078433990479e-01 8.260145038366317749e-02
1.598496288061141968e-01 7.940067350864410400e-02
1.483078002929687500e-01 7.705407589673995972e-02
1.365454494953155518e-01 7.442710548639297485e-02
1.291544437408447266e-01 7.264410704374313354e-02
1.144905313849449158e-01 6.877222657203674316e-02
1.034727692604064941e-01 6.553786247968673706e-02
9.601283818483352661e-02 6.317057460546493530e-02
9.030564874410629272e-02 6.125399470329284668e-02
8.433824032545089722e-02 5.914477631449699402e-02
7.113479077816009521e-02 5.405442789196968079e-02
6.185574084520339966e-02 5.008166655898094177e-02
5.619860440492630005e-02 4.747679084539413452e-02
3.587437048554420471e-02 3.672253713011741638e-02
3.076039627194404602e-02 3.359169512987136841e-02
2.421402558684349060e-02 2.925569377839565277e-02
1.400382257997989655e-02 2.149765379726886749e-02
8.250041864812374115e-03 1.627097092568874359e-02
5.408023484051227570e-03 1.327368896454572678e-02
3.157850122079253197e-03 1.055132690817117691e-02
1.102399546653032303e-03 7.553814910352230072e-03
6.127189408289268613e-05 5.643551237881183624e-03
-7.481944048777222633e-04 3.696955041959881783e-03
-1.395597006194293499e-03 7.801072788424789906e-04
-1.381095615215599537e-03 -1.083238981664180756e-03
-6.348369061015546322e-04 -3.747805953025817871e-03
-8.230877574533224106e-05 -4.763126373291015625e-03
4.869027470704168081e-04 -5.579990334808826447e-03
1.812598551623523235e-03 -7.037396077066659927e-03
4.801263567060232162e-03 -9.298913180828094482e-03
8.020089007914066315e-03 -1.102280896157026291e-02
1.045420393347740173e-02 -1.206617616117000580e-02
1.877604052424430847e-02 -1.471999567002058029e-02
2.304444089531898499e-02 -1.574586331844329834e-02
3.706011548638343811e-02 -1.823722571134567261e-02
4.127918183803558350e-02 -1.880621537566184998e-02
5.803597718477249146e-02 -2.052785642445087433e-02
7.530589401721954346e-02 -2.165506221354007721e-02
9.398985654115676880e-02 -2.235560677945613861e-02
1.017733439803123474e-01 -2.252122759819030762e-02
1.092283949255943298e-01 -2.262006700038909912e-02
1.219063773751258850e-01 -2.266769483685493469e-02
1.454512178897857666e-01 -2.241074107587337494e-02
1.568161547183990479e-01 -2.214907296001911163e-02
1.739906966686248779e-01 -2.160824649035930634e-02
1.887770444154739380e-01 -2.101841196417808533e-02
1.973592638969421387e-01 -2.062881924211978912e-02
2.101038247346878052e-01 -1.999201066792011261e-02
2.224884778261184692e-01 -1.931193843483924866e-02
2.340705096721649170e-01 -1.862611807882785797e-02
2.446410059928894043e-01 -1.796161197125911713e-02
2.523107826709747314e-01 -1.745804771780967712e-02
2.654633224010467529e-01 -1.655570603907108307e-02
2.755073606967926025e-01 -1.583603769540786743e-02
2.886945605278015137e-01 -1.485443115234375000e-02
2.947499752044677734e-01 -1.439071446657180786e-02
3.015750348567962646e-01 -1.385893113911151886e-02
3.119857907295227051e-01 -1.303021609783172607e-02
3.237200677394866943e-01 -1.207266002893447876e-02
3.339353799819946289e-01 -1.122060790657997131e-02
3.498406708240509033e-01 -9.863485582172870636e-03
3.551321923732757568e-01 -9.404559619724750519e-03
3.708716034889221191e-01 -8.020458742976188660e-03
3.797668516635894775e-01 -7.227050606161355972e-03
3.932682275772094727e-01 -6.010028067976236343e-03
3.984665274620056152e-01 -5.537960678339004517e-03
4.049520790576934814e-01 -4.946743138134479523e-03
4.137135446071624756e-01 -4.144698847085237503e-03
4.276569187641143799e-01 -2.862755442038178444e-03
4.359551370143890381e-01 -2.098109107464551926e-03
4.453217685222625732e-01 -1.234947703778743744e-03
4.519707560539245605e-01 -6.229755817912518978e-04
4.631039798259735107e-01 3.986126685049384832e-04
4.694174528121948242e-01 9.752698242664337158e-04
4.812305569648742676e-01 2.046734327450394630e-03
4.928560554981231689e-01 3.088280558586120605e-03
4.986484944820404053e-01 3.601143602281808853e-03
5.118108391761779785e-01 4.747804719954729080e-03
5.180237293243408203e-01 5.278427153825759888e-03
5.288860797882080078e-01 6.186643149703741074e-03
5.387146472930908203e-01 6.983827333897352219e-03
5.461495518684387207e-01 7.569106761366128922e-03
5.545335412025451660e-01 8.208623155951499939e-03
5.646045207977294922e-01 8.945081382989883423e-03
5.726118087768554688e-01 9.503495879471302032e-03
5.762309432029724121e-01 9.747455827891826630e-03
5.825737714767456055e-01 1.016169320791959763e-02
5.887240171432495117e-01 1.054647751152515411e-02
5.960010290145874023e-01 1.097929663956165314e-02
6.162180304527282715e-01 1.204592734575271606e-02
6.357283592224121094e-01 1.287414971739053726e-02
6.392511129379272461e-01 1.300190854817628860e-02
6.579608917236328125e-01 1.356729120016098022e-02
6.662428975105285645e-01 1.375677343457937241e-02
6.766689419746398926e-01 1.394267939031124115e-02
6.905030012130737305e-01 1.409989874809980392e-02
7.049762606620788574e-01 1.415718439966440201e-02
7.126908898353576660e-01 1.414374634623527527e-02
7.248846292495727539e-01 1.406122744083404541e-02
7.351697087287902832e-01 1.393404975533485413e-02
7.529688477516174316e-01 1.359122712165117264e-02
7.598285079002380371e-01 1.341790053993463516e-02
7.723159193992614746e-01 1.304365787655115128e-02
7.762566804885864258e-01 1.290977466851472855e-02
7.863494753837585449e-01 1.253216899931430817e-02
7.930611371994018555e-01 1.225316990166902542e-02
8.143745064735412598e-01 1.121571287512779236e-02
8.325206041336059570e-01 1.014233753085136414e-02
8.462848067283630371e-01 9.202374145388603210e-03
8.515254855155944824e-01 8.813883177936077118e-03
8.618005514144897461e-01 7.999748922884464264e-03
8.733920454978942871e-01 6.991270929574966431e-03
8.902373909950256348e-01 5.331562831997871399e-03
8.988378643989562988e-01 4.380986094474792480e-03
9.101042747497558594e-01 3.009068779647350311e-03
9.259573817253112793e-01 7.741283043287694454e-04
9.356321692466735840e-01 -8.195162517949938774e-04
9.542291760444641113e-01 -4.590856842696666718e-03
9.583151936531066895e-01 -5.565615370869636536e-03
9.597294926643371582e-01 -5.912352353334426880e-03
