9.745737314224243164e-01 5.267421714961528778e-03
9.742679595947265625e-01 5.437885876744985580e-03
9.731498956680297852e-01 6.045579444617033005e-03
9.682816863059997559e-01 8.579691872000694275e-03
9.631512761116027832e-01 1.118052005767822266e-02
9.585722684860229492e-01 1.347611006349325180e-02
9.480660557746887207e-01 1.869003847241401672e-02
9.428721070289611816e-01 2.124709635972976685e-02
9.302158355712890625e-01 2.742846123874187469e-02
9.254136085510253906e-01 2.975586056709289551e-02
9.169927239418029785e-01 3.381256014108657837e-02
9.140280485153198242e-01 3.523300588130950928e-02
9.078755378723144531e-01 3.816795349121093750e-02
9.021970033645629883e-01 4.086058214306831360e-02
8.896380662918090820e-01 4.675773531198501587e-02
8.852859139442443848e-01 4.878186061978340149e-02
8.735716938972473145e-01 5.417707562446594238e-02
8.652593493461608887e-01 5.795690789818763733e-02
8.584463596343994141e-01 6.102333962917327881e-02
8.431717157363891602e-01 6.779046356678009033e-02
8.206434845924377441e-01 7.748223841190338135e-02
8.088279366493225098e-01 8.242011070251464844e-02
8.024686574935913086e-01 8.503477275371551514e-02
7.981182336807250977e-01 8.680585771799087524e-02
7.830241322517395020e-01 9.283795952796936035e-02
7.734626531600952148e-01 9.656670689582824707e-02
7.602140307426452637e-01 1.016127467155456543e-01
7.467036843299865723e-01 1.066123172640800476e-01
7.392370700836181641e-01 1.093111485242843628e-01
7.331044077873229980e-01 1.114934757351875305e-01
7.164913415908813477e-01 1.172480806708335876e-01
7.095906138420104980e-01 1.195705384016036987e-01
6.904801726341247559e-01 1.257919222116470337e-01
6.787859797477722168e-01 1.294455230236053467e-01
6.667588353157043457e-01 1.330801397562026978e-01
6.624752879142761230e-01 1.343442946672439575e-01
6.417561769485473633e-01 1.402318328619003296e-01
6.314960122108459473e-01 1.430061608552932739e-01
6.198567748069763184e-01 1.460384726524353027e-01
6.086110472679138184e-01 1.488504260778427124e-01
5.950446128845214844e-01 1.520859152078628540e-01
5.850470066070556641e-01 1.543587446212768555e-01
5.675475597381591797e-01 1.581038385629653931e-01
5.511814355850219727e-01 1.613313108682632446e-01
5.369465947151184082e-01 1.639163047075271606e-01
5.330302119255065918e-01 1.645904034376144409e-01
5.177257657051086426e-01 1.670687496662139893e-01
5.057078003883361816e-01 1.688372492790222168e-01
4.953323304653167725e-01 1.702358126640319824e-01
4.908372163772583008e-01 1.708042472600936890e-01
4.809415042400360107e-01 1.719748526811599731e-01
4.736068248748779297e-01 1.727699488401412964e-01
4.671819508075714111e-01 1.734150946140289307e-01
4.498775005340576172e-01 1.749108284711837769e-01
4.434703290462493896e-01 1.753738820552825928e-01
4.401942789554595947e-01 1.755914837121963501e-01
4.137200713157653809e-01 1.768680959939956665e-01
4.044174551963806152e-01 1.771100014448165894e-01
3.932542204856872559e-01 1.772561520338058472e-01
3.757412433624267578e-01 1.771647334098815918e-01
3.693192303180694580e-01 1.770319491624832153e-01
3.579977750778198242e-01 1.766667962074279785e-01
3.473652601242065430e-01 1.761699914932250977e-01
3.241435587406158447e-01 1.745587736368179321e-01
3.192256689071655273e-01 1.741234809160232544e-01
3.072072267532348633e-01 1.729190051555633545e-01
2.961485981941223145e-01 1.716316640377044678e-01
2.760203182697296143e-01 1.688367724418640137e-01
2.609809935092926025e-01 1.663553565740585327e-01
2.466758489608764648e-01 1.636696904897689819e-01
2.442308813333511353e-01 1.631779670715332031e-01
2.260147929191589355e-01 1.592010259628295898e-01
2.182530611753463745e-01 1.573325395584106445e-01
2.072320431470870972e-01 1.544913053512573242e-01
1.982633471488952637e-01 1.520088911056518555e-01
1.860579550266265869e-01 1.483709663152694702e-01
1.780225038528442383e-01 1.458031237125396729e-01
1.548321247100830078e-01 1.375474333763122559e-01
1.413079947233200073e-01 1.320872157812118530e-01
1.323443800210952759e-01 1.281723380088806152e-01
1.205796152353286743e-01 1.226377487182617188e-01
1.091115102171897888e-01 1.167622283101081848e-01
1.022734642028808594e-01 1.130085214972496033e-01
9.407212585210800171e-02 1.082343831658363342e-01
8.692866563796997070e-02 1.038124933838844299e-01
7.732971012592315674e-02 9.744192659854888916e-02
6.688534468412399292e-02 8.988016098737716675e-02
5.986521020531654358e-02 8.437801897525787354e-02
5.588708817958831787e-02 8.109326660633087158e-02
5.170468240976333618e-02 7.749848812818527222e-02
4.000296071171760559e-02 6.657315045595169067e-02
2.985858544707298279e-02 5.586214736104011536e-02
2.471282519400119781e-02 4.987782239913940430e-02
2.099682763218879700e-02 4.527229815721511841e-02
1.415248960256576538e-02 3.598865866661071777e-02
8.153775706887245178e-03 2.656342275440692902e-02
6.498405709862709045e-03 2.360413596034049988e-02
3.859379328787326813e-03 1.829057186841964722e-02
2.214642008766531944e-03 1.429169066250324249e-02
8.613482350483536720e-04 9.966637939214706421e-03
2.927429159171879292e-04 7.211181800812482834e-03
1.664500450715422630e-05 2.771426225081086159e-03
6.925021298229694366e-04 -1.233062706887722015e-03
2.521046670153737068e-03 -5.061210598796606064e-03
1.096951588988304138e-02 -1.215975172817707062e-02
1.619305089116096497e-02 -1.455546077340841293e-02
1.827925443649291992e-02 -1.533779315650463104e-02
2.358797937631607056e-02 -1.702906563878059387e-02
4.006151482462882996e-02 -2.062687277793884277e-02
5.005761235952377319e-02 -2.209151163697242737e-02
5.724013596773147583e-02 -2.292665652930736542e-02
6.888567656278610229e-02 -2.398652955889701843e-02
7.792724668979644775e-02 -2.460817992687225342e-02
9.058257192373275757e-02 -2.524332702159881592e-02
1.038467437028884888e-01 -2.566996589303016663e-02
1.109759882092475891e-01 -2.581472136080265045e-02
1.214749068021774292e-01 -2.593535743653774261e-02
1.359883248805999756e-01 -2.594474330544471741e-02
1.562532335519790649e-01 -2.570357359945774078e-02
1.668772548437118530e-01 -2.547739259898662567e-02
1.842068582773208618e-01 -2.498373761773109436e-02
1.934982538223266602e-01 -2.466248907148838043e-02
1.969369798898696899e-01 -2.453446388244628906e-02
2.197490185499191284e-01 -2.357194200158119202e-02
2.483856976032257080e-01 -2.212162502110004425e-02
2.563670575618743896e-01 -2.167584560811519623e-02
2.672502398490905762e-01 -2.104171179234981537e-02
2.811264097690582275e-01 -2.019202895462512970e-02
2.987511754035949707e-01 -1.905149780213832855e-02
3.120985925197601318e-01 -1.814562454819679260e-02
3.175795078277587891e-01 -1.776375994086265564e-02
3.230417668819427490e-01 -1.737769134342670441e-02
3.443348705768585205e-01 -1.582282222807407379e-02
3.482900559902191162e-01 -1.552565768361091614e-02
3.528267443180084229e-01 -1.518173050135374069e-02
3.566415011882781982e-01 -1.489002630114555359e-02
3.778997361660003662e-01 -1.322446484118700027e-02
3.896460533142089844e-01 -1.227660104632377625e-02
3.995946645736694336e-01 -1.145945023745298386e-02
4.070514142513275146e-01 -1.083877962082624435e-02
4.242911934852600098e-01 -9.378545917570590973e-03
4.302561283111572266e-01 -8.865608833730220795e-03
4.426954984664916992e-01 -7.784254848957061768e-03
4.486037790775299072e-01 -7.265490479767322540e-03
4.714713990688323975e-01 -5.230604205280542374e-03
4.806572794914245605e-01 -4.403135273605585098e-03
4.914896786212921143e-01 -3.421859350055456161e-03
5.215154290199279785e-01 -6.866317708045244217e-04
5.308440327644348145e-01 1.621788105694577098e-04
5.402984023094177246e-01 1.018903451040387154e-03
5.509204864501953125e-01 1.974639715626835823e-03
5.592271089553833008e-01 2.715094946324825287e-03
5.676515698432922363e-01 3.458035644143819809e-03
5.691800713539123535e-01 3.591831540688872337e-03
5.958082675933837891e-01 5.859210621565580368e-03
6.029576063156127930e-01 6.442992947995662689e-03
6.124405860900878906e-01 7.197332102805376053e-03
6.274966001510620117e-01 8.341885171830654144e-03
6.392055153846740723e-01 9.181045927107334137e-03
6.434907913208007812e-01 9.475980885326862335e-03
6.503822207450866699e-01 9.935769252479076385e-03
6.599456071853637695e-01 1.054274104535579681e-02
6.724335551261901855e-01 1.127781718969345093e-02
6.741454005241394043e-01 1.137329358607530594e-02
6.976072788238525391e-01 1.254642941057682037e-02
7.109202146530151367e-01 1.309501286596059799e-02
7.238329648971557617e-01 1.354262791574001312e-02
7.335780858993530273e-01 1.382408943027257919e-02
7.447320222854614258e-01 1.408573426306247711e-02
7.545009851455688477e-01 1.426111720502376556e-02
7.690580487251281738e-01 1.442800369113683701e-02
7.740516662597656250e-01 1.445892546325922012e-02
7.869232892990112305e-01 1.447579171508550644e-02
7.917814254760742188e-01 1.445838157087564468e-02
8.140240311622619629e-01 1.420883648097515106e-02
8.183563351631164551e-01 1.412712968885898590e-02
8.270350098609924316e-01 1.393010746687650681e-02
8.317362070083618164e-01 1.380450371652841568e-02
8.625550270080566406e-01 1.263493951410055161e-02
8.697450757026672363e-01 1.226997748017311096e-02
8.851618170738220215e-01 1.135715935379266739e-02
8.907655477523803711e-01 1.097810268402099609e-02
9.018279910087585449e-01 1.014828681945800781e-02
9.041178822517395020e-01 9.962069801986217499e-03
9.342086315155029297e-01 6.951193790882825851e-03
9.398744106292724609e-01 6.237556226551532745e-03
9.499385952949523926e-01 4.809450823813676834e-03
9.601067900657653809e-01 3.095861990004777908e-03
9.689002633094787598e-01 1.320426003076136112e-03
9.726127982139587402e-01 4.867531242780387402e-04
9.734778404235839844e-01 2.883064444176852703e-04
9.741789698600769043e-01 1.271496294066309929e-04
