9.736263751983642578e-01 5.545490421354770660e-03
9.732869863510131836e-01 5.845018196851015091e-03
9.685517549514770508e-01 9.333719499409198761e-03
9.643978476524353027e-01 1.196764875203371048e-02
9.489966034889221191e-01 2.067877911031246185e-02
9.426863789558410645e-01 2.402058243751525879e-02
9.263309836387634277e-01 3.236964344978332520e-02
9.208701848983764648e-01 3.508459776639938354e-02
9.141262769699096680e-01 3.839849308133125305e-02
9.060611128807067871e-01 4.231186211109161377e-02
8.980770707130432129e-01 4.613848403096199036e-02
8.935515880584716797e-01 4.828821122646331787e-02
8.888803720474243164e-01 5.049331113696098328e-02
8.756970763206481934e-01 5.664473399519920349e-02
8.617188334465026855e-01 6.305625289678573608e-02
8.572184443473815918e-01 6.509672105312347412e-02
8.497913479804992676e-01 6.843911111354827881e-02
8.381230235099792480e-01 7.362620532512664795e-02
8.274529576301574707e-01 7.829985767602920532e-02
8.225460648536682129e-01 8.042621612548828125e-02
8.096979856491088867e-01 8.592370152473449707e-02
7.935300469398498535e-01 9.269094467163085938e-02
7.806926369667053223e-01 9.793820232152938843e-02
7.797199487686157227e-01 9.833099693059921265e-02
7.699449658393859863e-01 1.022410169243812561e-01
7.629362344741821289e-01 1.050011590123176575e-01
7.529289722442626953e-01 1.088772043585777283e-01
7.403419613838195801e-01 1.136404424905776978e-01
7.310257554054260254e-01 1.170828714966773987e-01
7.173963785171508789e-01 1.219872534275054932e-01
7.063851356506347656e-01 1.258316487073898315e-01
6.883024573326110840e-01 1.319084465503692627e-01
6.557703018188476562e-01 1.420679688453674316e-01
6.496785283088684082e-01 1.438561081886291504e-01
6.392859220504760742e-01 1.468210518360137939e-01
6.326872706413269043e-01 1.486469656229019165e-01
6.268300414085388184e-01 1.502303779125213623e-01
6.185838580131530762e-01 1.523998379707336426e-01
6.038269996643066406e-01 1.561048626899719238e-01
6.003489494323730469e-01 1.569445431232452393e-01
5.821604132652282715e-01 1.611252129077911377e-01
5.739212036132812500e-01 1.629010736942291260e-01
5.641648769378662109e-01 1.649076044559478760e-01
5.348808765411376953e-01 1.702928990125656128e-01
5.297692418098449707e-01 1.711333990097045898e-01
5.239292383193969727e-01 1.720569580793380737e-01
5.099870562553405762e-01 1.741027235984802246e-01
4.905457198619842529e-01 1.765757501125335693e-01
4.828385710716247559e-01 1.774322837591171265e-01
4.615737199783325195e-01 1.794251948595046997e-01
4.442358911037445068e-01 1.806423068046569824e-01
4.390493035316467285e-01 1.809343099594116211e-01
4.318200349807739258e-01 1.812853664159774780e-01
4.228675365447998047e-01 1.816291958093643188e-01
4.081668555736541748e-01 1.819737702608108521e-01
3.981302976608276367e-01 1.820500493049621582e-01
3.870143592357635498e-01 1.819822341203689575e-01
3.594411313533782959e-01 1.811109483242034912e-01
3.500716984272003174e-01 1.805824637413024902e-01
3.440182507038116455e-01 1.801773011684417725e-01
3.327494859695434570e-01 1.792881190776824951e-01
3.008484244346618652e-01 1.757955700159072876e-01
2.919161021709442139e-01 1.745518445968627930e-01
2.807290852069854736e-01 1.728246510028839111e-01
2.658271491527557373e-01 1.702237129211425781e-01
2.597219944000244141e-01 1.690565496683120728e-01
2.464943975210189819e-01 1.663189232349395752e-01
2.358163148164749146e-01 1.638943105936050415e-01
2.328673005104064941e-01 1.631898880004882812e-01
2.187583744525909424e-01 1.596048921346664429e-01
2.026883065700531006e-01 1.550688445568084717e-01
1.940231770277023315e-01 1.524114012718200684e-01
1.877688914537429810e-01 1.503965109586715698e-01
1.723100394010543823e-01 1.450480073690414429e-01
1.610414385795593262e-01 1.407961696386337280e-01
1.431909650564193726e-01 1.333857327699661255e-01
1.331170499324798584e-01 1.287986338138580322e-01
1.222281605005264282e-01 1.234715282917022705e-01
1.187462285161018372e-01 1.216804161667823792e-01
1.094044893980026245e-01 1.166463568806648254e-01
9.958364069461822510e-02 1.109610274434089661e-01
9.494526684284210205e-02 1.081209778785705566e-01
8.822385221719741821e-02 1.038110479712486267e-01
8.332008868455886841e-02 1.005094423890113831e-01
7.555506378412246704e-02 9.498077630996704102e-02
5.666248127818107605e-02 7.966939359903335571e-02
5.439696460962295532e-02 7.762024551630020142e-02
4.809824004769325256e-02 7.163293659687042236e-02
4.425804316997528076e-02 6.775186955928802490e-02
3.450714796781539917e-02 5.697084218263626099e-02
2.760544046759605408e-02 4.837385192513465881e-02
2.096186019480228424e-02 3.914481028914451599e-02
1.811487786471843719e-02 3.484138101339340210e-02
1.581201143562793732e-02 3.117630444467067719e-02
1.185315102338790894e-02 2.439556270837783813e-02
6.659482605755329132e-03 1.392604317516088486e-02
5.647858139127492905e-03 1.142372470349073410e-02
4.396887496113777161e-03 7.720805238932371140e-03
3.887035883963108063e-03 5.755231715738773346e-03
3.327069338411092758e-03 2.064017113298177719e-03
3.290488617494702339e-03 5.558018456213176250e-04
4.548587836325168610e-03 -4.938342142850160599e-03
6.800017785280942917e-03 -8.222437463700771332e-03
8.251985535025596619e-03 -9.638423100113868713e-03
1.456753257662057877e-02 -1.370565593242645264e-02
1.768270507454872131e-02 -1.511162798851728439e-02
2.343775704503059387e-02 -1.718613877892494202e-02
2.952232956886291504e-02 -1.889795996248722076e-02
3.537077456712722778e-02 -2.022399194538593292e-02
4.690087959170341492e-02 -2.218886092305183411e-02
5.916151404380798340e-02 -2.358225733041763306e-02
6.993854045867919922e-02 -2.435030974447727203e-02
9.325627982616424561e-02 -2.486363798379898071e-02
1.115138605237007141e-01 -2.438040450215339661e-02
1.196520552039146423e-01 -2.395616658031940460e-02
1.387180835008621216e-01 -2.252991311252117157e-02
1.595692038536071777e-01 -2.037923969328403473e-02
1.761168837547302246e-01 -1.831125281751155853e-02
1.926553696393966675e-01 -1.598196662962436676e-02
2.082794755697250366e-01 -1.358168385922908783e-02
2.170471847057342529e-01 -1.216292474418878555e-02
2.239890396595001221e-01 -1.100762840360403061e-02
2.379481494426727295e-01 -8.609954267740249634e-03
2.483651041984558105e-01 -6.764983292669057846e-03
2.588895261287689209e-01 -4.860889166593551636e-03
2.778874039649963379e-01 -1.343388459645211697e-03
2.847272455692291260e-01 -5.732278077630326152e-05
2.965239286422729492e-01 2.178497845306992531e-03
3.034704625606536865e-01 3.503068583086133003e-03
3.156017065048217773e-01 5.825545638799667358e-03
3.302454352378845215e-01 8.636048063635826111e-03
3.507118821144104004e-01 1.255668886005878448e-02
3.643159866333007812e-01 1.514552161097526550e-02
3.687678277492523193e-01 1.598808914422988892e-02
3.813116252422332764e-01 1.834685541689395905e-02
3.931204378604888916e-01 2.054273895919322968e-02
4.071429073810577393e-01 2.311288751661777496e-02
4.138842821121215820e-01 2.433197014033794403e-02
4.225451350212097168e-01 2.588067017495632172e-02
4.316020607948303223e-01 2.747742831707000732e-02
4.588549435138702393e-01 3.212169185280799866e-02
4.631585478782653809e-01 3.283053264021873474e-02
4.814549386501312256e-01 3.575959801673889160e-02
4.901021122932434082e-01 3.709260746836662292e-02
4.991530179977416992e-01 3.844957053661346436e-02
5.026603341102600098e-01 3.896435350179672241e-02
5.250177979469299316e-01 4.208920523524284363e-02
5.348185896873474121e-01 4.336670041084289551e-02
5.411651730537414551e-01 4.416137933731079102e-02
5.534262061119079590e-01 4.561955109238624573e-02
5.629909038543701172e-01 4.668236896395683289e-02
5.715373158454895020e-01 4.757312312722206116e-02
5.861671566963195801e-01 4.896045103669166565e-02
5.925171971321105957e-01 4.950557649135589600e-02
6.077542901039123535e-01 5.066366493701934814e-02
6.154137849807739258e-01 5.116209015250205994e-02
6.213393807411193848e-01 5.150760710239410400e-02
6.315542459487915039e-01 5.201861262321472168e-02
6.377974152565002441e-01 5.227681621909141541e-02
6.558884978294372559e-01 5.278534069657325745e-02
6.592925786972045898e-01 5.284031853079795837e-02
6.721174716949462891e-01 5.292937159538269043e-02
6.818724274635314941e-01 5.287091434001922607e-02
6.854903101921081543e-01 5.282135307788848877e-02
7.103590369224548340e-01 5.207195878028869629e-02
7.199592590332031250e-01 5.159284174442291260e-02
7.336113452911376953e-01 5.073203146457672119e-02
7.439742684364318848e-01 4.994000121951103210e-02
7.537239789962768555e-01 4.908739775419235229e-02
7.607638239860534668e-01 4.840799421072006226e-02
7.750785350799560547e-01 4.686432704329490662e-02
7.871836423873901367e-01 4.539236426353454590e-02
8.039988279342651367e-01 4.309973120689392090e-02
8.092970848083496094e-01 4.231848940253257751e-02
8.245357275009155273e-01 3.991626948118209839e-02
8.384488821029663086e-01 3.752298653125762939e-02
8.463813662528991699e-01 3.607315197587013245e-02
8.539238572120666504e-01 3.463688492774963379e-02
8.661006689071655273e-01 3.219822421669960022e-02
8.772997260093688965e-01 2.982232347130775452e-02
8.841264843940734863e-01 2.830986492335796356e-02
8.916194438934326172e-01 2.659223787486553192e-02
9.039415121078491211e-01 2.363117784261703491e-02
9.079427719116210938e-01 2.263151481747627258e-02
9.205296039581298828e-01 1.935630291700363159e-02
9.292172193527221680e-01 1.697081513702869415e-02
9.376465082168579102e-01 1.454712823033332825e-02
9.481146931648254395e-01 1.136496849358081818e-02
9.594482779502868652e-01 7.654897402971982956e-03
9.666349291801452637e-01 5.115767940878868103e-03
9.711291193962097168e-01 3.431412158533930779e-03
9.728783965110778809e-01 2.751820022240281105e-03
