9.662800431251525879e-01 5.496422294527292252e-03
9.656530618667602539e-01 5.823822226375341415e-03
9.630080461502075195e-01 7.103580981492996216e-03
9.523029923439025879e-01 1.157973427325487137e-02
9.348506927490234375e-01 1.805269159376621246e-02
9.268819093704223633e-01 2.085770107805728912e-02
9.004591107368469238e-01 2.979409880936145782e-02
8.943506479263305664e-01 3.180184587836265564e-02
8.850873112678527832e-01 3.481342643499374390e-02
8.693428039550781250e-01 3.984960541129112244e-02
8.624023199081420898e-01 4.203914478421211243e-02
8.553245663642883301e-01 4.425368830561637878e-02
8.499350547790527344e-01 4.592774435877799988e-02
8.392847776412963867e-01 4.920518025755882263e-02
8.231118321418762207e-01 5.410344526171684265e-02
8.150561451911926270e-01 5.650702118873596191e-02
7.965922951698303223e-01 6.192083284258842468e-02
7.856362462043762207e-01 6.506680697202682495e-02
7.742089629173278809e-01 6.829138100147247314e-02
7.560555934906005859e-01 7.328511029481887817e-02
7.319421172142028809e-01 7.964546233415603638e-02
7.270056009292602539e-01 8.090531080961227417e-02
7.148910760879516602e-01 8.393087238073348999e-02
7.081259489059448242e-01 8.557774871587753296e-02
6.925331950187683105e-01 8.924912661314010620e-02
6.850864291191101074e-01 9.093817323446273804e-02
6.702420711517333984e-01 9.417364001274108887e-02
6.618575453758239746e-01 9.592030942440032959e-02
6.538637280464172363e-01 9.752922505140304565e-02
6.391378641128540039e-01 1.003441289067268372e-01
6.274913549423217773e-01 1.024296954274177551e-01
6.160522699356079102e-01 1.043538972735404968e-01
6.046955585479736328e-01 1.061404570937156677e-01
5.989770293235778809e-01 1.069929227232933044e-01
5.878381133079528809e-01 1.085624247789382935e-01
5.804936289787292480e-01 1.095314249396324158e-01
5.710453391075134277e-01 1.107011809945106506e-01
5.617157220840454102e-01 1.117716506123542786e-01
5.498268604278564453e-01 1.130152046680450439e-01
5.343802571296691895e-01 1.144318059086799622e-01
5.194057822227478027e-01 1.155947223305702209e-01
5.107654929161071777e-01 1.161735951900482178e-01
5.029093027114868164e-01 1.166425570845603943e-01
4.824486076831817627e-01 1.176135241985321045e-01
4.740650653839111328e-01 1.179095283150672913e-01
4.570844769477844238e-01 1.183332875370979309e-01
4.452464282512664795e-01 1.184929311275482178e-01
4.375961422920227051e-01 1.185381934046745300e-01
4.307401180267333984e-01 1.185407862067222595e-01
4.166949093341827393e-01 1.184356138110160828e-01
3.991747796535491943e-01 1.181005612015724182e-01
3.920952677726745605e-01 1.179020255804061890e-01
3.873198628425598145e-01 1.177478060126304626e-01
3.777837157249450684e-01 1.173912435770034790e-01
3.688929080963134766e-01 1.170007735490798950e-01
3.627769947052001953e-01 1.166996657848358154e-01
3.556825816631317139e-01 1.163174435496330261e-01
3.406100571155548096e-01 1.153874993324279785e-01
3.357723057270050049e-01 1.150549650192260742e-01
3.278233706951141357e-01 1.144724190235137939e-01
3.191248476505279541e-01 1.137830987572669983e-01
3.066159784793853760e-01 1.126957088708877563e-01
2.947250306606292725e-01 1.115549430251121521e-01
2.901047766208648682e-01 1.110829412937164307e-01
2.721896469593048096e-01 1.090963929891586304e-01
2.631187438964843750e-01 1.079926267266273499e-01
2.529053688049316406e-01 1.066675558686256409e-01
2.443758994340896606e-01 1.054915934801101685e-01
2.268093079328536987e-01 1.028595492243766785e-01
2.105851918458938599e-01 1.001579314470291138e-01
2.001528143882751465e-01 9.827096015214920044e-02
1.946076154708862305e-01 9.721674025058746338e-02
1.774353533983230591e-01 9.370793402194976807e-02
1.703435927629470825e-01 9.214246273040771484e-02
1.657633185386657715e-01 9.109228104352951050e-02
1.534215956926345825e-01 8.809837698936462402e-02
1.436312943696975708e-01 8.553838729858398438e-02
1.286897808313369751e-01 8.127448707818984985e-02
1.135601252317428589e-01 7.644982635974884033e-02
1.065699905157089233e-01 7.402253150939941406e-02
1.006079241633415222e-01 7.184150069952011108e-02
9.028246253728866577e-02 6.779802590608596802e-02
8.586349338293075562e-02 6.595464795827865601e-02
7.800977677106857300e-02 6.249330565333366394e-02
6.967271864414215088e-02 5.853289365768432617e-02
6.048729270696640015e-02 5.378225445747375488e-02
5.511561408638954163e-02 5.079175904393196106e-02
4.641400277614593506e-02 4.556746035814285278e-02
4.174262285232543945e-02 4.254441708326339722e-02
3.610191866755485535e-02 3.866073489189147949e-02
2.336334437131881714e-02 2.871292456984519958e-02
1.947939954698085785e-02 2.524119429290294647e-02
1.374200265854597092e-02 1.950578205287456512e-02
9.010971523821353912e-03 1.377616636455059052e-02
7.595587987452745438e-03 1.167742908000946045e-02
5.323152989149093628e-03 7.127112243324518204e-03
4.857396706938743591e-03 5.532927345484495163e-03
4.590399097651243210e-03 3.552850335836410522e-03
4.715479910373687744e-03 1.727517461404204369e-03
5.442880559712648392e-03 -4.432948771864175797e-04
6.614144425839185715e-03 -2.214652486145496368e-03
9.434975683689117432e-03 -4.749182611703872681e-03
1.278928201645612717e-02 -6.722503341734409332e-03
1.588218472898006439e-02 -8.112312294542789459e-03
2.227888628840446472e-02 -1.033134385943412781e-02
2.722622640430927277e-02 -1.169808767735958099e-02
3.044199198484420776e-02 -1.248097699135541916e-02
3.838502243161201477e-02 -1.416440773755311966e-02
4.412206262350082397e-02 -1.521578431129455566e-02
5.550782382488250732e-02 -1.701397262513637543e-02
6.701321154832839966e-02 -1.854287274181842804e-02
7.373937964439392090e-02 -1.933250576257705688e-02
8.621095865964889526e-02 -2.063070423901081085e-02
9.942465275526046753e-02 -2.180836722254753113e-02
1.266717314720153809e-01 -2.372385933995246887e-02
1.345360428094863892e-01 -2.416863106191158295e-02
1.436681300401687622e-01 -2.463206462562084198e-02
1.596136540174484253e-01 -2.531595900654792786e-02
1.811533421277999878e-01 -2.601290680468082428e-02
1.888725757598876953e-01 -2.620503120124340057e-02
2.105359584093093872e-01 -2.659641019999980927e-02
2.166158109903335571e-01 -2.666932344436645508e-02
2.249859720468521118e-01 -2.674464508891105652e-02
2.367411553859710693e-01 -2.680311538279056549e-02
2.495286315679550171e-01 -2.680649608373641968e-02
2.552659809589385986e-01 -2.678831107914447784e-02
2.701203227043151855e-01 -2.668639272451400757e-02
2.836117744445800781e-01 -2.652727998793125153e-02
2.982617020606994629e-01 -2.628505416214466095e-02
3.071234226226806641e-01 -2.610422670841217041e-02
3.175239264965057373e-01 -2.585955709218978882e-02
3.224765658378601074e-01 -2.573085017502307892e-02
3.329762518405914307e-01 -2.543219737708568573e-02
3.403778672218322754e-01 -2.520069666206836700e-02
3.494514822959899902e-01 -2.489338442683219910e-02
3.594469428062438965e-01 -2.452491223812103271e-02
3.687732517719268799e-01 -2.415282651782035828e-02
3.766096234321594238e-01 -2.381906658411026001e-02
3.882171511650085449e-01 -2.328912541270256042e-02
3.960807621479034424e-01 -2.290585450828075409e-02
4.128453135490417480e-01 -2.202290110290050507e-02
4.170982241630554199e-01 -2.178453467786312103e-02
4.303975105285644531e-01 -2.100123837590217590e-02
4.364567697048187256e-01 -2.062516473233699799e-02
4.442646801471710205e-01 -2.012271806597709656e-02
4.546611309051513672e-01 -1.942223124206066132e-02
4.631556570529937744e-01 -1.882306300103664398e-02
4.811172187328338623e-01 -1.747602410614490509e-02
4.875667989253997803e-01 -1.696572639048099518e-02
4.926574230194091797e-01 -1.655302010476589203e-02
5.011870861053466797e-01 -1.584196835756301880e-02
5.087427496910095215e-01 -1.519180834293365479e-02
5.231792926788330078e-01 -1.389740779995918274e-02
5.271710753440856934e-01 -1.352767273783683777e-02
5.473583340644836426e-01 -1.158332731574773788e-02
5.540370345115661621e-01 -1.091427262872457504e-02
5.587121844291687012e-01 -1.043886691331863403e-02
5.658798217773437500e-01 -9.699433110654354095e-03
5.751008391380310059e-01 -8.730942383408546448e-03
5.878267884254455566e-01 -7.367206737399101257e-03
5.969810485839843750e-01 -6.370889954268932343e-03
6.112830638885498047e-01 -4.797847475856542587e-03
6.275691986083984375e-01 -2.998946467414498329e-03
6.292220950126647949e-01 -2.816785592585802078e-03
6.465414762496948242e-01 -9.234993485733866692e-04
6.579381227493286133e-01 2.975685347337275743e-04
6.681299805641174316e-01 1.364953815937042236e-03
6.896564364433288574e-01 3.517586970701813698e-03
7.021193504333496094e-01 4.685886669903993607e-03
7.070047855377197266e-01 5.125902127474546432e-03
7.209678292274475098e-01 6.322599016129970551e-03
7.320871949195861816e-01 7.206290028989315033e-03
7.451120018959045410e-01 8.157192729413509369e-03
7.496889233589172363e-01 8.468693122267723083e-03
7.816524505615234375e-01 1.029129140079021454e-02
7.862983942031860352e-01 1.050199754536151886e-02
7.970712780952453613e-01 1.093442458659410477e-02
8.079406023025512695e-01 1.128846313804388046e-02
8.306484222412109375e-01 1.174472551792860031e-02
8.376559019088745117e-01 1.180320698767900467e-02
8.544729351997375488e-01 1.177158672362565994e-02
8.586237430572509766e-01 1.172421872615814209e-02
8.679919838905334473e-01 1.155555620789527893e-02
8.790935277938842773e-01 1.123728044331073761e-02
8.890158534049987793e-01 1.083357445895671844e-02
8.957011699676513672e-01 1.049168221652507782e-02
9.097068309783935547e-01 9.568207897245883942e-03
9.329565763473510742e-01 7.250615861266851425e-03
9.467222094535827637e-01 5.223602987825870514e-03
9.617505669593811035e-01 2.156636444851756096e-03
9.642969369888305664e-01 1.534482114948332310e-03
9.652308225631713867e-01 1.300503849051892757e-03
