9.785473346710205078e-01 -1.074583560694009066e-04
9.784624576568603516e-01 -1.612507912795990705e-05
9.771943688392639160e-01 1.260755932889878750e-03
9.748588800430297852e-01 3.308515297248959541e-03
9.722291231155395508e-01 5.319284275174140930e-03
9.634393453598022461e-01 1.084782462567090988e-02
9.602473974227905273e-01 1.257941033691167831e-02
9.586723446846008301e-01 1.339576765894889832e-02
9.494777321815490723e-01 1.777531765401363373e-02
9.472117424011230469e-01 1.877158880233764648e-02
9.382399320602416992e-01 2.246856130659580231e-02
9.333679676055908203e-01 2.433592453598976135e-02
9.262492656707763672e-01 2.691688202321529388e-02
9.211254119873046875e-01 2.867956645786762238e-02
9.015138745307922363e-01 3.481958433985710144e-02
8.981373906135559082e-01 3.579306975007057190e-02
8.877542614936828613e-01 3.865412995219230652e-02
8.805309534072875977e-01 4.053546115756034851e-02
8.771274089813232422e-01 4.139311611652374268e-02
8.745452761650085449e-01 4.203206300735473633e-02
8.648467659950256348e-01 4.434479400515556335e-02
8.582826852798461914e-01 4.583626240491867065e-02
8.512347340583801270e-01 4.737515747547149658e-02
8.487301468849182129e-01 4.790711030364036560e-02
8.344374299049377441e-01 5.079992488026618958e-02
8.163627386093139648e-01 5.413515865802764893e-02
8.071653842926025391e-01 5.570438876748085022e-02
8.008068203926086426e-01 5.674185231328010559e-02
7.971048355102539062e-01 5.732853710651397705e-02
7.797573208808898926e-01 5.991591140627861023e-02
7.647967338562011719e-01 6.194507703185081482e-02
7.588434219360351562e-01 6.270360201597213745e-02
7.358866930007934570e-01 6.538541615009307861e-02
7.322178483009338379e-01 6.578005850315093994e-02
7.160249352455139160e-01 6.741798669099807739e-02
7.123711705207824707e-01 6.776500493288040161e-02
7.028343081474304199e-01 6.863367557525634766e-02
6.657997965812683105e-01 7.153942435979843140e-02
6.610637903213500977e-01 7.186201959848403931e-02
6.509194970130920410e-01 7.251871377229690552e-02
6.406525373458862305e-01 7.313779741525650024e-02
6.322725415229797363e-01 7.361061125993728638e-02
6.257787942886352539e-01 7.395767420530319214e-02
6.218597888946533203e-01 7.415913045406341553e-02
6.108141541481018066e-01 7.469558715820312500e-02
5.980138778686523438e-01 7.526107877492904663e-02
5.787981152534484863e-01 7.600144296884536743e-02
5.688349604606628418e-01 7.633557170629501343e-02
5.533882379531860352e-01 7.678797096014022827e-02
5.434511899948120117e-01 7.703730463981628418e-02
5.168809890747070312e-01 7.754448801279067993e-02
5.123226642608642578e-01 7.760812342166900635e-02
5.012787580490112305e-01 7.773384451866149902e-02
4.966246783733367920e-01 7.777468860149383545e-02
4.634178280830383301e-01 7.785467803478240967e-02
4.582854807376861572e-01 7.783357053995132446e-02
4.481119513511657715e-01 7.776480913162231445e-02
4.406210184097290039e-01 7.769119739532470703e-02
4.354398846626281738e-01 7.762879878282546997e-02
4.161608219146728516e-01 7.731334120035171509e-02
4.085351824760437012e-01 7.715195417404174805e-02
4.042354524135589600e-01 7.705172896385192871e-02
3.837814629077911377e-01 7.648302614688873291e-02
3.528034389019012451e-01 7.532736659049987793e-02
3.502060770988464355e-01 7.521407306194305420e-02
3.281140923500061035e-01 7.414612919092178345e-02
3.231310844421386719e-01 7.387910783290863037e-02
3.109489381313323975e-01 7.318520545959472656e-02
2.543247640132904053e-01 6.916259229183197021e-02
2.501644194126129150e-01 6.881279498338699341e-02
2.165067195892333984e-01 6.568665802478790283e-02
2.051897048950195312e-01 6.451009213924407959e-02
2.023392468690872192e-01 6.420314311981201172e-02
1.831853091716766357e-01 6.202377006411552429e-02
1.757373511791229248e-01 6.111842393875122070e-02
1.719859689474105835e-01 6.064938753843307495e-02
1.672870516777038574e-01 6.004913151264190674e-02
1.496239155530929565e-01 5.765781924128532410e-02
1.197513118386268616e-01 5.305097252130508423e-02
1.162439733743667603e-01 5.245546624064445496e-02
1.032817512750625610e-01 5.013601481914520264e-02
8.815297484397888184e-02 4.715569317340850830e-02
6.867832690477371216e-02 4.275991022586822510e-02
5.255322158336639404e-02 3.845461830496788025e-02
3.186825662851333618e-02 3.148071840405464172e-02
2.731966227293014526e-02 2.959676459431648254e-02
2.169099450111389160e-02 2.698747068643569946e-02
1.944116130471229553e-02 2.583345770835876465e-02
1.281999982893466949e-02 2.189333364367485046e-02
9.596303105354309082e-03 1.951752603054046631e-02
6.746477447450160980e-03 1.694496162235736847e-02
4.584908951073884964e-03 1.439147256314754486e-02
3.041845513507723808e-03 1.164992153644561768e-02
2.382351551204919815e-03 8.579692803323268890e-03
4.901598673313856125e-03 3.172332653775811195e-03
5.062926094979047775e-03 3.022446297109127045e-03
7.385107222944498062e-03 1.316849142313003540e-03
8.593978360295295715e-03 6.389326299540698528e-04
9.885801933705806732e-03 1.089384932129178196e-05
1.147053670138120651e-02 -6.599329644814133644e-04
1.365280989557504654e-02 -1.453277654945850372e-03
1.699157804250717163e-02 -2.465154975652694702e-03
2.671704068779945374e-02 -4.644091706722974777e-03
3.258825466036796570e-02 -5.661955568939447403e-03
3.585974127054214478e-02 -6.173252128064632416e-03
4.437120631337165833e-02 -7.379738148301839828e-03
6.758830696344375610e-02 -1.019045338034629822e-02
9.589932858943939209e-02 -1.319255121052265167e-02
1.102844104170799255e-01 -1.459922734647989273e-02
1.212260797619819641e-01 -1.561487372964620590e-02
1.291091442108154297e-01 -1.631560735404491425e-02
1.397958099842071533e-01 -1.722163893282413483e-02
1.546103209257125854e-01 -1.838941872119903564e-02
1.702022403478622437e-01 -1.950275339186191559e-02
1.787369251251220703e-01 -2.006083913147449493e-02
1.936635822057723999e-01 -2.094968408346176147e-02
2.085286825895309448e-01 -2.172672376036643982e-02
2.163482606410980225e-01 -2.209354192018508911e-02
2.269915342330932617e-01 -2.254821546375751495e-02
2.408734858036041260e-01 -2.306749299168586731e-02
2.501996755599975586e-01 -2.337203174829483032e-02
2.552007436752319336e-01 -2.352140285074710846e-02
2.614147663116455078e-01 -2.369396388530731201e-02
2.656240761280059814e-01 -2.380290627479553223e-02
2.951809465885162354e-01 -2.440126053988933563e-02
2.988053262233734131e-01 -2.445611171424388885e-02
3.092759549617767334e-01 -2.459397539496421814e-02
3.167398273944854736e-01 -2.467443048954010010e-02
3.270104229450225830e-01 -2.476236224174499512e-02
3.378278613090515137e-01 -2.482819743454456329e-02
3.426858782768249512e-01 -2.484931051731109619e-02
3.448045849800109863e-01 -2.485693804919719696e-02
3.619700372219085693e-01 -2.488503977656364441e-02
3.646083474159240723e-01 -2.488426677882671356e-02
4.026147723197937012e-01 -2.473662607371807098e-02
4.065693616867065430e-01 -2.470749616622924805e-02
4.291166067123413086e-01 -2.449483051896095276e-02
4.401869773864746094e-01 -2.436172030866146088e-02
4.459727704524993896e-01 -2.428461425006389618e-02
4.523518085479736328e-01 -2.419351227581501007e-02
4.564464986324310303e-01 -2.413162961602210999e-02
4.804150164127349854e-01 -2.371348813176155090e-02
4.960843026638031006e-01 -2.338429912924766541e-02
5.009865164756774902e-01 -2.327132038772106171e-02
5.179850459098815918e-01 -2.283877506852149963e-02
5.250967144966125488e-01 -2.263735421001911163e-02
5.345552563667297363e-01 -2.234874852001667023e-02
5.447047948837280273e-01 -2.201043255627155304e-02
5.669252872467041016e-01 -2.115138992667198181e-02
5.714190602302551270e-01 -2.095552161335945129e-02
5.823739767074584961e-01 -2.044321224093437195e-02
5.931788682937622070e-01 -1.988601498305797577e-02
5.984664559364318848e-01 -1.959325745701789856e-02
6.066040396690368652e-01 -1.911561563611030579e-02
6.201279163360595703e-01 -1.824551820755004883e-02
6.465048789978027344e-01 -1.625936478376388550e-02
6.615942716598510742e-01 -1.494911126792430878e-02
6.718168258666992188e-01 -1.399241574108600616e-02
6.809294223785400391e-01 -1.309556141495704651e-02
6.930598616600036621e-01 -1.184280309826135635e-02
6.969166398048400879e-01 -1.143163722008466721e-02
7.026774287223815918e-01 -1.080701034516096115e-02
7.154128551483154297e-01 -9.386650286614894867e-03
7.218306660652160645e-01 -8.653375320136547089e-03
7.506406903266906738e-01 -5.268932320177555084e-03
7.591847181320190430e-01 -4.251211415976285934e-03
7.801085710525512695e-01 -1.770642120391130447e-03
7.995575666427612305e-01 4.788712540175765753e-04
8.022778630256652832e-01 7.863980135880410671e-04
8.218715190887451172e-01 2.929348265752196312e-03
8.445030450820922852e-01 5.194911733269691467e-03
8.484333157539367676e-01 5.558969918638467789e-03
8.582194447517395020e-01 6.420008372515439987e-03
8.653042912483215332e-01 6.998354569077491760e-03
8.726943135261535645e-01 7.555983960628509521e-03
8.757663965225219727e-01 7.772759068757295609e-03
8.947319388389587402e-01 8.880246430635452271e-03
8.998733162879943848e-01 9.100123308598995209e-03
9.073494672775268555e-01 9.345318190753459930e-03
9.171030521392822266e-01 9.509341791272163391e-03
9.262593388557434082e-01 9.465436451137065887e-03
9.283628463745117188e-01 9.422926232218742371e-03
9.387647509574890137e-01 8.991716429591178894e-03
9.406508803367614746e-01 8.867385797202587128e-03
9.484269022941589355e-01 8.163453079760074615e-03
9.511409997940063477e-01 7.831576280295848846e-03
9.579137563705444336e-01 6.749028805643320084e-03
9.635296463966369629e-01 5.489277187734842300e-03
9.678344130516052246e-01 4.214638378471136093e-03
9.771800041198730469e-01 4.568776421365328133e-05
9.774576425552368164e-01 -1.158870218205265701e-04
9.780714511871337891e-01 -4.814883286599069834e-04
