9.750266671180725098e-01 7.532437331974506378e-03
9.748314619064331055e-01 7.643781136721372604e-03
9.740921258926391602e-01 8.054283447563648224e-03
9.693593382835388184e-01 1.040642522275447845e-02
9.611044526100158691e-01 1.393152587115764618e-02
9.529463052749633789e-01 1.704858802258968353e-02
9.491795301437377930e-01 1.840701699256896973e-02
9.467900395393371582e-01 1.924756355583667755e-02
9.389867782592773438e-01 2.189473807811737061e-02
9.358888864517211914e-01 2.290939912199974060e-02
9.256414771080017090e-01 2.614281885325908661e-02
9.199224710464477539e-01 2.787544764578342438e-02
9.119657874107360840e-01 3.021184355020523071e-02
9.009853601455688477e-01 3.331046923995018005e-02
8.903030157089233398e-01 3.620095178484916687e-02
8.851600885391235352e-01 3.755285590887069702e-02
8.776319026947021484e-01 3.948850929737091064e-02
8.737978339195251465e-01 4.045540466904640198e-02
8.623235225677490234e-01 4.327666386961936951e-02
8.614448904991149902e-01 4.348837584257125854e-02
8.323258757591247559e-01 5.018473044037818909e-02
8.238846063613891602e-01 5.201641842722892761e-02
8.194068074226379395e-01 5.296923220157623291e-02
8.176259398460388184e-01 5.334463715553283691e-02
8.061398267745971680e-01 5.571797862648963928e-02
7.983294129371643066e-01 5.728561058640480042e-02
7.913276553153991699e-01 5.865996703505516052e-02
7.801839709281921387e-01 6.078821048140525818e-02
7.683016061782836914e-01 6.297957897186279297e-02
7.513725161552429199e-01 6.596660614013671875e-02
7.404072284698486328e-01 6.781876087188720703e-02
7.320285439491271973e-01 6.919127702713012695e-02
7.224122285842895508e-01 7.072155177593231201e-02
7.111803293228149414e-01 7.244896888732910156e-02
6.995020508766174316e-01 7.417765259742736816e-02
6.941795349121093750e-01 7.494297623634338379e-02
6.822693943977355957e-01 7.660521566867828369e-02
6.662240624427795410e-01 7.873589545488357544e-02
6.531918644905090332e-01 8.037588000297546387e-02
6.478167176246643066e-01 8.102896809577941895e-02
6.292337775230407715e-01 8.318276703357696533e-02
6.249132752418518066e-01 8.366055041551589966e-02
5.961329936981201172e-01 8.662450313568115234e-02
5.884845852851867676e-01 8.734854310750961304e-02
5.777264833450317383e-01 8.832193911075592041e-02
5.716344714164733887e-01 8.884977549314498901e-02
5.548467040061950684e-01 9.021711349487304688e-02
5.332413315773010254e-01 9.178777784109115601e-02
5.213928222656250000e-01 9.255824983119964600e-02
5.143867731094360352e-01 9.298339486122131348e-02
5.053628683090209961e-01 9.349736571311950684e-02
5.018049478530883789e-01 9.368957579135894775e-02
4.858370423316955566e-01 9.447899460792541504e-02
4.741551280021667480e-01 9.497996419668197632e-02
4.615254402160644531e-01 9.544786810874938965e-02
4.492464959621429443e-01 9.582832455635070801e-02
4.216937720775604248e-01 9.640898555517196655e-02
4.088253676891326904e-01 9.654756635427474976e-02
4.024662077426910400e-01 9.658411145210266113e-02
3.926647007465362549e-01 9.659835696220397949e-02
3.788467049598693848e-01 9.653019160032272339e-02
3.731441795825958252e-01 9.647139906883239746e-02
3.623253107070922852e-01 9.630949795246124268e-02
3.265703916549682617e-01 9.528703987598419189e-02
3.201929628849029541e-01 9.502249211072921753e-02
2.894297540187835693e-01 9.337235242128372192e-02
2.757139503955841064e-01 9.242589771747589111e-02
2.707690596580505371e-01 9.205100685358047485e-02
2.663956284523010254e-01 9.170408546924591064e-02
2.594835460186004639e-01 9.112594276666641235e-02
2.575494349002838135e-01 9.095749258995056152e-02
2.511176168918609619e-01 9.037587791681289673e-02
2.229721099138259888e-01 8.742266148328781128e-02
1.954537332057952881e-01 8.382823318243026733e-02
1.813323795795440674e-01 8.167868852615356445e-02
1.738703399896621704e-01 8.045144379138946533e-02
1.583573818206787109e-01 7.768241316080093384e-02
1.434316486120223999e-01 7.471758127212524414e-02
1.315288394689559937e-01 7.212090492248535156e-02
1.146291941404342651e-01 6.804081052541732788e-02
1.069237664341926575e-01 6.601228564977645874e-02
9.814986586570739746e-02 6.356211751699447632e-02
8.535190671682357788e-02 5.969619005918502808e-02
7.792032510042190552e-02 5.727741867303848267e-02
7.273662090301513672e-02 5.550802126526832581e-02
6.584918498992919922e-02 5.304520204663276672e-02
4.760375618934631348e-02 4.582510516047477722e-02
3.964396938681602478e-02 4.230874031782150269e-02
3.035474754869937897e-02 3.786580637097358704e-02
2.262972667813301086e-02 3.384098038077354431e-02
1.515208091586828232e-02 2.959033846855163574e-02
5.375291686505079269e-03 2.329972572624683380e-02
-6.277116015553474426e-03 1.340998243540525436e-02
-7.466573268175125122e-03 1.194181386381387711e-02
-9.474414400756359100e-03 8.205145597457885742e-03
-9.715654887259006500e-03 6.692820228636264801e-03
-9.657740592956542969e-03 5.885192193090915680e-03
-9.497992694377899170e-03 5.238682031631469727e-03
-9.351272135972976685e-03 4.860326647758483887e-03
-8.536192588508129120e-03 3.615306690335273743e-03
-6.175842601805925369e-03 1.849430031143128872e-03
-2.090848516672849655e-03 2.981376892421394587e-04
-1.887653343146666884e-04 -1.705103932181373239e-04
2.375670243054628372e-03 -6.587395910173654556e-04
5.880618467926979065e-03 -1.138766063377261162e-03
2.251557633280754089e-02 -1.817343640141189098e-03
3.022224456071853638e-02 -1.599852927029132843e-03
3.666014969348907471e-02 -1.245315652340650558e-03
7.391984760761260986e-02 2.898300299420952797e-03
9.253378212451934814e-02 5.826718639582395554e-03
9.474738687276840210e-02 6.197785492986440659e-03
1.076258867979049683e-01 8.421958424150943756e-03
1.295108646154403687e-01 1.234448235481977463e-02
1.425437778234481812e-01 1.469169463962316513e-02
1.487775892019271851e-01 1.580370776355266571e-02
1.582452058792114258e-01 1.746997795999050140e-02
1.707271486520767212e-01 1.961129717528820038e-02
1.765881180763244629e-01 2.059057913720607758e-02
1.902484446763992310e-01 2.279813773930072784e-02
2.068267613649368286e-01 2.532088011503219604e-02
2.173409909009933472e-01 2.682486921548843384e-02
2.311147749423980713e-01 2.867685072124004364e-02
2.372000962495803833e-01 2.945142798125743866e-02
2.564899623394012451e-01 3.172738105058670044e-02
2.694317698478698730e-01 3.310065343976020813e-02
2.749331891536712646e-01 3.364706411957740784e-02
2.848823666572570801e-01 3.457894548773765564e-02
3.005975484848022461e-01 3.590428829193115234e-02
3.084343969821929932e-01 3.649884462356567383e-02
3.213547766208648682e-01 3.738401830196380615e-02
3.302212357521057129e-01 3.792389109730720520e-02
3.370006978511810303e-01 3.830010071396827698e-02
3.461949229240417480e-01 3.876032680273056030e-02
3.530876040458679199e-01 3.906811401247978210e-02
3.616810142993927002e-01 3.940777853131294250e-02
3.642296493053436279e-01 3.949923813343048096e-02
3.867391645908355713e-01 4.012669622898101807e-02
3.896569311618804932e-01 4.018481448292732239e-02
3.974598348140716553e-01 4.031476750969886780e-02
4.160378575325012207e-01 4.047883674502372742e-02
4.253439903259277344e-01 4.048677161335945129e-02
4.293748140335083008e-01 4.047536104917526245e-02
4.353383779525756836e-01 4.044239223003387451e-02
4.484896063804626465e-01 4.030393436551094055e-02
4.826451241970062256e-01 3.955467790365219116e-02
4.999207556247711182e-01 3.898596018552780151e-02
5.067860484123229980e-01 3.872904926538467407e-02
5.140311717987060547e-01 3.844046220183372498e-02
5.298848748207092285e-01 3.775191679596900940e-02
5.376212596893310547e-01 3.739036619663238525e-02
5.520586371421813965e-01 3.667703643441200256e-02
5.598064661026000977e-01 3.627603501081466675e-02
5.770784020423889160e-01 3.534445166587829590e-02
5.801445841789245605e-01 3.517441824078559875e-02
5.982006788253784180e-01 3.415072336792945862e-02
6.085911989212036133e-01 3.354761004447937012e-02
6.193597912788391113e-01 3.291462361812591553e-02
6.347543001174926758e-01 3.199955821037292480e-02
6.458213925361633301e-01 3.133661672472953796e-02
6.612471938133239746e-01 3.040814213454723358e-02
6.732752323150634766e-01 2.968191541731357574e-02
6.853879690170288086e-01 2.894927747547626495e-02
6.921368837356567383e-01 2.854057960212230682e-02
6.948462128639221191e-01 2.837641909718513489e-02
7.158615589141845703e-01 2.710075676441192627e-02
7.692567706108093262e-01 2.381764538586139679e-02
7.790612578392028809e-01 2.320178970694541931e-02
7.875751852989196777e-01 2.266174927353858948e-02
8.086391687393188477e-01 2.129879966378211975e-02
8.160954713821411133e-01 2.080491743981838226e-02
8.211337924003601074e-01 2.046711184084415436e-02
8.345988392829895020e-01 1.954551972448825836e-02
8.431627154350280762e-01 1.894277147948741913e-02
8.499535322189331055e-01 1.845399104058742523e-02
8.545364737510681152e-01 1.811802573502063751e-02
8.607125282287597656e-01 1.765665411949157715e-02
8.690732121467590332e-01 1.701430417597293854e-02
8.733480572700500488e-01 1.667695678770542145e-02
8.867031335830688477e-01 1.557674352079629898e-02
8.977379202842712402e-01 1.460250467061996460e-02
9.017232060432434082e-01 1.423269696533679962e-02
9.045097231864929199e-01 1.396760158240795135e-02
9.104245901107788086e-01 1.338495220988988876e-02
9.160928726196289062e-01 1.279755402356386185e-02
9.251824021339416504e-01 1.178269740194082260e-02
9.306499958038330078e-01 1.111840270459651947e-02
9.449130296707153320e-01 9.112144820392131805e-03
9.566559791564941406e-01 6.985226646065711975e-03
9.682864546775817871e-01 4.070982336997985840e-03
9.716042876243591309e-01 3.003694117069244385e-03
9.726954698562622070e-01 2.623579930514097214e-03
9.742203950881958008e-01 2.066811081022024155e-03
