9.730995297431945801e-01 7.426123600453138351e-03
9.727020859718322754e-01 7.681819144636392593e-03
9.714663028717041016e-01 8.443902246654033661e-03
9.681968092918395996e-01 1.033669430762529373e-02
9.634176492691040039e-01 1.295908167958259583e-02
9.594886302947998047e-01 1.504798047244548798e-02
9.528772234916687012e-01 1.847827434539794922e-02
9.502575993537902832e-01 1.981499418616294861e-02
9.447839856147766113e-01 2.257383987307548523e-02
9.394245147705078125e-01 2.523578889667987823e-02
9.311383366584777832e-01 2.928313054144382477e-02
9.270969629287719727e-01 3.122922778129577637e-02
9.176251292228698730e-01 3.572298586368560791e-02
9.095644950866699219e-01 3.947528451681137085e-02
8.980884552001953125e-01 4.470657184720039368e-02
8.926150202751159668e-01 4.715633764863014221e-02
8.874182105064392090e-01 4.945554956793785095e-02
8.786898851394653320e-01 5.325843021273612976e-02
8.707166910171508789e-01 5.666795000433921814e-02
8.661391735076904297e-01 5.859783291816711426e-02
8.548630475997924805e-01 6.326541304588317871e-02
8.440256118774414062e-01 6.763579696416854858e-02
8.282455205917358398e-01 7.379642128944396973e-02
8.238064646720886230e-01 7.548607885837554932e-02
8.088456988334655762e-01 8.104097843170166016e-02
8.029407262802124023e-01 8.317428827285766602e-02
7.853050231933593750e-01 8.934675157070159912e-02
7.784448266029357910e-01 9.166773408651351929e-02
7.635927200317382812e-01 9.654032438993453979e-02
7.571948766708374023e-01 9.857538342475891113e-02
7.392148971557617188e-01 1.040901988744735718e-01
7.273957729339599609e-01 1.075526401400566101e-01
7.184007763862609863e-01 1.101019755005836487e-01
7.076030373573303223e-01 1.130650416016578674e-01
6.958573460578918457e-01 1.161684319376945496e-01
6.882858276367187500e-01 1.181031316518783569e-01
6.755691766738891602e-01 1.212373003363609314e-01
6.646469235420227051e-01 1.238141655921936035e-01
6.469248533248901367e-01 1.277703493833541870e-01
6.380895376205444336e-01 1.296390295028686523e-01
6.192491054534912109e-01 1.333939731121063232e-01
6.126561164855957031e-01 1.346341669559478760e-01
6.015418767929077148e-01 1.366379857063293457e-01
5.910460352897644043e-01 1.384302079677581787e-01
5.792487263679504395e-01 1.403284519910812378e-01
5.695618987083435059e-01 1.417948603630065918e-01
5.572069883346557617e-01 1.435440331697463989e-01
5.417768359184265137e-01 1.455369591712951660e-01
5.313293933868408203e-01 1.467648893594741821e-01
5.177698135375976562e-01 1.482111811637878418e-01
5.058748722076416016e-01 1.493419408798217773e-01
5.016496777534484863e-01 1.497124135494232178e-01
4.753072857856750488e-01 1.516493707895278931e-01
4.585144817829132080e-01 1.525449901819229126e-01
4.491183459758758545e-01 1.529294103384017944e-01
4.363161921501159668e-01 1.533167213201522827e-01
4.178181886672973633e-01 1.535951495170593262e-01
4.077307581901550293e-01 1.536051034927368164e-01
3.969449698925018311e-01 1.535034477710723877e-01
3.832939863204956055e-01 1.532064974308013916e-01
3.709970712661743164e-01 1.527757346630096436e-01
3.572781085968017578e-01 1.521097272634506226e-01
3.396575152873992920e-01 1.509619802236557007e-01
3.253731131553649902e-01 1.497853398323059082e-01
3.150025904178619385e-01 1.487900912761688232e-01
3.013477027416229248e-01 1.472951173782348633e-01
2.892169058322906494e-01 1.457873284816741943e-01
2.768340706825256348e-01 1.440698206424713135e-01
2.690067589282989502e-01 1.428892463445663452e-01
2.534466981887817383e-01 1.403183341026306152e-01
2.478624582290649414e-01 1.393213868141174316e-01
2.194072753190994263e-01 1.336059123277664185e-01
2.086437195539474487e-01 1.311551332473754883e-01
1.887627989053726196e-01 1.261848062276840210e-01
1.798103451728820801e-01 1.237494722008705139e-01
1.693518608808517456e-01 1.207410171627998352e-01
1.600581109523773193e-01 1.179134771227836609e-01
1.443362385034561157e-01 1.127803549170494080e-01
1.338544934988021851e-01 1.090977117419242859e-01
1.211061328649520874e-01 1.043152287602424622e-01
1.085446774959564209e-01 9.924969822168350220e-02
1.016176193952560425e-01 9.629385918378829956e-02
9.204374998807907104e-02 9.200263768434524536e-02
7.719005644321441650e-02 8.482336252927780151e-02
6.762478500604629517e-02 7.982244342565536499e-02
6.219422444701194763e-02 7.683546841144561768e-02
4.700054973363876343e-02 6.782671809196472168e-02
3.170773386955261230e-02 5.758104845881462097e-02
2.501493133604526520e-02 5.262594670057296753e-02
1.745255850255489349e-02 4.658931866288185120e-02
1.242277864366769791e-02 4.226118698716163635e-02
6.457789801061153412e-03 3.671743348240852356e-02
-7.366760983131825924e-04 2.921592630445957184e-02
-5.776109173893928528e-03 2.312548458576202393e-02
-1.032741088420152664e-02 1.644665561616420746e-02
-1.213643327355384827e-02 1.308969035744667053e-02
-1.351005863398313522e-02 9.793469682335853577e-03
-1.398829557001590729e-02 8.238540962338447571e-03
-1.449188496917486191e-02 5.569293629378080368e-03
-1.447238307446241379e-02 2.806395757943391800e-03
-1.376877166330814362e-02 2.269755786983296275e-04
-1.309877447783946991e-02 -1.037423266097903252e-03
-1.141928974539041519e-02 -3.068843157961964607e-03
-8.336327970027923584e-03 -5.336640868335962296e-03
-4.710413981229066849e-03 -7.078445516526699066e-03
2.153932582587003708e-03 -9.242726489901542664e-03
6.806506309658288956e-03 -1.027330849319696426e-02
1.808140054345130920e-02 -1.199828833341598511e-02
3.119930624961853027e-02 -1.317729614675045013e-02
4.510027170181274414e-02 -1.379786897450685501e-02
5.579385161399841309e-02 -1.393977459520101547e-02
7.091464102268218994e-02 -1.373382285237312317e-02
8.773944526910781860e-02 -1.303745340555906296e-02
1.047365963459014893e-01 -1.192508917301893234e-02
1.098919808864593506e-01 -1.151907164603471756e-02
1.275065988302230835e-01 -9.931322187185287476e-03
1.508529037237167358e-01 -7.449444849044084549e-03
1.608632504940032959e-01 -6.288301199674606323e-03
1.682417690753936768e-01 -5.404661875218153000e-03
1.775207668542861938e-01 -4.266610834747552872e-03
1.864912956953048706e-01 -3.144169924780726433e-03
1.998350024223327637e-01 -1.446781679987907410e-03
2.072384655475616455e-01 -4.962174571119248867e-04
2.195073664188385010e-01 1.084348768927156925e-03
2.291280627250671387e-01 2.322481712326407433e-03
2.473907917737960815e-01 4.652725066989660263e-03
2.633924484252929688e-01 6.655862554907798767e-03
2.695523500442504883e-01 7.414008956402540207e-03
2.833942770957946777e-01 9.086139500141143799e-03
2.898604571819305420e-01 9.850755333900451660e-03
3.011660575866699219e-01 1.115974597632884979e-02
3.090871572494506836e-01 1.205429807305335999e-02
3.239985108375549316e-01 1.368399616330862045e-02
3.295834064483642578e-01 1.427519135177135468e-02
3.480361700057983398e-01 1.614955440163612366e-02
3.556911647319793701e-01 1.689008995890617371e-02
3.740752637386322021e-01 1.857546903192996979e-02
3.811280429363250732e-01 1.918608136475086212e-02
3.909327685832977295e-01 2.000086009502410889e-02
4.162730872631072998e-01 2.191752009093761444e-02
4.278728663921356201e-01 2.270137891173362732e-02
4.345046877861022949e-01 2.312254905700683594e-02
4.418372213840484619e-01 2.356513589620590210e-02
4.582782685756683350e-01 2.446842193603515625e-02
4.693438410758972168e-01 2.500628121197223663e-02
4.757182896137237549e-01 2.529032155871391296e-02
4.910629689693450928e-01 2.589637413620948792e-02
4.985138773918151855e-01 2.615098282694816589e-02
5.110935568809509277e-01 2.652204595506191254e-02
5.270789265632629395e-01 2.688749320805072784e-02
5.379940271377563477e-01 2.706950716674327850e-02
5.454418659210205078e-01 2.716265246272087097e-02
5.616834163665771484e-01 2.727996185421943665e-02
5.678213238716125488e-01 2.729424089193344116e-02
5.822584033012390137e-01 2.726463600993156433e-02
5.921179652214050293e-01 2.719486504793167114e-02
6.035060286521911621e-01 2.706602215766906738e-02
6.208775639533996582e-01 2.677431330084800720e-02
6.337242722511291504e-01 2.648853324353694916e-02
6.447674036026000977e-01 2.619797736406326294e-02
6.606250405311584473e-01 2.571233920753002167e-02
6.662700772285461426e-01 2.552095800638198853e-02
6.776116490364074707e-01 2.510852925479412079e-02
6.856839060783386230e-01 2.479315176606178284e-02
6.982272267341613770e-01 2.426877617835998535e-02
7.110427618026733398e-01 2.369197458028793335e-02
7.253195047378540039e-01 2.300313860177993774e-02
7.419198155403137207e-01 2.214415930211544037e-02
7.563397288322448730e-01 2.134977467358112335e-02
7.653841972351074219e-01 2.082944288849830627e-02
7.778117060661315918e-01 2.008737437427043915e-02
7.915639281272888184e-01 1.923019997775554657e-02
8.066331148147583008e-01 1.824784092605113983e-02
8.128344416618347168e-01 1.783045195043087006e-02
8.266138434410095215e-01 1.687524840235710144e-02
8.358906507492065430e-01 1.621017418801784515e-02
8.551194071769714355e-01 1.477273553609848022e-02
8.626728653907775879e-01 1.418516319245100021e-02
8.848232626914978027e-01 1.237970590591430664e-02
8.939221501350402832e-01 1.159842684864997864e-02
9.017029404640197754e-01 1.090944278985261917e-02
9.082803726196289062e-01 1.031040493398904800e-02
9.222747683525085449e-01 8.977361954748630524e-03
9.271741509437561035e-01 8.488739840686321259e-03
9.380254745483398438e-01 7.356245536357164383e-03
9.442671537399291992e-01 6.666598841547966003e-03
9.537348747253417969e-01 5.549381952732801437e-03
9.603853225708007812e-01 4.695335403084754944e-03
9.677149057388305664e-01 3.658498637378215790e-03
9.709806442260742188e-01 3.154478967189788818e-03
9.719960093498229980e-01 2.991884713992476463e-03
9.732205271720886230e-01 2.792130690068006516e-03
