9.715288877487182617e-01 7.760726381093263626e-03
9.711678624153137207e-01 8.027110248804092407e-03
9.690900444984436035e-01 9.462667629122734070e-03
9.641150832176208496e-01 1.255654916167259216e-02
9.509847164154052734e-01 1.979965530335903168e-02
9.366292953491210938e-01 2.698405273258686066e-02
9.297239184379577637e-01 3.026282787322998047e-02
9.260886311531066895e-01 3.195094317197799683e-02
9.100849032402038574e-01 3.911211714148521423e-02
9.017678499221801758e-01 4.267899692058563232e-02
8.821748495101928711e-01 5.071780458092689514e-02
8.739169836044311523e-01 5.396554991602897644e-02
8.613266944885253906e-01 5.876851454377174377e-02
8.520798683166503906e-01 6.218666955828666687e-02
8.348476290702819824e-01 6.832098960876464844e-02
8.293552398681640625e-01 7.021377235651016235e-02
8.196277618408203125e-01 7.349411398172378540e-02
8.034510016441345215e-01 7.875030487775802612e-02
7.918004393577575684e-01 8.238549530506134033e-02
7.872591018676757812e-01 8.376897126436233521e-02
7.749505043029785156e-01 8.742564171552658081e-02
7.595141530036926270e-01 9.182167053222656250e-02
7.407796382904052734e-01 9.687829017639160156e-02
7.312244772911071777e-01 9.934119135141372681e-02
7.114669084548950195e-01 1.041877493262290955e-01
7.067700028419494629e-01 1.052914857864379883e-01
6.945028305053710938e-01 1.080867871642112732e-01
6.865203976631164551e-01 1.098380759358406067e-01
6.740343570709228516e-01 1.124707907438278198e-01
6.662268042564392090e-01 1.140509471297264099e-01
6.516810059547424316e-01 1.168593466281890869e-01
6.478714346885681152e-01 1.175657361745834351e-01
6.385643482208251953e-01 1.192404627799987793e-01
6.310179829597473145e-01 1.205451413989067078e-01
6.183790564537048340e-01 1.226231902837753296e-01
6.094456315040588379e-01 1.240108981728553772e-01
6.029991507530212402e-01 1.249703094363212585e-01
5.976336002349853516e-01 1.257420629262924194e-01
5.716361999511718750e-01 1.291329711675643921e-01
5.646823644638061523e-01 1.299414336681365967e-01
5.552336573600769043e-01 1.309726387262344360e-01
5.507368445396423340e-01 1.314360648393630981e-01
5.386900901794433594e-01 1.325901746749877930e-01
5.218732357025146484e-01 1.339866667985916138e-01
5.171139836311340332e-01 1.343360692262649536e-01
5.123151540756225586e-01 1.346678733825683594e-01
5.047382116317749023e-01 1.351493746042251587e-01
4.997525215148925781e-01 1.354379653930664062e-01
4.908367991447448730e-01 1.358975023031234741e-01
4.719752371311187744e-01 1.366292685270309448e-01
4.532621800899505615e-01 1.370285451412200928e-01
4.409289360046386719e-01 1.371113508939743042e-01
4.261309504508972168e-01 1.370191276073455811e-01
4.086956083774566650e-01 1.366389095783233643e-01
4.032112061977386475e-01 1.364578604698181152e-01
3.869792222976684570e-01 1.357475072145462036e-01
3.783824741840362549e-01 1.352646201848983765e-01
3.731817305088043213e-01 1.349362283945083618e-01
3.447084426879882812e-01 1.326464563608169556e-01
3.415272831916809082e-01 1.323382258415222168e-01
3.286607563495635986e-01 1.309818327426910400e-01
3.107023835182189941e-01 1.287901848554611206e-01
3.044563233852386475e-01 1.279448270797729492e-01
2.924620509147644043e-01 1.261986345052719116e-01
2.817652225494384766e-01 1.245027109980583191e-01
2.759726047515869141e-01 1.235286518931388855e-01
2.668826282024383545e-01 1.219199001789093018e-01
2.651947438716888428e-01 1.216102465987205505e-01
2.526122629642486572e-01 1.191917732357978821e-01
2.407530099153518677e-01 1.167303621768951416e-01
2.300886362791061401e-01 1.143607273697853088e-01
2.138589471578598022e-01 1.104577407240867615e-01
2.030942440032958984e-01 1.076615527272224426e-01
1.980594694614410400e-01 1.062942668795585632e-01
1.871064007282257080e-01 1.031828075647354126e-01
1.781435757875442505e-01 1.004905998706817627e-01
1.679499149322509766e-01 9.725885838270187378e-02
1.575830429792404175e-01 9.377388656139373779e-02
1.452513188123703003e-01 8.934468030929565430e-02
1.399576663970947266e-01 8.734076470136642456e-02
1.290279477834701538e-01 8.298892527818679810e-02
1.195154562592506409e-01 7.894229888916015625e-02
1.082433611154556274e-01 7.378955930471420288e-02
1.016013696789741516e-01 7.054567337036132812e-02
8.814769983291625977e-02 6.340958178043365479e-02
7.994198054075241089e-02 5.860681459307670593e-02
7.170132547616958618e-02 5.334905162453651428e-02
6.028060615062713623e-02 4.511369019746780396e-02
5.553069710731506348e-02 4.125621914863586426e-02
5.101882666349411011e-02 3.727712854743003845e-02
4.469132050871849060e-02 3.100965358316898346e-02
4.000177234411239624e-02 2.562695369124412537e-02
3.779656067490577698e-02 2.278018184006214142e-02
3.237340599298477173e-02 1.431369874626398087e-02
3.078969195485115051e-02 1.112362090498209000e-02
2.912222035229206085e-02 6.893187295645475388e-03
2.877157740294933319e-02 5.769285839051008224e-03
2.818837016820907593e-02 3.447919152677059174e-03
2.789735421538352966e-02 -2.938779536634683609e-03
2.840160205960273743e-02 -4.919057246297597885e-03
2.919491566717624664e-02 -6.615131627768278122e-03
3.076061792671680450e-02 -8.649696595966815948e-03
3.349399939179420471e-02 -1.083592325448989868e-02
3.728952631354331970e-02 -1.284737046808004379e-02
4.035373032093048096e-02 -1.409883610904216766e-02
4.963802918791770935e-02 -1.707623340189456940e-02
5.657017230987548828e-02 -1.894766278564929962e-02
6.641008704900741577e-02 -2.138038538396358490e-02
7.684414088726043701e-02 -2.379006147384643555e-02
8.702418208122253418e-02 -2.601526863873004913e-02
9.691028296947479248e-02 -2.806660719215869904e-02
1.035152524709701538e-01 -2.937625162303447723e-02
1.109218150377273560e-01 -3.078465722501277924e-02
1.165990084409713745e-01 -3.181957453489303589e-02
1.309346109628677368e-01 -3.425178676843643188e-02
1.470637917518615723e-01 -3.666118159890174866e-02
1.609767675399780273e-01 -3.844853863120079041e-02
1.696262806653976440e-01 -3.942109644412994385e-02
1.773529946804046631e-01 -4.019976779818534851e-02
1.804870218038558960e-01 -4.049143940210342407e-02
2.000994682312011719e-01 -4.200458899140357971e-02
2.094092667102813721e-01 -4.253908246755599976e-02
2.148168236017227173e-01 -4.279707744717597961e-02
2.226932793855667114e-01 -4.310583323240280151e-02
2.457447499036788940e-01 -4.357656463980674744e-02
2.570853233337402344e-01 -4.358777403831481934e-02
2.778189778327941895e-01 -4.327053576707839966e-02
2.826468646526336670e-01 -4.313872754573822021e-02
2.891988456249237061e-01 -4.292727634310722351e-02
2.950723469257354736e-01 -4.270709678530693054e-02
3.068269193172454834e-01 -4.218431562185287476e-02
3.182828724384307861e-01 -4.157653078436851501e-02
3.339218497276306152e-01 -4.060459882020950317e-02
3.477517664432525635e-01 -3.962178155779838562e-02
3.585728108882904053e-01 -3.878008574247360229e-02
3.661302924156188965e-01 -3.815747052431106567e-02
3.758616149425506592e-01 -3.731666132807731628e-02
3.806987702846527100e-01 -3.688327223062515259e-02
3.879548013210296631e-01 -3.621501103043556213e-02
3.995806276798248291e-01 -3.510169684886932373e-02
4.028953909873962402e-01 -3.477519378066062927e-02
4.147695899009704590e-01 -3.357494249939918518e-02
4.235288798809051514e-01 -3.266066312789916992e-02
4.384729564189910889e-01 -3.104931302368640900e-02
4.491519927978515625e-01 -2.986148744821548462e-02
4.520968496799468994e-01 -2.952897921204566956e-02
4.591768383979797363e-01 -2.872131019830703735e-02
4.716187715530395508e-01 -2.727514319121837616e-02
4.945540130138397217e-01 -2.452883310616016388e-02
5.122483968734741211e-01 -2.234760858118534088e-02
5.218673348426818848e-01 -2.114180475473403931e-02
5.261923074722290039e-01 -2.059540897607803345e-02
5.337341427803039551e-01 -1.963672228157520294e-02
5.445738434791564941e-01 -1.824659109115600586e-02
5.543193817138671875e-01 -1.698565296828746796e-02
5.590485930442810059e-01 -1.637033373117446899e-02
5.665291547775268555e-01 -1.539291907101869583e-02
5.843601226806640625e-01 -1.304629538208246231e-02
5.953236818313598633e-01 -1.159494183957576752e-02
6.083821058273315430e-01 -9.862019680440425873e-03
6.300005316734313965e-01 -6.995818112045526505e-03
6.435686349868774414e-01 -5.208216607570648193e-03
6.633144617080688477e-01 -2.638730453327298164e-03
6.733005046844482422e-01 -1.359886722639203072e-03
6.836274862289428711e-01 -5.611294182017445564e-05
6.869015097618103027e-01 3.527311491779983044e-04
6.983525156974792480e-01 1.763643231242895126e-03
7.110698223114013672e-01 3.291665576398372650e-03
7.173668742179870605e-01 4.031348973512649536e-03
7.353206276893615723e-01 6.070956122130155563e-03
7.492963671684265137e-01 7.579368073493242264e-03
7.578501701354980469e-01 8.464574813842773438e-03
7.684713602066040039e-01 9.520152583718299866e-03
7.786431312561035156e-01 1.048260461539030075e-02
7.998681068420410156e-01 1.232257578521966934e-02
8.175026178359985352e-01 1.365716569125652313e-02
8.278724551200866699e-01 1.434930507093667984e-02
8.425638079643249512e-01 1.519849989563226700e-02
8.638289570808410645e-01 1.611469686031341553e-02
8.714733719825744629e-01 1.633971929550170898e-02
8.856676816940307617e-01 1.658538356423377991e-02
8.908773064613342285e-01 1.661246083676815033e-02
9.037063121795654297e-01 1.650999672710895538e-02
9.123883247375488281e-01 1.628183200955390930e-02
9.203099608421325684e-01 1.593865826725959778e-02
9.276552796363830566e-01 1.548279356211423874e-02
9.449496269226074219e-01 1.369909942150115967e-02
9.514556527137756348e-01 1.266017928719520569e-02
9.634557366371154785e-01 9.845726191997528076e-03
9.721401333808898926e-01 6.536392029374837875e-03
9.728434681892395020e-01 6.193554028868675232e-03
9.738248586654663086e-01 5.691615864634513855e-03
