9.684451818466186523e-01 7.769462652504444122e-03
9.682796001434326172e-01 7.861533202230930328e-03
9.670287966728210449e-01 8.526057004928588867e-03
9.630481004714965820e-01 1.041918899863958359e-02
9.568490982055664062e-01 1.304380130022764206e-02
9.546033740043640137e-01 1.393960509449243546e-02
9.463943839073181152e-01 1.705935597419738770e-02
9.441975951194763184e-01 1.786274276673793793e-02
9.378820657730102539e-01 2.011721953749656677e-02
9.343839883804321289e-01 2.133608236908912659e-02
9.250026941299438477e-01 2.451990172266960144e-02
9.214750528335571289e-01 2.568996325135231018e-02
9.123789072036743164e-01 2.864922024309635162e-02
9.076559543609619141e-01 3.015661984682083130e-02
8.917782306671142578e-01 3.509938344359397888e-02
8.851655125617980957e-01 3.710736334323883057e-02
8.782905936241149902e-01 3.916643559932708740e-02
8.709384799003601074e-01 4.133788123726844788e-02
8.619601130485534668e-01 4.394870251417160034e-02
8.533690571784973145e-01 4.640640690922737122e-02
8.394016623497009277e-01 5.032011866569519043e-02
8.319463729858398438e-01 5.236820876598358154e-02
8.162844777107238770e-01 5.657833069562911987e-02
8.129043579101562500e-01 5.747048556804656982e-02
8.017315268516540527e-01 6.037720665335655212e-02
7.992312908172607422e-01 6.101869419217109680e-02
7.813706398010253906e-01 6.550410389900207520e-02
7.727617621421813965e-01 6.760370731353759766e-02
7.660350799560546875e-01 6.921514868736267090e-02
7.604412436485290527e-01 7.053552567958831787e-02
7.518478035926818848e-01 7.252819091081619263e-02
7.430830001831054688e-01 7.451502233743667603e-02
7.228712439537048340e-01 7.891561836004257202e-02
7.151235342025756836e-01 8.053334057331085205e-02
6.997096538543701172e-01 8.363337814807891846e-02
6.941597461700439453e-01 8.471026271581649780e-02
6.749444603919982910e-01 8.827328681945800781e-02
6.680532693862915039e-01 8.948741853237152100e-02
6.512724161148071289e-01 9.230015426874160767e-02
6.460130214691162109e-01 9.313935041427612305e-02
6.315607428550720215e-01 9.533966332674026489e-02
6.171383857727050781e-01 9.737981855869293213e-02
6.064975261688232422e-01 9.878450632095336914e-02
5.977937579154968262e-01 9.987000375986099243e-02
5.912237167358398438e-01 1.006513386964797974e-01
5.829873085021972656e-01 1.015847325325012207e-01
5.645191669464111328e-01 1.034910455346107483e-01
5.513424873352050781e-01 1.046939790248870850e-01
5.333160758018493652e-01 1.061288416385650635e-01
5.217291116714477539e-01 1.069234982132911682e-01
5.035803914070129395e-01 1.079691499471664429e-01
4.998619258403778076e-01 1.081536188721656799e-01
4.880566298961639404e-01 1.086726114153862000e-01
4.799746870994567871e-01 1.089698076248168945e-01
4.625996947288513184e-01 1.094499528408050537e-01
4.576935768127441406e-01 1.095465347170829773e-01
4.440813064575195312e-01 1.097251996397972107e-01
4.335139393806457520e-01 1.097738072276115417e-01
4.121693670749664307e-01 1.096334159374237061e-01
4.065644741058349609e-01 1.095438525080680847e-01
4.030199944972991943e-01 1.094759255647659302e-01
3.864979445934295654e-01 1.090439707040786743e-01
3.637828230857849121e-01 1.081398501992225647e-01
3.547170758247375488e-01 1.076783239841461182e-01
3.403580486774444580e-01 1.068287640810012817e-01
3.328723013401031494e-01 1.063278317451477051e-01
3.178063333034515381e-01 1.051974743604660034e-01
3.070226907730102539e-01 1.042867824435234070e-01
3.022738695144653320e-01 1.038584113121032715e-01
2.774669826030731201e-01 1.013424172997474670e-01
2.686416804790496826e-01 1.003313139081001282e-01
2.526620328426361084e-01 9.833856672048568726e-02
2.383527308702468872e-01 9.636922180652618408e-02
2.271702736616134644e-01 9.470215439796447754e-02
2.174314707517623901e-01 9.315399080514907837e-02
2.096145451068878174e-01 9.184335917234420776e-02
1.871999502182006836e-01 8.772418648004531860e-02
1.674947440624237061e-01 8.361123502254486084e-02
1.609797477722167969e-01 8.213783800601959229e-02
1.446945071220397949e-01 7.817751169204711914e-02
1.337331086397171021e-01 7.526422291994094849e-02
1.174741089344024658e-01 7.051714509725570679e-02
9.920661896467208862e-02 6.445864588022232056e-02
8.104731142520904541e-02 5.747462064027786255e-02
7.187347859144210815e-02 5.348869413137435913e-02
6.436397880315780640e-02 4.994798079133033752e-02
5.525603890419006348e-02 4.525849595665931702e-02
4.714123904705047607e-02 4.064667969942092896e-02
3.797345608472824097e-02 3.483037650585174561e-02
3.154201805591583252e-02 3.027120605111122131e-02
2.605603821575641632e-02 2.598365023732185364e-02
2.216097339987754822e-02 2.265520207583904266e-02
1.561344414949417114e-02 1.628555357456207275e-02
1.377526670694351196e-02 1.422702800482511520e-02
9.754010476171970367e-03 8.804910816252231598e-03
8.179585449397563934e-03 5.690800491720438004e-03
7.689627818763256073e-03 4.137322306632995605e-03
7.512748707085847855e-03 3.149169264361262321e-03
7.488237693905830383e-03 1.732810982502996922e-03
7.666433230042457581e-03 7.520897197537124157e-04
8.449625223875045776e-03 -9.104550699703395367e-04
9.675252251327037811e-03 -2.252874663099646568e-03
1.252023037523031235e-02 -4.045091103762388229e-03
1.481231208890676498e-02 -4.995205905288457870e-03
2.063715457916259766e-02 -6.642410997301340103e-03
2.682192996144294739e-02 -7.833730429410934448e-03
3.804407641291618347e-02 -9.359822608530521393e-03
5.101853981614112854e-02 -1.061831321567296982e-02
6.248762831091880798e-02 -1.146801188588142395e-02
7.273288071155548096e-02 -1.207594387233257294e-02
8.586616069078445435e-02 -1.268550101667642593e-02
9.619091451168060303e-02 -1.304933149367570877e-02
1.009770482778549194e-01 -1.318709645420312881e-02
1.218406260013580322e-01 -1.358664873987436295e-02
1.279077380895614624e-01 -1.364819891750812531e-02
1.480257213115692139e-01 -1.370552089065313339e-02
1.611890494823455811e-01 -1.363942306488752365e-02
1.738531440496444702e-01 -1.351315528154373169e-02
1.914401948451995850e-01 -1.325563248246908188e-02
1.986058652400970459e-01 -1.312839519232511520e-02
2.102166712284088135e-01 -1.290016155689954758e-02
2.180958986282348633e-01 -1.273222733289003372e-02
2.278727144002914429e-01 -1.251194346696138382e-02
2.393158525228500366e-01 -1.224085781723260880e-02
2.475778460502624512e-01 -1.203838083893060684e-02
2.546425163745880127e-01 -1.186190824955701828e-02
2.622938454151153564e-01 -1.166826393455266953e-02
2.673456668853759766e-01 -1.153939776122570038e-02
2.837911546230316162e-01 -1.111745182424783707e-02
2.915108501911163330e-01 -1.091958116739988327e-02
3.043096661567687988e-01 -1.059415936470031738e-02
3.139614164829254150e-01 -1.035230606794357300e-02
3.387486636638641357e-01 -9.752408601343631744e-03
3.488495349884033203e-01 -9.519083425402641296e-03
3.560385107994079590e-01 -9.357614442706108093e-03
3.629542887210845947e-01 -9.206131100654602051e-03
3.761261105537414551e-01 -8.928757160902023315e-03
3.819510042667388916e-01 -8.810975588858127594e-03
3.898873031139373779e-01 -8.655519224703311920e-03
4.270782768726348877e-01 -8.007895201444625854e-03
4.373714029788970947e-01 -7.852761074900627136e-03
4.530929923057556152e-01 -7.635730784386396408e-03
4.718673825263977051e-01 -7.406689692288637161e-03
4.798812270164489746e-01 -7.318202406167984009e-03
4.903607368469238281e-01 -7.210072595626115799e-03
4.939785003662109375e-01 -7.174575701355934143e-03
5.071712136268615723e-01 -7.052149623632431030e-03
5.180003643035888672e-01 -6.958486977964639664e-03
5.229780673980712891e-01 -6.916993297636508942e-03
5.424867868423461914e-01 -6.759588606655597687e-03
5.498221516609191895e-01 -6.700723432004451752e-03
5.570418834686279297e-01 -6.641832645982503891e-03
5.872130393981933594e-01 -6.367749068886041641e-03
5.939212441444396973e-01 -6.296693813055753708e-03
6.055834293365478516e-01 -6.160605233162641525e-03
6.123451590538024902e-01 -6.073322147130966187e-03
6.200295686721801758e-01 -5.965726450085639954e-03
6.263682246208190918e-01 -5.869694519788026810e-03
6.428354978561401367e-01 -5.586567800492048264e-03
6.483640074729919434e-01 -5.479898769408464432e-03
6.607282161712646484e-01 -5.219028797000646591e-03
6.759071350097656250e-01 -4.855465609580278397e-03
6.892421245574951172e-01 -4.496389068663120270e-03
6.940615773200988770e-01 -4.357590805739164352e-03
7.094813585281372070e-01 -3.882399527356028557e-03
7.223683595657348633e-01 -3.450616262853145599e-03
7.444705367088317871e-01 -2.644048072397708893e-03
7.537211775779724121e-01 -2.284654648974537849e-03
7.683550119400024414e-01 -1.694027218036353588e-03
7.777127027511596680e-01 -1.304314238950610161e-03
7.934457659721374512e-01 -6.327615119516849518e-04
8.167678713798522949e-01 3.852847439702600241e-04
8.284879922866821289e-01 8.990853675641119480e-04
8.341662883758544922e-01 1.146799768321216106e-03
8.474424481391906738e-01 1.718997722491621971e-03
8.680430650711059570e-01 2.570892218500375748e-03
8.747587203979492188e-01 2.833700506016612053e-03
8.812976479530334473e-01 3.079866524785757065e-03
8.993672132492065430e-01 3.693110309541225433e-03
9.030684828758239746e-01 3.803038271144032478e-03
9.133109450340270996e-01 4.069991875439882278e-03
9.178692102432250977e-01 4.167723469436168671e-03
9.275165200233459473e-01 4.319556523114442825e-03
9.319831728935241699e-01 4.358786158263683319e-03
9.361503124237060547e-01 4.373497795313596725e-03
9.393250942230224609e-01 4.368282854557037354e-03
9.459720253944396973e-01 4.301906563341617584e-03
9.549534320831298828e-01 4.055664874613285065e-03
9.603947401046752930e-01 3.787761321291327477e-03
9.668236970901489258e-01 3.325794357806444168e-03
9.690737128257751465e-01 3.128969576209783554e-03
9.699401259422302246e-01 3.050132887437939644e-03
