9.670974612236022949e-01 6.135208532214164734e-03
9.665960073471069336e-01 6.564820185303688049e-03
9.640182256698608398e-01 8.533413521945476532e-03
9.507380127906799316e-01 1.616754569113254547e-02
9.247331023216247559e-01 2.738874778151512146e-02
9.176679849624633789e-01 3.005510754883289337e-02
8.966100215911865234e-01 3.740955516695976257e-02
8.878627419471740723e-01 4.025433585047721863e-02
8.755730986595153809e-01 4.407951235771179199e-02
8.655470013618469238e-01 4.706768319010734558e-02
8.568815588951110840e-01 4.956326633691787720e-02
8.506907224655151367e-01 5.129978805780410767e-02
8.464107513427734375e-01 5.247889459133148193e-02
8.390734195709228516e-01 5.446097627282142639e-02
8.288516998291015625e-01 5.714295804500579834e-02
8.222868442535400391e-01 5.881908535957336426e-02
8.103350996971130371e-01 6.178182363510131836e-02
7.985067367553710938e-01 6.460642814636230469e-02
7.922783493995666504e-01 6.605254858732223511e-02
7.780158519744873047e-01 6.926149129867553711e-02
7.584040164947509766e-01 7.345177233219146729e-02
7.548270821571350098e-01 7.418940216302871704e-02
7.320356965065002441e-01 7.870593667030334473e-02
7.273693680763244629e-01 7.959268242120742798e-02
7.113182544708251953e-01 8.254795521497726440e-02
7.024608254432678223e-01 8.411733806133270264e-02
6.894536614418029785e-01 8.634503185749053955e-02
6.794902086257934570e-01 8.799074590206146240e-02
6.751698255538940430e-01 8.868826180696487427e-02
6.665279269218444824e-01 9.005456417798995972e-02
6.522786617279052734e-01 9.222387522459030151e-02
6.434001326560974121e-01 9.352347999811172485e-02
6.316035985946655273e-01 9.518862515687942505e-02
6.254109740257263184e-01 9.603469818830490112e-02
6.161175966262817383e-01 9.726809710264205933e-02
6.088112592697143555e-01 9.820701181888580322e-02
5.987947583198547363e-01 9.944999963045120239e-02
5.916901826858520508e-01 1.003004014492034912e-01
5.833247303962707520e-01 1.012682169675827026e-01
5.755368471145629883e-01 1.021363437175750732e-01
5.606390237808227539e-01 1.037074923515319824e-01
5.449748039245605469e-01 1.052302792668342590e-01
5.367852449417114258e-01 1.059726104140281677e-01
5.282416343688964844e-01 1.067069917917251587e-01
5.185435414314270020e-01 1.074902936816215515e-01
5.083029866218566895e-01 1.082585528492927551e-01
4.973322749137878418e-01 1.090131849050521851e-01
4.911428689956665039e-01 1.094073355197906494e-01
4.820522964000701904e-01 1.099441498517990112e-01
4.676808714866638184e-01 1.106892079114913940e-01
4.428341686725616455e-01 1.116700619459152222e-01
4.323593080043792725e-01 1.119637414813041687e-01
4.242497980594635010e-01 1.121411174535751343e-01
4.185629189014434814e-01 1.122391670942306519e-01
4.054151475429534912e-01 1.123813241720199585e-01
3.994615077972412109e-01 1.124063432216644287e-01
3.909310102462768555e-01 1.123987585306167603e-01
3.782443404197692871e-01 1.122912690043449402e-01
3.661935329437255859e-01 1.120803281664848328e-01
3.593387007713317871e-01 1.119120121002197266e-01
3.484700024127960205e-01 1.115717589855194092e-01
3.413375318050384521e-01 1.112987250089645386e-01
3.283625841140747070e-01 1.106983646750450134e-01
3.178879618644714355e-01 1.101135089993476868e-01
2.985314428806304932e-01 1.087880134582519531e-01
2.867020666599273682e-01 1.078148782253265381e-01
2.789542675018310547e-01 1.071075648069381714e-01
2.727566063404083252e-01 1.065007001161575317e-01
2.580650150775909424e-01 1.049107834696769714e-01
2.454807609319686890e-01 1.033717468380928040e-01
2.341235280036926270e-01 1.018341556191444397e-01
2.245781868696212769e-01 1.004268079996109009e-01
2.120014578104019165e-01 9.840242564678192139e-02
2.038177698850631714e-01 9.697523713111877441e-02
1.986491084098815918e-01 9.602688997983932495e-02
1.851295083761215210e-01 9.336420148611068726e-02
1.730881184339523315e-01 9.075502306222915649e-02
1.539743393659591675e-01 8.610101789236068726e-02
1.432667821645736694e-01 8.318734914064407349e-02
1.334943026304244995e-01 8.031348884105682373e-02
1.291805207729339600e-01 7.897477596998214722e-02
1.185983419418334961e-01 7.549428194761276245e-02
1.138411387801170349e-01 7.383263856172561646e-02
1.052501648664474487e-01 7.066683471202850342e-02
9.775234758853912354e-02 6.771692633628845215e-02
9.310752898454666138e-02 6.579531729221343994e-02
8.328463882207870483e-02 6.147356331348419189e-02
6.971397250890731812e-02 5.485753715038299561e-02
6.197689101099967957e-02 5.070244148373603821e-02
5.292933434247970581e-02 4.543566331267356873e-02
3.385565429925918579e-02 3.252944350242614746e-02
2.392811141908168793e-02 2.441773004829883575e-02
2.128786221146583557e-02 2.199584990739822388e-02
1.787987165153026581e-02 1.860523968935012817e-02
1.378671079874038696e-02 1.384422834962606430e-02
1.123014930635690689e-02 9.889224544167518616e-03
1.048307027667760849e-02 8.248607628047466278e-03
9.894100017845630646e-03 6.193203851580619812e-03
9.822239167988300323e-03 3.930008504539728165e-03
9.969218634068965912e-03 3.164322115480899811e-03
1.148688979446887970e-02 3.516595461405813694e-04
1.373291108757257462e-02 -1.608789665624499321e-03
1.847936213016510010e-02 -4.055270925164222717e-03
2.277381345629692078e-02 -5.536419339478015900e-03
3.264716640114784241e-02 -7.846906781196594238e-03
3.793315589427947998e-02 -8.726858533918857574e-03
3.951609507203102112e-02 -8.956355974078178406e-03
5.201790109276771545e-02 -1.034258119761943817e-02
5.816373974084854126e-02 -1.079775486141443253e-02
6.626877933740615845e-02 -1.121321134269237518e-02
8.049997687339782715e-02 -1.150921359658241272e-02
9.067158401012420654e-02 -1.142970658838748932e-02
9.912392497062683105e-02 -1.120219379663467407e-02
1.159645989537239075e-01 -1.036605425179004669e-02
1.255630701780319214e-01 -9.688884019851684570e-03
1.321305632591247559e-01 -9.151381440460681915e-03
1.481128334999084473e-01 -7.620931137353181839e-03
1.637880504131317139e-01 -5.857196636497974396e-03
1.813096255064010620e-01 -3.636873327195644379e-03
1.904616504907608032e-01 -2.391761634498834610e-03
2.138948291540145874e-01 1.001941389404237270e-03
2.196789085865020752e-01 1.875922083854675293e-03
2.231395989656448364e-01 2.404349390417337418e-03
2.404206097126007080e-01 5.094006657600402832e-03
2.679787278175354004e-01 9.498347528278827667e-03
2.779893577098846436e-01 1.111513935029506683e-02
2.873136699199676514e-01 1.262278668582439423e-02
3.114847242832183838e-01 1.651650108397006989e-02
3.216159939765930176e-01 1.813382841646671295e-02
3.350341022014617920e-01 2.025508694350719452e-02
3.441507518291473389e-01 2.167993038892745972e-02
3.486016988754272461e-01 2.237007766962051392e-02
3.549388051033020020e-01 2.334598265588283539e-02
3.631307780742645264e-01 2.459502592682838440e-02
3.729310035705566406e-01 2.606931142508983612e-02
3.799175918102264404e-01 2.710608020424842834e-02
3.918103277683258057e-01 2.884164080023765564e-02
3.998443782329559326e-01 2.999196015298366547e-02
4.146140515804290771e-01 3.205679729580879211e-02
4.220796525478363037e-01 3.307454288005828857e-02
4.418575167655944824e-01 3.568036481738090515e-02
4.469087123870849609e-01 3.632374852895736694e-02
4.630151689052581787e-01 3.831144422292709351e-02
4.670704007148742676e-01 3.879600390791893005e-02
4.792439043521881104e-01 4.021042585372924805e-02
4.860796034336090088e-01 4.097736626863479614e-02
4.947749376296997070e-01 4.192341119050979614e-02
5.130298733711242676e-01 4.379673674702644348e-02
5.194752216339111328e-01 4.441989958286285400e-02
5.281191468238830566e-01 4.522272944450378418e-02
5.404468774795532227e-01 4.629983007907867432e-02
5.480425357818603516e-01 4.692206904292106628e-02
5.669441819190979004e-01 4.832515865564346313e-02
5.724744200706481934e-01 4.869454726576805115e-02
5.947623848915100098e-01 4.998105391860008240e-02
6.050894856452941895e-01 5.046100914478302002e-02
6.112138628959655762e-01 5.070897564291954041e-02
6.226166486740112305e-01 5.109519138932228088e-02
6.340028047561645508e-01 5.137928575277328491e-02
6.418983936309814453e-01 5.151458084583282471e-02
6.486565470695495605e-01 5.158914253115653992e-02
6.601303815841674805e-01 5.162648484110832214e-02
6.694744229316711426e-01 5.157210677862167358e-02
6.706864237785339355e-01 5.155937373638153076e-02
6.914238929748535156e-01 5.113670602440834045e-02
7.000830769538879395e-01 5.084412544965744019e-02
7.196066379547119141e-01 4.993030801415443420e-02
7.377083897590637207e-01 4.876713454723358154e-02
7.453457117080688477e-01 4.818521067500114441e-02
7.513638138771057129e-01 4.768859967589378357e-02
7.657261490821838379e-01 4.636811837553977966e-02
7.769744992256164551e-01 4.520083963871002197e-02
7.870092988014221191e-01 4.406073689460754395e-02
7.916389703750610352e-01 4.350323975086212158e-02
8.051726818084716797e-01 4.175883904099464417e-02
8.172645568847656250e-01 4.005401208996772766e-02
8.242698907852172852e-01 3.900206461548805237e-02
8.314093947410583496e-01 3.788057714700698853e-02
8.456227183341979980e-01 3.549517318606376648e-02
8.532435297966003418e-01 3.412942215800285339e-02
8.677314519882202148e-01 3.135609254240989685e-02
8.723698258399963379e-01 3.041657991707324982e-02
8.808078169822692871e-01 2.863891236484050751e-02
8.871077299118041992e-01 2.725080959498882294e-02
8.974113464355468750e-01 2.485888637602329254e-02
9.029469490051269531e-01 2.350610122084617615e-02
9.147667288780212402e-01 2.043813467025756836e-02
9.311727285385131836e-01 1.568913832306861877e-02
9.487581253051757812e-01 9.707511402666568756e-03
9.647893905639648438e-01 2.968366956338286400e-03
9.661003351211547852e-01 2.346270252019166946e-03
9.673403501510620117e-01 1.748242066241800785e-03
