9.628359675407409668e-01 -3.525416832417249680e-03
9.622835516929626465e-01 -3.528311382979154587e-03
9.594483971595764160e-01 -3.501404775306582451e-03
9.516174197196960449e-01 -3.220310900360345840e-03
9.410297870635986328e-01 -2.611247589811682701e-03
9.281399250030517578e-01 -1.700157416053116322e-03
9.166787266731262207e-01 -8.019239176064729691e-04
9.068421125411987305e-01 1.202127532451413572e-05
9.011890292167663574e-01 4.933677264489233494e-04
8.908901810646057129e-01 1.390391960740089417e-03
8.859761357307434082e-01 1.826098770834505558e-03
8.806730508804321289e-01 2.301020547747612000e-03
8.664509057998657227e-01 3.594977548345923424e-03
8.599582314491271973e-01 4.193827975541353226e-03
8.476277589797973633e-01 5.342205986380577087e-03
8.444774150848388672e-01 5.637621041387319565e-03
8.376891613006591797e-01 6.276445463299751282e-03
8.266731500625610352e-01 7.318937685340642929e-03
8.124577999114990234e-01 8.672095835208892822e-03
8.046895861625671387e-01 9.414168074727058411e-03
7.877464294433593750e-01 1.103591267019510269e-02
7.835818529129028320e-01 1.143471989780664444e-02
7.681638002395629883e-01 1.290975511074066162e-02
7.633994817733764648e-01 1.336466241627931595e-02
7.507585883140563965e-01 1.456808019429445267e-02
7.459469437599182129e-01 1.502445433288812637e-02
7.264686226844787598e-01 1.685873419046401978e-02
7.239968180656433105e-01 1.708970405161380768e-02
7.136111259460449219e-01 1.805485412478446960e-02
6.950525641441345215e-01 1.975501328706741333e-02
6.882565617561340332e-01 2.036858722567558289e-02
6.729485392570495605e-01 2.173065021634101868e-02
6.691214442253112793e-01 2.206654287874698639e-02
6.592679023742675781e-01 2.292227745056152344e-02
6.489942073822021484e-01 2.379988320171833038e-02
6.432661414146423340e-01 2.428247407078742981e-02
6.291685104370117188e-01 2.544867433607578278e-02
6.156274080276489258e-01 2.653895318508148193e-02
6.001731753349304199e-01 2.774602361023426056e-02
5.755347013473510742e-01 2.958519570529460907e-02
5.698018074035644531e-01 2.999777719378471375e-02
5.510964989662170410e-01 3.130288049578666687e-02
5.353786349296569824e-01 3.235055133700370789e-02
5.255529880523681641e-01 3.298261761665344238e-02
5.136896371841430664e-01 3.372223675251007080e-02
5.018842816352844238e-01 3.443271294236183167e-02
4.767885506153106689e-01 3.585855662822723389e-02
4.702994525432586670e-01 3.620861098170280457e-02
4.570125639438629150e-01 3.690154850482940674e-02
4.476176798343658447e-01 3.737227618694305420e-02
4.347892701625823975e-01 3.798935189843177795e-02
4.309820830821990967e-01 3.816677257418632507e-02
4.164234399795532227e-01 3.882119059562683105e-02
4.008064866065979004e-01 3.948056697845458984e-02
3.778131902217864990e-01 4.036989063024520874e-02
3.740370571613311768e-01 4.050647839903831482e-02
3.656602799892425537e-01 4.079964011907577515e-02
3.483085632324218750e-01 4.136249423027038574e-02
3.445727229118347168e-01 4.147553071379661560e-02
3.269129991531372070e-01 4.196817427873611450e-02
3.214655518531799316e-01 4.210549965500831604e-02
3.170032203197479248e-01 4.221251979470252991e-02
3.020141422748565674e-01 4.253354668617248535e-02
2.959706485271453857e-01 4.264498502016067505e-02
2.933603823184967041e-01 4.268968850374221802e-02
2.830483317375183105e-01 4.284493252635002136e-02
2.617632448673248291e-01 4.304382950067520142e-02
2.550421953201293945e-01 4.306779801845550537e-02
2.441053986549377441e-01 4.306096956133842468e-02
2.279124855995178223e-01 4.293222352862358093e-02
2.222153246402740479e-01 4.284883663058280945e-02
2.085505872964859009e-01 4.255611076951026917e-02
1.973056793212890625e-01 4.220472648739814758e-02
1.934856474399566650e-01 4.205999523401260376e-02
1.851621121168136597e-01 4.169595986604690552e-02
1.710463017225265503e-01 4.090937227010726929e-02
1.504816561937332153e-01 3.931183740496635437e-02
1.412254124879837036e-01 3.838515654206275940e-02
1.282094419002532959e-01 3.682335466146469116e-02
1.150002777576446533e-01 3.487986326217651367e-02
1.091167926788330078e-01 3.388091921806335449e-02
1.047716066241264343e-01 3.308462724089622498e-02
9.625807404518127441e-02 3.136696293950080872e-02
8.679948002099990845e-02 2.918547950685024261e-02
8.431592583656311035e-02 2.855970337986946106e-02
7.264897972345352173e-02 2.528277598321437836e-02
6.065934151411056519e-02 2.122789807617664337e-02
5.309321731328964233e-02 1.821613498032093048e-02
4.528170078992843628e-02 1.462970301508903503e-02
3.966963291168212891e-02 1.166204083710908890e-02
3.262029588222503662e-02 7.254056166857481003e-03
2.905251272022724152e-02 4.554945975542068481e-03
2.592314407229423523e-02 1.659140456467866898e-03
2.417493239045143127e-02 -4.838391032535582781e-04
2.349124476313591003e-02 -1.636023633182048798e-03
2.298574335873126984e-02 -2.982874633744359016e-03
2.292415685951709747e-02 -4.555105231702327728e-03
2.306253090500831604e-02 -5.069096572697162628e-03
2.335158921778202057e-02 -5.680704023689031601e-03
2.411725185811519623e-02 -6.635388359427452087e-03
2.526456303894519806e-02 -7.544772233814001083e-03
2.723020128905773163e-02 -8.622065186500549316e-03
2.884727157652378082e-02 -9.307913482189178467e-03
3.075672872364521027e-02 -9.996298700571060181e-03
3.398473188281059265e-02 -1.098733488470315933e-02
3.861271217465400696e-02 -1.219632942229509354e-02
4.934843257069587708e-02 -1.453196723014116287e-02
5.770003423094749451e-02 -1.610096171498298645e-02
6.954097747802734375e-02 -1.809680834412574768e-02
8.665146678686141968e-02 -2.065174095332622528e-02
9.776324778795242310e-02 -2.215786650776863098e-02
1.109580174088478088e-01 -2.382679656147956848e-02
1.184193342924118042e-01 -2.472278662025928497e-02
1.271680146455764771e-01 -2.573584392666816711e-02
1.377190053462982178e-01 -2.691046334803104401e-02
1.447987854480743408e-01 -2.767313085496425629e-02
1.641369163990020752e-01 -2.966708689928054810e-02
1.787467449903488159e-01 -3.109962679445743561e-02
1.894460469484329224e-01 -3.211423009634017944e-02
1.974828690290451050e-01 -3.285903856158256531e-02
2.171699553728103638e-01 -3.462681919336318970e-02
2.239110171794891357e-01 -3.521497175097465515e-02
2.339035272598266602e-01 -3.607183694839477539e-02
2.447180598974227905e-01 -3.697987645864486694e-02
2.518054246902465820e-01 -3.756446018815040588e-02
2.606998682022094727e-01 -3.828664869070053101e-02
2.702288925647735596e-01 -3.904650360345840454e-02
2.778542041778564453e-01 -3.964439034461975098e-02
2.899858653545379639e-01 -4.057720303535461426e-02
3.029058575630187988e-01 -4.154580458998680115e-02
3.186962902545928955e-01 -4.269468784332275391e-02
3.322513997554779053e-01 -4.364982619881629944e-02
3.477734327316284180e-01 -4.470728710293769836e-02
3.612064719200134277e-01 -4.559014737606048584e-02
3.721404969692230225e-01 -4.628583043813705444e-02
3.807666301727294922e-01 -4.681969061493873596e-02
3.886901140213012695e-01 -4.729805141687393188e-02
3.952315747737884521e-01 -4.768408834934234619e-02
4.023671448230743408e-01 -4.809578880667686462e-02
4.101981818675994873e-01 -4.853602871298789978e-02
4.212748408317565918e-01 -4.913741722702980042e-02
4.297505319118499756e-01 -4.958016052842140198e-02
4.373250305652618408e-01 -4.996261373162269592e-02
4.550260901451110840e-01 -5.080572888255119324e-02
4.792136847972869873e-01 -5.183614045381546021e-02
4.861899316310882568e-01 -5.210569128394126892e-02
4.966853260993957520e-01 -5.248679593205451965e-02
5.097956657409667969e-01 -5.292016640305519104e-02
5.171351432800292969e-01 -5.314137414097785950e-02
5.201908946037292480e-01 -5.322880297899246216e-02
5.347188711166381836e-01 -5.360617116093635559e-02
5.544363260269165039e-01 -5.401265248656272888e-02
5.662368535995483398e-01 -5.419471487402915955e-02
5.732361078262329102e-01 -5.428012832999229431e-02
6.079009771347045898e-01 -5.443903058767318726e-02
6.110382676124572754e-01 -5.443050712347030640e-02
6.198462247848510742e-01 -5.438502505421638489e-02
6.225737333297729492e-01 -5.436438694596290588e-02
6.302900314331054688e-01 -5.428865551948547363e-02
6.344411373138427734e-01 -5.423713102936744690e-02
6.562415361404418945e-01 -5.383660271763801575e-02
6.772881150245666504e-01 -5.322775617241859436e-02
6.986194849014282227e-01 -5.236496776342391968e-02
7.019551396369934082e-01 -5.220603942871093750e-02
7.185149788856506348e-01 -5.131415650248527527e-02
7.258152961730957031e-01 -5.086415633559226990e-02
7.344021201133728027e-01 -5.028788372874259949e-02
7.416611313819885254e-01 -4.975956678390502930e-02
7.546095848083496094e-01 -4.871877282857894897e-02
7.617986202239990234e-01 -4.808380454778671265e-02
7.680367827415466309e-01 -4.749821126461029053e-02
7.798574566841125488e-01 -4.629619047045707703e-02
7.903392314910888672e-01 -4.512361809611320496e-02
7.929384112358093262e-01 -4.481657221913337708e-02
8.002857565879821777e-01 -4.391225799918174744e-02
8.030337095260620117e-01 -4.355985298752784729e-02
8.084830641746520996e-01 -4.283748194575309753e-02
8.125668764114379883e-01 -4.227504879236221313e-02
8.376599550247192383e-01 -3.839229419827461243e-02
8.461930751800537109e-01 -3.688988462090492249e-02
8.646494150161743164e-01 -3.328347951173782349e-02
8.704545497894287109e-01 -3.204009681940078735e-02
8.862743973731994629e-01 -2.836180105805397034e-02
8.933975696563720703e-01 -2.655944414436817169e-02
9.010441303253173828e-01 -2.452044002711772919e-02
9.058539271354675293e-01 -2.318313159048557281e-02
9.160783886909484863e-01 -2.021078579127788544e-02
9.337303042411804199e-01 -1.484148204326629639e-02
9.452246427536010742e-01 -1.152545679360628128e-02
9.533917903900146484e-01 -9.483935311436653137e-03
9.600591063499450684e-01 -8.066871203482151031e-03
9.620111584663391113e-01 -7.692833896726369858e-03
