9.676657915115356445e-01 2.138311276212334633e-03
9.673581123352050781e-01 2.300373045727610588e-03
9.661154747009277344e-01 2.919808030128479004e-03
9.600880742073059082e-01 5.564782768487930298e-03
9.514414072036743164e-01 8.970237337052822113e-03
9.429927468299865723e-01 1.210853084921836853e-02
9.321547746658325195e-01 1.597943156957626343e-02
9.279518723487854004e-01 1.744672283530235291e-02
9.130438566207885742e-01 2.253599092364311218e-02
9.061636328697204590e-01 2.483394928276538849e-02
8.960874676704406738e-01 2.815016359090805054e-02
8.912926316261291504e-01 2.970942854881286621e-02
8.810483813285827637e-01 3.300252184271812439e-02
8.681321144104003906e-01 3.708481416106224060e-02
8.460369706153869629e-01 4.389661177992820740e-02
8.392116427421569824e-01 4.595801979303359985e-02
8.255857229232788086e-01 5.001231282949447632e-02
8.215622901916503906e-01 5.119387432932853699e-02
8.132214546203613281e-01 5.362003669142723083e-02
8.093944787979125977e-01 5.472251027822494507e-02
7.820151448249816895e-01 6.240752711892127991e-02
7.605084776878356934e-01 6.817768514156341553e-02
7.576962709426879883e-01 6.891366094350814819e-02
7.491861581802368164e-01 7.111328095197677612e-02
7.288139462471008301e-01 7.620370388031005859e-02
7.240090370178222656e-01 7.736646384000778198e-02
7.164343595504760742e-01 7.916878163814544678e-02
7.073826193809509277e-01 8.127183467149734497e-02
6.886402964591979980e-01 8.544196188449859619e-02
6.654443144798278809e-01 9.023622423410415649e-02
6.557446718215942383e-01 9.211356937885284424e-02
6.485415697097778320e-01 9.345718473196029663e-02
6.377734541893005371e-01 9.538331627845764160e-02
6.238038539886474609e-01 9.773137420415878296e-02
6.181710958480834961e-01 9.862893819808959961e-02
6.160842180252075195e-01 9.895423799753189087e-02
6.000646352767944336e-01 1.013189181685447693e-01
5.857377648353576660e-01 1.032327190041542053e-01
5.659598708152770996e-01 1.055585369467735291e-01
5.580229759216308594e-01 1.063882410526275635e-01
5.486027002334594727e-01 1.072957962751388550e-01
5.441076159477233887e-01 1.076993793249130249e-01
5.131015777587890625e-01 1.099681705236434937e-01
5.074839591979980469e-01 1.102839410305023193e-01
4.896332919597625732e-01 1.110965460538864136e-01
4.831134080886840820e-01 1.113219261169433594e-01
4.707368016242980957e-01 1.116463765501976013e-01
4.612159729003906250e-01 1.118050739169120789e-01
4.379248321056365967e-01 1.118680536746978760e-01
4.315887987613677979e-01 1.118070185184478760e-01
4.236387014389038086e-01 1.116841807961463928e-01
4.169656038284301758e-01 1.115418225526809692e-01
4.047176539897918701e-01 1.111886426806449890e-01
3.951776921749114990e-01 1.108325943350791931e-01
3.899226486682891846e-01 1.106066182255744934e-01
3.814530670642852783e-01 1.101984158158302307e-01
3.691467046737670898e-01 1.095098108053207397e-01
3.585817813873291016e-01 1.088298410177230835e-01
3.522143959999084473e-01 1.083809584379196167e-01
3.368961513042449951e-01 1.071824282407760620e-01
3.270404338836669922e-01 1.063237115740776062e-01
3.203526139259338379e-01 1.057023555040359497e-01
3.068015873432159424e-01 1.043481528759002686e-01
2.962778508663177490e-01 1.032091304659843445e-01
2.877512574195861816e-01 1.022303178906440735e-01
2.745561897754669189e-01 1.006169021129608154e-01
2.592629492282867432e-01 9.859579801559448242e-02
2.495635449886322021e-01 9.722892940044403076e-02
2.413690537214279175e-01 9.602183848619461060e-02
2.373373508453369141e-01 9.541012346744537354e-02
2.357553988695144653e-01 9.516688436269760132e-02
2.279259264469146729e-01 9.393578022718429565e-02
2.200558185577392578e-01 9.265203028917312622e-02
1.792525053024291992e-01 8.520255982875823975e-02
1.594554036855697632e-01 8.105564117431640625e-02
1.481226086616516113e-01 7.850195467472076416e-02
1.282354593276977539e-01 7.366176694631576538e-02
1.222633048892021179e-01 7.210915535688400269e-02
1.163586005568504333e-01 7.052443921566009521e-02
1.036700978875160217e-01 6.693749129772186279e-02
9.495534747838973999e-02 6.431501358747482300e-02
8.889240026473999023e-02 6.240545585751533508e-02
7.084006816148757935e-02 5.624078214168548584e-02
5.741281807422637939e-02 5.109271034598350525e-02
4.990484938025474548e-02 4.795305058360099792e-02
3.593875095248222351e-02 4.147772490978240967e-02
2.238189056515693665e-02 3.411510586738586426e-02
2.069585211575031281e-02 3.309888765215873718e-02
1.023928914219141006e-02 2.607743069529533386e-02
7.218781393021345139e-03 2.374004945158958435e-02
4.790327511727809906e-03 2.171555347740650177e-02
2.748694096226245165e-04 1.746696420013904572e-02
-7.837363518774509430e-03 4.809641744941473007e-03
-8.126671425998210907e-03 3.370194695889949799e-03
-8.214022964239120483e-03 8.950225310400128365e-04
-8.099126629531383514e-03 -8.572327715228311718e-06
-7.581080310046672821e-03 -1.848495099693536758e-03
-6.984505802392959595e-03 -3.090247279033064842e-03
-6.029117852449417114e-03 -4.489940591156482697e-03
-4.417219664901494980e-03 -6.159010808914899826e-03
-1.917343703098595142e-03 -7.976314052939414978e-03
-1.429301337338984013e-04 -8.962972089648246765e-03
4.423985723406076431e-03 -1.087065786123275757e-02
7.256929762661457062e-03 -1.176569331437349319e-02
1.662819832563400269e-02 -1.385952159762382507e-02
2.538033947348594666e-02 -1.511440239846706390e-02
3.724626824259757996e-02 -1.622208021581172943e-02
4.312144219875335693e-02 -1.660400815308094025e-02
7.172028720378875732e-02 -1.753755286335945129e-02
8.083443343639373779e-02 -1.762201637029647827e-02
8.455919474363327026e-02 -1.763578876852989197e-02
1.067240610718727112e-01 -1.752100512385368347e-02
1.168104931712150574e-01 -1.737952791154384613e-02
1.258444339036941528e-01 -1.721572317183017731e-02
1.355430930852890015e-01 -1.700651459395885468e-02
1.563112139701843262e-01 -1.646377146244049072e-02
1.616207212209701538e-01 -1.630772836506366730e-02
1.732564419507980347e-01 -1.594546064734458923e-02
1.875350475311279297e-01 -1.546817366033792496e-02
1.985378265380859375e-01 -1.507994066923856735e-02
2.120899707078933716e-01 -1.458167191594839096e-02
2.246815264225006104e-01 -1.410236768424510956e-02
2.287375479936599731e-01 -1.394513342529535294e-02
2.436998486518859863e-01 -1.335511729121208191e-02
2.616005241870880127e-01 -1.263272762298583984e-02
2.681276202201843262e-01 -1.236592326313257217e-02
2.862563729286193848e-01 -1.161811593919992447e-02
2.901479601860046387e-01 -1.145662181079387665e-02
3.050747215747833252e-01 -1.083520799875259399e-02
3.074767589569091797e-01 -1.073501072824001312e-02
3.180527985095977783e-01 -1.029360387474298477e-02
3.241311609745025635e-01 -1.003991626203060150e-02
3.332208693027496338e-01 -9.660854935646057129e-03
3.395845592021942139e-01 -9.395882487297058105e-03
3.511675894260406494e-01 -8.914884179830551147e-03
3.601793944835662842e-01 -8.542204275727272034e-03
3.777745664119720459e-01 -7.819666527211666107e-03
3.820460140705108643e-01 -7.645462639629840851e-03
3.847773969173431396e-01 -7.534344214946031570e-03
3.958906829357147217e-01 -7.084575016051530838e-03
4.053483009338378906e-01 -6.705023348331451416e-03
4.120810627937316895e-01 -6.436763796955347061e-03
4.171508848667144775e-01 -6.235874257981777191e-03
4.294254779815673828e-01 -5.753674544394016266e-03
4.437922537326812744e-01 -5.197143647819757462e-03
4.520066082477569580e-01 -4.882907494902610779e-03
4.564065039157867432e-01 -4.715805407613515854e-03
4.730297327041625977e-01 -4.092201124876737595e-03
4.924097359180450439e-01 -3.380670677870512009e-03
4.995149672031402588e-01 -3.123932983726263046e-03
5.024656057357788086e-01 -3.017954295501112938e-03
5.111244916915893555e-01 -2.709114225581288338e-03
5.188845992088317871e-01 -2.435013419017195702e-03
5.197327733039855957e-01 -2.405204111710190773e-03
5.321735739707946777e-01 -1.971397316083312035e-03
5.412686467170715332e-01 -1.658230554312467575e-03
5.500217676162719727e-01 -1.359970890916883945e-03
5.627587437629699707e-01 -9.314581402577459812e-04
5.790060162544250488e-01 -3.944829804822802544e-04
5.857890248298645020e-01 -1.736190606607124209e-04
5.921162962913513184e-01 3.056790956179611385e-05
5.990273952484130859e-01 2.514897205401211977e-04
6.089899539947509766e-01 5.658877780660986900e-04
6.135770082473754883e-01 7.089524297043681145e-04
6.354222297668457031e-01 1.374227693304419518e-03
6.527578234672546387e-01 1.880999188870191574e-03
6.646668314933776855e-01 2.216744003817439079e-03
6.762088537216186523e-01 2.531438367441296577e-03
6.881803274154663086e-01 2.845670329406857491e-03
6.977481842041015625e-01 3.087142482399940491e-03
7.271812558174133301e-01 3.768921364098787308e-03
7.348175048828125000e-01 3.928965888917446136e-03
7.448046207427978516e-01 4.126564133912324905e-03
7.573372721672058105e-01 4.354287870228290558e-03
7.814593911170959473e-01 4.721136298030614853e-03
7.853172421455383301e-01 4.770101513713598251e-03
8.051754236221313477e-01 4.973708186298608780e-03
8.113221526145935059e-01 5.018742289394140244e-03
8.216246366500854492e-01 5.072824191302061081e-03
8.302532434463500977e-01 5.095637869089841843e-03
8.529947400093078613e-01 5.040787160396575928e-03
8.580954074859619141e-01 5.001909565180540085e-03
8.660011887550354004e-01 4.919091239571571350e-03
8.733012676239013672e-01 4.815653897821903229e-03
9.004900455474853516e-01 4.138091113418340683e-03
9.155481457710266113e-01 3.482814878225326538e-03
9.297658205032348633e-01 2.568555762991309166e-03
9.434739351272583008e-01 1.238131895661354065e-03
9.581738710403442383e-01 -1.163664390332996845e-03
9.630861878395080566e-01 -2.400215482339262962e-03
9.643795490264892578e-01 -2.781594404950737953e-03
9.654054045677185059e-01 -3.102920949459075928e-03
