9.713606238365173340e-01 7.505780085921287537e-03
9.711883664131164551e-01 7.673006970435380936e-03
9.700721502304077148e-01 8.681525476276874542e-03
9.671670794486999512e-01 1.096407696604728699e-02
9.574243426322937012e-01 1.724774949252605438e-02
9.523273110389709473e-01 2.013916522264480591e-02
9.470295310020446777e-01 2.297134138643741608e-02
9.456615447998046875e-01 2.367909252643585205e-02
9.417167901992797852e-01 2.567301876842975616e-02
9.345658421516418457e-01 2.913146466016769409e-02
9.244209527969360352e-01 3.375135734677314758e-02
9.208540916442871094e-01 3.530704602599143982e-02
9.089165329933166504e-01 4.028899222612380981e-02
9.015681743621826172e-01 4.320102557539939880e-02
8.877330422401428223e-01 4.840261861681938171e-02
8.797326683998107910e-01 5.125784873962402344e-02
8.728752732276916504e-01 5.362306535243988037e-02
8.657273650169372559e-01 5.601178854703903198e-02
8.546843528747558594e-01 5.955727025866508484e-02
8.509143590927124023e-01 6.072901934385299683e-02
8.425161838531494141e-01 6.327176094055175781e-02
8.309543728828430176e-01 6.662579625844955444e-02
8.142432570457458496e-01 7.119097560644149780e-02
8.116558790206909180e-01 7.186922430992126465e-02
7.994021773338317871e-01 7.498200982809066772e-02
7.937914133071899414e-01 7.635384052991867065e-02
7.777150869369506836e-01 8.010651171207427979e-02
7.706226110458374023e-01 8.168095350265502930e-02
7.515813708305358887e-01 8.567293733358383179e-02
7.427628040313720703e-01 8.740990608930587769e-02
7.269364595413208008e-01 9.035672247409820557e-02
7.174681425094604492e-01 9.201803058385848999e-02
7.065992355346679688e-01 9.383413940668106079e-02
6.950471997261047363e-01 9.566007554531097412e-02
6.713235378265380859e-01 9.908331185579299927e-02
6.642223596572875977e-01 1.000246703624725342e-01
6.573635935783386230e-01 1.008981093764305115e-01
6.529711484909057617e-01 1.014391705393791199e-01
6.322935223579406738e-01 1.037970408797264099e-01
6.278382539749145508e-01 1.042646244168281555e-01
6.171776652336120605e-01 1.053259596228599548e-01
5.932289361953735352e-01 1.074174344539642334e-01
5.824800133705139160e-01 1.082257553935050964e-01
5.736435055732727051e-01 1.088302284479141235e-01
5.686249136924743652e-01 1.091494709253311157e-01
5.620154142379760742e-01 1.095435246825218201e-01
5.439224243164062500e-01 1.104686558246612549e-01
5.240471363067626953e-01 1.112269312143325806e-01
5.141511559486389160e-01 1.115041971206665039e-01
4.981181323528289795e-01 1.118122339248657227e-01
4.825816452503204346e-01 1.119446232914924622e-01
4.766746163368225098e-01 1.119521632790565491e-01
4.655705094337463379e-01 1.119025200605392456e-01
4.525281786918640137e-01 1.117380782961845398e-01
4.398212730884552002e-01 1.114677116274833679e-01
4.265924990177154541e-01 1.110709086060523987e-01
4.190948903560638428e-01 1.107937395572662354e-01
4.103984534740447998e-01 1.104250177741050720e-01
3.880260884761810303e-01 1.092430353164672852e-01
3.848145008087158203e-01 1.090457811951637268e-01
3.727551102638244629e-01 1.082431897521018982e-01
3.466571569442749023e-01 1.061708927154541016e-01
3.288687467575073242e-01 1.044943705201148987e-01
3.120860457420349121e-01 1.027147024869918823e-01
2.907718718051910400e-01 1.001743972301483154e-01
2.770716547966003418e-01 9.837350994348526001e-02
2.690825760364532471e-01 9.726166725158691406e-02
2.641522288322448730e-01 9.655250608921051025e-02
2.619154751300811768e-01 9.622500836849212646e-02
2.545636594295501709e-01 9.512265026569366455e-02
2.463915944099426270e-01 9.385035932064056396e-02
2.308532446622848511e-01 9.129188954830169678e-02
2.159045785665512085e-01 8.865258842706680298e-02
2.049303948879241943e-01 8.659934997558593750e-02
1.965631097555160522e-01 8.496544510126113892e-02
1.868197321891784668e-01 8.298522233963012695e-02
1.748037636280059814e-01 8.042281866073608398e-02
1.628760844469070435e-01 7.773984968662261963e-02
1.572383046150207520e-01 7.642048597335815430e-02
1.373161971569061279e-01 7.147105038166046143e-02
1.208771690726280212e-01 6.700889021158218384e-02
1.118595823645591736e-01 6.439384818077087402e-02
9.138260036706924438e-02 5.793010815978050232e-02
7.315811514854431152e-02 5.140883103013038635e-02
6.363701075315475464e-02 4.762676730751991272e-02
5.960006639361381531e-02 4.592787846922874451e-02
5.512143671512603760e-02 4.396729543805122375e-02
4.943904280662536621e-02 4.135083779692649841e-02
3.739096596837043762e-02 3.521705418825149536e-02
2.586596086621284485e-02 2.831667102873325348e-02
2.063737995922565460e-02 2.469641901552677155e-02
1.035899948328733444e-02 1.606268808245658875e-02
6.612149532884359360e-03 1.201955694705247879e-02
4.275488667190074921e-03 8.987500332295894623e-03
9.210708085447549820e-04 2.694376744329929352e-03
3.141243942081928253e-04 3.551525296643376350e-04
1.617349480511620641e-04 -1.277620089240372181e-03
2.073416835628449917e-04 -2.344817621633410454e-03
6.206709658727049828e-04 -4.196311347186565399e-03
1.404392533004283905e-03 -5.785138346254825592e-03
2.704890677705407143e-03 -7.352709770202636719e-03
3.696325933560729027e-03 -8.200132288038730621e-03
6.805606652051210403e-03 -1.002501789480447769e-02
1.158088911324739456e-02 -1.173833385109901428e-02
1.789544709026813507e-02 -1.315808203071355820e-02
2.781247720122337341e-02 -1.453440450131893158e-02
3.539710119366645813e-02 -1.521887630224227905e-02
4.434362053871154785e-02 -1.577142812311649323e-02
5.706017464399337769e-02 -1.620899140834808350e-02
6.720940023660659790e-02 -1.632265746593475342e-02
7.580895721912384033e-02 -1.627954654395580292e-02
8.540500700473785400e-02 -1.609894819557666779e-02
9.401147812604904175e-02 -1.583250798285007477e-02
1.078387722373008728e-01 -1.523020491003990173e-02
1.127262637019157410e-01 -1.497380994260311127e-02
1.369087249040603638e-01 -1.345733739435672760e-02
1.508118659257888794e-01 -1.245548482984304428e-02
1.582587659358978271e-01 -1.189514808356761932e-02
1.781520247459411621e-01 -1.035425998270511627e-02
1.871588230133056641e-01 -9.648171253502368927e-03
1.998928934335708618e-01 -8.653286844491958618e-03
2.080150842666625977e-01 -8.025101386010646820e-03
2.155938446521759033e-01 -7.445837836712598801e-03
2.213127017021179199e-01 -7.014137692749500275e-03
2.353886365890502930e-01 -5.975238513201475143e-03
2.446186691522598267e-01 -5.314981564879417419e-03
2.534759044647216797e-01 -4.698873497545719147e-03
2.603148818016052246e-01 -4.235682077705860138e-03
2.728321850299835205e-01 -3.417945932596921921e-03
2.828241586685180664e-01 -2.794511383399367332e-03
2.916996777057647705e-01 -2.263547154143452644e-03
2.987267971038818359e-01 -1.858858158811926842e-03
3.109472095966339111e-01 -1.189043745398521423e-03
3.203652799129486084e-01 -7.029823609627783298e-04
3.371320366859436035e-01 9.555005090078338981e-05
3.452568650245666504e-01 4.510581493377685547e-04
3.637665808200836182e-01 1.182554056867957115e-03
3.713480532169342041e-01 1.450198935344815254e-03
3.807887434959411621e-01 1.757126534357666969e-03
4.112453162670135498e-01 2.545001450926065445e-03
4.192355871200561523e-01 2.699977252632379532e-03
4.336989521980285645e-01 2.925489330664277077e-03
4.432177543640136719e-01 3.035287605598568916e-03
4.508724212646484375e-01 3.101448528468608856e-03
4.622421860694885254e-01 3.163651796057820320e-03
4.671710133552551270e-01 3.177376464009284973e-03
4.838172197341918945e-01 3.165905596688389778e-03
4.948818683624267578e-01 3.110529156401753426e-03
5.058169960975646973e-01 3.020334057509899139e-03
5.246767997741699219e-01 2.788546029478311539e-03
5.365325808525085449e-01 2.599036553874611855e-03
5.410320758819580078e-01 2.519397065043449402e-03
5.654336214065551758e-01 2.028851769864559174e-03
5.728424191474914551e-01 1.865430152975022793e-03
5.957441926002502441e-01 1.343068899586796761e-03
6.078780889511108398e-01 1.068715006113052368e-03
6.152752041816711426e-01 9.067470673471689224e-04
6.247732043266296387e-01 7.079991046339273453e-04
6.379659175872802734e-01 4.552892060019075871e-04
6.496543288230895996e-01 2.604815526865422726e-04
6.585522294044494629e-01 1.340611925115808845e-04
6.733413338661193848e-01 -2.810817568388301879e-05
6.814667582511901855e-01 -8.925062138587236404e-05
6.946099400520324707e-01 -1.429030817234888673e-04
7.064304947853088379e-01 -1.410560071235522628e-04
7.228000164031982422e-01 -5.737444007536396384e-05
7.408419251441955566e-01 1.453592849429696798e-04
7.529208660125732422e-01 3.451509692240506411e-04
7.710919380187988281e-01 7.391240797005593777e-04
7.870070338249206543e-01 1.171237789094448090e-03
8.044348955154418945e-01 1.729351235553622246e-03
8.171141743659973145e-01 2.184893703088164330e-03
8.359928727149963379e-01 2.927209716290235519e-03
8.465206027030944824e-01 3.367025637999176979e-03
8.572451472282409668e-01 3.827607957646250725e-03
8.679929971694946289e-01 4.295213613659143448e-03
8.788344860076904297e-01 4.764350131154060364e-03
8.862808942794799805e-01 5.079330410808324814e-03
9.042687416076660156e-01 5.782018415629863739e-03
9.082338213920593262e-01 5.918666254729032516e-03
9.126634597778320312e-01 6.059835199266672134e-03
9.172770380973815918e-01 6.191222462803125381e-03
9.277665615081787109e-01 6.410175003111362457e-03
9.319207072257995605e-01 6.455961149185895920e-03
9.399641156196594238e-01 6.450363434851169586e-03
9.444036483764648438e-01 6.376622244715690613e-03
9.512230157852172852e-01 6.123654078692197800e-03
9.564953446388244629e-01 5.764867644757032394e-03
9.640300869941711426e-01 4.862310830503702164e-03
9.686928987503051758e-01 3.947637975215911865e-03
9.707320332527160645e-01 3.428361844271421432e-03
9.714638590812683105e-01 3.221822902560234070e-03
