9.694888591766357422e-01 8.514315122738480568e-04
9.692982435226440430e-01 9.865288157016038895e-04
9.680333733558654785e-01 1.827402855269610882e-03
9.619891047477722168e-01 5.206694360822439194e-03
9.519429206848144531e-01 9.914130903780460358e-03
9.458643794059753418e-01 1.249729562550783157e-02
9.386799335479736328e-01 1.538563333451747894e-02
9.328226447105407715e-01 1.763709075748920441e-02
9.262167215347290039e-01 2.008514665067195892e-02
9.229770898818969727e-01 2.125458978116512299e-02
9.104202389717102051e-01 2.562251500785350800e-02
9.052417278289794922e-01 2.735586278140544891e-02
8.961901068687438965e-01 3.030224516987800598e-02
8.871555328369140625e-01 3.314658999443054199e-02
8.718381524085998535e-01 3.777202218770980835e-02
8.602112531661987305e-01 4.113306850194931030e-02
8.511201143264770508e-01 4.367809742689132690e-02
8.403840661048889160e-01 4.659514874219894409e-02
8.304147720336914062e-01 4.922185093164443970e-02
8.214704394340515137e-01 5.151401832699775696e-02
8.077414035797119141e-01 5.491757765412330627e-02
7.987332940101623535e-01 5.707732960581779480e-02
7.856659889221191406e-01 6.010974943637847900e-02
7.770572304725646973e-01 6.204337254166603088e-02
7.626955509185791016e-01 6.515752524137496948e-02
7.519963383674621582e-01 6.738760322332382202e-02
7.417759299278259277e-01 6.944658607244491577e-02
7.312078475952148438e-01 7.150249928236007690e-02
7.141700387001037598e-01 7.466035336256027222e-02
7.078816294670104980e-01 7.577686011791229248e-02
6.924451589584350586e-01 7.840473949909210205e-02
6.848847270011901855e-01 7.963304966688156128e-02
6.690101027488708496e-01 8.208517730236053467e-02
6.625351309776306152e-01 8.303556591272354126e-02
6.473714113235473633e-01 8.514763414859771729e-02
6.423890590667724609e-01 8.580659329891204834e-02
6.225715279579162598e-01 8.825459331274032593e-02
6.126114726066589355e-01 8.937995135784149170e-02
5.974000692367553711e-01 9.096214175224304199e-02
5.803224444389343262e-01 9.254132956266403198e-02
5.739455819129943848e-01 9.307744354009628296e-02
5.558021068572998047e-01 9.444373846054077148e-02
5.407133102416992188e-01 9.540141373872756958e-02
5.345447659492492676e-01 9.574649482965469360e-02
5.225058794021606445e-01 9.634277224540710449e-02
5.167618989944458008e-01 9.659153968095779419e-02
4.920373857021331787e-01 9.740141779184341431e-02
4.827620685100555420e-01 9.759733825922012329e-02
4.740465879440307617e-01 9.772851318120956421e-02
4.636062681674957275e-01 9.781882166862487793e-02
4.490911066532135010e-01 9.782477468252182007e-02
4.354637265205383301e-01 9.770537912845611572e-02
4.284769296646118164e-01 9.759790450334548950e-02
4.040690660476684570e-01 9.697953611612319946e-02
3.968433737754821777e-01 9.672497957944869995e-02
3.900503814220428467e-01 9.645622223615646362e-02
3.801416158676147461e-01 9.601330012083053589e-02
3.740584850311279297e-01 9.571164101362228394e-02
3.551504313945770264e-01 9.463053196668624878e-02
3.419005870819091797e-01 9.374418109655380249e-02
3.344223201274871826e-01 9.319724142551422119e-02
3.204633295536041260e-01 9.208612889051437378e-02
3.051707148551940918e-01 9.073357284069061279e-02
2.933561801910400391e-01 8.959092944860458374e-02
2.767057716846466064e-01 8.783385902643203735e-02
2.677983939647674561e-01 8.682216703891754150e-02
2.615546286106109619e-01 8.608263731002807617e-02
2.548230290412902832e-01 8.525683730840682983e-02
2.222792059183120728e-01 8.082991838455200195e-02
2.132598459720611572e-01 7.946848124265670776e-02
2.044559270143508911e-01 7.807936519384384155e-02
1.948567479848861694e-01 7.649383693933486938e-02
1.841080337762832642e-01 7.462590932846069336e-02
1.692114323377609253e-01 7.186336815357208252e-02
1.537562757730484009e-01 6.876231729984283447e-02
1.412400603294372559e-01 6.605444103479385376e-02
1.377316117286682129e-01 6.526075303554534912e-02
1.248182952404022217e-01 6.219578161835670471e-02
1.137166991829872131e-01 5.936111137270927429e-02
1.039591878652572632e-01 5.669549480080604553e-02
9.409745782613754272e-02 5.381211638450622559e-02
8.279284834861755371e-02 5.023486167192459106e-02
7.389356195926666260e-02 4.717855900526046753e-02
6.161866337060928345e-02 4.253986477851867676e-02
5.071188881993293762e-02 3.790216147899627686e-02
4.468235000967979431e-02 3.507471084594726562e-02
3.729221597313880920e-02 3.128589689731597900e-02
3.463900089263916016e-02 2.982168085873126984e-02
2.837118133902549744e-02 2.609224244952201843e-02
1.984981819987297058e-02 2.019904367625713348e-02
1.338909938931465149e-02 1.469478011131286621e-02
8.511620573699474335e-03 9.291219525039196014e-03
7.220821455121040344e-03 7.459794636815786362e-03
6.126193795353174210e-03 5.608510226011276245e-03
5.095945671200752258e-03 3.305490827187895775e-03
4.864172078669071198e-03 2.604266162961721420e-03
4.404366482049226761e-03 9.916035924106836319e-05
5.030013620853424072e-03 -3.420477034524083138e-03
6.389472167938947678e-03 -5.441077053546905518e-03
7.305996492505073547e-03 -6.311397999525070190e-03
8.800240233540534973e-03 -7.381611037999391556e-03
1.010848209261894226e-02 -8.110077120363712311e-03
1.218645833432674408e-02 -9.026409126818180084e-03
1.736526191234588623e-02 -1.060563512146472931e-02
2.791305258870124817e-02 -1.248678378760814667e-02
3.789054602384567261e-02 -1.361992489546537399e-02
4.743823409080505371e-02 -1.446485426276922226e-02
5.944177135825157166e-02 -1.537457481026649475e-02
7.453399151563644409e-02 -1.640716753900051117e-02
8.734836429357528687e-02 -1.723505929112434387e-02
1.000428199768066406e-01 -1.802583411335945129e-02
1.067468747496604919e-01 -1.843276433646678925e-02
1.144181266427040100e-01 -1.888919249176979065e-02
1.268650144338607788e-01 -1.960755698382854462e-02
1.412345618009567261e-01 -2.039960026741027832e-02
1.505790799856185913e-01 -2.089133299887180328e-02
1.565547585487365723e-01 -2.119558490812778473e-02
1.696973443031311035e-01 -2.183549851179122925e-02
1.845689415931701660e-01 -2.250917069613933563e-02
1.888641417026519775e-01 -2.269350923597812653e-02
2.125245928764343262e-01 -2.362498454749584198e-02
2.174785882234573364e-01 -2.380187064409255981e-02
2.316485792398452759e-01 -2.427306398749351501e-02
2.363623678684234619e-01 -2.441841736435890198e-02
2.541927397251129150e-01 -2.491706237196922302e-02
2.615006566047668457e-01 -2.509823627769947052e-02
2.718807458877563477e-01 -2.533267438411712646e-02
2.814876437187194824e-01 -2.552589215338230133e-02
2.997306883335113525e-01 -2.583088725805282593e-02
3.091838359832763672e-01 -2.595748752355575562e-02
3.161454200744628906e-01 -2.603718824684619904e-02
3.249396681785583496e-01 -2.612161077558994293e-02
3.359448909759521484e-01 -2.620194107294082642e-02
3.423477709293365479e-01 -2.623583935201168060e-02
3.583878278732299805e-01 -2.627970837056636810e-02
3.633725941181182861e-01 -2.628146484494209290e-02
3.871561288833618164e-01 -2.621308714151382446e-02
3.944121003150939941e-01 -2.616703324019908905e-02
4.058724641799926758e-01 -2.607029862701892853e-02
4.213597178459167480e-01 -2.589270286262035370e-02
4.271862208843231201e-01 -2.581183612346649170e-02
4.452603459358215332e-01 -2.551135420799255371e-02
4.567372798919677734e-01 -2.528084442019462585e-02
4.618893563747406006e-01 -2.516709081828594208e-02
4.821420311927795410e-01 -2.465623058378696442e-02
4.893161952495574951e-01 -2.445007488131523132e-02
4.975883066654205322e-01 -2.419531717896461487e-02
5.085304379463195801e-01 -2.382928691804409027e-02
5.234862565994262695e-01 -2.327289246022701263e-02
5.383114218711853027e-01 -2.265345491468906403e-02
5.460498332977294922e-01 -2.230175025761127472e-02
5.548246502876281738e-01 -2.187833935022354126e-02
5.659203529357910156e-01 -2.130411192774772644e-02
5.715725421905517578e-01 -2.099442109465599060e-02
5.872564911842346191e-01 -2.007260359823703766e-02
6.001983284950256348e-01 -1.924131810665130615e-02
6.090854406356811523e-01 -1.863322779536247253e-02
6.225196123123168945e-01 -1.765713095664978027e-02
6.321103572845458984e-01 -1.691957376897335052e-02
6.407919526100158691e-01 -1.622397825121879578e-02
6.464337110519409180e-01 -1.575837843120098114e-02
6.532223820686340332e-01 -1.518468093127012253e-02
6.612065434455871582e-01 -1.449223980307579041e-02
6.651720404624938965e-01 -1.414166949689388275e-02
6.747152209281921387e-01 -1.328133046627044678e-02
6.845363378524780273e-01 -1.237394008785486221e-02
6.967228651046752930e-01 -1.122206822037696838e-02
7.184918522834777832e-01 -9.113548323512077332e-03
7.260125279426574707e-01 -8.375836536288261414e-03
7.455098628997802734e-01 -6.457841955125331879e-03
7.802295088768005371e-01 -3.098392859101295471e-03
7.856860756874084473e-01 -2.585542155429720879e-03
7.976204156875610352e-01 -1.485586632043123245e-03
8.044869899749755859e-01 -8.685101638548076153e-04
8.223258852958679199e-01 6.680626538582146168e-04
8.332682847976684570e-01 1.553256646730005741e-03
8.416270017623901367e-01 2.194171072915196419e-03
8.532564043998718262e-01 3.026724560186266899e-03
8.800221681594848633e-01 4.609875380992889404e-03
8.868519067764282227e-01 4.919216968119144440e-03
9.004082083702087402e-01 5.383013747632503510e-03
9.041488766670227051e-01 5.469716619700193405e-03
9.127185344696044922e-01 5.587093532085418701e-03
9.192543625831604004e-01 5.587855353951454163e-03
9.382002353668212891e-01 4.983524326235055923e-03
9.417929649353027344e-01 4.727712832391262054e-03
9.516235589981079102e-01 3.669484518468379974e-03
9.579068422317504883e-01 2.601515734568238258e-03
9.643507599830627441e-01 9.989497484639286995e-04
9.678550958633422852e-01 -1.865127997007220984e-04
9.690627455711364746e-01 -6.596904713660478592e-04
9.697448015213012695e-01 -9.427104960195720196e-04
