9.704536199569702148e-01 7.399392314255237579e-03
9.701399207115173340e-01 7.643269374966621399e-03
9.665336012840270996e-01 1.002541184425354004e-02
9.628829360008239746e-01 1.209511607885360718e-02
9.476696252822875977e-01 1.961455866694450378e-02
9.411226511001586914e-01 2.260313555598258972e-02
9.288233518600463867e-01 2.800493314862251282e-02
9.245086312294006348e-01 2.984965965151786804e-02
9.135366678237915039e-01 3.444719314575195312e-02
9.053395390510559082e-01 3.780606761574745178e-02
8.948238492012023926e-01 4.203194752335548401e-02
8.879849910736083984e-01 4.473427683115005493e-02
8.798072338104248047e-01 4.792113229632377625e-02
8.656591773033142090e-01 5.332590639591217041e-02
8.473862409591674805e-01 6.011154502630233765e-02
8.427755236625671387e-01 6.178972497582435608e-02
8.355500698089599609e-01 6.439238786697387695e-02
8.211660385131835938e-01 6.947418302297592163e-02
8.146265745162963867e-01 7.174048572778701782e-02
8.071114420890808105e-01 7.431045174598693848e-02
7.823480367660522461e-01 8.251271396875381470e-02
7.657755017280578613e-01 8.776574581861495972e-02
7.605170607566833496e-01 8.939146250486373901e-02
7.574590444564819336e-01 9.032758325338363647e-02
7.431949377059936523e-01 9.460192173719406128e-02
7.394585609436035156e-01 9.569591283798217773e-02
7.274869680404663086e-01 9.912788122892379761e-02
7.178401947021484375e-01 1.018101647496223450e-01
7.079685330390930176e-01 1.044757366180419922e-01
6.947632431983947754e-01 1.079126968979835510e-01
6.831587553024291992e-01 1.108079031109809875e-01
6.758335828781127930e-01 1.125736832618713379e-01
6.534444689750671387e-01 1.176651343703269958e-01
6.479852795600891113e-01 1.188351288437843323e-01
6.397243738174438477e-01 1.205511540174484253e-01
6.314260363578796387e-01 1.222081184387207031e-01
6.233012676239013672e-01 1.237647160887718201e-01
6.150509119033813477e-01 1.252780407667160034e-01
5.867121219635009766e-01 1.299501955509185791e-01
5.845869779586791992e-01 1.302673071622848511e-01
5.662981867790222168e-01 1.328019052743911743e-01
5.565472841262817383e-01 1.340100616216659546e-01
5.448978543281555176e-01 1.353218555450439453e-01
5.253185629844665527e-01 1.372028738260269165e-01
5.189940929412841797e-01 1.377235502004623413e-01
5.125834941864013672e-01 1.382078677415847778e-01
5.013557672500610352e-01 1.389508545398712158e-01
4.939646422863006592e-01 1.393668055534362793e-01
4.797540009021759033e-01 1.400034576654434204e-01
4.639331400394439697e-01 1.404604166746139526e-01
4.548604488372802734e-01 1.406029760837554932e-01
4.517558217048645020e-01 1.406318247318267822e-01
4.471720457077026367e-01 1.406557559967041016e-01
4.393101930618286133e-01 1.406452655792236328e-01
4.240669608116149902e-01 1.404396146535873413e-01
4.118629992008209229e-01 1.400989741086959839e-01
4.010642468929290771e-01 1.396672278642654419e-01
3.685455620288848877e-01 1.376279890537261963e-01
3.615591228008270264e-01 1.370446830987930298e-01
3.560755848884582520e-01 1.365507245063781738e-01
3.432800173759460449e-01 1.352740228176116943e-01
3.234944939613342285e-01 1.329549700021743774e-01
3.137240409851074219e-01 1.316533237695693970e-01
3.028397858142852783e-01 1.300796717405319214e-01
2.854010462760925293e-01 1.272814571857452393e-01
2.771909534931182861e-01 1.258434355258941650e-01
2.591309249401092529e-01 1.223996058106422424e-01
2.510812580585479736e-01 1.207366213202476501e-01
2.450475692749023438e-01 1.194366291165351868e-01
2.381934970617294312e-01 1.179030686616897583e-01
2.243904471397399902e-01 1.146250516176223755e-01
2.060322463512420654e-01 1.098505109548568726e-01
1.954390704631805420e-01 1.068648248910903931e-01
1.811580508947372437e-01 1.025503128767013550e-01
1.687467992305755615e-01 9.850851446390151978e-02
1.538871377706527710e-01 9.327431023120880127e-02
1.474299132823944092e-01 9.085286408662796021e-02
1.411378532648086548e-01 8.840039372444152832e-02
1.343369632959365845e-01 8.563970029354095459e-02
1.272154003381729126e-01 8.261767029762268066e-02
1.182285845279693604e-01 7.859551906585693359e-02
1.096465662121772766e-01 7.451453059911727905e-02
1.041464433073997498e-01 7.176277041435241699e-02
9.878882020711898804e-02 6.897011399269104004e-02
8.346275240182876587e-02 6.027847528457641602e-02
6.701856851577758789e-02 4.949142411351203918e-02
5.717181786894798279e-02 4.204523563385009766e-02
5.541415512561798096e-02 4.061605781316757202e-02
4.884751513600349426e-02 3.494636341929435730e-02
4.172513633966445923e-02 2.805615961551666260e-02
3.426996245980262756e-02 1.958965882658958435e-02
3.153970837593078613e-02 1.596541143953800201e-02
2.852763794362545013e-02 1.138155534863471985e-02
2.668798901140689850e-02 8.047623559832572937e-03
2.526038326323032379e-02 4.871225450187921524e-03
2.371877618134021759e-02 -8.920865948311984539e-04
2.360279485583305359e-02 -2.528663491830229759e-03
2.368034608662128448e-02 -4.256926011294126511e-03
2.412094362080097198e-02 -6.416714284569025040e-03
2.814249694347381592e-02 -1.246739644557237625e-02
3.133279457688331604e-02 -1.493405457586050034e-02
3.354200720787048340e-02 -1.629411056637763977e-02
3.953649476170539856e-02 -1.928210817277431488e-02
4.433593899011611938e-02 -2.126408927142620087e-02
5.219323560595512390e-02 -2.409176528453826904e-02
5.523785576224327087e-02 -2.509507536888122559e-02
6.099314242601394653e-02 -2.689091861248016357e-02
6.765871495008468628e-02 -2.883986756205558777e-02
7.479003071784973145e-02 -3.080032207071781158e-02
8.229623734951019287e-02 -3.274614363908767700e-02
8.678111433982849121e-02 -3.385679796338081360e-02
9.979754686355590820e-02 -3.687750920653343201e-02
1.140569224953651428e-01 -3.985928371548652649e-02
1.274269670248031616e-01 -4.235474392771720886e-02
1.347666233777999878e-01 -4.360286518931388855e-02
1.545923501253128052e-01 -4.654823243618011475e-02
1.666678190231323242e-01 -4.804218187928199768e-02
1.803806126117706299e-01 -4.946992918848991394e-02
1.890316009521484375e-01 -5.022706836462020874e-02
1.983716040849685669e-01 -5.092309415340423584e-02
2.125755101442337036e-01 -5.174696445465087891e-02
2.163075208663940430e-01 -5.191778391599655151e-02
2.270986288785934448e-01 -5.230814591050148010e-02
2.337930351495742798e-01 -5.247480049729347229e-02
2.444366812705993652e-01 -5.262475833296775818e-02
2.546198666095733643e-01 -5.264038592576980591e-02
2.658480107784271240e-01 -5.251857638359069824e-02
2.783847153186798096e-01 -5.221761018037796021e-02
2.854009568691253662e-01 -5.197622999548912048e-02
2.945609986782073975e-01 -5.158523097634315491e-02
3.036007285118103027e-01 -5.111783742904663086e-02
3.119451403617858887e-01 -5.061696097254753113e-02
3.317667543888092041e-01 -4.917228221893310547e-02
3.465479314327239990e-01 -4.787371307611465454e-02
3.590469658374786377e-01 -4.663633182644844055e-02
3.653435111045837402e-01 -4.596654698252677917e-02
3.778349161148071289e-01 -4.454895108938217163e-02
3.820924162864685059e-01 -4.403947666287422180e-02
3.920252919197082520e-01 -4.280044883489608765e-02
4.002311825752258301e-01 -4.172483086585998535e-02
4.299029111862182617e-01 -3.746278211474418640e-02
4.385767877101898193e-01 -3.611203283071517944e-02
4.589338004589080811e-01 -3.276750445365905762e-02
4.659079909324645996e-01 -3.156781196594238281e-02
4.750712513923645020e-01 -2.995174005627632141e-02
4.784397184848785400e-01 -2.934660203754901886e-02
4.881383776664733887e-01 -2.757212333381175995e-02
5.031164288520812988e-01 -2.474245801568031311e-02
5.132064223289489746e-01 -2.277916483581066132e-02
5.243654847145080566e-01 -2.055880613625049591e-02
5.370870232582092285e-01 -1.797066628932952881e-02
5.422722697257995605e-01 -1.690016314387321472e-02
5.568443536758422852e-01 -1.385019626468420029e-02
5.611987709999084473e-01 -1.292855013161897659e-02
5.704140067100524902e-01 -1.096576359122991562e-02
5.769131779670715332e-01 -9.573432616889476776e-03
5.817802548408508301e-01 -8.527548983693122864e-03
6.124557256698608398e-01 -1.927293254993855953e-03
6.250694394111633301e-01 7.567639113403856754e-04
6.467234492301940918e-01 5.255284253507852554e-03
6.509638428688049316e-01 6.113802548497915268e-03
6.638775467872619629e-01 8.670384995639324188e-03
6.747484803199768066e-01 1.074465084820985794e-02
6.793218255043029785e-01 1.159325148910284042e-02
6.957201361656188965e-01 1.450513396412134171e-02
7.033743262290954590e-01 1.578806526958942413e-02
7.241784930229187012e-01 1.900216564536094666e-02
7.361115813255310059e-01 2.065167948603630066e-02
7.439855337142944336e-01 2.165771275758743286e-02
7.557543516159057617e-01 2.303437143564224243e-02
7.784834504127502441e-01 2.524235844612121582e-02
7.852696776390075684e-01 2.578176930546760559e-02
8.009168505668640137e-01 2.680634520947933197e-02
8.064106702804565430e-01 2.709157951176166534e-02
8.197969794273376465e-01 2.761837467551231384e-02
8.345685005187988281e-01 2.791132591664791107e-02
8.474900722503662109e-01 2.790459431707859039e-02
8.595563769340515137e-01 2.766094543039798737e-02
8.733489513397216797e-01 2.707738801836967468e-02
8.821641206741333008e-01 2.651792205870151520e-02
8.916495442390441895e-01 2.573628164827823639e-02
8.970763683319091797e-01 2.519772015511989594e-02
9.059154987335205078e-01 2.416277304291725159e-02
9.092524051666259766e-01 2.371670305728912354e-02
9.168737530708312988e-01 2.257091179490089417e-02
9.256585836410522461e-01 2.100108563899993896e-02
9.363434314727783203e-01 1.864852197468280792e-02
9.428414106369018555e-01 1.691459678113460541e-02
9.616388082504272461e-01 9.819519706070423126e-03
9.673032164573669434e-01 6.662836298346519470e-03
9.687768220901489258e-01 5.719741806387901306e-03
9.697248935699462891e-01 5.082592833787202835e-03
