9.718604683876037598e-01 4.033630248159170151e-03
9.716712832450866699e-01 4.112720489501953125e-03
9.700378179550170898e-01 4.768946208059787750e-03
9.676996469497680664e-01 5.650637671351432800e-03
9.616983532905578613e-01 7.736505009233951569e-03
9.572927951812744141e-01 9.166983887553215027e-03
9.493526816368103027e-01 1.160784438252449036e-02
9.459994435310363770e-01 1.259831618517637253e-02
9.380699992179870605e-01 1.486688014119863510e-02
9.277564287185668945e-01 1.769301109015941620e-02
9.213093519210815430e-01 1.940161921083927155e-02
9.160342216491699219e-01 2.077135071158409119e-02
9.110856056213378906e-01 2.203530631959438324e-02
9.007756710052490234e-01 2.461054921150207520e-02
8.961556553840637207e-01 2.574144303798675537e-02
8.881373405456542969e-01 2.767363563179969788e-02
8.776358962059020996e-01 3.015101887285709381e-02
8.694828152656555176e-01 3.203679248690605164e-02
8.629915118217468262e-01 3.351681306958198547e-02
8.603391051292419434e-01 3.411640971899032593e-02
8.479720354080200195e-01 3.687547519803047180e-02
8.346896171569824219e-01 3.977724909782409668e-02
8.225189447402954102e-01 4.238666221499443054e-02
8.199742436408996582e-01 4.292681440711021423e-02
8.061900138854980469e-01 4.582212120294570923e-02
7.997995615005493164e-01 4.714836180210113525e-02
7.865554690361022949e-01 4.986777156591415405e-02
7.784165740013122559e-01 5.152120068669319153e-02
7.648466229438781738e-01 5.425098165869712830e-02
7.569329142570495605e-01 5.582898855209350586e-02
7.492003440856933594e-01 5.736188217997550964e-02
7.271773815155029297e-01 6.168462708592414856e-02
7.141507267951965332e-01 6.421525031328201294e-02
6.962502002716064453e-01 6.766420602798461914e-02
6.821190714836120605e-01 7.036446779966354370e-02
6.707423329353332520e-01 7.252331078052520752e-02
6.594039201736450195e-01 7.466026395559310913e-02
6.518951058387756348e-01 7.606653124094009399e-02
6.383863091468811035e-01 7.857606559991836548e-02
6.339499950408935547e-01 7.939380407333374023e-02
6.199425458908081055e-01 8.195157349109649658e-02
6.027261018753051758e-01 8.503642678260803223e-02
5.883023142814636230e-01 8.756005018949508667e-02
5.777655243873596191e-01 8.936223387718200684e-02
5.628313422203063965e-01 9.184772521257400513e-02
5.502226948738098145e-01 9.387522935867309570e-02
5.352594852447509766e-01 9.618660807609558105e-02
5.266951918601989746e-01 9.745888411998748779e-02
5.194548964500427246e-01 9.850360453128814697e-02
5.032789707183837891e-01 1.007290557026863098e-01
4.895401000976562500e-01 1.024931967258453369e-01
4.806650578975677490e-01 1.035674512386322021e-01
4.673699438571929932e-01 1.050757542252540588e-01
4.529828429222106934e-01 1.065652519464492798e-01
4.352752268314361572e-01 1.081847548484802246e-01
4.220668971538543701e-01 1.092324405908584595e-01
4.076819717884063721e-01 1.102115288376808167e-01
3.985348045825958252e-01 1.107439249753952026e-01
3.910039961338043213e-01 1.111283674836158752e-01
3.802342414855957031e-01 1.115921661257743835e-01
3.582082390785217285e-01 1.122172772884368896e-01
3.488995432853698730e-01 1.123475059866905212e-01
3.316758573055267334e-01 1.123723089694976807e-01
3.207962810993194580e-01 1.122401058673858643e-01
3.055986464023590088e-01 1.118586510419845581e-01
2.815084159374237061e-01 1.107682809233665466e-01
2.682367861270904541e-01 1.099035814404487610e-01
2.644110023975372314e-01 1.096183955669403076e-01
2.588986158370971680e-01 1.091786921024322510e-01
2.517159283161163330e-01 1.085540428757667542e-01
2.316538095474243164e-01 1.064898520708084106e-01
2.123249769210815430e-01 1.040346771478652954e-01
2.048451006412506104e-01 1.029552370309829712e-01
1.783116906881332397e-01 9.850233793258666992e-02
1.549116820096969604e-01 9.369429200887680054e-02
1.186137348413467407e-01 8.431742340326309204e-02
1.111721545457839966e-01 8.205962926149368286e-02
1.032029092311859131e-01 7.949655503034591675e-02
9.637404978275299072e-02 7.717216014862060547e-02
8.686851710081100464e-02 7.372289896011352539e-02
7.969484478235244751e-02 7.093992084264755249e-02
6.979972124099731445e-02 6.681771576404571533e-02
5.867195874452590942e-02 6.173323094844818115e-02
4.390766471624374390e-02 5.408982932567596436e-02
3.985198587179183960e-02 5.177190899848937988e-02
3.111173398792743683e-02 4.637669026851654053e-02
2.409024164080619812e-02 4.155703634023666382e-02
1.808205060660839081e-02 3.698191046714782715e-02
1.331268157809972763e-02 3.295494616031646729e-02
7.437384221702814102e-03 2.729835733771324158e-02
5.384820513427257538e-03 2.505935728549957275e-02
3.207382978871464729e-03 2.246308326721191406e-02
-2.636803546920418739e-03 1.305051706731319427e-02
-3.569233464077115059e-03 1.046281121671199799e-02
-4.248341079801321030e-03 6.373270414769649506e-03
-3.840016899630427361e-03 2.988831140100955963e-03
-3.118939232081174850e-03 1.163953915238380432e-03
-1.812432892620563507e-03 -7.955805631354451180e-04
-1.197356963530182838e-03 -1.475552795454859734e-03
7.303837628569453955e-05 -2.620521001517772675e-03
1.718140672892332077e-03 -3.774740733206272125e-03
6.211849395185709000e-03 -5.938585847616195679e-03
7.374836597591638565e-03 -6.355792749673128128e-03
1.229559630155563354e-02 -7.738253101706504822e-03
1.572765223681926727e-02 -8.445692248642444611e-03
2.023488841950893402e-02 -9.161048568785190582e-03
2.987340465188026428e-02 -1.015090662986040115e-02
3.608491271734237671e-02 -1.052391342818737030e-02
5.732035264372825623e-02 -1.082788594067096710e-02
7.307566702365875244e-02 -1.037431322038173676e-02
8.793154358863830566e-02 -9.541939944028854370e-03
1.122957915067672729e-01 -7.452951744198799133e-03
1.305582076311111450e-01 -5.366234574466943741e-03
1.417027562856674194e-01 -3.895713947713375092e-03
1.478101015090942383e-01 -3.030896186828613281e-03
1.720449924468994141e-01 7.763532921671867371e-04
1.921082288026809692e-01 4.328574053943157196e-03
2.039361000061035156e-01 6.567063275724649429e-03
2.112194895744323730e-01 7.992115803062915802e-03
2.374880313873291016e-01 1.337914913892745972e-02
2.508510351181030273e-01 1.623891852796077728e-02
2.590699195861816406e-01 1.802799291908740997e-02
2.743599712848663330e-01 2.140271477401256561e-02
2.877114713191986084e-01 2.438370883464813232e-02
3.185555934906005859e-01 3.130774572491645813e-02
3.279042840003967285e-01 3.339667618274688721e-02
3.467519879341125488e-01 3.756434470415115356e-02
3.547159731388092041e-01 3.930061683058738708e-02
3.625238537788391113e-01 4.098464921116828918e-02
3.758285939693450928e-01 4.380543902516365051e-02
3.810267746448516846e-01 4.488852992653846741e-02
3.883186876773834229e-01 4.638776555657386780e-02
3.987745344638824463e-01 4.849276691675186157e-02
4.095458388328552246e-01 5.060035362839698792e-02
4.239664673805236816e-01 5.331357941031455994e-02
4.320637285709381104e-01 5.477717518806457520e-02
4.426275491714477539e-01 5.661596730351448059e-02
4.474939107894897461e-01 5.743451043963432312e-02
4.564256966114044189e-01 5.888735130429267883e-02
4.622597694396972656e-01 5.980014801025390625e-02
4.736923873424530029e-01 6.150128692388534546e-02
4.816425442695617676e-01 6.261233240365982056e-02
4.875049293041229248e-01 6.339199841022491455e-02
4.994063675403594971e-01 6.486662477254867554e-02
5.127083659172058105e-01 6.633434444665908813e-02
5.236109495162963867e-01 6.738766282796859741e-02
5.340534448623657227e-01 6.826452165842056274e-02
5.423548817634582520e-01 6.886651366949081421e-02
5.513939857482910156e-01 6.942386925220489502e-02
5.592788457870483398e-01 6.982511281967163086e-02
5.695945024490356445e-01 7.022897154092788696e-02
5.770096182823181152e-01 7.043397426605224609e-02
5.809102058410644531e-01 7.051309943199157715e-02
5.931029915809631348e-01 7.063349336385726929e-02
6.106997728347778320e-01 7.047275453805923462e-02
6.276502013206481934e-01 6.995730847120285034e-02
6.391048431396484375e-01 6.941860169172286987e-02
6.452791094779968262e-01 6.906755268573760986e-02
6.532835364341735840e-01 6.855159252882003784e-02
6.627466678619384766e-01 6.785647571086883545e-02
6.665310263633728027e-01 6.755360215902328491e-02
6.892902851104736328e-01 6.545051187276840210e-02
6.992324590682983398e-01 6.438966095447540283e-02
7.109535336494445801e-01 6.303608417510986328e-02
7.315196394920349121e-01 6.040842831134796143e-02
7.463055849075317383e-01 5.833202227950096130e-02
7.558323740959167480e-01 5.691488832235336304e-02
7.641826868057250977e-01 5.562284961342811584e-02
7.854104638099670410e-01 5.213166773319244385e-02
7.938953638076782227e-01 5.065355077385902405e-02
8.006690740585327148e-01 4.943942651152610779e-02
8.057223558425903320e-01 4.851371794939041138e-02
8.104077577590942383e-01 4.764003306627273560e-02
8.175662159919738770e-01 4.627617821097373962e-02
8.217110037803649902e-01 4.547023028135299683e-02
8.254855275154113770e-01 4.472568631172180176e-02
8.511303663253784180e-01 3.938608244061470032e-02
8.625738024711608887e-01 3.683204576373100281e-02
8.744146227836608887e-01 3.406348079442977905e-02
8.839506506919860840e-01 3.173023089766502380e-02
8.896271586418151855e-01 3.029265068471431732e-02
8.991854190826416016e-01 2.778029255568981171e-02
9.084369540214538574e-01 2.522386051714420319e-02
9.175907969474792480e-01 2.255119755864143372e-02
9.291146397590637207e-01 1.893341913819313049e-02
9.399318695068359375e-01 1.519360952079296112e-02
9.480136036872863770e-01 1.209094095975160599e-02
9.563721418380737305e-01 8.466293103992938995e-03
9.616144895553588867e-01 5.871479865163564682e-03
9.668821692466735840e-01 2.887796843424439430e-03
9.698398113250732422e-01 9.859073907136917114e-04
9.716277718544006348e-01 -2.618585713207721710e-04
