9.659528136253356934e-01 3.850041190162301064e-03
9.656109809875488281e-01 4.072160925716161728e-03
9.647470712661743164e-01 4.607123322784900665e-03
9.594218730926513672e-01 7.424734067171812057e-03
9.497374296188354492e-01 1.160296704620122910e-02
9.418247342109680176e-01 1.458724122494459152e-02
9.318591952323913574e-01 1.802467182278633118e-02
9.297460317611694336e-01 1.871880143880844116e-02
9.182830452919006348e-01 2.231945097446441650e-02
9.107082486152648926e-01 2.457135543227195740e-02
8.846946358680725098e-01 3.173337131738662720e-02
8.791205883026123047e-01 3.317473828792572021e-02
8.633391857147216797e-01 3.711015731096267700e-02
8.528888225555419922e-01 3.961014375090599060e-02
8.397967219352722168e-01 4.263567551970481873e-02
8.315710425376892090e-01 4.448067396879196167e-02
8.168412446975708008e-01 4.768438264727592468e-02
8.116019964218139648e-01 4.879444465041160583e-02
7.994143366813659668e-01 5.131963267922401428e-02
7.827117443084716797e-01 5.465599894523620605e-02
7.672331929206848145e-01 5.762468278408050537e-02
7.493999600410461426e-01 6.090242415666580200e-02
7.436831593513488770e-01 6.192135065793991089e-02
7.278584837913513184e-01 6.466144323348999023e-02
7.117972970008850098e-01 6.732164323329925537e-02
7.063656449317932129e-01 6.819344311952590942e-02
6.934301257133483887e-01 7.021232694387435913e-02
6.854634881019592285e-01 7.141494005918502808e-02
6.726703047752380371e-01 7.328012585639953613e-02
6.567091345787048340e-01 7.549013197422027588e-02
6.443115472793579102e-01 7.711455225944519043e-02
6.348549723625183105e-01 7.829797267913818359e-02
6.244323849678039551e-01 7.954519987106323242e-02
6.113070249557495117e-01 8.102875202894210815e-02
6.029537320137023926e-01 8.192125707864761353e-02
5.952109694480895996e-01 8.271206915378570557e-02
5.815199017524719238e-01 8.402293175458908081e-02
5.756386518478393555e-01 8.455126732587814331e-02
5.613064169883728027e-01 8.575008809566497803e-02
5.559406280517578125e-01 8.616622537374496460e-02
5.484579801559448242e-01 8.671654015779495239e-02
5.374715924263000488e-01 8.746089041233062744e-02
5.244395732879638672e-01 8.824516832828521729e-02
5.159510374069213867e-01 8.869830518960952759e-02
5.022397637367248535e-01 8.933392912149429321e-02
4.901237487792968750e-01 8.979688584804534912e-02
4.751773476600646973e-01 9.024102985858917236e-02
4.616222083568572998e-01 9.052356332540512085e-02
4.480420351028442383e-01 9.069320559501647949e-02
4.446133077144622803e-01 9.071826934814453125e-02
4.319740235805511475e-01 9.074924886226654053e-02
4.133433699607849121e-01 9.062113612890243530e-02
4.025028645992279053e-01 9.045268595218658447e-02
3.938264846801757812e-01 9.026884287595748901e-02
3.898296952247619629e-01 9.016957134008407593e-02
3.829162716865539551e-01 8.997637778520584106e-02
3.755755126476287842e-01 8.974155038595199585e-02
3.629516363143920898e-01 8.926681429147720337e-02
3.458758890628814697e-01 8.848345279693603516e-02
3.295558691024780273e-01 8.758447319269180298e-02
3.262819647789001465e-01 8.738652616739273071e-02
3.150440454483032227e-01 8.666240423917770386e-02
3.027330338954925537e-01 8.578971773386001587e-02
2.951523065567016602e-01 8.521085977554321289e-02
2.906786203384399414e-01 8.485432714223861694e-02
2.758017778396606445e-01 8.358849585056304932e-02
2.648274302482604980e-01 8.257446438074111938e-02
2.533628046512603760e-01 8.144075423479080200e-02
2.470941543579101562e-01 8.078797906637191772e-02
2.321810275316238403e-01 7.913846522569656372e-02
2.275714278221130371e-01 7.860025763511657715e-02
2.136048525571823120e-01 7.688388228416442871e-02
2.099361419677734375e-01 7.641087472438812256e-02
1.851417124271392822e-01 7.295179367065429688e-02
1.784000843763351440e-01 7.192559540271759033e-02
1.731329113245010376e-01 7.109583914279937744e-02
1.576799005270004272e-01 6.850741803646087646e-02
1.423932313919067383e-01 6.569138914346694946e-02
1.359526664018630981e-01 6.441755592823028564e-02
1.301279515027999878e-01 6.321556121110916138e-02
1.168800890445709229e-01 6.028309091925621033e-02
1.051973775029182434e-01 5.743023380637168884e-02
9.041184186935424805e-02 5.337411537766456604e-02
7.185595482587814331e-02 4.734861478209495544e-02
6.815855205059051514e-02 4.598776996135711670e-02
6.067294254899024963e-02 4.302789270877838135e-02
5.246616527438163757e-02 3.940808400511741638e-02
4.572059959173202515e-02 3.606647625565528870e-02
3.268377110362052917e-02 2.828610315918922424e-02
2.917845919728279114e-02 2.576977573335170746e-02
2.555290982127189636e-02 2.288550511002540588e-02
2.271837368607521057e-02 2.036513201892375946e-02
1.584046334028244019e-02 1.240806374698877335e-02
1.541686523705720901e-02 1.173984818160533905e-02
1.360775809735059738e-02 8.103719912469387054e-03
1.310448162257671356e-02 6.460624281316995621e-03
1.286900229752063751e-02 5.139729939401149750e-03
1.306576468050479889e-02 1.942051108926534653e-03
1.321937795728445053e-02 1.426215865649282932e-03
1.353226136416196823e-02 6.363942520692944527e-04
1.442451123148202896e-02 -8.755227900110185146e-04
1.636927388608455658e-02 -2.928730100393295288e-03
2.079135738313198090e-02 -5.753378849476575851e-03
2.343024685978889465e-02 -6.961324717849493027e-03
2.781192958354949951e-02 -8.591332472860813141e-03
3.552958741784095764e-02 -1.082765217870473862e-02
4.067266732454299927e-02 -1.205069012939929962e-02
4.841217398643493652e-02 -1.363402605056762695e-02
5.929928272962570190e-02 -1.549628097563982010e-02
6.921850144863128662e-02 -1.692470535635948181e-02
7.259789854288101196e-02 -1.736441627144813538e-02
8.361562341451644897e-02 -1.865853555500507355e-02
8.902724832296371460e-02 -1.922478899359703064e-02
1.072416827082633972e-01 -2.084936201572418213e-02
1.221362575888633728e-01 -2.190462313592433929e-02
1.325926184654235840e-01 -2.252105064690113068e-02
1.463747471570968628e-01 -2.319579944014549255e-02
1.511940658092498779e-01 -2.339789457619190216e-02
1.676998734474182129e-01 -2.396955154836177826e-02
1.953331083059310913e-01 -2.455661632120609283e-02
2.067275345325469971e-01 -2.467989176511764526e-02
2.333107441663742065e-01 -2.473090775310993195e-02
2.416003197431564331e-01 -2.468434348702430725e-02
2.692105472087860107e-01 -2.433430962264537811e-02
2.773506343364715576e-01 -2.417703904211521149e-02
2.813367247581481934e-01 -2.409144118428230286e-02
2.984440922737121582e-01 -2.366175688803195953e-02
3.020247220993041992e-01 -2.355929836630821228e-02
3.088695704936981201e-01 -2.335162088274955750e-02
3.143348991870880127e-01 -2.317474968731403351e-02
3.243095278739929199e-01 -2.282704412937164307e-02
3.332316279411315918e-01 -2.248904854059219360e-02
3.513982892036437988e-01 -2.172307670116424561e-02
3.565555214881896973e-01 -2.148676663637161255e-02
3.642643094062805176e-01 -2.111803367733955383e-02
3.707977235317230225e-01 -2.079099044203758240e-02
3.942273557186126709e-01 -1.950805261731147766e-02
3.974951505661010742e-01 -1.931538060307502747e-02
4.014591276645660400e-01 -1.907707564532756805e-02
4.164021313190460205e-01 -1.813351549208164215e-02
4.331493973731994629e-01 -1.698995567858219147e-02
4.432371258735656738e-01 -1.625652052462100983e-02
4.476350545883178711e-01 -1.592614874243736267e-02
4.741420745849609375e-01 -1.379649434238672256e-02
4.834056794643402100e-01 -1.299580652266740799e-02
4.924294352531433105e-01 -1.218773890286684036e-02
4.974278509616851807e-01 -1.172826159745454788e-02
5.074005126953125000e-01 -1.078656129539012909e-02
5.146926641464233398e-01 -1.007724273949861526e-02
5.303807854652404785e-01 -8.494257926940917969e-03
5.331135988235473633e-01 -8.210878819227218628e-03
5.422861576080322266e-01 -7.244264706969261169e-03
5.579298138618469238e-01 -5.545356776565313339e-03
5.604448914527893066e-01 -5.266959778964519501e-03
5.667057633399963379e-01 -4.568363074213266373e-03
5.780878067016601562e-01 -3.280933480709791183e-03
5.894157886505126953e-01 -1.983022782951593399e-03
5.935792326927185059e-01 -1.503272447735071182e-03
6.109215617179870605e-01 4.997513606213033199e-04
6.166975498199462891e-01 1.165127498097717762e-03
6.209354996681213379e-01 1.651654252782464027e-03
6.473966836929321289e-01 4.629456903785467148e-03
6.524648070335388184e-01 5.182737950235605240e-03
6.559174060821533203e-01 5.555650219321250916e-03
6.761553287506103516e-01 7.664867211133241653e-03
6.912239193916320801e-01 9.135673753917217255e-03
7.042006254196166992e-01 1.032311841845512390e-02
7.135818600654602051e-01 1.113163586705923080e-02
7.296584844589233398e-01 1.241233851760625839e-02
7.402755618095397949e-01 1.318102516233921051e-02
7.593685388565063477e-01 1.439837738871574402e-02
7.683038711547851562e-01 1.489129941910505295e-02
7.839657664299011230e-01 1.562995277345180511e-02
7.931278347969055176e-01 1.598443090915679932e-02
8.004266619682312012e-01 1.622378639876842499e-02
8.050202727317810059e-01 1.635418832302093506e-02
8.218276500701904297e-01 1.669106073677539825e-02
8.264186978340148926e-01 1.674281619489192963e-02
8.376356959342956543e-01 1.679136604070663452e-02
8.473342061042785645e-01 1.673856750130653381e-02
8.596276044845581055e-01 1.653340458869934082e-02
8.618939518928527832e-01 1.647743396461009979e-02
8.844004869461059570e-01 1.557108294218778610e-02
8.907662630081176758e-01 1.518314052373170853e-02
9.159252643585205078e-01 1.289574522525072098e-02
9.231212139129638672e-01 1.195411290973424911e-02
9.363566040992736816e-01 9.731479920446872711e-03
9.518653154373168945e-01 5.866166669875383377e-03
9.553813934326171875e-01 4.686626605689525604e-03
9.610865116119384766e-01 2.405496779829263687e-03
9.638445973396301270e-01 1.100091845728456974e-03
9.650329351425170898e-01 4.908415721729397774e-04
