9.582645893096923828e-01 -5.004982929676771164e-03
9.570782184600830078e-01 -5.049862898886203766e-03
9.516479969024658203e-01 -5.210022442042827606e-03
9.364424943923950195e-01 -5.444937385618686676e-03
9.147059917449951172e-01 -5.520752631127834320e-03
9.051948785781860352e-01 -5.496302153915166855e-03
8.749137520790100098e-01 -5.249724257737398148e-03
8.636997938156127930e-01 -5.100769456475973129e-03
8.569915890693664551e-01 -4.997412208467721939e-03
8.451661467552185059e-01 -4.789057187736034393e-03
8.336460590362548828e-01 -4.553301259875297546e-03
8.190292716026306152e-01 -4.205530975013971329e-03
8.114210963249206543e-01 -4.001910798251628876e-03
7.837018370628356934e-01 -3.117535263299942017e-03
7.624549865722656250e-01 -2.271786099299788475e-03
7.544464468955993652e-01 -1.911155064590275288e-03
7.394954562187194824e-01 -1.171846175566315651e-03
7.236097455024719238e-01 -2.863158588297665119e-04
7.116249799728393555e-01 4.539799119811505079e-04
6.993982195854187012e-01 1.276071066968142986e-03
6.857359409332275391e-01 2.277160063385963440e-03
6.715797185897827148e-01 3.408310934901237488e-03
6.584907174110412598e-01 4.540083464235067368e-03
6.531415581703186035e-01 5.026357248425483704e-03
6.397576332092285156e-01 6.302721798419952393e-03
6.320419311523437500e-01 7.076707202941179276e-03
6.149827241897583008e-01 8.883877657353878021e-03
6.049294471740722656e-01 1.000817958265542984e-02
5.953409075736999512e-01 1.111924182623624802e-02
5.778903961181640625e-01 1.323163975030183792e-02
5.636886358261108398e-01 1.502883899956941605e-02
5.515544414520263672e-01 1.661335863173007965e-02
5.422001481056213379e-01 1.786210387945175171e-02
5.217514038085937500e-01 2.066119387745857239e-02
5.120170116424560547e-01 2.202095836400985718e-02
5.027585029602050781e-01 2.332684583961963654e-02
4.912962317466735840e-01 2.495671994984149933e-02
4.830684959888458252e-01 2.613311633467674255e-02
4.753718972206115723e-01 2.723661810159683228e-02
4.706683754920959473e-01 2.791181579232215881e-02
4.625977873802185059e-01 2.907067723572254181e-02
4.300747513771057129e-01 3.371340408921241760e-02
4.231497943401336670e-01 3.468950092792510986e-02
4.041356444358825684e-01 3.733218461275100708e-02
3.895339965820312500e-01 3.931413218379020691e-02
3.784587681293487549e-01 4.078338667750358582e-02
3.679485023021697998e-01 4.214642196893692017e-02
3.616370558738708496e-01 4.294876009225845337e-02
3.524915277957916260e-01 4.408809542655944824e-02
3.361707329750061035e-01 4.604602232575416565e-02
3.248370885848999023e-01 4.734318330883979797e-02
3.175726830959320068e-01 4.814533889293670654e-02
3.115033805370330811e-01 4.879698529839515686e-02
3.071610629558563232e-01 4.925247654318809509e-02
2.978230416774749756e-01 5.020039156079292297e-02
2.936291694641113281e-01 5.061155185103416443e-02
2.802299857139587402e-01 5.186159163713455200e-02
2.672570943832397461e-01 5.297406017780303955e-02
2.590239942073822021e-01 5.362689122557640076e-02
2.510625123977661133e-01 5.421677231788635254e-02
2.434736341238021851e-01 5.473939329385757446e-02
2.374740689992904663e-01 5.512401834130287170e-02
2.329960763454437256e-01 5.539408326148986816e-02
2.298343777656555176e-01 5.557573586702346802e-02
2.170585542917251587e-01 5.623053014278411865e-02
2.095352262258529663e-01 5.655349791049957275e-02
2.035736590623855591e-01 5.677439644932746887e-02
1.925029754638671875e-01 5.709731578826904297e-02
1.852722465991973877e-01 5.724300071597099304e-02
1.803315430879592896e-01 5.731096863746643066e-02
1.704712063074111938e-01 5.736495181918144226e-02
1.642494350671768188e-01 5.733937025070190430e-02
1.577408462762832642e-01 5.725964158773422241e-02
1.500789225101470947e-01 5.709159001708030701e-02
1.405839771032333374e-01 5.676277726888656616e-02
1.170135587453842163e-01 5.527790263295173645e-02
1.138553544878959656e-01 5.499605834484100342e-02
1.065778583288192749e-01 5.426145717501640320e-02
1.014540567994117737e-01 5.366834998130798340e-02
9.192562848329544067e-02 5.238218978047370911e-02
8.264141529798507690e-02 5.087404698133468628e-02
7.100547850131988525e-02 4.857411235570907593e-02
6.179067119956016541e-02 4.637654498219490051e-02
5.124890804290771484e-02 4.337843134999275208e-02
4.681121930480003357e-02 4.193784669041633606e-02
3.915311768651008606e-02 3.916287422180175781e-02
2.998718060553073883e-02 3.527522087097167969e-02
2.489754557609558105e-02 3.279415145516395569e-02
2.158429101109504700e-02 3.103133104741573334e-02
1.619264297187328339e-02 2.786762081086635590e-02
1.105782203376293182e-02 2.443622052669525146e-02
5.800174083560705185e-03 2.035026624798774719e-02
-5.611981032416224480e-04 1.415242161601781845e-02
-2.530568744987249374e-03 1.173783931881189346e-02
-5.214874166995286942e-03 7.615587674081325531e-03
-7.096569519490003586e-03 3.089362988248467445e-03
-7.504270877689123154e-03 1.258301665075123310e-03
-7.687716744840145111e-03 -1.403914066031575203e-03
-7.495536003261804581e-03 -3.285847604274749756e-03
-7.075077388435602188e-03 -4.968444351106882095e-03
-5.635945592075586319e-03 -8.039276115596294403e-03
-3.212035167962312698e-03 -1.111778616905212402e-02
-1.627472462132573128e-03 -1.262422185391187668e-02
3.350335173308849335e-03 -1.623375527560710907e-02
8.547806181013584137e-03 -1.907297968864440918e-02
1.088543236255645752e-02 -2.017056196928024292e-02
1.504330616444349289e-02 -2.193127572536468506e-02
1.810466684401035309e-02 -2.310364879667758942e-02
2.554132603108882904e-02 -2.562435716390609741e-02
3.939554840326309204e-02 -2.945957146584987640e-02
4.951477423310279846e-02 -3.177164494991302490e-02
7.000005245208740234e-02 -3.558956086635589600e-02
8.381990343332290649e-02 -3.768086433410644531e-02
9.680061787366867065e-02 -3.937403112649917603e-02
1.070624515414237976e-01 -4.055804014205932617e-02
1.173404157161712646e-01 -4.162663593888282776e-02
1.474426686763763428e-01 -4.420839250087738037e-02
1.704165190458297729e-01 -4.574724286794662476e-02
1.849676370620727539e-01 -4.657061025500297546e-02
1.998905539512634277e-01 -4.731252044439315796e-02
2.101787775754928589e-01 -4.777060449123382568e-02
2.170860469341278076e-01 -4.805591329932212830e-02
2.285996228456497192e-01 -4.849489405751228333e-02
2.479914426803588867e-01 -4.914092272520065308e-02
2.586171030998229980e-01 -4.945031553506851196e-02
2.639043331146240234e-01 -4.959349334239959717e-02
2.723481059074401855e-01 -4.980817809700965881e-02
2.830924093723297119e-01 -5.005783587694168091e-02
3.000304400920867920e-01 -5.040206387639045715e-02
3.173924088478088379e-01 -5.069788917899131775e-02
3.224459588527679443e-01 -5.077398195862770081e-02
3.293396234512329102e-01 -5.087090656161308289e-02
3.401770293712615967e-01 -5.100789666175842285e-02
3.465917408466339111e-01 -5.108051374554634094e-02
3.578589260578155518e-01 -5.119348317384719849e-02
3.656221032142639160e-01 -5.126098915934562683e-02
3.718842267990112305e-01 -5.130954831838607788e-02
3.798398077487945557e-01 -5.136389285326004028e-02
3.917202949523925781e-01 -5.143029987812042236e-02
3.991926312446594238e-01 -5.146335810422897339e-02
4.300903975963592529e-01 -5.153278633952140808e-02
4.392191767692565918e-01 -5.153352767229080200e-02
4.512252509593963623e-01 -5.152129009366035461e-02
4.602865874767303467e-01 -5.150222405791282654e-02
4.698687791824340820e-01 -5.147288367152214050e-02
4.804983735084533691e-01 -5.142922326922416687e-02
4.888877570629119873e-01 -5.138633772730827332e-02
4.961490333080291748e-01 -5.134310573339462280e-02
5.019044876098632812e-01 -5.130464956164360046e-02
5.165203213691711426e-01 -5.118968710303306580e-02
5.219243764877319336e-01 -5.114054679870605469e-02
5.269930362701416016e-01 -5.109100416302680969e-02
5.298292636871337891e-01 -5.106177181005477905e-02
5.329617261886596680e-01 -5.102820694446563721e-02
5.426396727561950684e-01 -5.091550573706626892e-02
5.573368072509765625e-01 -5.071619525551795959e-02
5.659738183021545410e-01 -5.058148130774497986e-02
5.771926045417785645e-01 -5.038475990295410156e-02
5.874091982841491699e-01 -5.018201842904090881e-02
5.938220620155334473e-01 -5.004217848181724548e-02
5.994811058044433594e-01 -4.991011694073677063e-02
6.224413514137268066e-01 -4.928160086274147034e-02
6.345123052597045898e-01 -4.888400435447692871e-02
6.368386149406433105e-01 -4.880151152610778809e-02
6.596971750259399414e-01 -4.788018390536308289e-02
6.669846177101135254e-01 -4.754101485013961792e-02
6.760101914405822754e-01 -4.708792641758918762e-02
6.851651072502136230e-01 -4.658924043178558350e-02
7.081780433654785156e-01 -4.514892026782035828e-02
7.131754755973815918e-01 -4.479879140853881836e-02
7.283939123153686523e-01 -4.364530369639396667e-02
7.332484126091003418e-01 -4.324886947870254517e-02
7.427985668182373047e-01 -4.242733120918273926e-02
7.452214956283569336e-01 -4.220993444323539734e-02
7.534682154655456543e-01 -4.144233092665672302e-02
7.592473626136779785e-01 -4.087844863533973694e-02
7.746088504791259766e-01 -3.927253931760787964e-02
7.853174209594726562e-01 -3.805834427475929260e-02
8.080903291702270508e-01 -3.520701080560684204e-02
8.262366056442260742e-01 -3.266291320323944092e-02
8.362439274787902832e-01 -3.115361556410789490e-02
8.423695564270019531e-01 -3.019200079143047333e-02
8.522088527679443359e-01 -2.858718484640121460e-02
8.637911677360534668e-01 -2.660366520285606384e-02
8.764045834541320801e-01 -2.433103136718273163e-02
8.863205909729003906e-01 -2.246815152466297150e-02
9.045464992523193359e-01 -1.890791952610015869e-02
9.228013157844543457e-01 -1.530002150684595108e-02
9.346217513084411621e-01 -1.309158001095056534e-02
9.484332799911499023e-01 -1.083391346037387848e-02
9.560722708702087402e-01 -9.769358672201633453e-03
9.589959979057312012e-01 -9.392667561769485474e-03
