9.709842801094055176e-01 6.895112339407205582e-03
9.705428481101989746e-01 7.237310521304607391e-03
9.698740839958190918e-01 7.727484684437513351e-03
9.668365120887756348e-01 9.716406464576721191e-03
9.604879021644592285e-01 1.332270260900259018e-02
9.550715088844299316e-01 1.612852513790130615e-02
9.489217400550842285e-01 1.914201490581035614e-02
9.469332098960876465e-01 2.008712477982044220e-02
9.410812258720397949e-01 2.280196733772754669e-02
9.372035264968872070e-01 2.455374039709568024e-02
9.294845461845397949e-01 2.794702164828777313e-02
9.246784448623657227e-01 3.000506572425365448e-02
9.191616773605346680e-01 3.232149779796600342e-02
9.150109887123107910e-01 3.403454646468162537e-02
9.060977101325988770e-01 3.763427212834358215e-02
9.026505947113037109e-01 3.899943456053733826e-02
8.976093530654907227e-01 4.097029566764831543e-02
8.918991088867187500e-01 4.316768422722816467e-02
8.819648027420043945e-01 4.690638557076454163e-02
8.755135536193847656e-01 4.927965998649597168e-02
8.615942597389221191e-01 5.426144227385520935e-02
8.454948663711547852e-01 5.979812890291213989e-02
8.338617682456970215e-01 6.365472078323364258e-02
8.318079710006713867e-01 6.432319432497024536e-02
8.216128349304199219e-01 6.758842617273330688e-02
8.118653893470764160e-01 7.062749564647674561e-02
7.920904159545898438e-01 7.654815912246704102e-02
7.813218832015991211e-01 7.963594049215316772e-02
7.630042433738708496e-01 8.466970175504684448e-02
7.535267472267150879e-01 8.716633915901184082e-02
7.411229610443115234e-01 9.032350778579711914e-02
7.302927374839782715e-01 9.297780692577362061e-02
7.174489498138427734e-01 9.600206464529037476e-02
7.058795094490051270e-01 9.861171245574951172e-02
7.002364397048950195e-01 9.984514117240905762e-02
6.916784644126892090e-01 1.016665473580360413e-01
6.779795289039611816e-01 1.044586300849914551e-01
6.663110852241516113e-01 1.067169606685638428e-01
6.511921286582946777e-01 1.094794794917106628e-01
6.420429348945617676e-01 1.110616624355316162e-01
6.242862343788146973e-01 1.139396578073501587e-01
6.174279451370239258e-01 1.149833500385284424e-01
6.010901927947998047e-01 1.173175424337387085e-01
5.895999073982238770e-01 1.188312321901321411e-01
5.756338834762573242e-01 1.205292344093322754e-01
5.695616006851196289e-01 1.212191283702850342e-01
5.488997697830200195e-01 1.233476921916007996e-01
5.343090891838073730e-01 1.246478483080863953e-01
5.232057571411132812e-01 1.255251616239547729e-01
5.107603669166564941e-01 1.263938248157501221e-01
4.996769428253173828e-01 1.270657330751419067e-01
4.963826835155487061e-01 1.272469609975814819e-01
4.865753054618835449e-01 1.277367174625396729e-01
4.696840941905975342e-01 1.284053325653076172e-01
4.620321691036224365e-01 1.286355257034301758e-01
4.563187062740325928e-01 1.287779659032821655e-01
4.300082027912139893e-01 1.291085034608840942e-01
4.159114956855773926e-01 1.290656179189682007e-01
4.112533926963806152e-01 1.290175914764404297e-01
3.988482058048248291e-01 1.288077086210250854e-01
3.827288448810577393e-01 1.283557862043380737e-01
3.648832142353057861e-01 1.276175081729888916e-01
3.446823060512542725e-01 1.264759004116058350e-01
3.332166671752929688e-01 1.256811171770095825e-01
3.254532516002655029e-01 1.250817030668258667e-01
3.049854338169097900e-01 1.232590377330780029e-01
2.878466248512268066e-01 1.214552521705627441e-01
2.630378305912017822e-01 1.183749511837959290e-01
2.561033964157104492e-01 1.174103170633316040e-01
2.419385612010955811e-01 1.152922362089157104e-01
2.362228333950042725e-01 1.143796741962432861e-01
2.212746441364288330e-01 1.118283346295356750e-01
2.107556015253067017e-01 1.098836883902549744e-01
2.027084678411483765e-01 1.083082258701324463e-01
1.929045021533966064e-01 1.062809899449348450e-01
1.828667223453521729e-01 1.040761768817901611e-01
1.695559322834014893e-01 1.009369045495986938e-01
1.580296903848648071e-01 9.800436347723007202e-02
1.411296427249908447e-01 9.330686181783676147e-02
1.246661245822906494e-01 8.821719139814376831e-02
1.099659055471420288e-01 8.317729830741882324e-02
9.907686710357666016e-02 7.909646630287170410e-02
9.039650112390518188e-02 7.560227811336517334e-02
8.260086178779602051e-02 7.225989550352096558e-02
7.374578714370727539e-02 6.819977611303329468e-02
6.552126258611679077e-02 6.414412707090377808e-02
4.459553956985473633e-02 5.226813629269599915e-02
3.395261242985725403e-02 4.507330060005187988e-02
3.030479513108730316e-02 4.236047342419624329e-02
2.429227158427238464e-02 3.753507882356643677e-02
1.944335363805294037e-02 3.323785588145256042e-02
1.211388874799013138e-02 2.571995370090007782e-02
7.291577290743589401e-03 1.960045471787452698e-02
4.149015527218580246e-03 1.448319572955369949e-02
1.892638509161770344e-03 9.062790311872959137e-03
1.196989440359175205e-03 5.678556859493255615e-03
1.286598271690309048e-03 2.004818757995963097e-03
1.675749314017593861e-03 4.479531780816614628e-04
2.336160745471715927e-03 -1.102230162359774113e-03
3.729114076122641563e-03 -3.123368835076689720e-03
4.836896900087594986e-03 -4.236338660120964050e-03
7.347687613219022751e-03 -6.024087779223918915e-03
9.193025529384613037e-03 -6.967781111598014832e-03
1.403844635933637619e-02 -8.653908036649227142e-03
1.780279725790023804e-02 -9.491898119449615479e-03
2.905290201306343079e-02 -1.075535360723733902e-02
3.610290586948394775e-02 -1.101741660386323929e-02
4.830304160714149475e-02 -1.096798013895750046e-02
6.749166548252105713e-02 -1.020859368145465851e-02
8.691464364528656006e-02 -9.051681496202945709e-03
9.927961975336074829e-02 -8.228478021919727325e-03
1.112476661801338196e-01 -7.407123688608407974e-03
1.275656223297119141e-01 -6.283102091401815414e-03
1.418045312166213989e-01 -5.320582538843154907e-03
1.489989161491394043e-01 -4.845425952225923538e-03
1.554757803678512573e-01 -4.425462801009416580e-03
1.672322154045104980e-01 -3.684205003082752228e-03
1.766646057367324829e-01 -3.110741963610053062e-03
1.863443702459335327e-01 -2.543075010180473328e-03
2.004613429307937622e-01 -1.754426513798534870e-03
2.089091837406158447e-01 -1.305167214013636112e-03
2.224611341953277588e-01 -6.201793439686298370e-04
2.315432578325271606e-01 -1.856817689258605242e-04
2.425348609685897827e-01 3.140188928227871656e-04
2.495187819004058838e-01 6.167958490550518036e-04
2.599840760231018066e-01 1.049377606250345707e-03
2.716649770736694336e-01 1.502717612311244011e-03
2.803060412406921387e-01 1.818427001126110554e-03
2.947144806385040283e-01 2.308421069756150246e-03
3.060295283794403076e-01 2.661977661773562431e-03
3.147786855697631836e-01 2.916928147897124290e-03
3.217245638370513916e-01 3.108062315732240677e-03
3.349881768226623535e-01 3.445851616561412811e-03
3.410243988037109375e-01 3.587947227060794830e-03
3.575600385665893555e-01 3.940710797905921936e-03
3.658418953418731689e-01 4.097652155905961990e-03
3.809575438499450684e-01 4.350895993411540985e-03
3.869691491127014160e-01 4.439885262399911880e-03
3.962748050689697266e-01 4.564710892736911774e-03
4.125052094459533691e-01 4.745519254356622696e-03
4.222304224967956543e-01 4.831849131733179092e-03
4.276942312717437744e-01 4.873278085142374039e-03
4.339846074581146240e-01 4.914744291454553604e-03
4.478765726089477539e-01 4.983216524124145508e-03
4.697199165821075439e-01 5.028930492699146271e-03
4.863917231559753418e-01 5.015735048800706863e-03
5.034970641136169434e-01 4.962323233485221863e-03
5.146495103836059570e-01 4.907583352178335190e-03
5.244829654693603516e-01 4.847452975809574127e-03
5.299952626228332520e-01 4.809261765331029892e-03
5.408057570457458496e-01 4.725862294435501099e-03
5.468676090240478516e-01 4.674619063735008240e-03
5.599142313003540039e-01 4.554986488074064255e-03
5.646836757659912109e-01 4.508518613874912262e-03
5.845551490783691406e-01 4.303448833525180817e-03
5.914268493652343750e-01 4.229635931551456451e-03
6.086409091949462891e-01 4.042641725391149521e-03
6.216564178466796875e-01 3.902795724570751190e-03
6.285370588302612305e-01 3.830580739304423332e-03
6.372350454330444336e-01 3.741829656064510345e-03
6.627286672592163086e-01 3.505072323605418205e-03
6.683495044708251953e-01 3.458753228187561035e-03
6.823701858520507812e-01 3.354233456775546074e-03
6.956153512001037598e-01 3.271230263635516167e-03
7.073273658752441406e-01 3.211481031030416489e-03
7.229526042938232422e-01 3.152530873194336891e-03
7.386578321456909180e-01 3.117504063993692398e-03
7.475470900535583496e-01 3.108318662270903587e-03
7.632908225059509277e-01 3.110209479928016663e-03
7.774286270141601562e-01 3.130455268546938896e-03
7.893794178962707520e-01 3.159887623041868210e-03
8.006988167762756348e-01 3.196813166141510010e-03
8.080421090126037598e-01 3.224758431315422058e-03
8.144860267639160156e-01 3.251419402658939362e-03
8.300586938858032227e-01 3.321648575365543365e-03
8.377398848533630371e-01 3.357779467478394508e-03
8.594823479652404785e-01 3.454597201198339462e-03
8.635714054107666016e-01 3.470180556178092957e-03
8.807641863822937012e-01 3.516246099025011063e-03
8.924390673637390137e-01 3.519083838909864426e-03
8.983291387557983398e-01 3.507232991978526115e-03
9.101629257202148438e-01 3.445049514994025230e-03
9.291601181030273438e-01 3.172969911247491837e-03
9.327679276466369629e-01 3.083976218476891518e-03
9.429860115051269531e-01 2.728580497205257416e-03
9.470472931861877441e-01 2.530409488826990128e-03
9.544941186904907227e-01 2.043402520939707756e-03
9.606993794441223145e-01 1.465010573156177998e-03
9.654929041862487793e-01 8.677243022248148918e-04
9.677895903587341309e-01 5.264701321721076965e-04
9.689760804176330566e-01 3.361541021149605513e-04
9.696654081344604492e-01 2.214945707237347960e-04
