9.646486043930053711e-01 5.064601544290781021e-03
9.640296697616577148e-01 5.355305969715118408e-03
9.618575572967529297e-01 6.276393309235572815e-03
9.555587768554687500e-01 8.510556071996688843e-03
9.472101330757141113e-01 1.103230845183134079e-02
9.433857202529907227e-01 1.209884509444236755e-02
9.328219294548034668e-01 1.486850343644618988e-02
9.271045327186584473e-01 1.628954336047172546e-02
9.205230474472045898e-01 1.787532493472099304e-02
9.119458794593811035e-01 1.987761445343494415e-02
9.033091068267822266e-01 2.183436602354049683e-02
8.975796699523925781e-01 2.310492657124996185e-02
8.892409205436706543e-01 2.492070011794567108e-02
8.798440694808959961e-01 2.692499943077564240e-02
8.672875165939331055e-01 2.954461984336376190e-02
8.621372580528259277e-01 3.060187026858329773e-02
8.504028320312500000e-01 3.297748044133186340e-02
8.332804441452026367e-01 3.636954724788665771e-02
8.251222968101501465e-01 3.795791044831275940e-02
8.135128021240234375e-01 4.018978774547576904e-02
8.014020323753356934e-01 4.248455166816711426e-02
7.936615943908691406e-01 4.393408820033073425e-02
7.804300189018249512e-01 4.638202488422393799e-02
7.731911540031433105e-01 4.770564287900924683e-02
7.597997188568115234e-01 5.012527480721473694e-02
7.525744438171386719e-01 5.141514167189598083e-02
7.341269850730895996e-01 5.465784296393394470e-02
7.253615260124206543e-01 5.617230013012886047e-02
7.194815874099731445e-01 5.717835947871208191e-02
7.100793123245239258e-01 5.877000093460083008e-02
6.970267295837402344e-01 6.094311177730560303e-02
6.825055480003356934e-01 6.330729275941848755e-02
6.720324158668518066e-01 6.497479230165481567e-02
6.635667085647583008e-01 6.629793345928192139e-02
6.538302302360534668e-01 6.779066473245620728e-02
6.467219591140747070e-01 6.885983049869537354e-02
6.315531730651855469e-01 7.107897847890853882e-02
6.164861321449279785e-01 7.319308817386627197e-02
5.977476239204406738e-01 7.568531483411788940e-02
5.837484002113342285e-01 7.744039595127105713e-02
5.780864953994750977e-01 7.812284678220748901e-02
5.609554052352905273e-01 8.008740842342376709e-02
5.498079061508178711e-01 8.128190040588378906e-02
5.373267531394958496e-01 8.253790438175201416e-02
5.220152735710144043e-01 8.395794034004211426e-02
5.142500996589660645e-01 8.462614566087722778e-02
4.958546757698059082e-01 8.606653660535812378e-02
4.890430569648742676e-01 8.654841035604476929e-02
4.653398692607879639e-01 8.800478279590606689e-02
4.554929435253143311e-01 8.850805461406707764e-02
4.335423707962036133e-01 8.941251039505004883e-02
4.201418459415435791e-01 8.981575816869735718e-02
4.084783494472503662e-01 9.007407724857330322e-02
4.016727209091186523e-01 9.018471837043762207e-02
3.785531520843505859e-01 9.033773839473724365e-02
3.715906441211700439e-01 9.031575173139572144e-02
3.601761758327484131e-01 9.021068364381790161e-02
3.486050367355346680e-01 9.001571685075759888e-02
3.360671997070312500e-01 8.970250934362411499e-02
3.201887309551239014e-01 8.915078639984130859e-02
3.102159500122070312e-01 8.871378749608993530e-02
2.998937070369720459e-01 8.818625658750534058e-02
2.871481180191040039e-01 8.742678910493850708e-02
2.800151109695434570e-01 8.694836497306823730e-02
2.667188346385955811e-01 8.595114201307296753e-02
2.567428946495056152e-01 8.511010557413101196e-02
2.391524612903594971e-01 8.342415839433670044e-02
2.319303005933761597e-01 8.265361189842224121e-02
2.161650061607360840e-01 8.080404996871948242e-02
2.057620584964752197e-01 7.945106923580169678e-02
1.979172825813293457e-01 7.835704088211059570e-02
1.820196658372879028e-01 7.593280822038650513e-02
1.761200428009033203e-01 7.495827227830886841e-02
1.645684242248535156e-01 7.292410731315612793e-02
1.522718518972396851e-01 7.056219875812530518e-02
1.361892074346542358e-01 6.713476777076721191e-02
1.231600046157836914e-01 6.404297053813934326e-02
1.164719089865684509e-01 6.233415007591247559e-02
1.026911437511444092e-01 5.852294713258743286e-02
9.398303180932998657e-02 5.589171126484870911e-02
8.679713308811187744e-02 5.357538163661956787e-02
7.759393006563186646e-02 5.039696767926216125e-02
6.563961505889892578e-02 4.586594551801681519e-02
5.921733006834983826e-02 4.321705177426338196e-02
5.076565593481063843e-02 3.946589678525924683e-02
4.178351163864135742e-02 3.509202599525451660e-02
3.574975579977035522e-02 3.188346326351165771e-02
2.796598523855209351e-02 2.733675949275493622e-02
2.179959602653980255e-02 2.329983189702033997e-02
1.638949103653430939e-02 1.928631961345672607e-02
1.226228475570678711e-02 1.573841646313667297e-02
8.532305248081684113e-03 1.181177888065576553e-02
5.452184937894344330e-03 6.862848997116088867e-03
4.965326748788356781e-03 5.261833779513835907e-03
4.807488992810249329e-03 4.055809229612350464e-03
5.047453101724386215e-03 1.942732022143900394e-03
5.708222743123769760e-03 4.251922073308378458e-04
6.967824883759021759e-03 -1.192290917970240116e-03
8.214256726205348969e-03 -2.291131997480988503e-03
9.229970164597034454e-03 -3.011284628883004189e-03
1.214769575744867325e-02 -4.613054916262626648e-03
1.468512509018182755e-02 -5.681850947439670563e-03
1.863512024283409119e-02 -7.010529283434152603e-03
2.451438829302787781e-02 -8.540469221770763397e-03
3.020994178950786591e-02 -9.710590355098247528e-03
3.542561456561088562e-02 -1.060256734490394592e-02
4.034512862563133240e-02 -1.132677495479583740e-02
5.035622417926788330e-02 -1.253660488873720169e-02
6.226107850670814514e-02 -1.363021414726972580e-02
7.835030555725097656e-02 -1.466677337884902954e-02
9.404587745666503906e-02 -1.529508363455533981e-02
1.053252592682838440e-01 -1.555191073566675186e-02
1.156147494912147522e-01 -1.566110551357269287e-02
1.346441358327865601e-01 -1.558356173336505890e-02
1.467959880828857422e-01 -1.536419801414012909e-02
1.650999188423156738e-01 -1.481351349502801895e-02
1.829719841480255127e-01 -1.404953747987747192e-02
2.027638107538223267e-01 -1.297739986330270767e-02
2.119052708148956299e-01 -1.241142302751541138e-02
2.222148627042770386e-01 -1.172502525150775909e-02
2.441618740558624268e-01 -1.011333800852298737e-02
2.561070024967193604e-01 -9.161148220300674438e-03
2.633765935897827148e-01 -8.559131994843482971e-03
2.736071348190307617e-01 -7.685928605496883392e-03
2.823805510997772217e-01 -6.915178149938583374e-03
2.949418425559997559e-01 -5.780647508800029755e-03
3.060525059700012207e-01 -4.750776570290327072e-03
3.210862278938293457e-01 -3.324623685330152512e-03
3.310278654098510742e-01 -2.364695537835359573e-03
3.407130241394042969e-01 -1.419278909452259541e-03
3.497883975505828857e-01 -5.260366015136241913e-04
3.597367405891418457e-01 4.593435733113437891e-04
3.698636889457702637e-01 1.467052847146987915e-03
3.810463249683380127e-01 2.582781016826629639e-03
3.928268551826477051e-01 3.758788574486970901e-03
3.996103703975677490e-01 4.435128998011350632e-03
4.120016992092132568e-01 5.666962359100580215e-03
4.220045506954193115e-01 6.656149402260780334e-03
4.362094700336456299e-01 8.049675263464450836e-03
4.424039423465728760e-01 8.652294985949993134e-03
4.576465487480163574e-01 1.011935155838727951e-02
4.722793400287628174e-01 1.150308921933174133e-02
4.883863627910614014e-01 1.299358159303665161e-02
4.940764307975769043e-01 1.351105701178312302e-02
5.067467093467712402e-01 1.464480813592672348e-02
5.155549049377441406e-01 1.541700400412082672e-02
5.293986201286315918e-01 1.660225726664066315e-02
5.393968820571899414e-01 1.743542402982711792e-02
5.450056195259094238e-01 1.789399050176143646e-02
5.566566586494445801e-01 1.882548630237579346e-02
5.632267594337463379e-01 1.933775283396244049e-02
5.759637355804443359e-01 2.030293643474578857e-02
5.872531533241271973e-01 2.112625725567340851e-02
5.951549410820007324e-01 2.168368920683860779e-02
6.026602983474731445e-01 2.219822816550731659e-02
6.129139065742492676e-01 2.287664264440536499e-02
6.218593716621398926e-01 2.344429865479469299e-02
6.296927332878112793e-01 2.392192184925079346e-02
6.391003727912902832e-01 2.447026222944259644e-02
6.446837782859802246e-01 2.478201873600482941e-02
6.560327410697937012e-01 2.538247779011726379e-02
6.748207807540893555e-01 2.627049013972282410e-02
6.920343637466430664e-01 2.695519663393497467e-02
6.945741176605224609e-01 2.704490162432193756e-02
7.109950780868530273e-01 2.754949778318405151e-02
7.158935666084289551e-01 2.767361141741275787e-02
7.312045693397521973e-01 2.797832526266574860e-02
7.461245656013488770e-01 2.814736217260360718e-02
7.533823847770690918e-01 2.818151563405990601e-02
7.600250244140625000e-01 2.818413823843002319e-02
7.801550626754760742e-01 2.801753021776676178e-02
7.919738888740539551e-01 2.779115177690982819e-02
8.060963153839111328e-01 2.738779783248901367e-02
8.083166480064392090e-01 2.731065265834331512e-02
8.213804960250854492e-01 2.677747979760169983e-02
8.273315429687500000e-01 2.648787572979927063e-02
8.341633081436157227e-01 2.611744217574596405e-02
8.448253273963928223e-01 2.545386925339698792e-02
8.597642779350280762e-01 2.433364279568195343e-02
8.668314814567565918e-01 2.371846139430999756e-02
8.853655457496643066e-01 2.180469036102294922e-02
8.898294568061828613e-01 2.126997150480747223e-02
9.012829065322875977e-01 1.974274963140487671e-02
9.078513979911804199e-01 1.875162497162818909e-02
9.143562912940979004e-01 1.767245680093765259e-02
9.195267558097839355e-01 1.673482917249202728e-02
9.308439493179321289e-01 1.437728758901357651e-02
9.482253789901733398e-01 9.521567262709140778e-03
9.559372663497924805e-01 6.527626886963844299e-03
9.622399806976318359e-01 3.379123052582144737e-03
9.631975293159484863e-01 2.824827330186963081e-03
9.643077254295349121e-01 2.153069013729691505e-03
