9.670929312705993652e-01 6.646463647484779358e-03
9.666854143142700195e-01 6.888979114592075348e-03
9.658288359642028809e-01 7.368226069957017899e-03
9.611740112304687500e-01 9.528274647891521454e-03
9.552719593048095703e-01 1.170291658490896225e-02
9.515219330787658691e-01 1.290517486631870270e-02
9.439095854759216309e-01 1.507871039211750031e-02
9.401741027832031250e-01 1.604971475899219513e-02
9.352108240127563477e-01 1.726605184376239777e-02
9.319160580635070801e-01 1.803423091769218445e-02
9.225264787673950195e-01 2.008447796106338501e-02
9.197492599487304688e-01 2.065744623541831970e-02
9.089862704277038574e-01 2.276116609573364258e-02
9.021026492118835449e-01 2.402385510504245758e-02
8.887495994567871094e-01 2.632455900311470032e-02
8.831909298896789551e-01 2.723301574587821960e-02
8.721620440483093262e-01 2.896241843700408936e-02
8.672903180122375488e-01 2.969855442643165588e-02
8.621553182601928711e-01 3.045779094099998474e-02
8.578224182128906250e-01 3.108591958880424500e-02
8.415568470954895020e-01 3.335190936923027039e-02
8.314421176910400391e-01 3.469600528478622437e-02
8.238831162452697754e-01 3.567180037498474121e-02
8.188805580139160156e-01 3.630515933036804199e-02
8.104072213172912598e-01 3.735685348510742188e-02
8.034343719482421875e-01 3.820369765162467957e-02
7.812561988830566406e-01 4.079817980527877808e-02
7.741639614105224609e-01 4.159932956099510193e-02
7.652000188827514648e-01 4.259421303868293762e-02
7.535504102706909180e-01 4.385984688997268677e-02
7.376218438148498535e-01 4.554463550448417664e-02
7.297153472900390625e-01 4.636273533105850220e-02
7.163400053977966309e-01 4.772116243839263916e-02
7.060822248458862305e-01 4.874202609062194824e-02
6.964027285575866699e-01 4.968915507197380066e-02
6.909326910972595215e-01 5.021749436855316162e-02
6.710737347602844238e-01 5.209344252943992615e-02
6.538959145545959473e-01 5.366067960858345032e-02
6.329801678657531738e-01 5.549307540059089661e-02
6.261185407638549805e-01 5.607439577579498291e-02
6.062356233596801758e-01 5.769768357276916504e-02
5.900716781616210938e-01 5.894363671541213989e-02
5.747429728507995605e-01 6.005739048123359680e-02
5.654019117355346680e-01 6.070115789771080017e-02
5.430526733398437500e-01 6.212547793984413147e-02
5.365160703659057617e-01 6.250943243503570557e-02
5.211060643196105957e-01 6.335294246673583984e-02
5.116730928421020508e-01 6.382513791322708130e-02
4.923961758613586426e-01 6.468189507722854614e-02
4.877001047134399414e-01 6.486808508634567261e-02
4.634803235530853271e-01 6.568412482738494873e-02
4.553609192371368408e-01 6.590274721384048462e-02
4.442549347877502441e-01 6.615637987852096558e-02
4.333483576774597168e-01 6.635395437479019165e-02
4.162167906761169434e-01 6.656026840209960938e-02
4.068564474582672119e-01 6.661884486675262451e-02
3.835834860801696777e-01 6.659714877605438232e-02
3.745940029621124268e-01 6.652434915304183960e-02
3.510672748088836670e-01 6.616187095642089844e-02
3.396753072738647461e-01 6.589595228433609009e-02
3.284754753112792969e-01 6.557612866163253784e-02
3.173421323299407959e-01 6.520013511180877686e-02
2.993113696575164795e-01 6.446599960327148438e-02
2.807146310806274414e-01 6.354206055402755737e-02
2.707518637180328369e-01 6.297510862350463867e-02
2.575739026069641113e-01 6.214522570371627808e-02
2.379108369350433350e-01 6.072999164462089539e-02
2.324594855308532715e-01 6.029838696122169495e-02
2.082845121622085571e-01 5.816435068845748901e-02
2.024546563625335693e-01 5.759284272789955139e-02
1.957172453403472900e-01 5.690300837159156799e-02
1.780368387699127197e-01 5.493348464369773865e-02
1.727887690067291260e-01 5.430153757333755493e-02
1.493000090122222900e-01 5.117555335164070129e-02
1.375158876180648804e-01 4.940218105912208557e-02
1.271969079971313477e-01 4.772000387310981750e-02
1.125825569033622742e-01 4.510283470153808594e-02
9.914579987525939941e-02 4.241457208991050720e-02
9.063912928104400635e-02 4.054931923747062683e-02
8.100587129592895508e-02 3.825900331139564514e-02
7.321567833423614502e-02 3.624784946441650391e-02
6.568474322557449341e-02 3.414676710963249207e-02
5.692008137702941895e-02 3.147287294268608093e-02
4.880767688155174255e-02 2.873297594487667084e-02
3.625363856554031372e-02 2.382622100412845612e-02
3.001174144446849823e-02 2.096775360405445099e-02
2.146048471331596375e-02 1.632819324731826782e-02
1.987225934863090515e-02 1.532885804772377014e-02
1.622983254492282867e-02 1.277265418320894241e-02
1.322352793067693710e-02 1.021545380353927612e-02
1.152906473726034164e-02 8.416452445089817047e-03
9.610149078071117401e-03 5.414329003542661667e-03
9.392610751092433929e-03 1.529128989204764366e-03
9.716670960187911987e-03 8.513643988408148289e-04
1.084501110017299652e-02 -5.429745651781558990e-04
1.204133126884698868e-02 -1.493019866757094860e-03
1.308968290686607361e-02 -2.137275645509362221e-03
1.382792461663484573e-02 -2.526377560570836067e-03
1.495503541082143784e-02 -3.048307495191693306e-03
1.927642337977886200e-02 -4.570257849991321564e-03
2.377847954630851746e-02 -5.727820564061403275e-03
2.501410245895385742e-02 -6.001210771501064301e-03
3.103196248412132263e-02 -7.160351146012544632e-03
3.464414924383163452e-02 -7.758849300444126129e-03
4.387671127915382385e-02 -9.084861725568771362e-03
4.976709932088851929e-02 -9.825670160353183746e-03
6.284754723310470581e-02 -1.127519365400075912e-02
8.038561791181564331e-02 -1.290647685527801514e-02
1.014142110943794250e-01 -1.448369212448596954e-02
1.141249909996986389e-01 -1.525658834725618362e-02
1.182726472616195679e-01 -1.548080984503030777e-02
1.333976089954376221e-01 -1.618602313101291656e-02
1.405265927314758301e-01 -1.645911298692226410e-02
1.634997725486755371e-01 -1.709507219493389130e-02
1.695782989263534546e-01 -1.720409095287322998e-02
1.898742616176605225e-01 -1.740177161991596222e-02
2.023249715566635132e-01 -1.740450039505958557e-02
2.099731266498565674e-01 -1.736470125615596771e-02
2.227063477039337158e-01 -1.723282970488071442e-02
2.335259467363357544e-01 -1.706041954457759857e-02
2.466482669115066528e-01 -1.678264886140823364e-02
2.567319869995117188e-01 -1.652197912335395813e-02
2.647359371185302734e-01 -1.628798805177211761e-02
2.778727114200592041e-01 -1.585598289966583252e-02
3.007804453372955322e-01 -1.497610099613666534e-02
3.062206208705902100e-01 -1.474618818610906601e-02
3.161273002624511719e-01 -1.430918276309967041e-02
3.295942842960357666e-01 -1.368061546236276627e-02
3.451107144355773926e-01 -1.291339658200740814e-02
3.573344349861145020e-01 -1.228133961558341980e-02
3.652106225490570068e-01 -1.186298020184040070e-02
3.698035776615142822e-01 -1.161542162299156189e-02
3.843440711498260498e-01 -1.081649679690599442e-02
3.960621058940887451e-01 -1.015840563923120499e-02
4.036928713321685791e-01 -9.724305942654609680e-03
4.081382453441619873e-01 -9.469714015722274780e-03
4.286030530929565430e-01 -8.285116404294967651e-03
4.360632300376892090e-01 -7.849552668631076813e-03
4.436078071594238281e-01 -7.407749071717262268e-03
4.568316936492919922e-01 -6.631460972130298615e-03
4.668869376182556152e-01 -6.040513981133699417e-03
4.830848872661590576e-01 -5.089140497148036957e-03
4.981207549571990967e-01 -4.207908641546964645e-03
5.073085427284240723e-01 -3.670522943139076233e-03
5.215992927551269531e-01 -2.836004365235567093e-03
5.265901684761047363e-01 -2.544746967032551765e-03
5.323752164840698242e-01 -2.207085955888032913e-03
5.434952378273010254e-01 -1.557275769300758839e-03
5.570822954177856445e-01 -7.599955424666404724e-04
5.704715251922607422e-01 3.250999725423753262e-05
5.764242410659790039e-01 3.881044103763997555e-04
5.870730280876159668e-01 1.030905637890100479e-03
6.010304093360900879e-01 1.889923820272088051e-03
6.031625866889953613e-01 2.023125300183892250e-03
6.140782833099365234e-01 2.714394591748714447e-03
6.256203055381774902e-01 3.464276436716318130e-03
6.330963373184204102e-01 3.961399663239717484e-03
6.480085253715515137e-01 4.981397651135921478e-03
6.738289594650268555e-01 6.835257168859243393e-03
6.801479458808898926e-01 7.303802762180566788e-03
6.863745450973510742e-01 7.769994903355836868e-03
6.951826810836791992e-01 8.435500785708427429e-03
7.026187777519226074e-01 9.001119993627071381e-03
7.065975069999694824e-01 9.304516948759555817e-03
7.239961028099060059e-01 1.062901411205530167e-02
7.407064437866210938e-01 1.187898032367229462e-02
7.566782236099243164e-01 1.302949525415897369e-02
7.687320113182067871e-01 1.385472528636455536e-02
7.837448716163635254e-01 1.481357309967279434e-02
7.908211350440979004e-01 1.523360330611467361e-02
8.084608912467956543e-01 1.617334224283695221e-02
8.181291818618774414e-01 1.661321707069873810e-02
8.321515321731567383e-01 1.713963784277439117e-02
8.370635509490966797e-01 1.728914678096771240e-02
8.458791375160217285e-01 1.750686205923557281e-02
8.510727882385253906e-01 1.760232262313365936e-02
8.644116520881652832e-01 1.772259362041950226e-02
8.769420385360717773e-01 1.764767803251743317e-02
8.895277380943298340e-01 1.735216751694679260e-02
8.956076502799987793e-01 1.711618714034557343e-02
9.105336666107177734e-01 1.622065529227256775e-02
9.154088497161865234e-01 1.581176556646823883e-02
9.214841723442077637e-01 1.520444825291633606e-02
9.239102005958557129e-01 1.492788549512624741e-02
9.287457466125488281e-01 1.431097369641065598e-02
9.355847835540771484e-01 1.326523534953594208e-02
9.440336227416992188e-01 1.161774620413780212e-02
9.508519768714904785e-01 9.901379235088825226e-03
9.580312371253967285e-01 7.561245467513799667e-03
9.650378227233886719e-01 4.508402664214372635e-03
9.657772779464721680e-01 4.128635395318269730e-03
9.668894410133361816e-01 3.533952636644244194e-03
