9.660400152206420898e-01 7.235426921397447586e-03
9.654206633567810059e-01 7.595724426209926605e-03
9.630175232887268066e-01 8.903578855097293854e-03
9.550076723098754883e-01 1.281544007360935211e-02
9.403643012046813965e-01 1.928842440247535706e-02
9.277874231338500977e-01 2.450189925730228424e-02
9.013600349426269531e-01 3.482186421751976013e-02
8.934761285781860352e-01 3.777115046977996826e-02
8.755460977554321289e-01 4.429350048303604126e-02
8.635270595550537109e-01 4.853380471467971802e-02
8.465893864631652832e-01 5.434423685073852539e-02
8.394380807876586914e-01 5.674210190773010254e-02
8.275787234306335449e-01 6.064911559224128723e-02
8.132807612419128418e-01 6.524699926376342773e-02
7.943706512451171875e-01 7.114450633525848389e-02
7.882345914840698242e-01 7.301404327154159546e-02
7.762591838836669922e-01 7.660134881734848022e-02
7.592666149139404297e-01 8.155264705419540405e-02
7.425572872161865234e-01 8.626312017440795898e-02
7.313674688339233398e-01 8.932951837778091431e-02
7.213331460952758789e-01 9.201879799365997314e-02
7.087063193321228027e-01 9.532070904970169067e-02
6.962814927101135254e-01 9.847925603389739990e-02
6.854583024978637695e-01 1.011561974883079529e-01
6.659462451934814453e-01 1.058025434613227844e-01
6.568176150321960449e-01 1.078949123620986938e-01
6.425191760063171387e-01 1.110645309090614319e-01
6.338170766830444336e-01 1.129273548722267151e-01
6.211972236633300781e-01 1.155374646186828613e-01
6.098530888557434082e-01 1.177883520722389221e-01
5.967242717742919922e-01 1.202768012881278992e-01
5.838373899459838867e-01 1.225934475660324097e-01
5.736433267593383789e-01 1.243345066905021667e-01
5.656898021697998047e-01 1.256351917982101440e-01
5.594775080680847168e-01 1.266150474548339844e-01
5.524467229843139648e-01 1.276850998401641846e-01
5.371605157852172852e-01 1.298653483390808105e-01
5.312629342079162598e-01 1.306515634059906006e-01
5.114845037460327148e-01 1.330569535493850708e-01
5.012428760528564453e-01 1.341580301523208618e-01
4.916654825210571289e-01 1.350956261157989502e-01
4.805952310562133789e-01 1.360658109188079834e-01
4.724291265010833740e-01 1.367017030715942383e-01
4.609594643115997314e-01 1.374777406454086304e-01
4.506649076938629150e-01 1.380553543567657471e-01
4.417204558849334717e-01 1.384639590978622437e-01
4.285892546176910400e-01 1.389031708240509033e-01
4.251862466335296631e-01 1.389852911233901978e-01
4.197737276554107666e-01 1.390886753797531128e-01
4.068958759307861328e-01 1.391982436180114746e-01
3.910707831382751465e-01 1.390643864870071411e-01
3.789492249488830566e-01 1.387566775083541870e-01
3.652544915676116943e-01 1.381896734237670898e-01
3.551303446292877197e-01 1.376176923513412476e-01
3.505200743675231934e-01 1.373135000467300415e-01
3.434028625488281250e-01 1.367894560098648071e-01
3.358655273914337158e-01 1.361617892980575562e-01
3.270801305770874023e-01 1.353342533111572266e-01
3.153572976589202881e-01 1.340669393539428711e-01
3.076961934566497803e-01 1.331361979246139526e-01
2.978317439556121826e-01 1.318163424730300903e-01
2.874127328395843506e-01 1.302713006734848022e-01
2.774024307727813721e-01 1.286379545927047729e-01
2.738956212997436523e-01 1.280306577682495117e-01
2.653195261955261230e-01 1.264678239822387695e-01
2.526155412197113037e-01 1.239462271332740784e-01
2.473742365837097168e-01 1.228326410055160522e-01
2.389446794986724854e-01 1.209501177072525024e-01
2.265269011259078979e-01 1.179669797420501709e-01
2.174433767795562744e-01 1.156224012374877930e-01
2.073606252670288086e-01 1.128544434905052185e-01
1.911635100841522217e-01 1.080308556556701660e-01
1.834929585456848145e-01 1.055784448981285095e-01
1.748834550380706787e-01 1.026923134922981262e-01
1.684392541646957397e-01 1.004370003938674927e-01
1.545124650001525879e-01 9.527422487735748291e-02
1.487599015235900879e-01 9.302215278148651123e-02
1.415267139673233032e-01 9.008719027042388916e-02
1.350781917572021484e-01 8.737054467201232910e-02
1.294015944004058838e-01 8.489841222763061523e-02
1.223735138773918152e-01 8.172938972711563110e-02
1.144035607576370239e-01 7.798483967781066895e-02
1.050761118531227112e-01 7.338877767324447632e-02
9.714981168508529663e-02 6.929167360067367554e-02
8.716289699077606201e-02 6.386250257492065430e-02
7.923708111047744751e-02 5.932745710015296936e-02
6.767070293426513672e-02 5.231809616088867188e-02
5.819311738014221191e-02 4.619337990880012512e-02
5.326069146394729614e-02 4.285559058189392090e-02
4.714564606547355652e-02 3.855985775589942932e-02
3.833245113492012024e-02 3.202007710933685303e-02
2.930486947298049927e-02 2.478917129337787628e-02
2.576597407460212708e-02 2.175836078822612762e-02
2.132805436849594116e-02 1.773443631827831268e-02
1.657952740788459778e-02 1.300509274005889893e-02
1.394648384302854538e-02 1.004673354327678680e-02
1.227433793246746063e-02 7.931373082101345062e-03
1.014161482453346252e-02 4.648610949516296387e-03
9.108383208513259888e-03 2.391860820353031158e-03
8.927373215556144714e-03 1.853739609941840172e-03
8.492529392242431641e-03 -6.128727691248059273e-04
8.972194977104663849e-03 -3.400772111490368843e-03
1.020448096096515656e-02 -5.500868894159793854e-03
1.331945881247520447e-02 -8.324972353875637054e-03
1.617603003978729248e-02 -1.005475223064422607e-02
2.506900765001773834e-02 -1.376188825815916061e-02
2.816156856715679169e-02 -1.475480757653713226e-02
3.542130440473556519e-02 -1.674957759678363800e-02
3.984345123171806335e-02 -1.779131218791007996e-02
4.711418226361274719e-02 -1.928765885531902313e-02
6.044688820838928223e-02 -2.148427441716194153e-02
7.284872233867645264e-02 -2.302063629031181335e-02
8.130176365375518799e-02 -2.383046969771385193e-02
9.920454770326614380e-02 -2.498692832887172699e-02
1.176437139511108398e-01 -2.546745166182518005e-02
1.327630132436752319e-01 -2.537642605602741241e-02
1.487701237201690674e-01 -2.484337426722049713e-02
1.628376096487045288e-01 -2.403118275105953217e-02
1.704381406307220459e-01 -2.346684411168098450e-02
1.768912523984909058e-01 -2.292184904217720032e-02
1.931532323360443115e-01 -2.129468694329261780e-02
2.137355357408523560e-01 -1.875593140721321106e-02
2.186425030231475830e-01 -1.807824708521366119e-02
2.328161746263504028e-01 -1.597779244184494019e-02
2.490646541118621826e-01 -1.333064306527376175e-02
2.638166844844818115e-01 -1.073211710900068283e-02
2.774739563465118408e-01 -8.182594552636146545e-03
2.828784584999084473e-01 -7.139827590435743332e-03
2.982005178928375244e-01 -4.092535469681024551e-03
3.068968057632446289e-01 -2.310577780008316040e-03
3.168506026268005371e-01 -2.318807673873379827e-04
3.292264044284820557e-01 2.400715136900544167e-03
3.383983075618743896e-01 4.379053134471178055e-03
3.443794846534729004e-01 5.678818095475435257e-03
3.570269346237182617e-01 8.445139974355697632e-03
3.672778904438018799e-01 1.069768611341714859e-02
3.767079710960388184e-01 1.277168467640876770e-02
3.818200528621673584e-01 1.389475911855697632e-02
3.897606432437896729e-01 1.563508436083793640e-02
3.967569768428802490e-01 1.716216094791889191e-02
4.110929369926452637e-01 2.026354894042015076e-02
4.164335727691650391e-01 2.140664122998714447e-02
4.254173040390014648e-01 2.331069484353065491e-02
4.324358999729156494e-01 2.477958239614963531e-02
4.388991892337799072e-01 2.611578628420829773e-02
4.480383396148681641e-01 2.797523885965347290e-02
4.564379155635833740e-01 2.964984625577926636e-02
4.621178209781646729e-01 3.076181747019290924e-02
4.726557135581970215e-01 3.277729451656341553e-02
4.954594969749450684e-01 3.689967095851898193e-02
5.028409957885742188e-01 3.815583139657974243e-02
5.101148486137390137e-01 3.935274481773376465e-02
5.174022316932678223e-01 4.050918668508529663e-02
5.307257175445556641e-01 4.250678792595863342e-02
5.369719862937927246e-01 4.338880255818367004e-02
5.487915873527526855e-01 4.495772719383239746e-02
5.625400543212890625e-01 4.661063104867935181e-02
5.727581381797790527e-01 4.771414771676063538e-02
5.857524275779724121e-01 4.895819723606109619e-02
5.948185920715332031e-01 4.971812665462493896e-02
6.028041839599609375e-01 5.031271651387214661e-02
6.174681186676025391e-01 5.122032016515731812e-02
6.252084374427795410e-01 5.160269141197204590e-02
6.313535571098327637e-01 5.185863748192787170e-02
6.436718702316284180e-01 5.224518105387687683e-02
6.474149227142333984e-01 5.232934653759002686e-02
6.628140807151794434e-01 5.251394212245941162e-02
6.831665635108947754e-01 5.236547067761421204e-02
6.905990839004516602e-01 5.220222100615501404e-02
7.026634812355041504e-01 5.181575194001197815e-02
7.147889137268066406e-01 5.127849429845809937e-02
7.228454351425170898e-01 5.084049701690673828e-02
7.399017214775085449e-01 4.970379918813705444e-02
7.473684549331665039e-01 4.911804199218750000e-02
7.714614868164062500e-01 4.686829075217247009e-02
7.799006700515747070e-01 4.595167189836502075e-02
7.927461862564086914e-01 4.442896693944931030e-02
8.017695546150207520e-01 4.326715320348739624e-02
8.155146837234497070e-01 4.134989157319068909e-02
8.271996378898620605e-01 3.957786411046981812e-02
8.422244191169738770e-01 3.710203990340232849e-02
8.508229255676269531e-01 3.558190166950225830e-02
8.630896806716918945e-01 3.327703475952148438e-02
8.744884133338928223e-01 3.098393417894840240e-02
8.931720852851867676e-01 2.688039094209671021e-02
9.038152098655700684e-01 2.432847209274768829e-02
9.263661503791809082e-01 1.829428039491176605e-02
9.412942528724670410e-01 1.368813496083021164e-02
9.535355567932128906e-01 9.374888613820075989e-03
9.629538059234619141e-01 5.558423697948455811e-03
9.642271995544433594e-01 4.997563082724809647e-03
9.656576514244079590e-01 4.352673422545194626e-03
