9.693838357925415039e-01 1.519402372650802135e-03
9.691289067268371582e-01 1.642036950215697289e-03
9.674110412597656250e-01 2.431774744763970375e-03
9.637694358825683594e-01 3.989708144217729568e-03
9.558708071708679199e-01 7.131406571716070175e-03
9.493037462234497070e-01 9.614785201847553253e-03
9.316221475601196289e-01 1.597286388278007507e-02
9.269729852676391602e-01 1.758589968085289001e-02
9.170258045196533203e-01 2.097112499177455902e-02
9.068081378936767578e-01 2.436433359980583191e-02
8.975376486778259277e-01 2.737633138895034790e-02
8.906205296516418457e-01 2.958501502871513367e-02
8.790720105171203613e-01 3.320292383432388306e-02
8.667974472045898438e-01 3.695739060640335083e-02
8.450818061828613281e-01 4.338128119707107544e-02
8.397448062896728516e-01 4.491866007447242737e-02
8.272240161895751953e-01 4.846291244029998779e-02
8.191058039665222168e-01 5.071450024843215942e-02
8.067524433135986328e-01 5.407150462269783020e-02
7.977488636970520020e-01 5.646587535738945007e-02
7.919480204582214355e-01 5.798529088497161865e-02
7.739715576171875000e-01 6.257855892181396484e-02
7.593075037002563477e-01 6.619673967361450195e-02
7.524679899215698242e-01 6.784487515687942505e-02
7.308387160301208496e-01 7.289163023233413696e-02
7.192220687866210938e-01 7.549847662448883057e-02
7.049764990806579590e-01 7.859621196985244751e-02
6.939731240272521973e-01 8.091400563716888428e-02
6.788060069084167480e-01 8.400164544582366943e-02
6.682327389717102051e-01 8.608032017946243286e-02
6.556985378265380859e-01 8.846563100814819336e-02
6.320323944091796875e-01 9.273398667573928833e-02
6.234443783760070801e-01 9.420600533485412598e-02
6.122862100601196289e-01 9.605669975280761719e-02
6.040718555450439453e-01 9.737390279769897461e-02
5.975657701492309570e-01 9.838984906673431396e-02
5.748846530914306641e-01 1.017385646700859070e-01
5.668473839759826660e-01 1.028519719839096069e-01
5.590173602104187012e-01 1.038991361856460571e-01
5.408824682235717773e-01 1.061790883541107178e-01
5.357638001441955566e-01 1.067851707339286804e-01
5.174645185470581055e-01 1.088133975863456726e-01
5.097818374633789062e-01 1.095990315079689026e-01
5.011454224586486816e-01 1.104345843195915222e-01
4.940534830093383789e-01 1.110824197530746460e-01
4.845841228961944580e-01 1.118924915790557861e-01
4.681314527988433838e-01 1.131470575928688049e-01
4.616679847240447998e-01 1.135855391621589661e-01
4.486317336559295654e-01 1.143741384148597717e-01
4.336625635623931885e-01 1.151174753904342651e-01
4.240783154964447021e-01 1.154998391866683960e-01
4.144217073917388916e-01 1.158092170953750610e-01
3.899957537651062012e-01 1.162404790520668030e-01
3.759931027889251709e-01 1.162521243095397949e-01
3.645822405815124512e-01 1.161296516656875610e-01
3.605144023895263672e-01 1.160566583275794983e-01
3.519902527332305908e-01 1.158528104424476624e-01
3.435235619544982910e-01 1.155807599425315857e-01
3.350851833820343018e-01 1.152392625808715820e-01
3.247441947460174561e-01 1.147226616740226746e-01
3.142538964748382568e-01 1.140853539109230042e-01
3.088722229003906250e-01 1.137131378054618835e-01
2.961823344230651855e-01 1.127104312181472778e-01
2.892836034297943115e-01 1.120898723602294922e-01
2.852072119712829590e-01 1.116976514458656311e-01
2.732481658458709717e-01 1.104347631335258484e-01
2.686648368835449219e-01 1.099054291844367981e-01
2.548656761646270752e-01 1.081548035144805908e-01
2.345133870840072632e-01 1.051225587725639343e-01
2.238266468048095703e-01 1.033029034733772278e-01
2.101714313030242920e-01 1.007354855537414551e-01
1.955918669700622559e-01 9.767600893974304199e-02
1.879133880138397217e-01 9.592475742101669312e-02
1.823578178882598877e-01 9.459448605775833130e-02
1.683773696422576904e-01 9.100031107664108276e-02
1.582787334918975830e-01 8.817145973443984985e-02
1.479224115610122681e-01 8.505282551050186157e-02
1.393335759639739990e-01 8.228830248117446899e-02
1.344624608755111694e-01 8.064456284046173096e-02
1.265107095241546631e-01 7.783699035644531250e-02
1.204229146242141724e-01 7.557827234268188477e-02
1.123184710741043091e-01 7.241550087928771973e-02
9.547361731529235840e-02 6.522082537412643433e-02
8.293479681015014648e-02 5.925714597105979919e-02
7.932399213314056396e-02 5.743316933512687683e-02
7.260775566101074219e-02 5.390365049242973328e-02
5.802519619464874268e-02 4.556765779852867126e-02
5.010493099689483643e-02 4.060349613428115845e-02
4.000342264771461487e-02 3.374035283923149109e-02
3.389309346675872803e-02 2.923834137618541718e-02
3.053957968950271606e-02 2.662707492709159851e-02
2.218618616461753845e-02 1.950583606958389282e-02
1.903953216969966888e-02 1.645630970597267151e-02
1.648849248886108398e-02 1.368931401520967484e-02
1.378623768687248230e-02 1.009132526814937592e-02
1.249969191849231720e-02 7.464576978236436844e-03
1.223520003259181976e-02 6.401909980922937393e-03
1.227812282741069794e-02 4.705254919826984406e-03
1.241705380380153656e-02 4.259488079696893692e-03
1.255885511636734009e-02 3.939567133784294128e-03
1.289973966777324677e-02 3.388290526345372200e-03
1.416228059679269791e-02 2.216415712609887123e-03
1.508308667689561844e-02 1.681647612713277340e-03
1.716003008186817169e-02 8.649710798636078835e-04
1.866005361080169678e-02 4.578547086566686630e-04
2.497830800712108612e-02 -5.018468946218490601e-04
3.233711421489715576e-02 -9.107789956033229828e-04
3.957857564091682434e-02 -9.637337643653154373e-04
4.525090008974075317e-02 -8.582074660807847977e-04
5.584439635276794434e-02 -4.305954789742827415e-04
7.202396541833877563e-02 6.088317022658884525e-04
8.509100973606109619e-02 1.676524872891604900e-03
9.341423213481903076e-02 2.432966139167547226e-03
1.189141944050788879e-01 5.003164988011121750e-03
1.352784782648086548e-01 6.780012045055627823e-03
1.509099602699279785e-01 8.523081429302692413e-03
1.660867184400558472e-01 1.023020129650831223e-02
1.796787828207015991e-01 1.175333838909864426e-02
1.864406764507293701e-01 1.250475086271762848e-02
1.935526877641677856e-01 1.328844111412763596e-02
2.010083049535751343e-01 1.410112250596284866e-02
2.140890657901763916e-01 1.550037413835525513e-02
2.243819534778594971e-01 1.657353155314922333e-02
2.317438423633575439e-01 1.732408627867698669e-02
2.428155988454818726e-01 1.842360571026802063e-02
2.504003047943115234e-01 1.915509626269340515e-02
2.600203454494476318e-01 2.005583606660366058e-02
2.640987336635589600e-01 2.042818255722522736e-02
2.816123664379119873e-01 2.195925451815128326e-02
2.871896326541900635e-01 2.242277003824710846e-02
2.984489500522613525e-01 2.332150563597679138e-02
3.041577935218811035e-01 2.375779673457145691e-02
3.310116231441497803e-01 2.562717907130718231e-02
3.356675207614898682e-01 2.591959200799465179e-02
3.532696962356567383e-01 2.693728357553482056e-02
3.606012463569641113e-01 2.731938660144805908e-02
3.677430450916290283e-01 2.766752243041992188e-02
3.737165629863739014e-01 2.794027514755725861e-02
3.786181807518005371e-01 2.815140970051288605e-02
3.834975361824035645e-01 2.835018932819366455e-02
3.919987976551055908e-01 2.866911329329013824e-02
3.992470502853393555e-01 2.891336008906364441e-02
4.142374694347381592e-01 2.933702431619167328e-02
4.298388063907623291e-01 2.966071106493473053e-02
4.390962421894073486e-01 2.979631163179874420e-02
4.476198852062225342e-01 2.988419868052005768e-02
4.614447653293609619e-01 2.995236217975616455e-02
4.681723713874816895e-01 2.995281666517257690e-02
4.765395820140838623e-01 2.992420643568038940e-02
4.838563203811645508e-01 2.987330406904220581e-02
4.910348355770111084e-01 2.980057336390018463e-02
4.990460276603698730e-01 2.969363890588283539e-02
5.099892020225524902e-01 2.950570732355117798e-02
5.270994901657104492e-01 2.912244759500026703e-02
5.324878096580505371e-01 2.898111939430236816e-02
5.614556670188903809e-01 2.807854488492012024e-02
5.684545636177062988e-01 2.783001214265823364e-02
5.731880068778991699e-01 2.765639312565326691e-02
5.799425244331359863e-01 2.740166150033473969e-02
5.895509123802185059e-01 2.702674642205238342e-02
5.946288108825683594e-01 2.682337537407875061e-02
6.142827868461608887e-01 2.600893937051296234e-02
6.247675418853759766e-01 2.556054666638374329e-02
6.324983239173889160e-01 2.522528171539306641e-02
6.532353758811950684e-01 2.431114017963409424e-02
6.638429164886474609e-01 2.383707836270332336e-02
6.830230951309204102e-01 2.297107130289077759e-02
6.993244290351867676e-01 2.222646586596965790e-02
7.095867395401000977e-01 2.175325714051723480e-02
7.233053445816040039e-01 2.111430093646049500e-02
7.321324348449707031e-01 2.069862186908721924e-02
7.440318465232849121e-01 2.013149671256542206e-02
7.596191763877868652e-01 1.937432028353214264e-02
7.654696106910705566e-01 1.908515766263008118e-02
7.761551141738891602e-01 1.854877360165119171e-02
7.813137769699096680e-01 1.828558184206485748e-02
7.944110631942749023e-01 1.760303601622581482e-02
7.989710569381713867e-01 1.736002601683139801e-02
8.199529647827148438e-01 1.619857735931873322e-02
8.484133481979370117e-01 1.447409205138683319e-02
8.662045598030090332e-01 1.327312737703323364e-02
8.747016787528991699e-01 1.265467796474695206e-02
8.838305473327636719e-01 1.195020880550146103e-02
8.920499682426452637e-01 1.127379573881626129e-02
9.095560312271118164e-01 9.660217911005020142e-03
9.169794321060180664e-01 8.882299065589904785e-03
9.376362562179565430e-01 6.248314864933490753e-03
9.496266245841979980e-01 4.178879316896200180e-03
9.582372307777404785e-01 2.211241051554679871e-03
9.666272997856140137e-01 -4.349416412878781557e-04
9.683323502540588379e-01 -1.104342285543680191e-03
9.690289497375488281e-01 -1.392642152495682240e-03
