9.688284397125244141e-01 5.158244166523218155e-03
9.684046506881713867e-01 5.586783401668071747e-03
9.669590592384338379e-01 6.891439203172922134e-03
9.619153738021850586e-01 1.056873053312301636e-02
9.487290382385253906e-01 1.803507469594478607e-02
9.417727589607238770e-01 2.143001370131969452e-02
9.278062582015991211e-01 2.762791886925697327e-02
9.227762818336486816e-01 2.970910444855690002e-02
9.177500009536743164e-01 3.172388300299644470e-02
9.083082675933837891e-01 3.535548970103263855e-02
8.997694849967956543e-01 3.848842158913612366e-02
8.950752615928649902e-01 4.015608876943588257e-02
8.893206119537353516e-01 4.215170070528984070e-02
8.792931437492370605e-01 4.550997912883758545e-02
8.704768419265747070e-01 4.834714904427528381e-02
8.629318475723266602e-01 5.069578066468238831e-02
8.538148999214172363e-01 5.344222486019134521e-02
8.490875959396362305e-01 5.482869595289230347e-02
8.382535576820373535e-01 5.791428312659263611e-02
8.339940309524536133e-01 5.909368023276329041e-02
8.225908875465393066e-01 6.216142326593399048e-02
8.151031732559204102e-01 6.410766392946243286e-02
7.793077230453491211e-01 7.272212207317352295e-02
7.746471762657165527e-01 7.376527041196823120e-02
7.622911930084228516e-01 7.644914835691452026e-02
7.500630617141723633e-01 7.899311184883117676e-02
7.432547807693481445e-01 8.036305010318756104e-02
7.404173612594604492e-01 8.092444390058517456e-02
7.167778611183166504e-01 8.539393544197082520e-02
7.058115601539611816e-01 8.734755218029022217e-02
6.963901519775390625e-01 8.896894007921218872e-02
6.751934885978698730e-01 9.243570268154144287e-02
6.666359305381774902e-01 9.376812726259231567e-02
6.535430550575256348e-01 9.573615342378616333e-02
6.443363428115844727e-01 9.707098454236984253e-02
6.367012262344360352e-01 9.814836829900741577e-02
6.267299652099609375e-01 9.951603412628173828e-02
6.107469797134399414e-01 1.016182526946067810e-01
6.029818654060363770e-01 1.026005744934082031e-01
5.974016189575195312e-01 1.032909080386161804e-01
5.892437696456909180e-01 1.042770445346832275e-01
5.797790288925170898e-01 1.053867638111114502e-01
5.560775399208068848e-01 1.080036982893943787e-01
5.476816296577453613e-01 1.088745296001434326e-01
5.402197241783142090e-01 1.096233576536178589e-01
5.285075306892395020e-01 1.107501611113548279e-01
5.156949162483215332e-01 1.119133681058883667e-01
5.078627467155456543e-01 1.125876978039741516e-01
5.029580593109130859e-01 1.129954978823661804e-01
4.781862199306488037e-01 1.148779988288879395e-01
4.522463083267211914e-01 1.165150031447410583e-01
4.424442946910858154e-01 1.170391365885734558e-01
4.239562749862670898e-01 1.178790032863616943e-01
4.147588014602661133e-01 1.182217821478843689e-01
4.035485684871673584e-01 1.185695007443428040e-01
3.919537365436553955e-01 1.188456490635871887e-01
3.788366913795471191e-01 1.190521046519279480e-01
3.583661019802093506e-01 1.191393882036209106e-01
3.379547595977783203e-01 1.189254373311996460e-01
3.297658562660217285e-01 1.187506467103958130e-01
3.224644362926483154e-01 1.185502111911773682e-01
3.149194121360778809e-01 1.182977706193923950e-01
2.926001250743865967e-01 1.172685325145721436e-01
2.800588309764862061e-01 1.164947673678398132e-01
2.700343132019042969e-01 1.157688349485397339e-01
2.600280940532684326e-01 1.149443089962005615e-01
2.533501088619232178e-01 1.143361181020736694e-01
2.400427907705307007e-01 1.129788905382156372e-01
2.330769598484039307e-01 1.121873855590820312e-01
2.170737832784652710e-01 1.101433709263801575e-01
1.981321275234222412e-01 1.072792708873748779e-01
1.920429915189743042e-01 1.062460914254188538e-01
1.774107068777084351e-01 1.035157889127731323e-01
1.667751818895339966e-01 1.012915447354316711e-01
1.581684052944183350e-01 9.932792186737060547e-02
1.442842334508895874e-01 9.581533819437026978e-02
1.384176313877105713e-01 9.418923407793045044e-02
1.245737001299858093e-01 8.996988087892532349e-02
1.207184791564941406e-01 8.868909627199172974e-02
1.107338145375251770e-01 8.512783050537109375e-02
1.058153659105300903e-01 8.323098719120025635e-02
1.000213995575904846e-01 8.086146414279937744e-02
9.229700267314910889e-02 7.744867354631423950e-02
8.271271735429763794e-02 7.274529337882995605e-02
7.832927256822586060e-02 7.039222121238708496e-02
6.910693645477294922e-02 6.494227051734924316e-02
5.997020378708839417e-02 5.871417745947837830e-02
5.406602844595909119e-02 5.411692336201667786e-02
4.646841809153556824e-02 4.729738086462020874e-02
4.062065109610557556e-02 4.106596484780311584e-02
3.671468049287796021e-02 3.618559241294860840e-02
2.995547838509082794e-02 2.513362653553485870e-02
2.839055098593235016e-02 2.154611609876155853e-02
2.654956839978694916e-02 1.565123908221721649e-02
2.593697607517242432e-02 1.213570497930049896e-02
2.583130821585655212e-02 7.074255030602216721e-03
2.625201083719730377e-02 4.328037612140178680e-03
2.685764990746974945e-02 2.246633870527148247e-03
2.748575434088706970e-02 7.370664388872683048e-04
2.802398055791854858e-02 -2.958514960482716560e-04
2.926085703074932098e-02 -2.154419897124171257e-03
3.313772752881050110e-02 -5.802696105092763901e-03
3.445207327604293823e-02 -6.645296234637498856e-03
3.781218454241752625e-02 -8.291917853057384491e-03
4.607833921909332275e-02 -1.051262579858303070e-02
5.509243533015251160e-02 -1.133033726364374161e-02
6.110183522105216980e-02 -1.132374349981546402e-02
6.754866242408752441e-02 -1.097360532730817795e-02
7.695652544498443604e-02 -9.984874166548252106e-03
9.089464694261550903e-02 -7.770020514726638794e-03
1.026763170957565308e-01 -5.404301919043064117e-03
1.104378998279571533e-01 -3.665549913421273232e-03
1.165676787495613098e-01 -2.212629653513431549e-03
1.305890232324600220e-01 1.314790453761816025e-03
1.434755474328994751e-01 4.736434668302536011e-03
1.501944959163665771e-01 6.566470954567193985e-03
1.687682420015335083e-01 1.171938236802816391e-02
1.816830784082412720e-01 1.533581130206584930e-02
1.878138333559036255e-01 1.705113053321838379e-02
1.966288089752197266e-01 1.950844749808311462e-02
2.036516219377517700e-01 2.145433425903320312e-02
2.135480642318725586e-01 2.417223341763019562e-02
2.240324765443801880e-01 2.701329253613948822e-02
2.326396405696868896e-01 2.931113168597221375e-02
2.558122277259826660e-01 3.531650453805923462e-02
2.656744122505187988e-01 3.778334707021713257e-02
2.817290127277374268e-01 4.167511314153671265e-02
2.925591766834259033e-01 4.420964419841766357e-02
3.006955981254577637e-01 4.606401175260543823e-02
3.217237889766693115e-01 5.065288394689559937e-02
3.302377462387084961e-01 5.242555961012840271e-02
3.461043834686279297e-01 5.559533834457397461e-02
3.573788404464721680e-01 5.774062499403953552e-02
3.653213083744049072e-01 5.919799953699111938e-02
3.797476589679718018e-01 6.173012033104896545e-02
3.871797025203704834e-01 6.297641992568969727e-02
3.997702896595001221e-01 6.499686092138290405e-02
4.048725068569183350e-01 6.578297168016433716e-02
4.190433919429779053e-01 6.786698102951049805e-02
4.267794191837310791e-01 6.894281506538391113e-02
4.456791877746582031e-01 7.138639688491821289e-02
4.523352086544036865e-01 7.218427956104278564e-02
4.609497189521789551e-01 7.316818833351135254e-02
4.775439500808715820e-01 7.490799576044082642e-02
4.977761507034301758e-01 7.675051689147949219e-02
5.072132945060729980e-01 7.750449329614639282e-02
5.202659964561462402e-01 7.843609154224395752e-02
5.321437120437622070e-01 7.917095720767974854e-02
5.375454425811767578e-01 7.946936786174774170e-02
5.558851957321166992e-01 8.031457662582397461e-02
5.694556236267089844e-01 8.077143132686614990e-02
5.828456282615661621e-01 8.108007907867431641e-02
5.943135619163513184e-01 8.123087137937545776e-02
6.011632084846496582e-01 8.127038925886154175e-02
6.193974018096923828e-01 8.118886500597000122e-02
6.351702809333801270e-01 8.089530467987060547e-02
6.446468830108642578e-01 8.061733841896057129e-02
6.506984233856201172e-01 8.039929717779159546e-02
6.607647538185119629e-01 7.996561378240585327e-02
6.683847308158874512e-01 7.957758009433746338e-02
6.812320947647094727e-01 7.880478352308273315e-02
6.985272765159606934e-01 7.752436399459838867e-02
7.072554826736450195e-01 7.677129656076431274e-02
7.163223624229431152e-01 7.591164112091064453e-02
7.332475185394287109e-01 7.409205287694931030e-02
7.425819039344787598e-01 7.296661287546157837e-02
7.506172060966491699e-01 7.192709296941757202e-02
7.623240351676940918e-01 7.029373943805694580e-02
7.786763906478881836e-01 6.777136772871017456e-02
7.864690423011779785e-01 6.646838784217834473e-02
7.910150289535522461e-01 6.567762047052383423e-02
8.038033246994018555e-01 6.332954764366149902e-02
8.146179318428039551e-01 6.119824200868606567e-02
8.248953819274902344e-01 5.904502421617507935e-02
8.289952278137207031e-01 5.815037712454795837e-02
8.338823914527893066e-01 5.705663189291954041e-02
8.418840169906616211e-01 5.520044639706611633e-02
8.487898707389831543e-01 5.353108420968055725e-02
8.740974664688110352e-01 4.683993011713027954e-02
8.880653381347656250e-01 4.271811991930007935e-02
8.995738625526428223e-01 3.905684128403663635e-02
9.061650633811950684e-01 3.683845326304435730e-02
9.177809357643127441e-01 3.268222510814666748e-02
9.315782785415649414e-01 2.725269086658954620e-02
9.376403093338012695e-01 2.465582825243473053e-02
9.414309263229370117e-01 2.295161597430706024e-02
9.532110095024108887e-01 1.715127751231193542e-02
9.599683880805969238e-01 1.335389818996191025e-02
9.641014337539672852e-01 1.078767236322164536e-02
9.689123034477233887e-01 7.486765272915363312e-03
9.717094898223876953e-01 5.375377833843231201e-03
9.726371169090270996e-01 4.640230908989906311e-03
