9.691434502601623535e-01 7.478946819901466370e-03
9.689621925354003906e-01 7.652885746210813522e-03
9.682688713073730469e-01 8.273742161691188812e-03
9.652616977691650391e-01 1.052114646881818771e-02
9.590262770652770996e-01 1.423437241464853287e-02
9.547020196914672852e-01 1.646835170686244965e-02
9.440100789070129395e-01 2.137955464422702789e-02
9.403084516525268555e-01 2.294234931468963623e-02
9.314435124397277832e-01 2.648235298693180084e-02
9.251959919929504395e-01 2.883703075349330902e-02
9.206361770629882812e-01 3.049457818269729614e-02
9.182634949684143066e-01 3.133873641490936279e-02
9.152930974960327148e-01 3.237894922494888306e-02
9.075793623924255371e-01 3.500090911984443665e-02
8.955565690994262695e-01 3.888538107275962830e-02
8.905667066574096680e-01 4.043336585164070129e-02
8.845128417015075684e-01 4.226521402597427368e-02
8.772420883178710938e-01 4.440290108323097229e-02
8.725298047065734863e-01 4.575413838028907776e-02
8.683916330337524414e-01 4.691952839493751526e-02
8.579470515251159668e-01 4.977748915553092957e-02
8.510304093360900879e-01 5.160792917013168335e-02
8.265365958213806152e-01 5.772779509425163269e-02
8.248034119606018066e-01 5.814092233777046204e-02
8.133110404014587402e-01 6.081796810030937195e-02
8.037308454513549805e-01 6.297060102224349976e-02
7.949877381324768066e-01 6.487566977739334106e-02
7.858581542968750000e-01 6.680715084075927734e-02
7.730313539505004883e-01 6.942614167928695679e-02
7.651463150978088379e-01 7.098397612571716309e-02
7.559815049171447754e-01 7.274718582630157471e-02
7.299703955650329590e-01 7.749285548925399780e-02
7.143933773040771484e-01 8.016718924045562744e-02
7.056664824485778809e-01 8.161512762308120728e-02
6.869276762008666992e-01 8.461067825555801392e-02
6.825050711631774902e-01 8.529613167047500610e-02
6.682888269424438477e-01 8.744694292545318604e-02
6.577241420745849609e-01 8.899506926536560059e-02
6.473994851112365723e-01 9.046814590692520142e-02
6.428253650665283203e-01 9.110850095748901367e-02
6.349248290061950684e-01 9.219700098037719727e-02
6.223723292350769043e-01 9.388110041618347168e-02
6.059114336967468262e-01 9.600572288036346436e-02
5.917389988899230957e-01 9.775824844837188721e-02
5.840770006179809570e-01 9.867554157972335815e-02
5.724507570266723633e-01 1.000259593129158020e-01
5.593737363815307617e-01 1.014834344387054443e-01
5.457652211189270020e-01 1.029282137751579285e-01
5.366899371147155762e-01 1.038492321968078613e-01
5.240160226821899414e-01 1.050761491060256958e-01
5.012789368629455566e-01 1.070942953228950500e-01
4.951412677764892578e-01 1.075967177748680115e-01
4.772833287715911865e-01 1.089503169059753418e-01
4.704959094524383545e-01 1.094209402799606323e-01
4.455297589302062988e-01 1.109324842691421509e-01
4.379326403141021729e-01 1.113209202885627747e-01
4.207361638545989990e-01 1.120703518390655518e-01
3.979472815990447998e-01 1.127722710371017456e-01
3.746750354766845703e-01 1.131242290139198303e-01
3.617923557758331299e-01 1.131511256098747253e-01
3.515401780605316162e-01 1.130830347537994385e-01
3.442066907882690430e-01 1.129841506481170654e-01
3.286958634853363037e-01 1.126323714852333069e-01
3.125872611999511719e-01 1.120533645153045654e-01
2.986724376678466797e-01 1.113689094781875610e-01
2.886342108249664307e-01 1.107639521360397339e-01
2.796902656555175781e-01 1.101433038711547852e-01
2.659409940242767334e-01 1.090323626995086670e-01
2.552021145820617676e-01 1.080264151096343994e-01
2.380801439285278320e-01 1.061555072665214539e-01
2.211775481700897217e-01 1.039624810218811035e-01
2.125924080610275269e-01 1.027066409587860107e-01
2.025499343872070312e-01 1.011076271533966064e-01
1.891311556100845337e-01 9.873703867197036743e-02
1.775988787412643433e-01 9.646794199943542480e-02
1.672080010175704956e-01 9.422298520803451538e-02
1.564104855060577393e-01 9.167010337114334106e-02
1.383837163448333740e-01 8.684410154819488525e-02
1.325762867927551270e-01 8.512063324451446533e-02
1.178694739937782288e-01 8.033077418804168701e-02
1.085877716541290283e-01 7.695124298334121704e-02
1.051163896918296814e-01 7.560685276985168457e-02
9.588708728551864624e-02 7.179386168718338013e-02
8.677811920642852783e-02 6.764485687017440796e-02
7.885233312845230103e-02 6.366648524999618530e-02
7.276148349046707153e-02 6.033423542976379395e-02
6.545177102088928223e-02 5.595886334776878357e-02
5.334563180804252625e-02 4.754292964935302734e-02
4.483010619878768921e-02 4.037272557616233826e-02
3.796386718750000000e-02 3.337627649307250977e-02
3.462744504213333130e-02 2.934685908257961273e-02
2.936769649386405945e-02 2.139202132821083069e-02
2.708014659583568573e-02 1.656292751431465149e-02
2.586940862238407135e-02 1.296124979853630066e-02
2.506067603826522827e-02 8.656104095280170441e-03
2.502479590475559235e-02 5.026451312005519867e-03
2.529881335794925690e-02 3.093994455412030220e-03
2.600895985960960388e-02 6.309708114713430405e-04
2.660146914422512054e-02 -7.180181564763188362e-04
2.738906070590019226e-02 -2.103260252624750137e-03
2.865485101938247681e-02 -3.806350519880652428e-03
3.235478326678276062e-02 -7.080296520143747330e-03
3.520558029413223267e-02 -8.747833780944347382e-03
3.840965405106544495e-02 -1.013862434774637222e-02
4.688414186239242554e-02 -1.239683851599693298e-02
5.154922977089881897e-02 -1.308934763073921204e-02
5.919795483350753784e-02 -1.368274632841348648e-02
7.345880568027496338e-02 -1.357072964310646057e-02
7.959199696779251099e-02 -1.317327655851840973e-02
9.575238823890686035e-02 -1.140918862074613571e-02
1.148921176791191101e-01 -8.337565697729587555e-03
1.356888115406036377e-01 -4.193525295704603195e-03
1.436321288347244263e-01 -2.456323243677616119e-03
1.653162986040115356e-01 2.571834251284599304e-03
1.730726361274719238e-01 4.440800752490758896e-03
1.861066669225692749e-01 7.630316540598869324e-03
1.996056139469146729e-01 1.096818968653678894e-02
2.086925804615020752e-01 1.321983151137828827e-02
2.181247472763061523e-01 1.555129326879978180e-02
2.266928851604461670e-01 1.765797473490238190e-02
2.357408106327056885e-01 1.986542716622352600e-02
2.439789772033691406e-01 2.185581624507904053e-02
2.563640177249908447e-01 2.480582147836685181e-02
2.633494138717651367e-01 2.644412964582443237e-02
2.806368768215179443e-01 3.040828555822372437e-02
2.917317450046539307e-01 3.287809342145919800e-02
2.997290492057800293e-01 3.461944311857223511e-02
3.132366538047790527e-01 3.748263418674468994e-02
3.230817914009094238e-01 3.950513154268264771e-02
3.375374078750610352e-01 4.237212613224983215e-02
3.471669554710388184e-01 4.421208426356315613e-02
3.597116470336914062e-01 4.652277007699012756e-02
3.725930452346801758e-01 4.879149049520492554e-02
3.785476684570312500e-01 4.980394989252090454e-02
3.911846876144409180e-01 5.187528952956199646e-02
3.967776298522949219e-01 5.275810509920120239e-02
4.098623991012573242e-01 5.474089086055755615e-02
4.169278144836425781e-01 5.576296895742416382e-02
4.302795529365539551e-01 5.760012939572334290e-02
4.392361938953399658e-01 5.876274406909942627e-02
4.549420177936553955e-01 6.066438928246498108e-02
4.618168175220489502e-01 6.144130975008010864e-02
4.839517772197723389e-01 6.371080130338668823e-02
4.993219375610351562e-01 6.507626920938491821e-02
5.263400077819824219e-01 6.705398857593536377e-02
5.323868989944458008e-01 6.742247939109802246e-02
5.562636852264404297e-01 6.861218810081481934e-02
5.660980939865112305e-01 6.897930800914764404e-02
5.709704756736755371e-01 6.913474202156066895e-02
5.904407501220703125e-01 6.958172470331192017e-02
6.052647233009338379e-01 6.973662227392196655e-02
6.165719032287597656e-01 6.974802911281585693e-02
6.302015781402587891e-01 6.964001059532165527e-02
6.359915733337402344e-01 6.955405324697494507e-02
6.498700380325317383e-01 6.925117969512939453e-02
6.703023314476013184e-01 6.855678558349609375e-02
6.803690195083618164e-01 6.810548156499862671e-02
6.887887716293334961e-01 6.767217069864273071e-02
6.970081329345703125e-01 6.719969213008880615e-02
7.059425711631774902e-01 6.662996113300323486e-02
7.130631804466247559e-01 6.613355129957199097e-02
7.267271280288696289e-01 6.507372111082077026e-02
7.337254881858825684e-01 6.447523087263107300e-02
7.406200170516967773e-01 6.384794414043426514e-02
7.612138390541076660e-01 6.174477934837341309e-02
7.720512747764587402e-01 6.049467995762825012e-02
7.819450497627258301e-01 5.926325917243957520e-02
7.950097918510437012e-01 5.749985948204994202e-02
8.087655901908874512e-01 5.546579509973526001e-02
8.154628872871398926e-01 5.440633371472358704e-02
8.241577744483947754e-01 5.296002700924873352e-02
8.400811553001403809e-01 5.009153112769126892e-02
8.494760990142822266e-01 4.825606197118759155e-02
8.520038127899169922e-01 4.774295911192893982e-02
8.576211333274841309e-01 4.657197371125221252e-02
8.639911413192749023e-01 4.519091546535491943e-02
8.711189627647399902e-01 4.357469454407691956e-02
8.779715895652770996e-01 4.194550961256027222e-02
8.942905068397521973e-01 3.773298114538192749e-02
9.022142291069030762e-01 3.549459576606750488e-02
9.090449213981628418e-01 3.344707936048507690e-02
9.166429042816162109e-01 3.102342039346694946e-02
9.275861978530883789e-01 2.721030078828334808e-02
9.335500597953796387e-01 2.493717521429061890e-02
9.381301403045654297e-01 2.307746931910514832e-02
9.407608509063720703e-01 2.195765636861324310e-02
9.484109282493591309e-01 1.844351366162300110e-02
9.553006291389465332e-01 1.485743187367916107e-02
9.617260694503784180e-01 1.100298110395669937e-02
9.677221179008483887e-01 6.769699510186910629e-03
9.692000746726989746e-01 5.606854334473609924e-03
9.700821042060852051e-01 4.888108000159263611e-03
