9.668570160865783691e-01 8.627173490822315216e-03
9.664666056632995605e-01 9.192191064357757568e-03
9.650925397872924805e-01 1.091366354376077652e-02
9.583891034126281738e-01 1.736944168806076050e-02
9.483830928802490234e-01 2.516892179846763611e-02
9.363837242126464844e-01 3.334679454565048218e-02
9.281611442565917969e-01 3.848709166049957275e-02
9.228094816207885742e-01 4.167344048619270325e-02
9.126669168472290039e-01 4.741526395082473755e-02
9.053661227226257324e-01 5.133317038416862488e-02
8.901013135910034180e-01 5.900907889008522034e-02
8.848366737365722656e-01 6.150747835636138916e-02
8.744642734527587891e-01 6.622210144996643066e-02
8.662527203559875488e-01 6.976827234029769897e-02
8.483661413192749023e-01 7.695724070072174072e-02
8.434481024742126465e-01 7.881118357181549072e-02
8.313698768615722656e-01 8.314994722604751587e-02
8.246001601219177246e-01 8.545259386301040649e-02
8.162131905555725098e-01 8.818062394857406616e-02
8.090589046478271484e-01 9.040146321058273315e-02
7.989971041679382324e-01 9.336426854133605957e-02
7.860894799232482910e-01 9.689928591251373291e-02
7.677467465400695801e-01 1.014326065778732300e-01
7.586930394172668457e-01 1.034679040312767029e-01
7.429816722869873047e-01 1.066986396908760071e-01
7.322783470153808594e-01 1.086902320384979248e-01
7.151016592979431152e-01 1.115512773394584656e-01
7.086156606674194336e-01 1.125290691852569580e-01
6.989889740943908691e-01 1.138813197612762451e-01
6.872714161872863770e-01 1.153736412525177002e-01
6.763331294059753418e-01 1.166214272379875183e-01
6.706477999687194824e-01 1.172167286276817322e-01
6.649853587150573730e-01 1.177745461463928223e-01
6.573328375816345215e-01 1.184743046760559082e-01
6.450991034507751465e-01 1.194684132933616638e-01
6.344994306564331055e-01 1.202109530568122864e-01
6.164481639862060547e-01 1.212358325719833374e-01
6.084600090980529785e-01 1.215976327657699585e-01
5.998028516769409180e-01 1.219291016459465027e-01
5.855463743209838867e-01 1.223427057266235352e-01
5.766674876213073730e-01 1.225204765796661377e-01
5.705297589302062988e-01 1.226087510585784912e-01
5.539326667785644531e-01 1.227110996842384338e-01
5.466813445091247559e-01 1.226953789591789246e-01
5.347156524658203125e-01 1.225923225283622742e-01
5.211549401283264160e-01 1.223632842302322388e-01
5.100690722465515137e-01 1.220907345414161682e-01
5.025925636291503906e-01 1.218649446964263916e-01
4.915909767150878906e-01 1.214729696512222290e-01
4.786944091320037842e-01 1.209255605936050415e-01
4.715436995029449463e-01 1.205822676420211792e-01
4.672124683856964111e-01 1.203608512878417969e-01
4.572180211544036865e-01 1.198117211461067200e-01
4.409383833408355713e-01 1.188062056899070740e-01
4.330745339393615723e-01 1.182725653052330017e-01
4.270552992820739746e-01 1.178434565663337708e-01
4.151109755039215088e-01 1.169400811195373535e-01
4.027843475341796875e-01 1.159369498491287231e-01
3.914294838905334473e-01 1.149507090449333191e-01
3.840378224849700928e-01 1.142772659659385681e-01
3.748089075088500977e-01 1.134022325277328491e-01
3.619996011257171631e-01 1.121256425976753235e-01
3.527519404888153076e-01 1.111598014831542969e-01
3.339661955833435059e-01 1.090852394700050354e-01
3.278352618217468262e-01 1.083758175373077393e-01
3.095012605190277100e-01 1.061596125364303589e-01
2.987873554229736328e-01 1.047987118363380432e-01
2.750413715839385986e-01 1.016067191958427429e-01
2.611189484596252441e-01 9.961941093206405640e-02
2.496892660856246948e-01 9.792099893093109131e-02
2.446828037500381470e-01 9.715735167264938354e-02
2.318572700023651123e-01 9.514396637678146362e-02
2.177642285823822021e-01 9.283120185136795044e-02
2.075417190790176392e-01 9.108258038759231567e-02
1.958554536104202271e-01 8.900365233421325684e-02
1.878428906202316284e-01 8.752465248107910156e-02
1.813612133264541626e-01 8.629360049962997437e-02
1.715751141309738159e-01 8.437117189168930054e-02
1.603003144264221191e-01 8.205083012580871582e-02
1.525147706270217896e-01 8.037447184324264526e-02
1.380041837692260742e-01 7.706235349178314209e-02
1.252516061067581177e-01 7.391144335269927979e-02
1.187927052378654480e-01 7.221319526433944702e-02
1.029814034700393677e-01 6.769808381795883179e-02
9.535986185073852539e-02 6.530147045850753784e-02
9.319344162940979004e-02 6.458918005228042603e-02
6.887345761060714722e-02 5.534822866320610046e-02
6.160629168152809143e-02 5.198703333735466003e-02
5.454727262258529663e-02 4.833634942770004272e-02
4.833012446761131287e-02 4.471646249294281006e-02
3.847327083349227905e-02 3.788217157125473022e-02
3.214262798428535461e-02 3.241814672946929932e-02
2.789004519581794739e-02 2.797770500183105469e-02
2.244154550135135651e-02 2.064606547355651855e-02
1.932968012988567352e-02 1.462914422154426575e-02
1.817907765507698059e-02 1.148579828441143036e-02
1.702460274100303650e-02 6.370856426656246185e-03
1.679715327918529510e-02 3.682306967675685883e-03
1.705628260970115662e-02 -6.993470015004277229e-04
1.774455048143863678e-02 -3.674398409202694893e-03
1.977986097335815430e-02 -8.190989494323730469e-03
2.326498553156852722e-02 -1.255379989743232727e-02
2.651029638946056366e-02 -1.528258994221687317e-02
3.167597204446792603e-02 -1.841828413307666779e-02
3.739996254444122314e-02 -2.095416560769081116e-02
5.286302790045738220e-02 -2.548586390912532806e-02
5.802866443991661072e-02 -2.658595889806747437e-02
6.242986768484115601e-02 -2.742111869156360626e-02
7.336822152137756348e-02 -2.918921597301959991e-02
7.820813357830047607e-02 -2.986139245331287384e-02
8.567930012941360474e-02 -3.079407475888729095e-02
9.446790069341659546e-02 -3.175392746925354004e-02
9.907669574022293091e-02 -3.220606222748756409e-02
1.084944680333137512e-01 -3.303412348031997681e-02
1.228306218981742859e-01 -3.407877311110496521e-02
1.264001280069351196e-01 -3.430269286036491394e-02
1.349753141403198242e-01 -3.478700667619705200e-02
1.423004716634750366e-01 -3.514423593878746033e-02
1.509659588336944580e-01 -3.550422191619873047e-02
1.555358618497848511e-01 -3.566822037100791931e-02
1.643255203962326050e-01 -3.593614324927330017e-02
1.734890341758728027e-01 -3.615245595574378967e-02
1.817832738161087036e-01 -3.629603981971740723e-02
1.918429136276245117e-01 -3.640755638480186462e-02
2.050219625234603882e-01 -3.645659238100051880e-02
2.121050506830215454e-01 -3.644024208188056946e-02
2.233032435178756714e-01 -3.635725751519203186e-02
2.290525138378143311e-01 -3.628872707486152649e-02
2.401469796895980835e-01 -3.610938787460327148e-02
2.473455965518951416e-01 -3.596131503582000732e-02
2.554640769958496094e-01 -3.576581552624702454e-02
2.591703832149505615e-01 -3.566683456301689148e-02
2.711237072944641113e-01 -3.530791401863098145e-02
2.804773449897766113e-01 -3.498648479580879211e-02
2.910616695880889893e-01 -3.458201885223388672e-02
2.963068783283233643e-01 -3.436620160937309265e-02
3.064419031143188477e-01 -3.392142057418823242e-02
3.108449578285217285e-01 -3.371711447834968567e-02
3.204925060272216797e-01 -3.324683755636215210e-02
3.475029766559600830e-01 -3.177362680435180664e-02
3.553462028503417969e-01 -3.130496293306350708e-02
3.648751378059387207e-01 -3.071204014122486115e-02
3.706513941287994385e-01 -3.034037724137306213e-02
3.812880516052246094e-01 -2.963239327073097229e-02
3.907273113727569580e-01 -2.897911891341209412e-02
3.998652100563049316e-01 -2.832489833235740662e-02
4.064371585845947266e-01 -2.784140594303607941e-02
4.191009700298309326e-01 -2.687982469797134399e-02
4.401760101318359375e-01 -2.519496902823448181e-02
4.558130502700805664e-01 -2.387920394539833069e-02
4.628480970859527588e-01 -2.326967567205429077e-02
4.666892886161804199e-01 -2.293238788843154907e-02
4.822700321674346924e-01 -2.153268083930015564e-02
4.890738725662231445e-01 -2.090606465935707092e-02
5.069784522056579590e-01 -1.921491511166095734e-02
5.166515707969665527e-01 -1.827734149992465973e-02
5.267769694328308105e-01 -1.727942377328872681e-02
5.381214022636413574e-01 -1.614295318722724915e-02
5.547325611114501953e-01 -1.444812025874853134e-02
5.647726655006408691e-01 -1.340885553508996964e-02
6.053302288055419922e-01 -9.140670299530029297e-03
6.156305670738220215e-01 -8.050011470913887024e-03
6.262385249137878418e-01 -6.929024122655391693e-03
6.339614987373352051e-01 -6.115895230323076248e-03
6.502968668937683105e-01 -4.409504123032093048e-03
6.614937186241149902e-01 -3.254682524129748344e-03
6.726670265197753906e-01 -2.117957919836044312e-03
6.844125986099243164e-01 -9.433904197067022324e-04
6.941727995872497559e-01 1.416313170921057463e-05
7.102178335189819336e-01 1.546041807159781456e-03
7.296872735023498535e-01 3.322459291666746140e-03
7.419970631599426270e-01 4.391794558614492416e-03
7.499535679817199707e-01 5.058251786977052689e-03
7.601062655448913574e-01 5.878126714378595352e-03
7.755836248397827148e-01 7.056246977299451828e-03
7.875817418098449707e-01 7.904005236923694611e-03
8.085721135139465332e-01 9.231450967490673065e-03
8.152928352355957031e-01 9.610059671103954315e-03
8.397870063781738281e-01 1.076956372708082199e-02
8.490469455718994141e-01 1.110611855983734131e-02
8.629361987113952637e-01 1.148852799087762833e-02
8.704666495323181152e-01 1.162712275981903076e-02
8.853471875190734863e-01 1.173608377575874329e-02
8.979682922363281250e-01 1.162619329988956451e-02
9.162929058074951172e-01 1.104048639535903931e-02
9.203455448150634766e-01 1.082553714513778687e-02
9.415089488029479980e-01 8.978862315416336060e-03
9.485042095184326172e-01 7.990611717104911804e-03
9.621402025222778320e-01 5.103080999106168747e-03
9.649795889854431152e-01 4.262115340679883957e-03
9.668710827827453613e-01 3.640224691480398178e-03
9.679486155509948730e-01 3.262953367084264755e-03
