9.677418470382690430e-01 5.378431174904108047e-03
9.675636291503906250e-01 5.461039487272500992e-03
9.669586420059204102e-01 5.732805933803319931e-03
9.635118246078491211e-01 7.118966896086931229e-03
9.571290612220764160e-01 9.343207813799381256e-03
9.527028203010559082e-01 1.075493730604648590e-02
9.449803829193115234e-01 1.306763477623462677e-02
9.426313638687133789e-01 1.374276913702487946e-02
9.400347471237182617e-01 1.447648648172616959e-02
9.353883862495422363e-01 1.576019823551177979e-02
9.292028546333312988e-01 1.741880550980567932e-02
9.242578148841857910e-01 1.870894059538841248e-02
9.182903766632080078e-01 2.022873423993587494e-02
9.084445834159851074e-01 2.265820652246475220e-02
8.995204567909240723e-01 2.478639595210552216e-02
8.900204300880432129e-01 2.698337472975254059e-02
8.821622133255004883e-01 2.875185012817382812e-02
8.771353960037231445e-01 2.986145019531250000e-02
8.649060130119323730e-01 3.249426558613777161e-02
8.614683747291564941e-01 3.321805223822593689e-02
8.532103896141052246e-01 3.492902964353561401e-02
8.449923396110534668e-01 3.659382089972496033e-02
8.175348043441772461e-01 4.189814999699592590e-02
8.144573569297790527e-01 4.246893525123596191e-02
8.074157834053039551e-01 4.375762119889259338e-02
7.977331280708312988e-01 4.549072682857513428e-02
7.865765094757080078e-01 4.743291810154914856e-02
7.802184224128723145e-01 4.851402714848518372e-02
7.546327710151672363e-01 5.267943814396858215e-02
7.480819821357727051e-01 5.369916185736656189e-02
7.326907515525817871e-01 5.602161586284637451e-02
7.181758880615234375e-01 5.811864137649536133e-02
7.094872593879699707e-01 5.933138728141784668e-02
6.859714984893798828e-01 6.245643272995948792e-02
6.766692399978637695e-01 6.363027542829513550e-02
6.655806899070739746e-01 6.498406827449798584e-02
6.539171934127807617e-01 6.635536998510360718e-02
6.346036195755004883e-01 6.850907951593399048e-02
6.173743009567260742e-01 7.030911743640899658e-02
6.091576218605041504e-01 7.112774997949600220e-02
6.005703806877136230e-01 7.195606827735900879e-02
5.529323816299438477e-01 7.604832947254180908e-02
5.249189734458923340e-01 7.805483043193817139e-02
5.103614926338195801e-01 7.897800952196121216e-02
5.001463890075683594e-01 7.957597821950912476e-02
4.902687966823577881e-01 8.011444658041000366e-02
4.755557179450988770e-01 8.084261417388916016e-02
4.668223857879638672e-01 8.123217523097991943e-02
4.582017362117767334e-01 8.158495277166366577e-02
4.404010474681854248e-01 8.221102505922317505e-02
4.237177968025207520e-01 8.266877382993698120e-02
4.173167347908020020e-01 8.281025290489196777e-02
4.086957871913909912e-01 8.297014236450195312e-02
3.992563188076019287e-01 8.310411870479583740e-02
3.865883946418762207e-01 8.321463316679000854e-02
3.716959953308105469e-01 8.323989808559417725e-02
3.617422878742218018e-01 8.319171518087387085e-02
3.521728515625000000e-01 8.309466391801834106e-02
3.366911411285400391e-01 8.282896876335144043e-02
3.275262713432312012e-01 8.260624110698699951e-02
3.221917152404785156e-01 8.245352655649185181e-02
3.114033341407775879e-01 8.209137618541717529e-02
2.851579189300537109e-01 8.089817315340042114e-02
2.788672149181365967e-01 8.054304122924804688e-02
2.601014971733093262e-01 7.931414246559143066e-02
2.466205954551696777e-01 7.826598733663558960e-02
2.364011257886886597e-01 7.737334072589874268e-02
2.289196252822875977e-01 7.666348665952682495e-02
2.224448025226593018e-01 7.600906491279602051e-02
2.129679322242736816e-01 7.498134672641754150e-02
1.884604096412658691e-01 7.190667837858200073e-02
1.824651807546615601e-01 7.105500251054763794e-02
1.758294254541397095e-01 7.006270438432693481e-02
1.611766815185546875e-01 6.767384707927703857e-02
1.521788090467453003e-01 6.606061011552810669e-02
1.238095983862876892e-01 6.012041494250297546e-02
1.189016327261924744e-01 5.894103646278381348e-02
1.127263754606246948e-01 5.738363787531852722e-02
1.050593554973602295e-01 5.532674863934516907e-02
9.302635490894317627e-02 5.178888142108917236e-02
7.873437553644180298e-02 4.700256511569023132e-02
7.110513746738433838e-02 4.413241147994995117e-02
6.078363582491874695e-02 3.981668502092361450e-02
4.646008089184761047e-02 3.274631500244140625e-02
3.972895815968513489e-02 2.882282808423042297e-02
3.364755958318710327e-02 2.479926496744155884e-02
3.187910094857215881e-02 2.351767569780349731e-02
2.904037199914455414e-02 2.132516168057918549e-02
2.648360095918178558e-02 1.917243935167789459e-02
2.028497494757175446e-02 1.273933611810207367e-02
1.820729859173297882e-02 9.661884047091007233e-03
1.704614050686359406e-02 7.047605700790882111e-03
1.696819998323917389e-02 3.079127287492156029e-03
1.749702915549278259e-02 2.084317151457071304e-03
1.818266883492469788e-02 1.305096317082643509e-03
1.912796497344970703e-02 5.819306243211030960e-04
2.046138420701026917e-02 -1.133468103944323957e-04
2.184917405247688293e-02 -6.204757955856621265e-04
2.364593744277954102e-02 -1.087119802832603455e-03
2.490906603634357452e-02 -1.331056468188762665e-03
2.716606855392456055e-02 -1.651875325478613377e-03
3.083225898444652557e-02 -1.971205696463584900e-03
3.226411715149879456e-02 -2.051241695880889893e-03
3.993061929941177368e-02 -2.243553288280963898e-03
4.786009341478347778e-02 -2.228846307843923569e-03
6.004971638321876526e-02 -2.045292407274246216e-03
8.028487116098403931e-02 -1.545105129480361938e-03
9.096917510032653809e-02 -1.197594683617353439e-03
1.021548137068748474e-01 -7.666487945243716240e-04
1.301579773426055908e-01 6.263731047511100769e-04
1.504558026790618896e-01 1.903235446661710739e-03
1.660010963678359985e-01 3.013427834957838058e-03
1.807503551244735718e-01 4.156949464231729507e-03
1.913336217403411865e-01 5.023565143346786499e-03
2.025215923786163330e-01 5.975113715976476669e-03
2.136868983507156372e-01 6.955238524824380875e-03
2.292119860649108887e-01 8.358234539628028870e-03
2.401986867189407349e-01 9.372380562126636505e-03
2.487363666296005249e-01 1.016918197274208069e-02
2.594175636768341064e-01 1.117325853556394577e-02
2.731447517871856689e-01 1.246971916407346725e-02
2.868010401725769043e-01 1.375924795866012573e-02
3.052534759044647217e-01 1.548901572823524475e-02
3.104210495948791504e-01 1.596892252564430237e-02
3.178592324256896973e-01 1.665510050952434540e-02
3.244476020336151123e-01 1.725767739117145538e-02
3.344509005546569824e-01 1.816183328628540039e-02
3.460601866245269775e-01 1.919247210025787354e-02
3.600637316703796387e-01 2.040485665202140808e-02
3.768979012966156006e-01 2.181111089885234833e-02
3.810629546642303467e-01 2.214953862130641937e-02
3.908594846725463867e-01 2.292956970632076263e-02
3.983188271522521973e-01 2.350775524973869324e-02
4.052861034870147705e-01 2.403489872813224792e-02
4.202176332473754883e-01 2.512033469974994659e-02
4.256309270858764648e-01 2.549824863672256470e-02
4.348174631595611572e-01 2.611973509192466736e-02
4.410518109798431396e-01 2.652684785425662994e-02
4.560302197933197021e-01 2.745462767779827118e-02
4.620743691921234131e-01 2.780823223292827606e-02
4.751950204372406006e-01 2.853325568139553070e-02
4.890041053295135498e-01 2.923146821558475494e-02
4.966555833816528320e-01 2.958892658352851868e-02
5.075701475143432617e-01 3.006181307137012482e-02
5.194274783134460449e-01 3.052555397152900696e-02
5.298572778701782227e-01 3.088998794555664062e-02
5.418622493743896484e-01 3.125896677374839783e-02
5.465885400772094727e-01 3.138944134116172791e-02
5.528972148895263672e-01 3.155066817998886108e-02
5.783544778823852539e-01 3.205405175685882568e-02
5.822339057922363281e-01 3.211063519120216370e-02
5.953411459922790527e-01 3.226420283317565918e-02
6.037750244140625000e-01 3.233340755105018616e-02
6.093609929084777832e-01 3.236698731780052185e-02
6.220379471778869629e-01 3.240855038166046143e-02
6.400064229965209961e-01 3.238995745778083801e-02
6.452094912528991699e-01 3.236856684088706970e-02
6.491421461105346680e-01 3.234781324863433838e-02
6.574310064315795898e-01 3.229141980409622192e-02
6.673941612243652344e-01 3.220140188932418823e-02
6.737464666366577148e-01 3.213154897093772888e-02
6.856464743614196777e-01 3.197479993104934692e-02
6.944715976715087891e-01 3.183666989207267761e-02
7.031644582748413086e-01 3.168212622404098511e-02
7.223246693611145020e-01 3.127440810203552246e-02
7.330349087715148926e-01 3.100422024726867676e-02
7.452611327171325684e-01 3.065617196261882782e-02
7.537010908126831055e-01 3.038981743156909943e-02
7.812350988388061523e-01 2.935734950006008148e-02
7.884808778762817383e-01 2.903987467288970947e-02
8.013595342636108398e-01 2.842287905514240265e-02
8.078984022140502930e-01 2.808194234967231750e-02
8.207029104232788086e-01 2.735530212521553040e-02
8.265548944473266602e-01 2.699519135057926178e-02
8.323295712471008301e-01 2.662123925983905792e-02
8.367791771888732910e-01 2.631981484591960907e-02
8.467048406600952148e-01 2.560276165604591370e-02
8.625947237014770508e-01 2.431053481996059418e-02
8.842399716377258301e-01 2.219849824905395508e-02
8.930678367614746094e-01 2.119031362235546112e-02
9.024118185043334961e-01 2.000634558498859406e-02
9.067556262016296387e-01 1.940823160111904144e-02
9.169231057167053223e-01 1.786588318645954132e-02
9.226245880126953125e-01 1.689677312970161438e-02
9.317986965179443359e-01 1.513564493507146835e-02
9.353075623512268066e-01 1.438096817582845688e-02
9.463135600090026855e-01 1.161166653037071228e-02
9.561088681221008301e-01 8.367214351892471313e-03
9.599366188049316406e-01 6.775874644517898560e-03
9.652766585350036621e-01 4.079653881490230560e-03
9.680154323577880859e-01 2.406210405752062798e-03
9.687752723693847656e-01 1.899448805488646030e-03
