9.708830118179321289e-01 -8.993316441774368286e-05
9.706799983978271484e-01 1.814501447370275855e-04
9.693029522895812988e-01 1.760757528245449066e-03
9.648928642272949219e-01 5.627688951790332794e-03
9.581552147865295410e-01 1.036572083830833435e-02
9.532762765884399414e-01 1.340847834944725037e-02
9.441933035850524902e-01 1.858730241656303406e-02
9.403091073036193848e-01 2.066429518163204193e-02
9.304152131080627441e-01 2.568053454160690308e-02
9.255595803260803223e-01 2.802301757037639618e-02
9.156262874603271484e-01 3.261368721723556519e-02
9.124912619590759277e-01 3.401266038417816162e-02
9.068700075149536133e-01 3.646645322442054749e-02
9.028199911117553711e-01 3.819385915994644165e-02
8.946271538734436035e-01 4.159114137291908264e-02
8.907713294029235840e-01 4.314792156219482422e-02
8.816652297973632812e-01 4.672399163246154785e-02
8.677687644958496094e-01 5.192873254418373108e-02
8.624074459075927734e-01 5.386059358716011047e-02
8.490491509437561035e-01 5.850047618150711060e-02
8.263698816299438477e-01 6.584815680980682373e-02
8.220254778861999512e-01 6.718368083238601685e-02
8.068904280662536621e-01 7.166446745395660400e-02
8.015257716178894043e-01 7.319023460149765015e-02
7.901926040649414062e-01 7.630929350852966309e-02
7.767714858055114746e-01 7.982473820447921753e-02
7.614532113075256348e-01 8.360935002565383911e-02
7.516006231307983398e-01 8.591921627521514893e-02
7.438883185386657715e-01 8.766114711761474609e-02
7.349851727485656738e-01 8.960144966840744019e-02
7.168167233467102051e-01 9.333219379186630249e-02
7.084464430809020996e-01 9.495063126087188721e-02
6.933479905128479004e-01 9.771531075239181519e-02
6.877346634864807129e-01 9.869354218244552612e-02
6.695361137390136719e-01 1.016862317919731140e-01
6.629762649536132812e-01 1.026995182037353516e-01
6.522428393363952637e-01 1.042846515774726868e-01
6.375528573989868164e-01 1.063114553689956665e-01
6.277906298637390137e-01 1.075695008039474487e-01
6.196735501289367676e-01 1.085627377033233643e-01
6.071394085884094238e-01 1.100041568279266357e-01
5.953328013420104980e-01 1.112614125013351440e-01
5.844972729682922363e-01 1.123311966657638550e-01
5.716224908828735352e-01 1.134993433952331543e-01
5.598141551017761230e-01 1.144737899303436279e-01
5.557854771614074707e-01 1.147852391004562378e-01
5.423284173011779785e-01 1.157487705349922180e-01
5.313797593116760254e-01 1.164458915591239929e-01
5.175150632858276367e-01 1.172175556421279907e-01
5.067975521087646484e-01 1.177291795611381531e-01
4.935153722763061523e-01 1.182605177164077759e-01
4.885979294776916504e-01 1.184283643960952759e-01
4.815459251403808594e-01 1.186417713761329651e-01
4.726477563381195068e-01 1.188650950789451599e-01
4.586730301380157471e-01 1.191118061542510986e-01
4.529493153095245361e-01 1.191760152578353882e-01
4.312566816806793213e-01 1.192231997847557068e-01
4.197911322116851807e-01 1.191216930747032166e-01
4.117923676967620850e-01 1.189985498785972595e-01
3.959028720855712891e-01 1.186251416802406311e-01
3.833522498607635498e-01 1.182077378034591675e-01
3.769696950912475586e-01 1.179535537958145142e-01
3.656311631202697754e-01 1.174316555261611938e-01
3.145068883895874023e-01 1.139298528432846069e-01
3.047231137752532959e-01 1.130385398864746094e-01
2.847393155097961426e-01 1.109875515103340149e-01
2.717695832252502441e-01 1.094861999154090881e-01
2.576084733009338379e-01 1.076883897185325623e-01
2.401776611804962158e-01 1.052389740943908691e-01
2.243125289678573608e-01 1.027710214257240295e-01
2.188554555177688599e-01 1.018670350313186646e-01
2.003277242183685303e-01 9.857516735792160034e-02
1.914854943752288818e-01 9.687620401382446289e-02
1.863377690315246582e-01 9.584679454565048218e-02
1.797250658273696899e-01 9.447903186082839966e-02
1.684827357530593872e-01 9.203055500984191895e-02
1.629392802715301514e-01 9.076292812824249268e-02
1.450685262680053711e-01 8.638018369674682617e-02
1.278778463602066040e-01 8.168262988328933716e-02
1.144794747233390808e-01 7.763629406690597534e-02
1.084387227892875671e-01 7.568524032831192017e-02
1.002295985817909241e-01 7.289180904626846313e-02
9.405840933322906494e-02 7.067335397005081177e-02
8.817873150110244751e-02 6.845494359731674194e-02
7.756500691175460815e-02 6.415701657533645630e-02
7.160640507936477661e-02 6.155462190508842468e-02
5.967593193054199219e-02 5.584592372179031372e-02
5.194526165723800659e-02 5.171142891049385071e-02
4.468636214733123779e-02 4.742891341447830200e-02
3.947281092405319214e-02 4.405273124575614929e-02
2.248089760541915894e-02 3.020478598773479462e-02
1.779349334537982941e-02 2.489892579615116119e-02
1.619913429021835327e-02 2.276162244379520416e-02
1.412835530936717987e-02 1.953401044011116028e-02
1.110148988664150238e-02 1.215187460184097290e-02
1.068044081330299377e-02 8.860443718731403351e-03
1.098118443042039871e-02 5.734616424888372421e-03
1.155781559646129608e-02 3.905032528564333916e-03
1.226342655718326569e-02 2.479462884366512299e-03
1.378445513546466827e-02 4.157497023697942495e-04
1.637806929647922516e-02 -1.856551738455891609e-03
1.833577267825603485e-02 -3.084864234551787376e-03
2.228283323347568512e-02 -4.908977076411247253e-03
2.770569175481796265e-02 -6.636896170675754547e-03
3.566722199320793152e-02 -8.356268517673015594e-03
4.199001565575599670e-02 -9.351992979645729065e-03
4.554976150393486023e-02 -9.823740459978580475e-03
5.276938527822494507e-02 -1.064482051879167557e-02
6.518819928169250488e-02 -1.177010033279657364e-02
7.368635386228561401e-02 -1.239793468266725540e-02
8.026558905839920044e-02 -1.282460335642099380e-02
8.890418708324432373e-02 -1.331947371363639832e-02
9.635144472122192383e-02 -1.369462441653013229e-02
1.077234596014022827e-01 -1.418827846646308899e-02
1.199869066476821899e-01 -1.462803687900304794e-02
1.262411922216415405e-01 -1.481984555721282959e-02
1.384721547365188599e-01 -1.513899490237236023e-02
1.508279442787170410e-01 -1.539455726742744446e-02
1.681135296821594238e-01 -1.565540768206119537e-02
1.735893934965133667e-01 -1.571729965507984161e-02
1.872409284114837646e-01 -1.583325490355491638e-02
1.900061219930648804e-01 -1.585054583847522736e-02
1.936646997928619385e-01 -1.587043330073356628e-02
2.018115967512130737e-01 -1.590298861265182495e-02
2.436350882053375244e-01 -1.585365645587444305e-02
2.480855733156204224e-01 -1.583028770983219147e-02
2.555161118507385254e-01 -1.578463427722454071e-02
2.795724570751190186e-01 -1.558505091816186905e-02
2.960115373134613037e-01 -1.540833525359630585e-02
3.097394406795501709e-01 -1.523872371762990952e-02
3.193568885326385498e-01 -1.510892715305089951e-02
3.220185041427612305e-01 -1.507148612290620804e-02
3.317194581031799316e-01 -1.492970529943704605e-02
3.379890620708465576e-01 -1.483375113457441330e-02
3.505130708217620850e-01 -1.463236566632986069e-02
3.545294702053070068e-01 -1.456512231379747391e-02
3.718162178993225098e-01 -1.426155865192413330e-02
3.891053497791290283e-01 -1.393565256148576736e-02
4.048469364643096924e-01 -1.361993793398141861e-02
4.110785424709320068e-01 -1.348995789885520935e-02
4.198636114597320557e-01 -1.330183632671833038e-02
4.380860328674316406e-01 -1.289296336472034454e-02
4.574060440063476562e-01 -1.243044063448905945e-02
4.590626358985900879e-01 -1.238930877298116684e-02
4.805165231227874756e-01 -1.183394156396389008e-02
4.881506562232971191e-01 -1.162550225853919983e-02
4.986118972301483154e-01 -1.132984459400177002e-02
5.227336287498474121e-01 -1.059951074421405792e-02
5.312604308128356934e-01 -1.032351236790418625e-02
5.357661843299865723e-01 -1.017360668629407883e-02
5.540286898612976074e-01 -9.535439312458038330e-03
5.698306560516357422e-01 -8.941034786403179169e-03
5.805134773254394531e-01 -8.515634573996067047e-03
5.834741592407226562e-01 -8.394276723265647888e-03
6.006646752357482910e-01 -7.659547496587038040e-03
6.083315014839172363e-01 -7.315254770219326019e-03
6.140421032905578613e-01 -7.052226457744836807e-03
6.283982992172241211e-01 -6.366819608956575394e-03
6.389054656028747559e-01 -5.844275467097759247e-03
6.438618898391723633e-01 -5.592051893472671509e-03
6.598176956176757812e-01 -4.757559858262538910e-03
6.666673421859741211e-01 -4.389950074255466461e-03
6.828565597534179688e-01 -3.503343323245644569e-03
6.843060255050659180e-01 -3.422965062782168388e-03
7.094092369079589844e-01 -2.016210462898015976e-03
7.163512110710144043e-01 -1.625423203222453594e-03
7.372347712516784668e-01 -4.590076277963817120e-04
7.527573108673095703e-01 3.873324021697044373e-04
7.575847506523132324e-01 6.449489155784249306e-04
7.687001228332519531e-01 1.225129701197147369e-03
7.927922606468200684e-01 2.401825273409485817e-03
7.993460297584533691e-01 2.697885036468505859e-03
8.120371103286743164e-01 3.235184121876955032e-03
8.163363337516784668e-01 3.405227093026041985e-03
8.309501409530639648e-01 3.931136801838874817e-03
8.397964835166931152e-01 4.205366596579551697e-03
8.474031686782836914e-01 4.410761874169111252e-03
8.527882695198059082e-01 4.537460859864950180e-03
8.847589492797851562e-01 4.893857054412364960e-03
8.921401500701904297e-01 4.855630453675985336e-03
9.076032638549804688e-01 4.577096551656723022e-03
9.118332266807556152e-01 4.445163533091545105e-03
9.266548156738281250e-01 3.738867118954658508e-03
9.301045536994934082e-01 3.508636960759758949e-03
9.393994212150573730e-01 2.727667102590203285e-03
9.416311383247375488e-01 2.499094931408762932e-03
9.496350884437561035e-01 1.513829804025590420e-03
9.585015177726745605e-01 2.538594708312302828e-05
9.651432037353515625e-01 -1.481054932810366154e-03
9.715752005577087402e-01 -3.370854072272777557e-03
9.720469117164611816e-01 -3.526964923366904259e-03
9.727303981781005859e-01 -3.756834892556071281e-03
