9.685617685317993164e-01 2.635538112372159958e-04
9.684497117996215820e-01 3.769903560169041157e-04
9.671396017074584961e-01 1.540825236588716507e-03
9.654542207717895508e-01 2.781172748655080795e-03
9.602031111717224121e-01 5.875420290976762772e-03
9.553728103637695312e-01 8.248904719948768616e-03
9.493973255157470703e-01 1.087228115648031235e-02
9.476185441017150879e-01 1.160756591707468033e-02
9.427179098129272461e-01 1.355218701064586639e-02
9.390683770179748535e-01 1.493646670132875443e-02
9.322127699851989746e-01 1.742019318044185638e-02
9.282127618789672852e-01 1.881105266511440277e-02
9.210510253906250000e-01 2.121262811124324799e-02
9.132094383239746094e-01 2.373132854700088501e-02
9.058440327644348145e-01 2.600716985762119293e-02
9.036250114440917969e-01 2.667757309973239899e-02
8.858368396759033203e-01 3.182508051395416260e-02
8.769817948341369629e-01 3.425322473049163818e-02
8.672820925712585449e-01 3.682122379541397095e-02
8.609137535095214844e-01 3.845800459384918213e-02
8.351206183433532715e-01 4.471310973167419434e-02
8.220956921577453613e-01 4.765522107481956482e-02
8.120346069335937500e-01 4.983171820640563965e-02
8.084900975227355957e-01 5.057878792285919189e-02
8.007505536079406738e-01 5.217453092336654663e-02
7.920876145362854004e-01 5.390300601720809937e-02
7.736053466796875000e-01 5.738765001296997070e-02
7.708174586296081543e-01 5.788922309875488281e-02
7.581667304039001465e-01 6.008616834878921509e-02
7.486931085586547852e-01 6.164608150720596313e-02
7.369111180305480957e-01 6.348358839750289917e-02
7.195813059806823730e-01 6.597940623760223389e-02
6.993454098701477051e-01 6.858146935701370239e-02
6.925201416015625000e-01 6.938352435827255249e-02
6.785564422607421875e-01 7.090660184621810913e-02
6.736472845077514648e-01 7.140482962131500244e-02
6.540743112564086914e-01 7.320208102464675903e-02
6.272909641265869141e-01 7.518855482339859009e-02
6.196593642234802246e-01 7.565931230783462524e-02
6.083763241767883301e-01 7.628171145915985107e-02
5.978954434394836426e-01 7.678414136171340942e-02
5.780931115150451660e-01 7.754556834697723389e-02
5.645729303359985352e-01 7.793343812227249146e-02
5.574909448623657227e-01 7.809656113386154175e-02
5.406963825225830078e-01 7.837992161512374878e-02
5.375133752822875977e-01 7.841795682907104492e-02
5.191289782524108887e-01 7.854605466127395630e-02
5.037202835083007812e-01 7.854019105434417725e-02
4.816602170467376709e-01 7.836721837520599365e-02
4.761471748352050781e-01 7.829558104276657104e-02
4.621990621089935303e-01 7.806639373302459717e-02
4.566444754600524902e-01 7.795654982328414917e-02
4.475032091140747070e-01 7.775352150201797485e-02
4.408935308456420898e-01 7.758980244398117065e-02
4.153701066970825195e-01 7.682882249355316162e-02
4.124758541584014893e-01 7.672992348670959473e-02
3.820957839488983154e-01 7.554087042808532715e-02
3.750473260879516602e-01 7.522581517696380615e-02
3.686956763267517090e-01 7.492928951978683472e-02
3.519462347030639648e-01 7.408925890922546387e-02
3.436692953109741211e-01 7.364263385534286499e-02
3.335158824920654297e-01 7.306563854217529297e-02
3.234879970550537109e-01 7.246351987123489380e-02
3.006706535816192627e-01 7.096843421459197998e-02
2.986017465591430664e-01 7.082388550043106079e-02
2.857633829116821289e-01 6.989168375730514526e-02
2.713592350482940674e-01 6.876968592405319214e-02
2.512218952178955078e-01 6.705331802368164062e-02
2.386030703783035278e-01 6.588031351566314697e-02
2.286589145660400391e-01 6.489716470241546631e-02
2.185035198926925659e-01 6.383471935987472534e-02
2.086874544620513916e-01 6.274656951427459717e-02
2.030067592859268188e-01 6.208705529570579529e-02
1.882575303316116333e-01 6.026210263371467590e-02
1.799505650997161865e-01 5.915499851107597351e-02
1.656922250986099243e-01 5.710164457559585571e-02
1.426367908716201782e-01 5.328567698597908020e-02
1.347441375255584717e-01 5.180729925632476807e-02
1.156063973903656006e-01 4.775627702474594116e-02
1.051983535289764404e-01 4.521306976675987244e-02
1.019887700676918030e-01 4.437054693698883057e-02
8.905344456434249878e-02 4.064575582742691040e-02
7.286535203456878662e-02 3.505024313926696777e-02
6.671579927206039429e-02 3.257053717970848083e-02
6.075588613748550415e-02 2.993209846317768097e-02
4.852048307657241821e-02 2.358732186257839203e-02
4.624591767787933350e-02 2.223337814211845398e-02
4.509208351373672485e-02 2.152075059711933136e-02
4.045523703098297119e-02 1.845436543226242065e-02
3.685390204191207886e-02 1.579696685075759888e-02
3.557489439845085144e-02 1.477803476154804230e-02
3.355192765593528748e-02 1.306259352713823318e-02
2.954882010817527771e-02 9.087814949452877045e-03
2.879253216087818146e-02 8.184557780623435974e-03
2.721776068210601807e-02 5.925673991441726685e-03
2.640254423022270203e-02 4.192129708826541901e-03
2.614274062216281891e-02 3.182482672855257988e-03
2.608530409634113312e-02 2.355742501094937325e-03
2.609324641525745392e-02 2.198665868490934372e-03
2.641892619431018829e-02 9.655919857323169708e-04
2.675018645823001862e-02 4.195719957351684570e-04
2.717649564146995544e-02 -6.925137131474912167e-05
2.854259125888347626e-02 -1.052928389981389046e-03
3.068152815103530884e-02 -1.940238056704401970e-03
3.344514220952987671e-02 -2.635386306792497635e-03
3.699405118823051453e-02 -3.189403563737869263e-03
4.257994517683982849e-02 -3.688017604872584343e-03
4.671296477317810059e-02 -3.897204296663403511e-03
7.600437104701995850e-02 -4.003883339464664459e-03
9.815599769353866577e-02 -3.563526319339871407e-03
1.011428385972976685e-01 -3.493284806609153748e-03
1.113733127713203430e-01 -3.243007231503725052e-03
1.379231810569763184e-01 -2.565563889220356941e-03
1.516392379999160767e-01 -2.218679059296846390e-03
1.610349267721176147e-01 -1.986684044823050499e-03
1.750989258289337158e-01 -1.651010941714048386e-03
1.946329027414321899e-01 -1.212545204907655716e-03
2.029399126768112183e-01 -1.036991132423281670e-03
2.105652540922164917e-01 -8.819374488666653633e-04
2.274049371480941772e-01 -5.609621293842792511e-04
2.412368059158325195e-01 -3.200447245035320520e-04
2.452179044485092163e-01 -2.545804891269654036e-04
2.533562183380126953e-01 -1.261929137399420142e-04
2.608728110790252686e-01 -1.412861001881537959e-05
2.715618014335632324e-01 1.344190677627921104e-04
2.752610146999359131e-01 1.828652602853253484e-04
2.934654355049133301e-01 3.990890108980238438e-04
3.077951371669769287e-01 5.434485501609742641e-04
3.266398012638092041e-01 6.990922265686094761e-04
3.391259312629699707e-01 7.811465184204280376e-04
3.523750305175781250e-01 8.502461132593452930e-04
3.551157414913177490e-01 8.622791501693427563e-04
3.718902468681335449e-01 9.193408768624067307e-04
3.770827651023864746e-01 9.313658229075372219e-04
3.800390660762786865e-01 9.370495099574327469e-04
3.853074908256530762e-01 9.451206424273550510e-04
4.197900891304016113e-01 9.365784353576600552e-04
4.303989112377166748e-01 9.144076611846685410e-04
4.348231852054595947e-01 9.027466294355690479e-04
4.398138821125030518e-01 8.880013483576476574e-04
4.479391574859619141e-01 8.606004412285983562e-04
4.595283865928649902e-01 8.150078938342630863e-04
4.703430533409118652e-01 7.666841847822070122e-04
4.741556048393249512e-01 7.485598325729370117e-04
4.915395677089691162e-01 6.610587006434798241e-04
4.957735836505889893e-01 6.390292546711862087e-04
5.045415759086608887e-01 5.933396168984472752e-04
5.325034260749816895e-01 4.584110574796795845e-04
5.426146388053894043e-01 4.191015323158353567e-04
5.446133017539978027e-01 4.122476384509354830e-04
5.549207925796508789e-01 3.826692991424351931e-04
5.677022933959960938e-01 3.620561037678271532e-04
5.818936228752136230e-01 3.649973659776151180e-04
5.837031006813049316e-01 3.676072519738227129e-04
5.959291458129882812e-01 3.999922191724181175e-04
6.069006919860839844e-01 4.526599368546158075e-04
6.132554411888122559e-01 4.941273946315050125e-04
6.186089515686035156e-01 5.355539615266025066e-04
6.303521990776062012e-01 6.477572605945169926e-04
6.353490948677062988e-01 7.045105448924005032e-04
6.442393660545349121e-01 8.187531493604183197e-04
6.562912464141845703e-01 1.000291667878627777e-03
6.788317561149597168e-01 1.416399609297513962e-03
6.835865974426269531e-01 1.515625044703483582e-03
7.026525735855102539e-01 1.946404692716896534e-03
7.171662449836730957e-01 2.302023814991116524e-03
7.413255572319030762e-01 2.922418760135769844e-03
7.452000379562377930e-01 3.022935707122087479e-03
7.505130171775817871e-01 3.160392865538597107e-03
7.575744986534118652e-01 3.341639880090951920e-03
7.800837755203247070e-01 3.895454807206988335e-03
7.898603081703186035e-01 4.117340315133333206e-03
8.027223944664001465e-01 4.383708816021680832e-03
8.067324757575988770e-01 4.459573421627283096e-03
8.182392716407775879e-01 4.654450807720422745e-03
8.215228915214538574e-01 4.703108686953783035e-03
8.422235846519470215e-01 4.922370426356792450e-03
8.456535935401916504e-01 4.941691644489765167e-03
8.619008660316467285e-01 4.950952250510454178e-03
8.699637651443481445e-01 4.896404221653938293e-03
8.842992186546325684e-01 4.677439108490943909e-03
8.888869285583496094e-01 4.568258300423622131e-03
8.985840678215026855e-01 4.261760041117668152e-03
9.014988541603088379e-01 4.146866500377655029e-03
9.156538844108581543e-01 3.403523936867713928e-03
9.222272038459777832e-01 2.929557347670197487e-03
9.280616641044616699e-01 2.420849166810512543e-03
9.497723579406738281e-01 -5.782751250080764294e-04
9.598613381385803223e-01 -2.997246105223894119e-03
9.664486050605773926e-01 -5.218402016907930374e-03
9.681282639503479004e-01 -5.892179906368255615e-03
9.687607884407043457e-01 -6.158197764307260513e-03
