9.658750891685485840e-01 1.128731947392225266e-02
9.654856920242309570e-01 1.170038152486085892e-02
9.630424976348876953e-01 1.389547530561685562e-02
9.551252126693725586e-01 1.930523850023746490e-02
9.403465986251831055e-01 2.726361341774463654e-02
9.331405162811279297e-01 3.068642318248748779e-02
9.214454293251037598e-01 3.584727644920349121e-02
9.170241951942443848e-01 3.769606351852416992e-02
9.079775810241699219e-01 4.133343324065208435e-02
8.981749415397644043e-01 4.508025571703910828e-02
8.867553472518920898e-01 4.922281205654144287e-02
8.803987503051757812e-01 5.143499001860618591e-02
8.731091618537902832e-01 5.389537289738655090e-02
8.616206049919128418e-01 5.761775374412536621e-02
8.452836275100708008e-01 6.260749697685241699e-02
8.386031389236450195e-01 6.455143541097640991e-02
8.310789465904235840e-01 6.667698919773101807e-02
8.223855495452880859e-01 6.905115395784378052e-02
8.163586258888244629e-01 7.064716517925262451e-02
8.088011741638183594e-01 7.259219139814376831e-02
7.971762418746948242e-01 7.546491175889968872e-02
7.883821129798889160e-01 7.754492014646530151e-02
7.732519507408142090e-01 8.094200491905212402e-02
7.686052322387695312e-01 8.194041997194290161e-02
7.531108856201171875e-01 8.512156456708908081e-02
7.436047196388244629e-01 8.696347475051879883e-02
7.316902875900268555e-01 8.915781229734420776e-02
7.235581278800964355e-01 9.058436751365661621e-02
7.108312845230102539e-01 9.270416945219039917e-02
7.018539309501647949e-01 9.411887079477310181e-02
6.897283792495727539e-01 9.592681378126144409e-02
6.713435649871826172e-01 9.844999760389328003e-02
6.558560132980346680e-01 1.003794819116592407e-01
6.496356725692749023e-01 1.011055931448936462e-01
6.424629092216491699e-01 1.019089519977569580e-01
6.313810944557189941e-01 1.030799373984336853e-01
6.218415498733520508e-01 1.040211468935012817e-01
6.117810010910034180e-01 1.049482002854347229e-01
5.978708863258361816e-01 1.061214357614517212e-01
5.913485288619995117e-01 1.066289767622947693e-01
5.763418674468994141e-01 1.076953932642936707e-01
5.673441886901855469e-01 1.082680299878120422e-01
5.549668669700622559e-01 1.089751943945884705e-01
5.441228151321411133e-01 1.095188632607460022e-01
5.337169766426086426e-01 1.099745631217956543e-01
5.255256295204162598e-01 1.102881208062171936e-01
5.035520195960998535e-01 1.109339669346809387e-01
4.947234392166137695e-01 1.111136078834533691e-01
4.818215072154998779e-01 1.112939715385437012e-01
4.658646881580352783e-01 1.113818883895874023e-01
4.478137791156768799e-01 1.113003194332122803e-01
4.418777525424957275e-01 1.112313494086265564e-01
4.290391206741333008e-01 1.110100373625755310e-01
4.137376844882965088e-01 1.106165945529937744e-01
4.052048623561859131e-01 1.103352755308151245e-01
3.965790271759033203e-01 1.100052818655967712e-01
3.850000202655792236e-01 1.094895377755165100e-01
3.686860203742980957e-01 1.086189597845077515e-01
3.533427715301513672e-01 1.076432242989540100e-01
3.441363573074340820e-01 1.069829836487770081e-01
3.369008004665374756e-01 1.064239740371704102e-01
3.178045153617858887e-01 1.047746464610099792e-01
2.976072430610656738e-01 1.027451977133750916e-01
2.877524495124816895e-01 1.016437783837318420e-01
2.761912941932678223e-01 1.002546772360801697e-01
2.661474049091339111e-01 9.895976632833480835e-02
2.542509734630584717e-01 9.731546044349670410e-02
2.433731555938720703e-01 9.570214897394180298e-02
2.330668270587921143e-01 9.407191723585128784e-02
2.237287610769271851e-01 9.250494837760925293e-02
2.146743535995483398e-01 9.089971333742141724e-02
1.995099037885665894e-01 8.800878375768661499e-02
1.920926570892333984e-01 8.649598062038421631e-02
1.824850887060165405e-01 8.443237841129302979e-02
1.735317409038543701e-01 8.239626139402389526e-02
1.611211299896240234e-01 7.937718182802200317e-02
1.513496190309524536e-01 7.682320475578308105e-02
1.433982700109481812e-01 7.461775094270706177e-02
1.366915255784988403e-01 7.266052812337875366e-02
1.301073133945465088e-01 7.064522802829742432e-02
1.223810240626335144e-01 6.815078854560852051e-02
1.093195080757141113e-01 6.357266008853912354e-02
1.049633622169494629e-01 6.193137168884277344e-02
9.785246104001998901e-02 5.911163240671157837e-02
8.887271583080291748e-02 5.526859685778617859e-02
8.128152042627334595e-02 5.173206701874732971e-02
7.110508531332015991e-02 4.648432880640029907e-02
6.311263889074325562e-02 4.185179993510246277e-02
5.678015574812889099e-02 3.777028992772102356e-02
5.192212015390396118e-02 3.432632610201835632e-02
4.281124472618103027e-02 2.684923075139522552e-02
3.796110674738883972e-02 2.205578610301017761e-02
3.434909880161285400e-02 1.786722429096698761e-02
3.058115951716899872e-02 1.245899964123964310e-02
2.883336320519447327e-02 9.188157506287097931e-03
2.700589224696159363e-02 3.926744684576988220e-03
2.663055621087551117e-02 1.061725430190563202e-03
2.667638100683689117e-02 -7.890103152021765709e-04
2.697713114321231842e-02 -2.583855530247092247e-03
2.745449356734752655e-02 -4.086723551154136658e-03
2.854115702211856842e-02 -6.204989738762378693e-03
3.064956516027450562e-02 -8.765351958572864532e-03
3.524599969387054443e-02 -1.217499934136867523e-02
3.923829644918441772e-02 -1.419604010879993439e-02
4.786987975239753723e-02 -1.731198094785213470e-02
5.363362282514572144e-02 -1.887257583439350128e-02
5.673790350556373596e-02 -1.960163190960884094e-02
6.317123770713806152e-02 -2.092277817428112030e-02
7.078465819358825684e-02 -2.222407236695289612e-02
7.969338446855545044e-02 -2.346372790634632111e-02
8.995053917169570923e-02 -2.458482235670089722e-02
9.989253431558609009e-02 -2.540827915072441101e-02
1.093418300151824951e-01 -2.598178014159202576e-02
1.238360181450843811e-01 -2.651299536228179932e-02
1.309927701950073242e-01 -2.663502469658851624e-02
1.375942230224609375e-01 -2.667226642370223999e-02
1.511580944061279297e-01 -2.653932012617588043e-02
1.617440730333328247e-01 -2.625629492104053497e-02
1.689417213201522827e-01 -2.598181366920471191e-02
1.817186027765274048e-01 -2.534472756087779999e-02
1.924476921558380127e-01 -2.467430569231510162e-02
2.037424147129058838e-01 -2.384803444147109985e-02
2.102750241756439209e-01 -2.331843040883541107e-02
2.185422480106353760e-01 -2.259804867208003998e-02
2.365676611661911011e-01 -2.085218578577041626e-02
2.470939010381698608e-01 -1.973401382565498352e-02
2.604482769966125488e-01 -1.822449639439582825e-02
2.752237915992736816e-01 -1.645059324800968170e-02
2.881681621074676514e-01 -1.481918990612030029e-02
2.963093817234039307e-01 -1.376076508313417435e-02
3.048854768276214600e-01 -1.262169051915407181e-02
3.137711584568023682e-01 -1.141790114343166351e-02
3.250043392181396484e-01 -9.865525178611278534e-03
3.315019011497497559e-01 -8.953677490353584290e-03
3.426608443260192871e-01 -7.366713136434555054e-03
3.513190448284149170e-01 -6.119247991591691971e-03
3.713212609291076660e-01 -3.192948643118143082e-03
3.790848851203918457e-01 -2.043452812358736992e-03
3.915808200836181641e-01 -1.806507207220420241e-04
4.019499123096466064e-01 1.374664017930626869e-03
4.243099689483642578e-01 4.748935345560312271e-03
4.321267604827880859e-01 5.932673811912536621e-03
4.416572153568267822e-01 7.377332076430320740e-03
4.546981751918792725e-01 9.354701265692710876e-03
4.659888744354248047e-01 1.106530148535966873e-02
4.740943908691406250e-01 1.229158043861389160e-02
4.891597926616668701e-01 1.456455141305923462e-02
5.019649863243103027e-01 1.648765616118907928e-02
5.122911334037780762e-01 1.803068257868289948e-02
5.274195075035095215e-01 2.027560584247112274e-02
5.393896698951721191e-01 2.203576825559139252e-02
5.475397109985351562e-01 2.322447858750820160e-02
5.604081749916076660e-01 2.508264407515525818e-02
5.712641477584838867e-01 2.662945352494716644e-02
6.007368564605712891e-01 3.070534206926822662e-02
6.066868305206298828e-01 3.150113299489021301e-02
6.170696020126342773e-01 3.286314383149147034e-02
6.309058070182800293e-01 3.461794555187225342e-02
6.438666582107543945e-01 3.618861734867095947e-02
6.623522043228149414e-01 3.828192502260208130e-02
6.704370379447937012e-01 3.913452848792076111e-02
6.790190339088439941e-01 3.999225795269012451e-02
6.917291879653930664e-01 4.116414114832878113e-02
7.041023373603820801e-01 4.218020290136337280e-02
7.180318236351013184e-01 4.316058754920959473e-02
7.244979739189147949e-01 4.355201497673988342e-02
7.390398979187011719e-01 4.427318274974822998e-02
7.485824823379516602e-01 4.461935162544250488e-02
7.567153573036193848e-01 4.483018070459365845e-02
7.677248120307922363e-01 4.498620703816413879e-02
7.795062065124511719e-01 4.498038068413734436e-02
7.890891432762145996e-01 4.483757913112640381e-02
8.014048933982849121e-01 4.446354508399963379e-02
8.095131516456604004e-01 4.409538954496383667e-02
8.237976431846618652e-01 4.319972917437553406e-02
8.410100936889648438e-01 4.167646542191505432e-02
8.545438647270202637e-01 4.011210426688194275e-02
8.633211851119995117e-01 3.891194984316825867e-02
8.742736577987670898e-01 3.719449415802955627e-02
8.827043175697326660e-01 3.569428995251655579e-02
8.893384337425231934e-01 3.439657390117645264e-02
8.952018618583679199e-01 3.315782919526100159e-02
9.097446203231811523e-01 2.967482991516590118e-02
9.154695272445678711e-01 2.812432497739791870e-02
9.238370060920715332e-01 2.564789354801177979e-02
9.297743439674377441e-01 2.372003905475139618e-02
9.396626949310302734e-01 2.013601548969745636e-02
9.464752078056335449e-01 1.733710058033466339e-02
9.563473463058471680e-01 1.264627277851104736e-02
9.632452130317687988e-01 8.755275979638099670e-03
9.646886587142944336e-01 7.857107557356357574e-03
9.663085937500000000e-01 6.808687932789325714e-03
