9.639316797256469727e-01 6.420393940061330795e-03
9.636829495429992676e-01 6.637397687882184982e-03
9.616276025772094727e-01 8.223805576562881470e-03
9.585334062576293945e-01 1.023513544350862503e-02
9.475884437561035156e-01 1.597550325095653534e-02
9.427244663238525391e-01 1.818807609379291534e-02
9.352359771728515625e-01 2.135903015732765198e-02
9.331849217414855957e-01 2.218789607286453247e-02
9.299318194389343262e-01 2.347296662628650665e-02
9.224153757095336914e-01 2.632119320333003998e-02
9.142431020736694336e-01 2.925617061555385590e-02
9.072420597076416016e-01 3.165791928768157959e-02
8.878688812255859375e-01 3.786193951964378357e-02
8.791844248771667480e-01 4.046434909105300903e-02
8.709387183189392090e-01 4.284662753343582153e-02
8.648828268051147461e-01 4.454509913921356201e-02
8.507931232452392578e-01 4.834181442856788635e-02
8.394420146942138672e-01 5.125439539551734924e-02
8.270556330680847168e-01 5.429491028189659119e-02
8.240174055099487305e-01 5.501984059810638428e-02
8.056368827819824219e-01 5.923824757337570190e-02
7.886045575141906738e-01 6.290380656719207764e-02
7.746957540512084961e-01 6.573239713907241821e-02
7.722145915031433105e-01 6.622189283370971680e-02
7.578427791595458984e-01 6.896906346082687378e-02
7.471712231636047363e-01 7.091348618268966675e-02
7.337000370025634766e-01 7.325407117605209351e-02
7.249887585639953613e-01 7.470085471868515015e-02
7.093456983566284180e-01 7.716859132051467896e-02
6.932939887046813965e-01 7.952817529439926147e-02
6.792177557945251465e-01 8.145403861999511719e-02
6.630859375000000000e-01 8.349642157554626465e-02
6.453365087509155273e-01 8.553955703973770142e-02
6.408326029777526855e-01 8.602379262447357178e-02
6.240413188934326172e-01 8.770650625228881836e-02
6.179996132850646973e-01 8.826434612274169922e-02
6.039493680000305176e-01 8.946354687213897705e-02
5.962331295013427734e-01 9.006340801715850830e-02
5.831156969070434570e-01 9.098699688911437988e-02
5.777498483657836914e-01 9.132973849773406982e-02
5.631487369537353516e-01 9.215878695249557495e-02
5.562700033187866211e-01 9.249663352966308594e-02
5.425695776939392090e-01 9.306862205266952515e-02
5.352004766464233398e-01 9.332059323787689209e-02
5.241945981979370117e-01 9.362435340881347656e-02
5.189896225929260254e-01 9.373775124549865723e-02
5.037343502044677734e-01 9.395829588174819946e-02
4.902454316616058350e-01 9.401484578847885132e-02
4.782651364803314209e-01 9.395674616098403931e-02
4.657431840896606445e-01 9.378802776336669922e-02
4.492285847663879395e-01 9.339835494756698608e-02
4.468782544136047363e-01 9.332758933305740356e-02
4.389528930187225342e-01 9.306110441684722900e-02
4.306230843067169189e-01 9.273491799831390381e-02
4.193700850009918213e-01 9.222017973661422729e-02
4.133763015270233154e-01 9.191153198480606079e-02
3.992837369441986084e-01 9.109282493591308594e-02
3.784932494163513184e-01 8.965072780847549438e-02
3.732533156871795654e-01 8.924400061368942261e-02
3.675594329833984375e-01 8.878258615732192993e-02
3.559881746768951416e-01 8.778309077024459839e-02
3.261728882789611816e-01 8.483394235372543335e-02
3.177545964717864990e-01 8.390579372644424438e-02
3.102088272571563721e-01 8.303874731063842773e-02
3.011106252670288086e-01 8.194958418607711792e-02
2.906496822834014893e-01 8.063862472772598267e-02
2.793335914611816406e-01 7.915040105581283569e-02
2.757182121276855469e-01 7.865962386131286621e-02
2.719560861587524414e-01 7.814109325408935547e-02
2.659863233566284180e-01 7.730189710855484009e-02
2.506072521209716797e-01 7.504720985889434814e-02
2.363356500864028931e-01 7.283486425876617432e-02
2.259305864572525024e-01 7.114826142787933350e-02
2.147655636072158813e-01 6.926826387643814087e-02
1.956919878721237183e-01 6.588335335254669189e-02
1.835489869117736816e-01 6.360959261655807495e-02
1.576063781976699829e-01 5.841564387083053589e-02
1.464391797780990601e-01 5.602472275495529175e-02
1.401369273662567139e-01 5.462976172566413879e-02
1.132326871156692505e-01 4.824989661574363708e-02
9.986404329538345337e-02 4.477615654468536377e-02
9.218988567590713501e-02 4.267075657844543457e-02
8.076965063810348511e-02 3.936075046658515930e-02
7.329552620649337769e-02 3.706127032637596130e-02
6.539615243673324585e-02 3.449533134698867798e-02
5.105328187346458435e-02 2.939129248261451721e-02
4.460550099611282349e-02 2.685695141553878784e-02
4.021871834993362427e-02 2.502297423779964447e-02
3.307945653796195984e-02 2.179842256009578705e-02
2.635628171265125275e-02 1.839466206729412079e-02
2.150954306125640869e-02 1.561055053025484085e-02
1.468094252049922943e-02 1.079838350415229797e-02
1.091814134269952774e-02 6.893013138324022293e-03
9.858549572527408600e-03 4.978828132152557373e-03
9.542033076286315918e-03 2.735570073127746582e-03
1.031064521521329880e-02 9.496147977188229561e-04
1.103635877370834351e-02 1.856618182500824332e-04
1.169697660952806473e-02 -3.238713543396443129e-04
1.205256860703229904e-02 -5.554029485210776329e-04
1.392399054020643234e-02 -1.487422385253012180e-03
1.532194297760725021e-02 -1.991932978853583336e-03
1.698353700339794159e-02 -2.464265795424580574e-03
1.952212303876876831e-02 -3.007885068655014038e-03
2.174855768680572510e-02 -3.361389273777604103e-03
2.804385870695114136e-02 -3.960776608437299728e-03
3.963800147175788879e-02 -4.150100518018007278e-03
4.609354957938194275e-02 -3.930959850549697876e-03
5.401725322008132935e-02 -3.437339561060070992e-03
6.586896628141403198e-02 -2.345653949305415154e-03
7.539546489715576172e-02 -1.237351330928504467e-03
8.390026539564132690e-02 -1.205775333801284432e-04
8.927072584629058838e-02 6.314684869721531868e-04
1.037998795509338379e-01 2.786931116133928299e-03
1.139199957251548767e-01 4.345333669334650040e-03
1.219140514731407166e-01 5.584391765296459198e-03
1.454683542251586914e-01 9.154417552053928375e-03
1.543007045984268188e-01 1.042865682393312454e-02
1.669030487537384033e-01 1.216196548193693161e-02
1.778943091630935669e-01 1.358207501471042633e-02
1.880771368741989136e-01 1.481588929891586304e-02
1.976707279682159424e-01 1.590368337929248810e-02
2.042972892522811890e-01 1.661217398941516876e-02
2.152673006057739258e-01 1.770772598683834076e-02
2.208090275526046753e-01 1.822464354336261749e-02
2.283842861652374268e-01 1.889193430542945862e-02
2.366980612277984619e-01 1.957260258495807648e-02
2.488604933023452759e-01 2.047277614474296570e-02
2.567557096481323242e-01 2.099768631160259247e-02
2.719105184078216553e-01 2.187817730009555817e-02
2.834557294845581055e-01 2.244059368968009949e-02
2.943779826164245605e-01 2.288971655070781708e-02
3.024422824382781982e-01 2.317129261791706085e-02
3.097917139530181885e-01 2.339196391403675079e-02
3.208698332309722900e-01 2.366183325648307800e-02
3.309767544269561768e-01 2.384443953633308411e-02
3.377986550331115723e-01 2.393452823162078857e-02
3.551584482192993164e-01 2.404859848320484161e-02
3.622969388961791992e-01 2.404950559139251709e-02
3.709112703800201416e-01 2.401656098663806915e-02
3.877348899841308594e-01 2.385012805461883545e-02
4.028014242649078369e-01 2.359404042363166809e-02
4.101391732692718506e-01 2.343529462814331055e-02
4.268372356891632080e-01 2.299770154058933258e-02
4.358487129211425781e-01 2.272093296051025391e-02
4.444298446178436279e-01 2.243340015411376953e-02
4.518767893314361572e-01 2.216640673577785492e-02
4.640280902385711670e-01 2.169947326183319092e-02
4.742100834846496582e-01 2.128209546208381653e-02
4.849581122398376465e-01 2.082005515694618225e-02
4.893188774585723877e-01 2.062730863690376282e-02
5.006784200668334961e-01 2.011390589177608490e-02
5.067639946937561035e-01 1.983361132442951202e-02
5.348529219627380371e-01 1.852108165621757507e-02
5.429577827453613281e-01 1.814470812678337097e-02
5.568200349807739258e-01 1.751296594738960266e-02
5.694830417633056641e-01 1.695576868951320648e-02
5.813986063003540039e-01 1.645456440746784210e-02
5.897433757781982422e-01 1.611930876970291138e-02
5.966320633888244629e-01 1.585334539413452148e-02
6.127830743789672852e-01 1.527125667780637741e-02
6.182543039321899414e-01 1.508792117238044739e-02
6.320955753326416016e-01 1.465637609362602234e-02
6.413801312446594238e-01 1.439295802265405655e-02
6.511943936347961426e-01 1.413691975176334381e-02
6.622416377067565918e-01 1.387542951852083206e-02
6.870179772377014160e-01 1.338371075689792633e-02
7.033337354660034180e-01 1.312209013849496841e-02
7.142087817192077637e-01 1.297019515186548233e-02
7.237449288368225098e-01 1.284920424222946167e-02
7.367118000984191895e-01 1.269920915365219116e-02
7.513081431388854980e-01 1.254423335194587708e-02
7.712637186050415039e-01 1.234169397503137589e-02
7.954874634742736816e-01 1.207984890788793564e-02
8.043599724769592285e-01 1.197110023349523544e-02
8.263043761253356934e-01 1.164874807000160217e-02
8.369727134704589844e-01 1.145344320684671402e-02
8.512715697288513184e-01 1.113632787019014359e-02
8.604962229728698730e-01 1.088931038975715637e-02
8.739503026008605957e-01 1.045236550271511078e-02
8.826247453689575195e-01 1.011069957166910172e-02
8.863334655761718750e-01 9.947398677468299866e-03
8.947970867156982422e-01 9.529460221529006958e-03
9.062653183937072754e-01 8.841088972985744476e-03
9.120740294456481934e-01 8.425454609096050262e-03
9.188588857650756836e-01 7.868337444961071014e-03
9.277348518371582031e-01 6.992715876549482346e-03
9.367346167564392090e-01 5.875455215573310852e-03
9.454718828201293945e-01 4.468802828341722488e-03
9.545192122459411621e-01 2.483075717464089394e-03
9.613490700721740723e-01 3.929505473934113979e-04
9.631102681159973145e-01 -2.683367638383060694e-04
9.642932415008544922e-01 -7.478388142772018909e-04
