9.638865590095520020e-01 6.849215831607580185e-03
9.635415673255920410e-01 7.057026959955692291e-03
9.623790383338928223e-01 7.717031519860029221e-03
9.563267827033996582e-01 1.068402640521526337e-02
9.338511824607849121e-01 1.972254179418087006e-02
9.242883920669555664e-01 2.317792735993862152e-02
8.939976096153259277e-01 3.331162407994270325e-02
8.859046101570129395e-01 3.585996478796005249e-02
8.728250861167907715e-01 3.986292332410812378e-02
8.654166460037231445e-01 4.207190126180648804e-02
8.433746695518493652e-01 4.841753467917442322e-02
8.382347822189331055e-01 4.985135793685913086e-02
8.239397406578063965e-01 5.375341698527336121e-02
8.097845315933227539e-01 5.749743431806564331e-02
7.978594303131103516e-01 6.056211516261100769e-02
7.913139462471008301e-01 6.221023574471473694e-02
7.776811122894287109e-01 6.556653976440429688e-02
7.626078128814697266e-01 6.915890425443649292e-02
7.495201826095581055e-01 7.217731326818466187e-02
7.330867052078247070e-01 7.583509385585784912e-02
6.991938352584838867e-01 8.290722966194152832e-02
6.929115056991577148e-01 8.414705097675323486e-02
6.804931163787841797e-01 8.653050661087036133e-02
6.668133735656738281e-01 8.905113488435745239e-02
6.561345458030700684e-01 9.094060957431793213e-02
6.476684212684631348e-01 9.238876402378082275e-02
6.324247121810913086e-01 9.488268196582794189e-02
6.246686577796936035e-01 9.609427303075790405e-02
6.197578310966491699e-01 9.684106707572937012e-02
6.064277887344360352e-01 9.878704696893692017e-02
5.931378602981567383e-01 1.006067022681236267e-01
5.828309059143066406e-01 1.019329652190208435e-01
5.624786019325256348e-01 1.043280959129333496e-01
5.593895912170410156e-01 1.046651005744934082e-01
5.528907775878906250e-01 1.053510829806327820e-01
5.484930276870727539e-01 1.057973951101303101e-01
5.360063314437866211e-01 1.069849133491516113e-01
5.251948237419128418e-01 1.079169809818267822e-01
5.131667256355285645e-01 1.088479906320571899e-01
5.071212053298950195e-01 1.092733889818191528e-01
4.926601946353912354e-01 1.101750433444976807e-01
4.884566366672515869e-01 1.104063615202903748e-01
4.747871160507202148e-01 1.110625788569450378e-01
4.608611464500427246e-01 1.115799099206924438e-01
4.500044286251068115e-01 1.118776723742485046e-01
4.424778521060943604e-01 1.120299473404884338e-01
4.325506389141082764e-01 1.121632903814315796e-01
4.198066294193267822e-01 1.122223883867263794e-01
4.119482636451721191e-01 1.121964007616043091e-01
4.057691693305969238e-01 1.121427044272422791e-01
3.938837051391601562e-01 1.119574010372161865e-01
3.807564377784729004e-01 1.116280406713485718e-01
3.735934495925903320e-01 1.113933995366096497e-01
3.657541275024414062e-01 1.110923886299133301e-01
3.599417805671691895e-01 1.108393743634223938e-01
3.536246716976165771e-01 1.105357185006141663e-01
3.459804356098175049e-01 1.101281940937042236e-01
3.371253311634063721e-01 1.096014082431793213e-01
3.244273662567138672e-01 1.087431535124778748e-01
3.144793808460235596e-01 1.079857051372528076e-01
3.118719756603240967e-01 1.077747419476509094e-01
3.027577400207519531e-01 1.069965064525604248e-01
2.927606701850891113e-01 1.060691624879837036e-01
2.801139652729034424e-01 1.047837287187576294e-01
2.657149434089660645e-01 1.031637191772460938e-01
2.612803280353546143e-01 1.026303544640541077e-01
2.508708834648132324e-01 1.013128906488418579e-01
2.440693378448486328e-01 1.004012227058410645e-01
2.349320501089096069e-01 9.911105781793594360e-02
2.231038659811019897e-01 9.732516855001449585e-02
2.182166129350662231e-01 9.654749929904937744e-02
2.082944661378860474e-01 9.489387273788452148e-02
1.973701268434524536e-01 9.295118600130081177e-02
1.785780191421508789e-01 8.928320556879043579e-02
1.736280769109725952e-01 8.824244886636734009e-02
1.621563136577606201e-01 8.569911867380142212e-02
1.514432430267333984e-01 8.314462006092071533e-02
1.393715888261795044e-01 8.003481477499008179e-02
1.241742298007011414e-01 7.572186738252639771e-02
1.145950406789779663e-01 7.274139672517776489e-02
1.090017855167388916e-01 7.089518010616302490e-02
9.829998761415481567e-02 6.711850315332412720e-02
8.855118602514266968e-02 6.336161494255065918e-02
8.129689097404479980e-02 6.034001335501670837e-02
7.256855815649032593e-02 5.640821531414985657e-02
5.986678600311279297e-02 4.998742789030075073e-02
5.762495100498199463e-02 4.875171557068824768e-02
4.683910310268402100e-02 4.226526990532875061e-02
3.935381025075912476e-02 3.709655627608299255e-02
3.338436782360076904e-02 3.241944685578346252e-02
2.745291963219642639e-02 2.704172767698764801e-02
2.467315271496772766e-02 2.413731068372726440e-02
2.095248363912105560e-02 1.958922296762466431e-02
1.963070221245288849e-02 1.767154037952423096e-02
1.859710738062858582e-02 1.598243601620197296e-02
1.728536374866962433e-02 1.343368180096149445e-02
1.679645292460918427e-02 1.228018850088119507e-02
1.566924341022968292e-02 8.310648612678050995e-03
1.548982132226228714e-02 4.854009952396154404e-03
1.586921140551567078e-02 2.507840283215045929e-03
1.718915626406669617e-02 -7.546878769062459469e-04
2.041269280016422272e-02 -4.854847211390733719e-03
2.773731946945190430e-02 -1.009345427155494690e-02
3.010331280529499054e-02 -1.132933702319860458e-02
3.875215351581573486e-02 -1.494696922600269318e-02
4.399240389466285706e-02 -1.668808981776237488e-02
5.088046938180923462e-02 -1.863514818251132965e-02
5.760388448834419250e-02 -2.025182731449604034e-02
6.759902089834213257e-02 -2.226057089865207672e-02
7.364189624786376953e-02 -2.329073473811149597e-02
7.780096679925918579e-02 -2.393146604299545288e-02
8.309807628393173218e-02 -2.467537298798561096e-02
8.716530352830886841e-02 -2.519643492996692657e-02
1.039081066846847534e-01 -2.694814838469028473e-02
1.285573095083236694e-01 -2.861231565475463867e-02
1.408556252717971802e-01 -2.912347763776779175e-02
1.552608311176300049e-01 -2.950152754783630371e-02
1.597807109355926514e-01 -2.957616187632083893e-02
1.746678352355957031e-01 -2.968863025307655334e-02
1.817738562822341919e-01 -2.967560105025768280e-02
2.049250006675720215e-01 -2.936810813844203949e-02
2.086571902036666870e-01 -2.928359620273113251e-02
2.130287438631057739e-01 -2.917311526834964752e-02
2.286879718303680420e-01 -2.868034131824970245e-02
2.430473417043685913e-01 -2.810336276888847351e-02
2.543167769908905029e-01 -2.757224440574645996e-02
2.749372720718383789e-01 -2.643321081995964050e-02
2.822626233100891113e-01 -2.597885392606258392e-02
2.876026034355163574e-01 -2.563174068927764893e-02
2.932505607604980469e-01 -2.525025792419910431e-02
3.052530884742736816e-01 -2.439137361943721771e-02
3.141083717346191406e-01 -2.371639944612979889e-02
3.252544105052947998e-01 -2.281775139272212982e-02
3.308376669883728027e-01 -2.234725467860698700e-02
3.368593454360961914e-01 -2.182470075786113739e-02
3.452839851379394531e-01 -2.106743492186069489e-02
3.630352318286895752e-01 -1.937232539057731628e-02
3.665069937705993652e-01 -1.902507618069648743e-02
3.758240938186645508e-01 -1.806774921715259552e-02
3.830837905406951904e-01 -1.729618199169635773e-02
4.009404182434082031e-01 -1.530287507921457291e-02
4.061800539493560791e-01 -1.469228416681289673e-02
4.166844487190246582e-01 -1.343316677957773209e-02
4.262370467185974121e-01 -1.224784553050994873e-02
4.364668130874633789e-01 -1.093643903732299805e-02
4.389027357101440430e-01 -1.061784289777278900e-02
4.462049007415771484e-01 -9.648424573242664337e-03
4.643228054046630859e-01 -7.153074722737073898e-03
4.705662429332733154e-01 -6.264873780310153961e-03
4.882002472877502441e-01 -3.685466945171356201e-03
4.908617138862609863e-01 -3.287906758487224579e-03
5.041220784187316895e-01 -1.279615098610520363e-03
5.223291516304016113e-01 1.534801325760781765e-03
5.246565937995910645e-01 1.897638314403593540e-03
5.349081158638000488e-01 3.499411279335618019e-03
5.400276780128479004e-01 4.299669526517391205e-03
5.468280315399169922e-01 5.360469687730073929e-03
5.506072640419006348e-01 5.948002915829420090e-03
5.645223855972290039e-01 8.089928887784481049e-03
5.707073211669921875e-01 9.026579558849334717e-03
5.778676271438598633e-01 1.009506545960903168e-02
5.966596007347106934e-01 1.279463991522789001e-02
6.072780489921569824e-01 1.423697266727685928e-02
6.079856753349304199e-01 1.433064881712198257e-02
6.378129124641418457e-01 1.796182431280612946e-02
6.499643921852111816e-01 1.924538053572177887e-02
6.558754444122314453e-01 1.982560195028781891e-02
6.790462136268615723e-01 2.181146107614040375e-02
6.860755681991577148e-01 2.232139557600021362e-02
6.904387474060058594e-01 2.261606603860855103e-02
7.086403369903564453e-01 2.366461604833602905e-02
7.270302772521972656e-01 2.442910708487033844e-02
7.460237741470336914e-01 2.491058222949504852e-02
7.537764310836791992e-01 2.501794695854187012e-02
7.768096923828125000e-01 2.503413707017898560e-02
7.827570438385009766e-01 2.496485225856304169e-02
7.865895032882690430e-01 2.490418776869773865e-02
7.989637255668640137e-01 2.462234534323215485e-02
8.194512128829956055e-01 2.386330999433994293e-02
8.283970952033996582e-01 2.341487072408199310e-02
8.468287587165832520e-01 2.225712127983570099e-02
8.504636883735656738e-01 2.199022471904754639e-02
8.561632633209228516e-01 2.154510654509067535e-02
8.631097674369812012e-01 2.095730789005756378e-02
8.845166563987731934e-01 1.880852691829204559e-02
8.894229531288146973e-01 1.823763735592365265e-02
9.067612290382385254e-01 1.594766043126583099e-02
9.240933060646057129e-01 1.314301695674657822e-02
9.391427040100097656e-01 1.012367568910121918e-02
9.565503001213073730e-01 5.468713119626045227e-03
9.636911153793334961e-01 2.865952206775546074e-03
9.647430181503295898e-01 2.423995407298207283e-03
