9.732693433761596680e-01 6.246359087526798248e-03
9.731489419937133789e-01 6.435773801058530807e-03
9.725332856178283691e-01 7.332428824156522751e-03
9.683299660682678223e-01 1.211219746619462967e-02
9.572250843048095703e-01 2.164162509143352509e-02
9.511605501174926758e-01 2.613783814013004303e-02
9.453986883163452148e-01 3.014152497053146362e-02
9.427652359008789062e-01 3.190069645643234253e-02
9.379619956016540527e-01 3.501016646623611450e-02
9.333843588829040527e-01 3.786622360348701477e-02
9.230514764785766602e-01 4.397784173488616943e-02
9.180038571357727051e-01 4.681216552853584290e-02
9.060275554656982422e-01 5.318458750844001770e-02
8.980970382690429688e-01 5.715364217758178711e-02
8.824669718742370605e-01 6.444514542818069458e-02
8.775150775909423828e-01 6.661730259656906128e-02
8.699004054069519043e-01 6.983521580696105957e-02
8.657239079475402832e-01 7.153896987438201904e-02
8.492233157157897949e-01 7.786524295806884766e-02
8.413114547729492188e-01 8.067902922630310059e-02
8.321541547775268555e-01 8.376690000295639038e-02
8.184947371482849121e-01 8.804991841316223145e-02
7.973639965057373047e-01 9.395885467529296875e-02
7.924114465713500977e-01 9.522475302219390869e-02
7.799550294876098633e-01 9.821929782629013062e-02
7.709528207778930664e-01 1.002214252948760986e-01
7.621355652809143066e-01 1.020561531186103821e-01
7.552173137664794922e-01 1.034115776419639587e-01
7.297186851501464844e-01 1.078073680400848389e-01
7.257075905799865723e-01 1.084178015589714050e-01
7.127180695533752441e-01 1.102531850337982178e-01
7.016107439994812012e-01 1.116589903831481934e-01
6.877579092979431152e-01 1.132136583328247070e-01
6.780751943588256836e-01 1.141766607761383057e-01
6.721050739288330078e-01 1.147220134735107422e-01
6.571376919746398926e-01 1.159349083900451660e-01
6.417988538742065430e-01 1.169617772102355957e-01
6.337064504623413086e-01 1.174204573035240173e-01
6.212418079376220703e-01 1.180207282304763794e-01
6.086854934692382812e-01 1.185012981295585632e-01
5.945555567741394043e-01 1.189012601971626282e-01
5.858612656593322754e-01 1.190766915678977966e-01
5.721841454505920410e-01 1.192487478256225586e-01
5.649489164352416992e-01 1.192902550101280212e-01
5.539325475692749023e-01 1.192900314927101135e-01
5.441368818283081055e-01 1.192275583744049072e-01
5.165105462074279785e-01 1.187508925795555115e-01
5.096626877784729004e-01 1.185669228434562683e-01
4.996781051158905029e-01 1.182536408305168152e-01
4.761449992656707764e-01 1.173099875450134277e-01
4.590158462524414062e-01 1.164479181170463562e-01
4.531159698963165283e-01 1.161176934838294983e-01
4.401015043258666992e-01 1.153299808502197266e-01
4.259102642536163330e-01 1.143791675567626953e-01
4.202525615692138672e-01 1.139737218618392944e-01
4.056915640830993652e-01 1.128613948822021484e-01
3.961024284362792969e-01 1.120750904083251953e-01
3.877825140953063965e-01 1.113583073019981384e-01
3.768986761569976807e-01 1.103722751140594482e-01
3.691275715827941895e-01 1.096345782279968262e-01
3.625458776950836182e-01 1.089878007769584656e-01
3.265034258365631104e-01 1.050836443901062012e-01
3.064910173416137695e-01 1.026443317532539368e-01
3.003034591674804688e-01 1.018494516611099243e-01
2.924394607543945312e-01 1.008107587695121765e-01
2.830891013145446777e-01 9.953342378139495850e-02
2.751670479774475098e-01 9.841442853212356567e-02
2.578138411045074463e-01 9.584049880504608154e-02
2.461701482534408569e-01 9.401453286409378052e-02
2.181809246540069580e-01 8.927170187234878540e-02
1.962650120258331299e-01 8.516827970743179321e-02
1.840457171201705933e-01 8.271086215972900391e-02
1.757992506027221680e-01 8.097624033689498901e-02
1.731484830379486084e-01 8.040477335453033447e-02
1.644937098026275635e-01 7.848907262086868286e-02
1.569730639457702637e-01 7.675864547491073608e-02
1.478270441293716431e-01 7.456456869840621948e-02
1.367088705301284790e-01 7.175070047378540039e-02
1.268812119960784912e-01 6.911236047744750977e-02
1.153398603200912476e-01 6.580518186092376709e-02
1.030803099274635315e-01 6.200056150555610657e-02
8.237216621637344360e-02 5.469005554914474487e-02
7.777706533670425415e-02 5.287540331482887268e-02
7.019016146659851074e-02 4.968361556529998779e-02
6.499461084604263306e-02 4.733406752347946167e-02
5.926251038908958435e-02 4.455739632248878479e-02
4.370037838816642761e-02 3.568453714251518250e-02
3.654036298394203186e-02 3.062394261360168457e-02
3.252702951431274414e-02 2.736447565257549286e-02
2.893069013953208923e-02 2.408419176936149597e-02
2.332644537091255188e-02 1.796363107860088348e-02
2.018988691270351410e-02 1.366181392222642899e-02
1.896964944899082184e-02 1.170338410884141922e-02
1.630723848938941956e-02 6.420243531465530396e-03
1.518793310970067978e-02 3.363024443387985229e-03
1.440678630024194717e-02 3.582215867936611176e-04
1.392739173024892807e-02 -3.946935757994651794e-03
1.419808529317378998e-02 -7.039729040116071701e-03
1.470441557466983795e-02 -8.854123763740062714e-03
1.510342117398977280e-02 -9.790746495127677917e-03
1.594223640859127045e-02 -1.120910048484802246e-02
1.792242750525474548e-02 -1.331369113177061081e-02
1.927031762897968292e-02 -1.428785827010869980e-02
2.258771099150180817e-02 -1.597375981509685516e-02
2.602409757673740387e-02 -1.717329025268554688e-02
3.561313450336456299e-02 -1.934815011918544769e-02
4.186080023646354675e-02 -2.035901509225368500e-02
5.546841025352478027e-02 -2.212280780076980591e-02
6.154868751764297485e-02 -2.280585095286369324e-02
7.197019457817077637e-02 -2.388872578740119934e-02
9.194705635309219360e-02 -2.575653605163097382e-02
9.862725436687469482e-02 -2.633468434214591980e-02
1.032604202628135681e-01 -2.672377042472362518e-02
1.144010722637176514e-01 -2.762158215045928955e-02
1.239381432533264160e-01 -2.834958024322986603e-02
1.293157786130905151e-01 -2.874406799674034119e-02
1.395373046398162842e-01 -2.946271747350692749e-02
1.521113067865371704e-01 -3.029172681272029877e-02
1.630696654319763184e-01 -3.096567094326019287e-02
1.716268062591552734e-01 -3.146106004714965820e-02
1.778957694768905640e-01 -3.180705383419990540e-02
1.868921369314193726e-01 -3.227895125746726990e-02
1.974154710769653320e-01 -3.279472142457962036e-02
2.007157504558563232e-01 -3.294855728745460510e-02
2.148270457983016968e-01 -3.356458246707916260e-02
2.200168967247009277e-01 -3.377439454197883606e-02
2.336749285459518433e-01 -3.428458422422409058e-02
2.382303625345230103e-01 -3.444146737456321716e-02
2.577795684337615967e-01 -3.504129126667976379e-02
2.663587629795074463e-01 -3.526773303747177124e-02
2.790848016738891602e-01 -3.556336835026741028e-02
2.908612191677093506e-01 -3.579477965831756592e-02
2.994278073310852051e-01 -3.593799471855163574e-02
3.032373189926147461e-01 -3.599493578076362610e-02
3.203266263008117676e-01 -3.619955107569694519e-02
3.309784531593322754e-01 -3.628509119153022766e-02
3.425818979740142822e-01 -3.634143620729446411e-02
3.468354046344757080e-01 -3.635239973664283752e-02
3.634048104286193848e-01 -3.634487837553024292e-02
3.789035379886627197e-01 -3.626387938857078552e-02
3.908880054950714111e-01 -3.615054488182067871e-02
4.004768729209899902e-01 -3.602690994739532471e-02
4.030193388462066650e-01 -3.598909080028533936e-02
4.144628643989562988e-01 -3.579193726181983948e-02
4.264353215694427490e-01 -3.553701564669609070e-02
4.298530817031860352e-01 -3.545478358864784241e-02
4.407274723052978516e-01 -3.516418859362602234e-02
4.493136703968048096e-01 -3.490255773067474365e-02
4.577440321445465088e-01 -3.461692854762077332e-02
4.757653176784515381e-01 -3.390578553080558777e-02
4.855607748031616211e-01 -3.345865011215209961e-02
4.923671185970306396e-01 -3.312161564826965332e-02
5.091499090194702148e-01 -3.219407051801681519e-02
5.198477506637573242e-01 -3.152821958065032959e-02
5.379982590675354004e-01 -3.025943599641323090e-02
5.433156490325927734e-01 -2.985370531678199768e-02
5.637860894203186035e-01 -2.814480103552341461e-02
5.708876848220825195e-01 -2.749716863036155701e-02
5.764592885971069336e-01 -2.696938067674636841e-02
5.953584313392639160e-01 -2.505229599773883820e-02
6.194553375244140625e-01 -2.233731932938098907e-02
6.336391568183898926e-01 -2.060974389314651489e-02
6.428149938583374023e-01 -1.944630406796932220e-02
6.791967749595642090e-01 -1.454192679375410080e-02
6.919016242027282715e-01 -1.274492964148521423e-02
6.992391347885131836e-01 -1.169325038790702820e-02
7.083036303520202637e-01 -1.038329023867845535e-02
7.180189490318298340e-01 -8.969553746283054352e-03
7.255970239639282227e-01 -7.862408645451068878e-03
7.595281600952148438e-01 -2.911477815359830856e-03
7.761190533638000488e-01 -5.309148691594600677e-04
7.845134735107421875e-01 6.539516616612672806e-04
7.940986156463623047e-01 1.985944807529449463e-03
8.032593727111816406e-01 3.234042087569832802e-03
8.209853172302246094e-01 5.563611630350351334e-03
8.398332595825195312e-01 7.883400656282901764e-03
8.600991368293762207e-01 1.013780664652585983e-02
8.659795522689819336e-01 1.073394995182752609e-02
8.763020038604736328e-01 1.170437876135110855e-02
8.907455801963806152e-01 1.286892965435981750e-02
8.990756869316101074e-01 1.341565232723951340e-02
9.075098633766174316e-01 1.385505124926567078e-02
9.283697009086608887e-01 1.427798159420490265e-02
9.353715777397155762e-01 1.412621978670358658e-02
9.480969309806823730e-01 1.326108817011117935e-02
9.510762691497802734e-01 1.290922798216342926e-02
9.601979851722717285e-01 1.130401715636253357e-02
9.641401767730712891e-01 1.027329638600349426e-02
9.688772559165954590e-01 8.644760586321353912e-03
9.710869789123535156e-01 7.702588569372892380e-03
9.733521342277526855e-01 6.597368977963924408e-03
9.737501740455627441e-01 6.388084497302770615e-03
