9.740832448005676270e-01 4.868145100772380829e-03
9.739312529563903809e-01 5.060547031462192535e-03
9.731006622314453125e-01 6.002203561365604401e-03
9.668595194816589355e-01 1.150378584861755371e-02
9.564049839973449707e-01 1.929907314479351044e-02
9.465641975402832031e-01 2.606702037155628204e-02
9.349512457847595215e-01 3.362944722175598145e-02
9.296357631683349609e-01 3.696901723742485046e-02
9.188005328178405762e-01 4.357087239623069763e-02
9.130356311798095703e-01 4.697883874177932739e-02
9.016225934028625488e-01 5.352680385112762451e-02
8.975292444229125977e-01 5.581350252032279968e-02
8.870717883110046387e-01 6.151227280497550964e-02
8.789482116699218750e-01 6.580100953578948975e-02
8.584616184234619141e-01 7.610011100769042969e-02
8.542792201042175293e-01 7.811406254768371582e-02
8.424584269523620605e-01 8.364713937044143677e-02
8.360751867294311523e-01 8.653883635997772217e-02
8.236911296844482422e-01 9.196024388074874878e-02
8.051315546035766602e-01 9.962891787290573120e-02
7.907895445823669434e-01 1.051908135414123535e-01
7.777533531188964844e-01 1.099794805049896240e-01
7.624580860137939453e-01 1.152836456894874573e-01
7.539151310920715332e-01 1.181026995182037354e-01
7.356659173965454102e-01 1.237916201353073120e-01
7.232064604759216309e-01 1.274235248565673828e-01
7.105031609535217285e-01 1.309234499931335449e-01
7.039363384246826172e-01 1.326545327901840210e-01
6.826466917991638184e-01 1.379129588603973389e-01
6.769326925277709961e-01 1.392348259687423706e-01
6.613761186599731445e-01 1.426481753587722778e-01
6.485180854797363281e-01 1.452700495719909668e-01
6.347332000732421875e-01 1.478862464427947998e-01
6.276488900184631348e-01 1.491541862487792969e-01
6.196627020835876465e-01 1.505221128463745117e-01
6.118651628494262695e-01 1.517958045005798340e-01
5.936161875724792480e-01 1.545416861772537231e-01
5.805919170379638672e-01 1.563030630350112915e-01
5.715048313140869141e-01 1.574355363845825195e-01
5.618897080421447754e-01 1.585482060909271240e-01
5.534865260124206543e-01 1.594491004943847656e-01
5.447318553924560547e-01 1.603170484304428101e-01
5.344208478927612305e-01 1.612470746040344238e-01
5.232365131378173828e-01 1.621437966823577881e-01
5.128400921821594238e-01 1.628727167844772339e-01
5.052028894424438477e-01 1.633441448211669922e-01
4.845651388168334961e-01 1.643463820219039917e-01
4.777576327323913574e-01 1.645899415016174316e-01
4.734809994697570801e-01 1.647208929061889648e-01
4.639678299427032471e-01 1.649507433176040649e-01
4.509817957878112793e-01 1.651277989149093628e-01
4.391771554946899414e-01 1.651512235403060913e-01
4.316571056842803955e-01 1.650976538658142090e-01
4.181477427482604980e-01 1.648667901754379272e-01
4.127543866634368896e-01 1.647261828184127808e-01
4.072463810443878174e-01 1.645538955926895142e-01
3.957634270191192627e-01 1.641013175249099731e-01
3.884049057960510254e-01 1.637445539236068726e-01
3.789502978324890137e-01 1.632091850042343140e-01
3.697890937328338623e-01 1.626074910163879395e-01
3.590642213821411133e-01 1.617985069751739502e-01
3.362496793270111084e-01 1.596980690956115723e-01
3.275386989116668701e-01 1.587579548358917236e-01
3.167524933815002441e-01 1.574864089488983154e-01
3.119602799415588379e-01 1.568829268217086792e-01
3.026276528835296631e-01 1.556387841701507568e-01
2.958377003669738770e-01 1.546757221221923828e-01
2.683077752590179443e-01 1.502582132816314697e-01
2.571350038051605225e-01 1.482227742671966553e-01
2.231806665658950806e-01 1.411173641681671143e-01
2.166292369365692139e-01 1.395771950483322144e-01
2.054630815982818604e-01 1.368169188499450684e-01
1.962172091007232666e-01 1.343963295221328735e-01
1.878568679094314575e-01 1.320966780185699463e-01
1.794902384281158447e-01 1.296843290328979492e-01
1.745306700468063354e-01 1.281994730234146118e-01
1.705476194620132446e-01 1.269761919975280762e-01
1.524807959794998169e-01 1.210589408874511719e-01
1.431671977043151855e-01 1.177512705326080322e-01
1.339511126279830933e-01 1.142858862876892090e-01
1.256821751594543457e-01 1.109983474016189575e-01
1.132867634296417236e-01 1.057169809937477112e-01
1.017068624496459961e-01 1.003457084298133850e-01
9.029881656169891357e-02 9.456783533096313477e-02
8.180582523345947266e-02 8.989785611629486084e-02
7.451741397380828857e-02 8.559726178646087646e-02
6.658869981765747070e-02 8.056134730577468872e-02
5.711517482995986938e-02 7.396090775728225708e-02
5.130412429571151733e-02 6.953387707471847534e-02
4.684935882687568665e-02 6.590774655342102051e-02
3.578535839915275574e-02 5.580436438322067261e-02
2.732551284134387970e-02 4.663273692131042480e-02
2.508364059031009674e-02 4.390807822346687317e-02
1.987512409687042236e-02 3.691537305712699890e-02
1.643783040344715118e-02 3.161210939288139343e-02
1.197112724184989929e-02 2.336337789893150330e-02
9.952369146049022675e-03 1.873689889907836914e-02
7.101534865796566010e-03 9.511251002550125122e-03
6.449279375374317169e-03 5.560953635722398758e-03
6.277407519519329071e-03 3.535273717716336250e-03
6.263331044465303421e-03 5.078263347968459129e-04
6.658614613115787506e-03 -2.847050782293081284e-03
7.544468622654676437e-03 -6.019595079123973846e-03
1.060288399457931519e-02 -1.123900804668664932e-02
1.483290828764438629e-02 -1.499011646956205368e-02
2.061421796679496765e-02 -1.804575696587562561e-02
2.342290990054607391e-02 -1.910058408975601196e-02
2.950104884803295135e-02 -2.082471922039985657e-02
3.967524319887161255e-02 -2.267022430896759033e-02
4.691516607999801636e-02 -2.350469119846820831e-02
5.753886327147483826e-02 -2.428159676492214203e-02
6.642363965511322021e-02 -2.464862726628780365e-02
7.300888001918792725e-02 -2.479963377118110657e-02
8.625283837318420410e-02 -2.487168274819850922e-02
1.075902208685874939e-01 -2.453681826591491699e-02
1.114345416426658630e-01 -2.443381771445274353e-02
1.226189509034156799e-01 -2.407831326127052307e-02
1.384976208209991455e-01 -2.345823682844638824e-02
1.493658125400543213e-01 -2.297332137823104858e-02
1.562651991844177246e-01 -2.264494262635707855e-02
1.731727570295333862e-01 -2.178553864359855652e-02
1.823703497648239136e-01 -2.129110321402549744e-02
1.892756074666976929e-01 -2.090959623456001282e-02
1.978989839553833008e-01 -2.042234130203723907e-02
2.108521014451980591e-01 -1.967104710638523102e-02
2.185636311769485474e-01 -1.921430602669715881e-02
2.360186278820037842e-01 -1.815905794501304626e-02
2.405475825071334839e-01 -1.788109540939331055e-02
2.604632973670959473e-01 -1.664234511554241180e-02
2.675414085388183594e-01 -1.619661599397659302e-02
2.758205235004425049e-01 -1.567222923040390015e-02
2.848162651062011719e-01 -1.509925350546836853e-02
2.968804240226745605e-01 -1.432638894766569138e-02
2.987962663173675537e-01 -1.420325599610805511e-02
3.184084594249725342e-01 -1.293774135410785675e-02
3.262514173984527588e-01 -1.242969557642936707e-02
3.430599272251129150e-01 -1.133875362575054169e-02
3.486757278442382812e-01 -1.097393315285444260e-02
3.605683445930480957e-01 -1.020147278904914856e-02
3.696401417255401611e-01 -9.612794034183025360e-03
3.853458762168884277e-01 -8.596149273216724396e-03
3.904491364955902100e-01 -8.266812190413475037e-03
3.958150744438171387e-01 -7.921228185296058655e-03
4.025927186012268066e-01 -7.485886104404926300e-03
4.138325452804565430e-01 -6.767360027879476547e-03
4.231171011924743652e-01 -6.177713628858327866e-03
4.340620636940002441e-01 -5.487976130098104477e-03
4.505121111869812012e-01 -4.464515019208192825e-03
4.669322967529296875e-01 -3.462066175416111946e-03
4.786410927772521973e-01 -2.761100651696324348e-03
4.888483285903930664e-01 -2.160668605938553810e-03
4.986980557441711426e-01 -1.591625390574336052e-03
5.091695785522460938e-01 -9.986901422962546349e-04
5.148708820343017578e-01 -6.814271328039467335e-04
5.335457921028137207e-01 3.284092526882886887e-04
5.429887771606445312e-01 8.208245853893458843e-04
5.645064115524291992e-01 1.893880427815020084e-03
5.715214014053344727e-01 2.228343859314918518e-03
5.794619917869567871e-01 2.597532467916607857e-03
5.893581509590148926e-01 3.043400589376688004e-03
6.056397557258605957e-01 3.741911845281720161e-03
6.265195608139038086e-01 4.572636447846889496e-03
6.398252248764038086e-01 5.063322838395833969e-03
6.488133668899536133e-01 5.377574823796749115e-03
6.674587130546569824e-01 5.984848365187644958e-03
6.755098700523376465e-01 6.228324491530656815e-03
6.862448453903198242e-01 6.535185966640710831e-03
6.950471997261047363e-01 6.771517917513847351e-03
7.010091543197631836e-01 6.923695094883441925e-03
7.278376221656799316e-01 7.527916226536035538e-03
7.385109066963195801e-01 7.730641402304172516e-03
7.448382973670959473e-01 7.840366102755069733e-03
7.627196907997131348e-01 8.106891065835952759e-03
7.700724601745605469e-01 8.197154849767684937e-03
7.983803153038024902e-01 8.431514725089073181e-03
8.061378598213195801e-01 8.462077938020229340e-03
8.185241222381591797e-01 8.477962575852870941e-03
8.241943717002868652e-01 8.470939472317695618e-03
8.447586894035339355e-01 8.362466469407081604e-03
8.557682037353515625e-01 8.244886994361877441e-03
8.693094253540039062e-01 8.034345693886280060e-03
8.783808946609497070e-01 7.847105152904987335e-03
8.914384841918945312e-01 7.501624058932065964e-03
8.994907140731811523e-01 7.236698642373085022e-03
9.302539229393005371e-01 5.718564614653587341e-03
9.349541664123535156e-01 5.388506222516298294e-03
9.494592547416687012e-01 4.106912296265363693e-03
9.620985984802246094e-01 2.490677172318100929e-03
9.675760269165039062e-01 1.553649199195206165e-03
9.713870286941528320e-01 7.885679951868951321e-04
9.728875160217285156e-01 4.631652554962784052e-04
9.733932614326477051e-01 3.512156836222857237e-04
