9.735222458839416504e-01 6.623224820941686630e-03
9.733603596687316895e-01 6.892621051520109177e-03
9.719691872596740723e-01 8.872983977198600769e-03
9.680046439170837402e-01 1.344125811010599136e-02
9.583121538162231445e-01 2.281250804662704468e-02
9.492883086204528809e-01 3.059931285679340363e-02
9.434029459953308105e-01 3.537660092115402222e-02
9.400081038475036621e-01 3.804359957575798035e-02
9.330734610557556152e-01 4.331534728407859802e-02
9.266157746315002441e-01 4.803174361586570740e-02
9.107071161270141602e-01 5.895883217453956604e-02
9.060255289077758789e-01 6.200436130166053772e-02
8.956649899482727051e-01 6.849331408739089966e-02
8.879128694534301758e-01 7.313416153192520142e-02
8.794261217117309570e-01 7.801604270935058594e-02
8.768011331558227539e-01 7.948539406061172485e-02
8.685215115547180176e-01 8.399841189384460449e-02
8.615878224372863770e-01 8.764004707336425781e-02
8.541514873504638672e-01 9.141092747449874878e-02
8.459815979003906250e-01 9.539862722158432007e-02
8.323873281478881836e-01 1.016884371638298035e-01
8.173113465309143066e-01 1.081845685839653015e-01
7.892692685127258301e-01 1.190252304077148438e-01
7.839550375938415527e-01 1.209089681506156921e-01
7.627664804458618164e-01 1.279163509607315063e-01
7.559850215911865234e-01 1.299963891506195068e-01
7.441346645355224609e-01 1.334511935710906982e-01
7.367604970932006836e-01 1.354894191026687622e-01
7.248151898384094238e-01 1.386160999536514282e-01
7.186852097511291504e-01 1.401391625404357910e-01
7.069419622421264648e-01 1.429082304239273071e-01
6.939648985862731934e-01 1.457486599683761597e-01
6.812028288841247559e-01 1.483266055583953857e-01
6.745607256889343262e-01 1.495866179466247559e-01
6.672220826148986816e-01 1.509153693914413452e-01
6.511661410331726074e-01 1.535971462726593018e-01
6.342685222625732422e-01 1.560967564582824707e-01
6.278715729713439941e-01 1.569594442844390869e-01
6.206310391426086426e-01 1.578815132379531860e-01
6.104927062988281250e-01 1.590773910284042358e-01
5.941690802574157715e-01 1.607740968465805054e-01
5.905195474624633789e-01 1.611154675483703613e-01
5.759122967720031738e-01 1.623450070619583130e-01
5.664892196655273438e-01 1.630234867334365845e-01
5.587344765663146973e-01 1.635151654481887817e-01
5.455862283706665039e-01 1.642126590013504028e-01
5.362197756767272949e-01 1.646059900522232056e-01
5.268129706382751465e-01 1.649149805307388306e-01
5.210782885551452637e-01 1.650611907243728638e-01
5.100602507591247559e-01 1.652531325817108154e-01
4.971698224544525146e-01 1.653296351432800293e-01
4.920721054077148438e-01 1.653160005807876587e-01
4.816471636295318604e-01 1.652108877897262573e-01
4.616393148899078369e-01 1.647193133831024170e-01
4.551122188568115234e-01 1.644765585660934448e-01
4.401636719703674316e-01 1.637681871652603149e-01
4.266162812709808350e-01 1.629427373409271240e-01
4.064044058322906494e-01 1.613861918449401855e-01
3.965437114238739014e-01 1.604852229356765747e-01
3.880066871643066406e-01 1.596298217773437500e-01
3.717630207538604736e-01 1.578084230422973633e-01
3.542872369289398193e-01 1.555632650852203369e-01
3.478834629058837891e-01 1.546658575534820557e-01
3.281579911708831787e-01 1.516473889350891113e-01
3.238681852817535400e-01 1.509397327899932861e-01
3.109202682971954346e-01 1.486915498971939087e-01
3.035322427749633789e-01 1.473325490951538086e-01
2.901389002799987793e-01 1.447258740663528442e-01
2.851493358612060547e-01 1.437071114778518677e-01
2.610817253589630127e-01 1.384221464395523071e-01
2.534058988094329834e-01 1.366046965122222900e-01
2.294896245002746582e-01 1.305171549320220947e-01
2.203848510980606079e-01 1.280251890420913696e-01
2.109563648700714111e-01 1.253393292427062988e-01
2.048804759979248047e-01 1.235503777861595154e-01
1.991982758045196533e-01 1.218350455164909363e-01
1.828076839447021484e-01 1.166506260633468628e-01
1.645187437534332275e-01 1.104280203580856323e-01
1.523727178573608398e-01 1.060214191675186157e-01
1.442898660898208618e-01 1.029593944549560547e-01
1.280679106712341309e-01 9.647811204195022583e-02
1.184758245944976807e-01 9.241817891597747803e-02
1.119599342346191406e-01 8.955586701631546021e-02
1.048752889037132263e-01 8.634170889854431152e-02
9.773498773574829102e-02 8.298797905445098877e-02
9.057304263114929199e-02 7.950074970722198486e-02
7.615946233272552490e-02 7.206842303276062012e-02
5.195295065641403198e-02 5.807623267173767090e-02
4.685090109705924988e-02 5.482820793986320496e-02
4.270248860120773315e-02 5.209433287382125854e-02
3.485444560647010803e-02 4.666461050510406494e-02
2.733208611607551575e-02 4.108832776546478271e-02
2.102934755384922028e-02 3.606985509395599365e-02
1.176986377686262131e-02 2.792719379067420959e-02
5.633069667965173721e-03 2.179165184497833252e-02
7.113029132597148418e-04 1.616109162569046021e-02
-1.529937377199530602e-03 1.325312256813049316e-02
-3.985311370342969894e-03 9.645159356296062469e-03
-6.773163564503192902e-03 4.456323571503162384e-03
-8.474709466099739075e-03 -8.233214612118899822e-04
-8.774973452091217041e-03 -4.700695630162954330e-03
-6.010994315147399902e-03 -1.243437919765710831e-02
-3.477952675893902779e-03 -1.530396100133657455e-02
2.682659032871015370e-05 -1.812118105590343475e-02
4.637067671865224838e-03 -2.089126035571098328e-02
1.124978438019752502e-02 -2.390122599899768829e-02
1.637513563036918640e-02 -2.575685642659664154e-02
2.505555376410484314e-02 -2.826786413788795471e-02
3.333970531821250916e-02 -3.011700138449668884e-02
4.132271930575370789e-02 -3.150605410337448120e-02
4.785655066370964050e-02 -3.240256384015083313e-02
5.979466438293457031e-02 -3.356790915131568909e-02
6.691420078277587891e-02 -3.401140868663787842e-02
7.556623965501785278e-02 -3.433252125978469849e-02
8.300087600946426392e-02 -3.443942219018936157e-02
9.150841087102890015e-02 -3.439348563551902771e-02
1.065606623888015747e-01 -3.393946588039398193e-02
1.148906946182250977e-01 -3.351678326725959778e-02
1.226214915513992310e-01 -3.303328156471252441e-02
1.307744979858398438e-01 -3.244098275899887085e-02
1.358218193054199219e-01 -3.203697502613067627e-02
1.488868594169616699e-01 -3.087870776653289795e-02
1.558043211698532104e-01 -3.020947426557540894e-02
1.685665845870971680e-01 -2.889312990009784698e-02
1.752214133739471436e-01 -2.817180193960666656e-02
1.872525662183761597e-01 -2.681951783597469330e-02
2.038911432027816772e-01 -2.487178333103656769e-02
2.069087028503417969e-01 -2.451128326356410980e-02
2.164567112922668457e-01 -2.335951663553714752e-02
2.205917984247207642e-01 -2.285639382898807526e-02
2.341101765632629395e-01 -2.119867317378520966e-02
2.471575438976287842e-01 -1.958742924034595490e-02
2.582726478576660156e-01 -1.821215637028217316e-02
2.672472000122070312e-01 -1.710287295281887054e-02
2.863539755344390869e-01 -1.475338730961084366e-02
2.956866621971130371e-01 -1.361517608165740967e-02
3.078991472721099854e-01 -1.213820464909076691e-02
3.118157088756561279e-01 -1.166792679578065872e-02
3.239522874355316162e-01 -1.022225990891456604e-02
3.424015939235687256e-01 -8.062108419835567474e-03
3.528377115726470947e-01 -6.862278562039136887e-03
3.586292862892150879e-01 -6.203820463269948959e-03
3.637965321540832520e-01 -5.620939191430807114e-03
3.795039057731628418e-01 -3.876890754327178001e-03
3.882089257240295410e-01 -2.929116832092404366e-03
3.914220035076141357e-01 -2.582781482487916946e-03
4.110049903392791748e-01 -5.142849404364824295e-04
4.227099418640136719e-01 6.860257708467543125e-04
4.444254934787750244e-01 2.837463747709989548e-03
4.570198655128479004e-01 4.038265440613031387e-03
4.772087335586547852e-01 5.887351930141448975e-03
4.841079413890838623e-01 6.497012451291084290e-03
5.026662945747375488e-01 8.078167214989662170e-03
5.111912488937377930e-01 8.774808607995510101e-03
5.295240879058837891e-01 1.020677387714385986e-02
5.359316468238830566e-01 1.068525668233633041e-02
5.621721744537353516e-01 1.251997053623199463e-02
5.842449069023132324e-01 1.389984693378210068e-02
5.938881635665893555e-01 1.445341017097234726e-02
6.157078146934509277e-01 1.559040881693363190e-02
6.457732915878295898e-01 1.688275858759880066e-02
6.612759828567504883e-01 1.741947606205940247e-02
6.723783016204833984e-01 1.774790324270725250e-02
6.816330552101135254e-01 1.798534020781517029e-02
6.948813796043395996e-01 1.826680824160575867e-02
7.062584161758422852e-01 1.845274120569229126e-02
7.148784399032592773e-01 1.855879463255405426e-02
7.248917818069458008e-01 1.864376850426197052e-02
7.341052889823913574e-01 1.868519559502601624e-02
7.481635212898254395e-01 1.867938786745071411e-02
7.570503950119018555e-01 1.863196864724159241e-02
7.745704054832458496e-01 1.843682676553726196e-02
7.849123477935791016e-01 1.825676672160625458e-02
7.913238406181335449e-01 1.812032423913478851e-02
8.124270439147949219e-01 1.753252185881137848e-02
8.309953808784484863e-01 1.683054119348526001e-02
8.455310463905334473e-01 1.615163683891296387e-02
8.502336144447326660e-01 1.590621285140514374e-02
8.657608628273010254e-01 1.500035542994737625e-02
8.774556517601013184e-01 1.421436201781034470e-02
8.874847292900085449e-01 1.346237957477569580e-02
8.939266800880432129e-01 1.293817255645990372e-02
9.054667949676513672e-01 1.191043015569448471e-02
9.142032861709594727e-01 1.104829274117946625e-02
9.326229095458984375e-01 8.944628760218620300e-03
9.369125962257385254e-01 8.388000540435314178e-03
9.493975639343261719e-01 6.583987735211849213e-03
9.592946767807006836e-01 4.905818495899438858e-03
9.676684141159057617e-01 3.249169560149312019e-03
9.709556102752685547e-01 2.523802686482667923e-03
9.736953973770141602e-01 1.883436110801994801e-03
9.751645922660827637e-01 1.527018728666007519e-03
