9.660970568656921387e-01 4.134095273911952972e-03
9.658714532852172852e-01 4.329898860305547714e-03
9.647952914237976074e-01 5.183985922485589981e-03
9.593120217323303223e-01 8.528571575880050659e-03
9.508174657821655273e-01 1.241781655699014664e-02
9.467279314994812012e-01 1.402727141976356506e-02
9.320910573005676270e-01 1.902846060693264008e-02
9.285916686058044434e-01 2.010032534599304199e-02
9.245048165321350098e-01 2.130658924579620361e-02
9.191370010375976562e-01 2.282503060996532440e-02
9.137944579124450684e-01 2.427091822028160095e-02
9.082211256027221680e-01 2.571774274110794067e-02
9.024275541305541992e-01 2.716234698891639709e-02
8.947945833206176758e-01 2.898268029093742371e-02
8.866991400718688965e-01 3.082122467458248138e-02
8.815320134162902832e-01 3.194950893521308899e-02
8.692159056663513184e-01 3.451068699359893799e-02
8.608329892158508301e-01 3.615931421518325806e-02
8.538573384284973145e-01 3.747719153761863708e-02
8.387004137039184570e-01 4.018484428524971008e-02
8.228381276130676270e-01 4.280710965394973755e-02
8.182024359703063965e-01 4.353518411517143250e-02
8.023880720138549805e-01 4.589580744504928589e-02
7.955465316772460938e-01 4.686002433300018311e-02
7.887222170829772949e-01 4.778863489627838135e-02
7.833334803581237793e-01 4.849890619516372681e-02
7.685074806213378906e-01 5.035107582807540894e-02
7.654556035995483398e-01 5.071404203772544861e-02
7.556675076484680176e-01 5.183722078800201416e-02
7.380474805831909180e-01 5.370385944843292236e-02
7.249464392662048340e-01 5.496552214026451111e-02
7.105228304862976074e-01 5.623290315270423889e-02
7.007382512092590332e-01 5.702143907546997070e-02
6.882598400115966797e-01 5.794507637619972229e-02
6.818984746932983398e-01 5.838110670447349548e-02
6.735905408859252930e-01 5.891566723585128784e-02
6.478058695793151855e-01 6.032977998256683350e-02
6.234349608421325684e-01 6.134102120995521545e-02
6.124349236488342285e-01 6.169990077614784241e-02
6.041964888572692871e-01 6.193102151155471802e-02
5.915989875793457031e-01 6.222474575042724609e-02
5.640320181846618652e-01 6.263528019189834595e-02
5.489308238029479980e-01 6.273879110813140869e-02
5.338879823684692383e-01 6.276720017194747925e-02
5.184257030487060547e-01 6.272765249013900757e-02
5.090763568878173828e-01 6.267374753952026367e-02
4.921180903911590576e-01 6.252577155828475952e-02
4.864183962345123291e-01 6.246311217546463013e-02
4.692349731922149658e-01 6.224057450890541077e-02
4.601905941963195801e-01 6.210582330822944641e-02
4.269098341464996338e-01 6.153156235814094543e-02
4.216072559356689453e-01 6.143137440085411072e-02
4.094154834747314453e-01 6.119463592767715454e-02
4.001721143722534180e-01 6.101031601428985596e-02
3.817390203475952148e-01 6.063399091362953186e-02
3.778536021709442139e-01 6.055358052253723145e-02
3.683235347270965576e-01 6.035536155104637146e-02
3.601331412792205811e-01 6.018414720892906189e-02
3.460590541362762451e-01 5.988880619406700134e-02
3.334771990776062012e-01 5.962416157126426697e-02
3.317727744579315186e-01 5.958825722336769104e-02
3.222800791263580322e-01 5.938822031021118164e-02
2.967783510684967041e-01 5.884731188416481018e-02
2.896620929241180420e-01 5.869441851973533630e-02
2.817361652851104736e-01 5.852233245968818665e-02
2.720544338226318359e-01 5.830855295062065125e-02
2.538856565952301025e-01 5.789122730493545532e-02
2.462346255779266357e-01 5.770647153258323669e-02
2.361405193805694580e-01 5.745129659771919250e-02
2.228166908025741577e-01 5.708851665258407593e-02
2.105000019073486328e-01 5.671811476349830627e-02
2.045769244432449341e-01 5.652478709816932678e-02
1.944098919630050659e-01 5.616460740566253662e-02
1.855790168046951294e-01 5.581707507371902466e-02
1.793987154960632324e-01 5.555101856589317322e-02
1.613255441188812256e-01 5.463797226548194885e-02
1.462368816137313843e-01 5.367540940642356873e-02
1.368980258703231812e-01 5.296014994382858276e-02
1.252327710390090942e-01 5.190588906407356262e-02
1.123627871274948120e-01 5.048657208681106567e-02
1.065401509404182434e-01 4.973811283707618713e-02
9.272986650466918945e-02 4.763904958963394165e-02
7.626251131296157837e-02 4.438608884811401367e-02
6.202640756964683533e-02 4.069213941693305969e-02
5.742792412638664246e-02 3.927496075630187988e-02
4.920602589845657349e-02 3.640144690871238708e-02
4.426492378115653992e-02 3.442584723234176636e-02
3.860637918114662170e-02 3.187987580895423889e-02
3.241230547428131104e-02 2.865156903862953186e-02
2.701829560101032257e-02 2.532113716006278992e-02
2.269220910966396332e-02 2.212002687156200409e-02
1.895071193575859070e-02 1.869819127023220062e-02
1.381144858896732330e-02 1.031467039138078690e-02
1.357348449528217316e-02 8.457399904727935791e-03
1.366805005818605423e-02 7.019687909632921219e-03
1.447122264653444290e-02 4.600513726472854614e-03
1.502060052007436752e-02 3.686097916215658188e-03
1.623203977942466736e-02 2.226824639365077019e-03
1.673397421836853027e-02 1.745212706737220287e-03
1.825087517499923706e-02 5.380577058531343937e-04
2.211983129382133484e-02 -1.624299678951501846e-03
3.032577782869338989e-02 -4.367939662188291550e-03
3.596164286136627197e-02 -5.572505295276641846e-03
3.961956501007080078e-02 -6.180481519550085068e-03
5.061552673578262329e-02 -7.465188857167959213e-03
5.694667994976043701e-02 -7.945212535560131073e-03
7.167863845825195312e-02 -8.588627912104129791e-03
8.339473605155944824e-02 -8.772744797170162201e-03
9.901694208383560181e-02 -8.719148114323616028e-03
1.185518652200698853e-01 -8.328396826982498169e-03
1.254006922245025635e-01 -8.130776695907115936e-03
1.364979445934295654e-01 -7.760597392916679382e-03
1.428985446691513062e-01 -7.523662876337766647e-03
1.558177024126052856e-01 -7.003773469477891922e-03
1.770968586206436157e-01 -6.057532504200935364e-03
1.828058809041976929e-01 -5.789794493466615677e-03
1.992839276790618896e-01 -4.994344897568225861e-03
2.093604803085327148e-01 -4.495557863265275955e-03
2.239339798688888550e-01 -3.763511544093489647e-03
2.345635145902633667e-01 -3.224585903808474541e-03
2.518801689147949219e-01 -2.342636231333017349e-03
2.630813121795654297e-01 -1.771867042407393456e-03
2.704783678054809570e-01 -1.395557657815515995e-03
2.857706248760223389e-01 -6.203653756529092789e-04
2.929636240005493164e-01 -2.574451500549912453e-04
2.957331836223602295e-01 -1.180467079393565655e-04
3.072946369647979736e-01 4.617081722244620323e-04
3.205065727233886719e-01 1.119693508371710777e-03
3.382979035377502441e-01 1.997913233935832977e-03
3.520181477069854736e-01 2.669315319508314133e-03
3.598566055297851562e-01 3.050842089578509331e-03
3.670456707477569580e-01 3.399607958272099495e-03
3.810710310935974121e-01 4.077426157891750336e-03
3.908728957176208496e-01 4.549665842205286026e-03
3.960287570953369141e-01 4.797801841050386429e-03
4.008328914642333984e-01 5.028931424021720886e-03
4.145379662513732910e-01 5.688651464879512787e-03
4.213873744010925293e-01 6.019018590450286865e-03
4.329703748226165771e-01 6.579665467143058777e-03
4.391676485538482666e-01 6.881066132336854935e-03
4.541705250740051270e-01 7.616699673235416412e-03
4.646646976470947266e-01 8.137866854667663574e-03
4.748384952545166016e-01 8.649871684610843658e-03
4.927636384963989258e-01 9.572389535605907440e-03
5.107321143150329590e-01 1.053033396601676941e-02
5.187323093414306641e-01 1.096974965184926987e-02
5.261418223381042480e-01 1.138473115861415863e-02
5.399381518363952637e-01 1.217987760901451111e-02
5.430714488029479980e-01 1.236480008810758591e-02
5.505673289299011230e-01 1.281407941132783890e-02
5.544322729110717773e-01 1.304962113499641418e-02
5.684857368469238281e-01 1.392899733036756516e-02
5.864723324775695801e-01 1.510753110051155090e-02
5.894775390625000000e-01 1.531010586768388748e-02
5.999057292938232422e-01 1.602476648986339569e-02
6.086914539337158203e-01 1.663979142904281616e-02
6.131797432899475098e-01 1.695797406136989594e-02
6.158260703086853027e-01 1.714667864143848419e-02
6.239147782325744629e-01 1.772782392799854279e-02
6.297825574874877930e-01 1.815259642899036407e-02
6.439984440803527832e-01 1.918672770261764526e-02
6.675812005996704102e-01 2.088321931660175323e-02
6.791837811470031738e-01 2.168918959796428680e-02
6.809601783752441406e-01 2.180999703705310822e-02
7.109789848327636719e-01 2.370497956871986389e-02
7.198564410209655762e-01 2.419845946133136749e-02
7.308224439620971680e-01 2.475575916469097137e-02
7.387001514434814453e-01 2.511689439415931702e-02
7.651842236518859863e-01 2.605704031884670258e-02
7.683998942375183105e-01 2.613962627947330475e-02
7.817807793617248535e-01 2.640241757035255432e-02
7.912875413894653320e-01 2.650532126426696777e-02
8.092603683471679688e-01 2.649234794080257416e-02
8.157447576522827148e-01 2.641591988503932953e-02
8.232603669166564941e-01 2.627614513039588928e-02
8.265128731727600098e-01 2.619789727032184601e-02
8.320978283882141113e-01 2.603745460510253906e-02
8.419021368026733398e-01 2.567201852798461914e-02
8.693480491638183594e-01 2.400249056518077850e-02
8.763777613639831543e-01 2.339659072458744049e-02
8.947072029113769531e-01 2.139175124466419220e-02
8.974224925041198730e-01 2.103475667536258698e-02
9.067227840423583984e-01 1.967277750372886658e-02
9.152840971946716309e-01 1.820038631558418274e-02
9.205518364906311035e-01 1.717097312211990356e-02
9.235754013061523438e-01 1.653131842613220215e-02
9.360896348953247070e-01 1.341954618692398071e-02
9.507322311401367188e-01 8.404218591749668121e-03
9.553459286689758301e-01 6.342601496726274490e-03
9.636198282241821289e-01 1.704838243313133717e-03
9.673608541488647461e-01 -9.424693416804075241e-04
9.683897495269775391e-01 -1.745675457641482353e-03
