9.738481044769287109e-01 4.681760910898447037e-03
9.736673831939697266e-01 4.916771315038204193e-03
9.730330705642700195e-01 5.659312475472688675e-03
9.705248475074768066e-01 8.058650419116020203e-03
9.665791392326354980e-01 1.121719554066658020e-02
9.619208574295043945e-01 1.456014811992645264e-02
9.574795365333557129e-01 1.753607019782066345e-02
9.543346762657165527e-01 1.955766417086124420e-02
9.514154195785522461e-01 2.138401009142398834e-02
9.485576748847961426e-01 2.313151583075523376e-02
9.389040470123291016e-01 2.879382483661174774e-02
9.362112879753112793e-01 3.031692653894424438e-02
9.291232824325561523e-01 3.422532603144645691e-02
9.250200986862182617e-01 3.642693534493446350e-02
9.202060103416442871e-01 3.895765915513038635e-02
9.128784537315368652e-01 4.270838573575019836e-02
9.067603945732116699e-01 4.575235396623611450e-02
9.015769958496093750e-01 4.827234894037246704e-02
8.846638798713684082e-01 5.614140629768371582e-02
8.819339275360107422e-01 5.736333876848220825e-02
8.735271692276000977e-01 6.104566529393196106e-02
8.638707995414733887e-01 6.512889266014099121e-02
8.448234796524047852e-01 7.274341583251953125e-02
8.409973978996276855e-01 7.420451939105987549e-02
8.323566913604736328e-01 7.742269337177276611e-02
8.201599717140197754e-01 8.177559822797775269e-02
8.112534880638122559e-01 8.481719344854354858e-02
8.043896555900573730e-01 8.708362281322479248e-02
7.871202826499938965e-01 9.249491989612579346e-02
7.823838591575622559e-01 9.390766918659210205e-02
7.748504877090454102e-01 9.609288722276687622e-02
7.627884745597839355e-01 9.943586587905883789e-02
7.565365433692932129e-01 1.010948419570922852e-01
7.376866340637207031e-01 1.057997569441795349e-01
7.246167063713073730e-01 1.088082045316696167e-01
7.175508737564086914e-01 1.103508621454238892e-01
6.971529722213745117e-01 1.144849583506584167e-01
6.910970807075500488e-01 1.156235262751579285e-01
6.816986203193664551e-01 1.173122823238372803e-01
6.694839000701904297e-01 1.193680837750434875e-01
6.601749658584594727e-01 1.208317503333091736e-01
6.502239704132080078e-01 1.223002672195434570e-01
6.290487647056579590e-01 1.251039505004882812e-01
6.217360496520996094e-01 1.259732991456985474e-01
6.135562062263488770e-01 1.268870383501052856e-01
6.039093136787414551e-01 1.278862059116363525e-01
5.689087510108947754e-01 1.308196634054183960e-01
5.581559538841247559e-01 1.315092891454696655e-01
5.523141622543334961e-01 1.318432241678237915e-01
5.314447283744812012e-01 1.328060179948806763e-01
5.236162543296813965e-01 1.330756098031997681e-01
5.163539648056030273e-01 1.332816183567047119e-01
5.052722096443176270e-01 1.335148215293884277e-01
4.903177917003631592e-01 1.336759328842163086e-01
4.794918298721313477e-01 1.336834728717803955e-01
4.627975821495056152e-01 1.335175484418869019e-01
4.439137876033782959e-01 1.330725550651550293e-01
4.367502629756927490e-01 1.328329145908355713e-01
4.235860109329223633e-01 1.322912424802780151e-01
4.153427779674530029e-01 1.318855881690979004e-01
4.038233160972595215e-01 1.312330663204193115e-01
3.854517638683319092e-01 1.299860775470733643e-01
3.712570369243621826e-01 1.288486719131469727e-01
3.553527593612670898e-01 1.273933947086334229e-01
3.288692235946655273e-01 1.245411857962608337e-01
3.130258023738861084e-01 1.225742325186729431e-01
3.004053235054016113e-01 1.208645254373550415e-01
2.808699607849121094e-01 1.179611831903457642e-01
2.750268578529357910e-01 1.170305162668228149e-01
2.572372257709503174e-01 1.140141487121582031e-01
2.454934418201446533e-01 1.118663474917411804e-01
2.315553724765777588e-01 1.091473698616027832e-01
2.046211063861846924e-01 1.033292114734649658e-01
1.982533484697341919e-01 1.018360704183578491e-01
1.833052784204483032e-01 9.813644737005233765e-02
1.654744446277618408e-01 9.333179891109466553e-02
1.623475998640060425e-01 9.244102984666824341e-02
1.564725041389465332e-01 9.072532504796981812e-02
1.461984813213348389e-01 8.758467435836791992e-02
1.368235647678375244e-01 8.454876393079757690e-02
1.240598633885383606e-01 8.012049645185470581e-02
1.087322607636451721e-01 7.427433133125305176e-02
1.012423485517501831e-01 7.116878032684326172e-02
8.988235145807266235e-02 6.608260422945022583e-02
8.206062763929367065e-02 6.226931884884834290e-02
7.894337922334671021e-02 6.066724285483360291e-02
6.796052306890487671e-02 5.457867681980133057e-02
6.173447519540786743e-02 5.075971782207489014e-02
5.503941699862480164e-02 4.627784341573715210e-02
4.543114453554153442e-02 3.895338997244834900e-02
3.803804889321327209e-02 3.229906037449836731e-02
3.182629123330116272e-02 2.563590742647647858e-02
2.734652161598205566e-02 1.983366534113883972e-02
2.341958507895469666e-02 1.347166672348976135e-02
2.203956805169582367e-02 1.069632172584533691e-02
2.064321190118789673e-02 7.290114648640155792e-03
1.918615959584712982e-02 1.801582635380327702e-03
1.895066723227500916e-02 -2.404554397799074650e-04
1.920332200825214386e-02 -4.424700979143381119e-03
1.985810697078704834e-02 -6.510653533041477203e-03
2.058876305818557739e-02 -7.900881581008434296e-03
2.271768450736999512e-02 -1.032061409205198288e-02
2.335011400282382965e-02 -1.081995107233524323e-02
2.868443541228771210e-02 -1.347300503402948380e-02
3.119329921901226044e-02 -1.422791182994842529e-02
4.041162878274917603e-02 -1.593245752155780792e-02
4.782754927873611450e-02 -1.669850386679172516e-02
5.760998278856277466e-02 -1.731364615261554718e-02
6.669887155294418335e-02 -1.764358952641487122e-02
7.791227102279663086e-02 -1.784318313002586365e-02
9.632865339517593384e-02 -1.783933117985725403e-02
1.080171838402748108e-01 -1.768677681684494019e-02
1.136769056320190430e-01 -1.758121326565742493e-02
1.245620399713516235e-01 -1.733107492327690125e-02
1.325351148843765259e-01 -1.711520738899707794e-02
1.394171118736267090e-01 -1.691090874373912811e-02
1.584308892488479614e-01 -1.628257334232330322e-02
1.645039170980453491e-01 -1.606793887913227081e-02
1.697601377964019775e-01 -1.587861031293869019e-02
1.766356974840164185e-01 -1.562742143869400024e-02
1.896539479494094849e-01 -1.514625549316406250e-02
1.942199766635894775e-01 -1.497727353125810623e-02
2.120394706726074219e-01 -1.432595774531364441e-02
2.184242755174636841e-01 -1.409827824681997299e-02
2.334379106760025024e-01 -1.358080748468637466e-02
2.413172274827957153e-01 -1.332141552120447159e-02
2.521245777606964111e-01 -1.298158895224332809e-02
2.579080760478973389e-01 -1.280801463872194290e-02
2.661370635032653809e-01 -1.257170364260673523e-02
2.777274250984191895e-01 -1.226135343313217163e-02
2.832486331462860107e-01 -1.212321035563945770e-02
3.004158437252044678e-01 -1.173562649637460709e-02
3.113442361354827881e-01 -1.152313221246004105e-02
3.207935988903045654e-01 -1.136144716292619705e-02
3.401193618774414062e-01 -1.109552010893821716e-02
3.460373878479003906e-01 -1.103158481419086456e-02
3.620995283126831055e-01 -1.089922059327363968e-02
3.660028874874114990e-01 -1.087607350200414658e-02
3.823587000370025635e-01 -1.081661786884069443e-02
3.958901166915893555e-01 -1.081197243183851242e-02
4.006206989288330078e-01 -1.081950031220912933e-02
4.156146943569183350e-01 -1.087313145399093628e-02
4.188826084136962891e-01 -1.089056767523288727e-02
4.309821128845214844e-01 -1.097182463854551315e-02
4.576507806777954102e-01 -1.123202871531248093e-02
4.645634293556213379e-01 -1.131431479007005692e-02
4.784259796142578125e-01 -1.149254105985164642e-02
4.840344190597534180e-01 -1.156840100884437561e-02
4.934454858303070068e-01 -1.169861946254968643e-02
5.064421892166137695e-01 -1.188028603792190552e-02
5.236776471138000488e-01 -1.211298536509275436e-02
5.325977206230163574e-01 -1.222435571253299713e-02
5.377072691917419434e-01 -1.228399667888879776e-02
5.574589371681213379e-01 -1.247577182948589325e-02
5.749228000640869141e-01 -1.257719192653894424e-02
5.923409461975097656e-01 -1.259557437151670456e-02
6.022490859031677246e-01 -1.256298087537288666e-02
6.125307679176330566e-01 -1.249279454350471497e-02
6.262797713279724121e-01 -1.233715098351240158e-02
6.392332911491394043e-01 -1.212247740477323532e-02
6.542634963989257812e-01 -1.178767252713441849e-02
6.670316457748413086e-01 -1.142984721809625626e-02
6.766342520713806152e-01 -1.111637149006128311e-02
6.996001601219177246e-01 -1.021535973995923996e-02
7.186170816421508789e-01 -9.314754977822303772e-03
7.265580296516418457e-01 -8.899698033928871155e-03
7.335495948791503906e-01 -8.516198024153709412e-03
7.454426288604736328e-01 -7.826860994100570679e-03
7.596271634101867676e-01 -6.947798654437065125e-03
7.917884588241577148e-01 -4.756696987897157669e-03
8.070262074470520020e-01 -3.640636103227734566e-03
8.134936094284057617e-01 -3.155204234644770622e-03
8.180844187736511230e-01 -2.807054668664932251e-03
8.259255886077880859e-01 -2.206548349931836128e-03
8.332015872001647949e-01 -1.643952564336359501e-03
8.413134217262268066e-01 -1.012487919069826603e-03
8.547726869583129883e-01 3.916629430023021996e-05
8.638288378715515137e-01 7.444249349646270275e-04
8.890319466590881348e-01 2.653061412274837494e-03
8.970007896423339844e-01 3.223793348297476768e-03
9.081987738609313965e-01 3.979574888944625854e-03
9.159777164459228516e-01 4.460645839571952820e-03
9.261308312416076660e-01 5.011495202779769897e-03
9.350680708885192871e-01 5.394562613219022751e-03
9.470837116241455078e-01 5.675777327269315720e-03
9.500951170921325684e-01 5.685332696884870529e-03
9.647701382637023926e-01 5.107663571834564209e-03
9.683615565299987793e-01 4.710534121841192245e-03
9.713587760925292969e-01 4.254801664501428604e-03
9.725008010864257812e-01 4.046495538204908371e-03
9.739822745323181152e-01 3.746077185496687889e-03
9.742534756660461426e-01 3.687427379190921783e-03
