9.579302072525024414e-01 2.788185514509677887e-02
9.575752615928649902e-01 2.799131348729133606e-02
9.562440514564514160e-01 2.840533666312694550e-02
9.527214765548706055e-01 2.950237505137920380e-02
9.439327120780944824e-01 3.218410909175872803e-02
9.388170242309570312e-01 3.370675817131996155e-02
9.296393394470214844e-01 3.637746348977088928e-02
9.262567758560180664e-01 3.734416514635086060e-02
9.176189303398132324e-01 3.977462276816368103e-02
9.120949506759643555e-01 4.130248725414276123e-02
8.969439268112182617e-01 4.539865255355834961e-02
8.924708366394042969e-01 4.658378288149833679e-02
8.792395591735839844e-01 5.003027990460395813e-02
8.703764677047729492e-01 5.229253321886062622e-02
8.500495553016662598e-01 5.735095962882041931e-02
8.417850136756896973e-01 5.935867130756378174e-02
8.310596942901611328e-01 6.192381680011749268e-02
8.181521892547607422e-01 6.495214998722076416e-02
8.007990717887878418e-01 6.892479211091995239e-02
7.890547513961791992e-01 7.155022025108337402e-02
7.746748328208923340e-01 7.469601929187774658e-02
7.643842697143554688e-01 7.690073549747467041e-02
7.462439537048339844e-01 8.069177716970443726e-02
7.365509867668151855e-01 8.266688883304595947e-02
7.224561572074890137e-01 8.547484874725341797e-02
7.163102030754089355e-01 8.667495101690292358e-02
6.959101557731628418e-01 9.054961055517196655e-02
6.845902204513549805e-01 9.262515604496002197e-02
6.726713776588439941e-01 9.475047886371612549e-02
6.663748621940612793e-01 9.584759920835494995e-02
6.531910300254821777e-01 9.808538109064102173e-02
6.422614455223083496e-01 9.987729042768478394e-02
6.312119960784912109e-01 1.016281098127365112e-01
6.213690042495727539e-01 1.031341254711151123e-01
6.110692024230957031e-01 1.046538874506950378e-01
6.034774184226989746e-01 1.057359427213668823e-01
5.920878648757934570e-01 1.072963401675224304e-01
5.799345970153808594e-01 1.088747382164001465e-01
5.537977218627929688e-01 1.119476556777954102e-01
5.389128327369689941e-01 1.134892553091049194e-01
5.305832624435424805e-01 1.142823919653892517e-01
5.225203037261962891e-01 1.150011345744132996e-01
5.117507576942443848e-01 1.158841401338577271e-01
4.972719252109527588e-01 1.169283688068389893e-01
4.893163442611694336e-01 1.174305155873298645e-01
4.780817627906799316e-01 1.180510148406028748e-01
4.639106988906860352e-01 1.186823695898056030e-01
4.587281048297882080e-01 1.188703328371047974e-01
4.477551877498626709e-01 1.191911175847053528e-01
4.397195875644683838e-01 1.193586662411689758e-01
4.235907495021820068e-01 1.195201650261878967e-01
4.106360673904418945e-01 1.194781288504600525e-01
3.981449306011199951e-01 1.192901581525802612e-01
3.896900713443756104e-01 1.190797239542007446e-01
3.821350634098052979e-01 1.188342571258544922e-01
3.708882629871368408e-01 1.183674335479736328e-01
3.642432689666748047e-01 1.180341020226478577e-01
3.546049296855926514e-01 1.174738556146621704e-01
3.390082418918609619e-01 1.163726150989532471e-01
3.307516276836395264e-01 1.156909838318824768e-01
3.220041096210479736e-01 1.148934289813041687e-01
3.097418844699859619e-01 1.136430799961090088e-01
2.988716065883636475e-01 1.124037429690361023e-01
2.935104370117187500e-01 1.117465719580650330e-01
2.823452055454254150e-01 1.102793216705322266e-01
2.756276428699493408e-01 1.093314290046691895e-01
2.638803124427795410e-01 1.075544059276580811e-01
2.599131464958190918e-01 1.069194301962852478e-01
2.448936849832534790e-01 1.043531447649002075e-01
2.317029237747192383e-01 1.018822565674781799e-01
2.215383648872375488e-01 9.983557462692260742e-02
2.090107947587966919e-01 9.713679552078247070e-02
1.994386911392211914e-01 9.493932127952575684e-02
1.893489658832550049e-01 9.249175339937210083e-02
1.789731681346893311e-01 8.982922881841659546e-02
1.695087999105453491e-01 8.726696670055389404e-02
1.581662744283676147e-01 8.402083069086074829e-02
1.437780857086181641e-01 7.961259782314300537e-02
1.291964799165725708e-01 7.478965073823928833e-02
1.232172027230262756e-01 7.270128279924392700e-02
1.145417243242263794e-01 6.954922527074813843e-02
1.068139374256134033e-01 6.661307066679000854e-02
9.503047913312911987e-02 6.188446283340454102e-02
8.304188400506973267e-02 5.672942101955413818e-02
6.658096611499786377e-02 4.899143800139427185e-02
5.454253032803535461e-02 4.274164140224456787e-02
4.692222177982330322e-02 3.845966607332229614e-02
3.493234887719154358e-02 3.103548660874366760e-02
2.959500998258590698e-02 2.735831402242183685e-02
2.435339055955410004e-02 2.341578155755996704e-02
1.777640357613563538e-02 1.772557199001312256e-02
1.465770043432712555e-02 1.450480055063962936e-02
1.258092466741800308e-02 1.198578439652919769e-02
1.103668846189975739e-02 9.732202626764774323e-03
9.985445067286491394e-03 7.798704318702220917e-03
9.072775021195411682e-03 5.308714695274829865e-03
8.778467774391174316e-03 3.426345065236091614e-03
8.841072209179401398e-03 1.911560073494911194e-03
1.020417269319295883e-02 -1.428294926881790161e-03
1.107418816536664963e-02 -2.469338942319154739e-03
1.265723258256912231e-02 -3.847989020869135857e-03
1.509818062186241150e-02 -5.359043832868337631e-03
1.889470219612121582e-02 -7.011364214122295380e-03
2.231222204864025116e-02 -8.115209639072418213e-03
2.819919027388095856e-02 -9.550290182232856750e-03
3.778539225459098816e-02 -1.120653562247753143e-02
4.413995146751403809e-02 -1.204833667725324631e-02
5.418591946363449097e-02 -1.314727123826742172e-02
6.333280354738235474e-02 -1.399395801126956940e-02
7.549729943275451660e-02 -1.497579272836446762e-02
9.312847256660461426e-02 -1.618433184921741486e-02
9.931302070617675781e-02 -1.655340939760208130e-02
1.065408587455749512e-01 -1.694796979427337646e-02
1.180479079484939575e-01 -1.749099418520927429e-02
1.359105855226516724e-01 -1.811506412923336029e-02
1.534821242094039917e-01 -1.845838688313961029e-02
1.671154946088790894e-01 -1.853923313319683075e-02
1.790295988321304321e-01 -1.848079636693000793e-02
1.942794471979141235e-01 -1.823883876204490662e-02
1.981485635042190552e-01 -1.814900338649749756e-02
2.154790014028549194e-01 -1.761496625840663910e-02
2.272235304117202759e-01 -1.713905856013298035e-02
2.335036396980285645e-01 -1.684988848865032196e-02
2.442951649427413940e-01 -1.630053855478763580e-02
2.556764185428619385e-01 -1.565470173954963684e-02
2.710538506507873535e-01 -1.468488480895757675e-02
2.839498519897460938e-01 -1.379507221281528473e-02
2.893751561641693115e-01 -1.340197585523128510e-02
2.976309955120086670e-01 -1.278417650610208511e-02
3.051014542579650879e-01 -1.220609527081251144e-02
3.137035965919494629e-01 -1.151966489851474762e-02
3.232521712779998779e-01 -1.073363609611988068e-02
3.353157937526702881e-01 -9.707435034215450287e-03
3.443403840065002441e-01 -8.917547762393951416e-03
3.589999079704284668e-01 -7.597407326102256775e-03
3.695615530014038086e-01 -6.619750056415796280e-03
3.814769685268402100e-01 -5.491590593010187149e-03
3.860111832618713379e-01 -5.055451299995183945e-03
3.948765099048614502e-01 -4.191985819488763809e-03
4.081664085388183594e-01 -2.870910568162798882e-03
4.132705032825469971e-01 -2.354963216930627823e-03
4.235394001007080078e-01 -1.302215969190001488e-03
4.347448945045471191e-01 -1.303029566770419478e-04
4.445055723190307617e-01 9.109301026910543442e-04
4.522022902965545654e-01 1.745907007716596127e-03
4.561311304569244385e-01 2.176998183131217957e-03
4.649950861930847168e-01 3.161897882819175720e-03
4.732728898525238037e-01 4.097376018762588501e-03
4.796300232410430908e-01 4.826238378882408142e-03
4.979099333286285400e-01 6.972534582018852234e-03
5.051066875457763672e-01 7.837510667741298676e-03
5.135952830314636230e-01 8.871329948306083679e-03
5.300955772399902344e-01 1.091788616031408310e-02
5.439288020133972168e-01 1.266231853514909744e-02
5.542889237403869629e-01 1.397835556417703629e-02
5.599729418754577637e-01 1.470139715820550919e-02
5.657045245170593262e-01 1.542974170297384262e-02
5.760090947151184082e-01 1.673339121043682098e-02
5.866042971611022949e-01 1.805914379656314850e-02
5.967598557472229004e-01 1.930815726518630981e-02
6.063228845596313477e-01 2.045802772045135498e-02
6.227387785911560059e-01 2.235506102442741394e-02
6.376065611839294434e-01 2.396993152797222137e-02
6.428183913230895996e-01 2.450936287641525269e-02
6.566812992095947266e-01 2.587016858160495758e-02
6.623836755752563477e-01 2.639700099825859070e-02
6.786954402923583984e-01 2.779179811477661133e-02
6.959365606307983398e-01 2.907752431929111481e-02
7.052685022354125977e-01 2.969023957848548889e-02
7.152900099754333496e-01 3.028227202594280243e-02
7.331922054290771484e-01 3.116910532116889954e-02
7.480654120445251465e-01 3.173955157399177551e-02
7.589642405509948730e-01 3.206226974725723267e-02
7.646373510360717773e-01 3.219854831695556641e-02
7.996464371681213379e-01 3.256409987807273865e-02
8.130144476890563965e-01 3.248956426978111267e-02
8.199378252029418945e-01 3.240462392568588257e-02
8.294850587844848633e-01 3.223549574613571167e-02
8.461502194404602051e-01 3.179485723376274109e-02
8.543531298637390137e-01 3.150917962193489075e-02
8.689419627189636230e-01 3.088626824319362640e-02
8.739526271820068359e-01 3.063757345080375671e-02
8.871995806694030762e-01 2.989101037383079529e-02
8.946697115898132324e-01 2.941058017313480377e-02
9.028056859970092773e-01 2.883552387356758118e-02
9.107107520103454590e-01 2.822152897715568542e-02
9.243015646934509277e-01 2.702314220368862152e-02
9.411045312881469727e-01 2.522346191108226776e-02
9.502522349357604980e-01 2.401509135961532593e-02
9.602084159851074219e-01 2.228778414428234100e-02
9.612611532211303711e-01 2.205143868923187256e-02
9.622552394866943359e-01 2.181077376008033752e-02
