9.700939059257507324e-01 3.158691152930259705e-02
9.700412750244140625e-01 3.164079040288925171e-02
9.685432910919189453e-01 3.303627669811248779e-02
9.667721986770629883e-01 3.450115025043487549e-02
9.568085670471191406e-01 4.144950583577156067e-02
9.465132355690002441e-01 4.761449247598648071e-02
9.434177875518798828e-01 4.934787377715110779e-02
9.405205249786376953e-01 5.092950165271759033e-02
9.253354072570800781e-01 5.869314074516296387e-02
9.184519648551940918e-01 6.196992844343185425e-02
9.083766341209411621e-01 6.654085963964462280e-02
9.029913544654846191e-01 6.888525933027267456e-02
8.882858753204345703e-01 7.497420161962509155e-02
8.790948987007141113e-01 7.856891304254531860e-02
8.678435683250427246e-01 8.276932686567306519e-02
8.635719418525695801e-01 8.430984616279602051e-02
8.546486496925354004e-01 8.743631839752197266e-02
8.433949351310729980e-01 9.121154248714447021e-02
8.235235810279846191e-01 9.745135158300399780e-02
8.141123056411743164e-01 1.002282574772834778e-01
8.041589856147766113e-01 1.030470877885818481e-01
7.683456540107727051e-01 1.122509092092514038e-01
7.414711117744445801e-01 1.182646974921226501e-01
7.395491003990173340e-01 1.186671927571296692e-01
7.289683222770690918e-01 1.208198666572570801e-01
7.204734683036804199e-01 1.224717050790786743e-01
7.113747000694274902e-01 1.241671591997146606e-01
7.051377892494201660e-01 1.252860724925994873e-01
6.883587837219238281e-01 1.281260401010513306e-01
6.801024675369262695e-01 1.294343322515487671e-01
6.649796366691589355e-01 1.316828280687332153e-01
6.561466455459594727e-01 1.329092681407928467e-01
6.452116966247558594e-01 1.343408674001693726e-01
6.319226622581481934e-01 1.359539628028869629e-01
6.080605983734130859e-01 1.385092586278915405e-01
5.963817238807678223e-01 1.396031975746154785e-01
5.861461758613586426e-01 1.404781937599182129e-01
5.814052820205688477e-01 1.408570855855941772e-01
5.696678161621093750e-01 1.417233496904373169e-01
5.638346076011657715e-01 1.421158462762832642e-01
5.422329306602478027e-01 1.433481276035308838e-01
5.355967283248901367e-01 1.436561942100524902e-01
5.329537391662597656e-01 1.437695175409317017e-01
5.171239972114562988e-01 1.443359702825546265e-01
5.016492605209350586e-01 1.446998715400695801e-01
4.974399805068969727e-01 1.447656005620956421e-01
4.905583560466766357e-01 1.448419541120529175e-01
4.762491285800933838e-01 1.448745131492614746e-01
4.703007042407989502e-01 1.448367834091186523e-01
4.605693221092224121e-01 1.447084844112396240e-01
4.353415071964263916e-01 1.439771652221679688e-01
4.308744072914123535e-01 1.437855958938598633e-01
4.151768386363983154e-01 1.429580897092819214e-01
3.996267914772033691e-01 1.418942213058471680e-01
3.960143327713012695e-01 1.416113078594207764e-01
3.810944259166717529e-01 1.402957439422607422e-01
3.676779866218566895e-01 1.389059126377105713e-01
3.585169017314910889e-01 1.378413289785385132e-01
3.368875086307525635e-01 1.349451541900634766e-01
3.334508538246154785e-01 1.344345510005950928e-01
3.241326212882995605e-01 1.329791992902755737e-01
3.144052624702453613e-01 1.313484311103820801e-01
3.068732917308807373e-01 1.300066113471984863e-01
2.880675792694091797e-01 1.263512969017028809e-01
2.833140194416046143e-01 1.253578066825866699e-01
2.737039625644683838e-01 1.232629790902137756e-01
2.643228769302368164e-01 1.211062520742416382e-01
2.625193893909454346e-01 1.206789314746856689e-01
2.608757019042968750e-01 1.202859282493591309e-01
2.501029968261718750e-01 1.176259815692901611e-01
2.377330064773559570e-01 1.143916770815849304e-01
2.261290103197097778e-01 1.111832410097122192e-01
2.161961495876312256e-01 1.083035543560981750e-01
2.107874602079391479e-01 1.066841408610343933e-01
2.000573575496673584e-01 1.033652424812316895e-01
1.959754526615142822e-01 1.020658835768699646e-01
1.857995688915252686e-01 9.873943030834197998e-02
1.652504801750183105e-01 9.165012836456298828e-02
1.579505056142807007e-01 8.901512622833251953e-02
1.533996313810348511e-01 8.734235167503356934e-02
1.375084221363067627e-01 8.132485300302505493e-02
1.337922215461730957e-01 7.987917214632034302e-02
1.156278923153877258e-01 7.261272519826889038e-02
8.784265071153640747e-02 6.090294197201728821e-02
8.014268428087234497e-02 5.754245817661285400e-02
6.733519583940505981e-02 5.185247585177421570e-02
5.997138470411300659e-02 4.852727800607681274e-02
4.047352820634841919e-02 3.954555094242095947e-02
2.606149204075336456e-02 3.274277970194816589e-02
1.739609800279140472e-02 2.857838571071624756e-02
1.269975025206804276e-02 2.629391103982925415e-02
6.362128624459728599e-05 2.002103626728057861e-02
-2.035279991105198860e-03 1.895595900714397430e-02
-1.370477117598056793e-02 1.284350082278251648e-02
-2.351242862641811371e-02 7.260954473167657852e-03
-2.581609226763248444e-02 5.835427902638912201e-03
-2.735928259789943695e-02 4.840794485062360764e-03
-3.013304434716701508e-02 2.941417274996638298e-03
-3.423541411757469177e-02 -3.390508645679801702e-04
-3.599551692605018616e-02 -2.142961136996746063e-03
-3.762418776750564575e-02 -4.631228279322385788e-03
-3.803556412458419800e-02 -6.722559686750173569e-03
-3.699807822704315186e-02 -9.143503382802009583e-03
-3.419544920325279236e-02 -1.130677293986082077e-02
-3.141161426901817322e-02 -1.260816212743520737e-02
-2.081422321498394012e-02 -1.567871682345867157e-02
-1.514514163136482239e-02 -1.685522496700286865e-02
-4.331524483859539032e-03 -1.873731985688209534e-02
-1.082317903637886047e-03 -1.924342475831508636e-02
8.941516280174255371e-03 -2.068228088319301605e-02
1.834440417587757111e-02 -2.188462950289249420e-02
2.827942743897438049e-02 -2.300181053578853607e-02
3.573280200362205505e-02 -2.372952923178672791e-02
5.346561968326568604e-02 -2.504556626081466675e-02
6.030189618468284607e-02 -2.538975514471530914e-02
6.743165850639343262e-02 -2.565173245966434479e-02
8.235410600900650024e-02 -2.589096873998641968e-02
8.847955614328384399e-02 -2.587507292628288269e-02
1.061914861202239990e-01 -2.549560181796550751e-02
1.163442656397819519e-01 -2.508022636175155640e-02
1.227428689599037170e-01 -2.475389465689659119e-02
1.347192525863647461e-01 -2.402429096400737762e-02
1.426419317722320557e-01 -2.346586436033248901e-02
1.544038355350494385e-01 -2.254038490355014801e-02
1.625918149948120117e-01 -2.183621935546398163e-02
1.814225912094116211e-01 -2.006039582192897797e-02
2.092546224594116211e-01 -1.712324656546115875e-02
2.142453044652938843e-01 -1.656542159616947174e-02
2.279766201972961426e-01 -1.499080006033182144e-02
2.373918145895004272e-01 -1.388113386929035187e-02
2.435225844383239746e-01 -1.314695924520492554e-02
2.510840296745300293e-01 -1.222991384565830231e-02
2.773338258266448975e-01 -8.961146697402000427e-03
2.899209558963775635e-01 -7.353697437793016434e-03
3.045923411846160889e-01 -5.452368874102830887e-03
3.103376626968383789e-01 -4.700342193245887756e-03
3.325935304164886475e-01 -1.751125673763453960e-03
3.391300439834594727e-01 -8.746760431677103043e-04
3.496974408626556396e-01 5.515933153219521046e-04
3.823415935039520264e-01 5.027487408369779587e-03
3.877200484275817871e-01 5.774824414402246475e-03
3.982708752155303955e-01 7.248768117278814316e-03
4.042526483535766602e-01 8.089025504887104034e-03
4.239225089550018311e-01 1.087505090981721878e-02
4.295337796211242676e-01 1.167603861540555954e-02
4.317067265510559082e-01 1.198692154139280319e-02
4.484789371490478516e-01 1.439885981380939484e-02
4.575876593589782715e-01 1.571687869727611542e-02
4.889279901981353760e-01 2.027781307697296143e-02
5.146073102951049805e-01 2.400613576173782349e-02
5.226645469665527344e-01 2.516435831785202026e-02
5.251555442810058594e-01 2.552064508199691772e-02
5.499314665794372559e-01 2.899832651019096375e-02
5.564680695533752441e-01 2.988970279693603516e-02
5.643881559371948242e-01 3.095096908509731293e-02
5.724307894706726074e-01 3.200489282608032227e-02
5.759028196334838867e-01 3.245173394680023193e-02
5.886329412460327148e-01 3.404353559017181396e-02
5.945951342582702637e-01 3.476171568036079407e-02
6.144996285438537598e-01 3.701652586460113525e-02
6.218826770782470703e-01 3.779201954603195190e-02
6.333559751510620117e-01 3.892618417739868164e-02
6.478048563003540039e-01 4.022477194666862488e-02
6.562300324440002441e-01 4.091212153434753418e-02
6.723953485488891602e-01 4.208094254136085510e-02
6.922397017478942871e-01 4.323697462677955627e-02
7.135645151138305664e-01 4.412611573934555054e-02
7.290751338005065918e-01 4.453807324171066284e-02
7.446773052215576172e-01 4.474984854459762573e-02
7.576292157173156738e-01 4.476930573582649231e-02
7.655614614486694336e-01 4.471037536859512329e-02
7.757622003555297852e-01 4.455457255244255066e-02
7.930711507797241211e-01 4.408095404505729675e-02
8.079156279563903809e-01 4.346001893281936646e-02
8.206308484077453613e-01 4.276543855667114258e-02
8.290243148803710938e-01 4.222203046083450317e-02
8.474306464195251465e-01 4.078343510627746582e-02
8.548997044563293457e-01 4.009838402271270752e-02
8.653748035430908203e-01 3.903326019644737244e-02
8.702005743980407715e-01 3.849975764751434326e-02
8.796517848968505859e-01 3.737245500087738037e-02
8.836885690689086914e-01 3.685617074370384216e-02
8.918597102165222168e-01 3.574359789490699768e-02
9.004327058792114258e-01 3.447268903255462646e-02
9.205630421638488770e-01 3.100916557013988495e-02
9.283161163330078125e-01 2.946279011666774750e-02
9.376066923141479492e-01 2.741623856127262115e-02
9.468329548835754395e-01 2.512646093964576721e-02
9.563626050949096680e-01 2.239943109452724457e-02
9.697801470756530762e-01 1.747942343354225159e-02
9.715891480445861816e-01 1.663469523191452026e-02
9.732328057289123535e-01 1.579734124243259430e-02
