9.730696678161621094e-01 2.900100499391555786e-02
9.729391932487487793e-01 2.918121591210365295e-02
9.721441864967346191e-01 3.013076074421405792e-02
9.681489467620849609e-01 3.379744663834571838e-02
9.570532441139221191e-01 4.203645512461662292e-02
9.515041112899780273e-01 4.578740522265434265e-02
9.427634477615356445e-01 5.141606554388999939e-02
9.392669200897216797e-01 5.359109491109848022e-02
9.319783449172973633e-01 5.800599604845046997e-02
9.286670684814453125e-01 5.996362492442131042e-02
9.159847497940063477e-01 6.721226125955581665e-02
9.120459556579589844e-01 6.938923150300979614e-02
9.090321660041809082e-01 7.103294879198074341e-02
9.035598635673522949e-01 7.396979629993438721e-02
8.892821669578552246e-01 8.135861903429031372e-02
8.843666315078735352e-01 8.381512016057968140e-02
8.767114877700805664e-01 8.755584061145782471e-02
8.652784824371337891e-01 9.295564144849777222e-02
8.542315363883972168e-01 9.796838462352752686e-02
8.478893637657165527e-01 1.007579043507575989e-01
8.214241862297058105e-01 1.117289811372756958e-01
8.146938085556030273e-01 1.143518462777137756e-01
7.842459082603454590e-01 1.254045814275741577e-01
7.810938358306884766e-01 1.264745146036148071e-01
7.678558826446533203e-01 1.308196634054183960e-01
7.608990669250488281e-01 1.330081969499588013e-01
7.535132765769958496e-01 1.352612078189849854e-01
7.427206635475158691e-01 1.384245157241821289e-01
7.255497574806213379e-01 1.431473344564437866e-01
7.143331170082092285e-01 1.460307240486145020e-01
6.948265433311462402e-01 1.506744325160980225e-01
6.865702867507934570e-01 1.525007337331771851e-01
6.751859188079833984e-01 1.548856347799301147e-01
6.690833568572998047e-01 1.561011373996734619e-01
6.490861773490905762e-01 1.597814708948135376e-01
6.432406902313232422e-01 1.607707738876342773e-01
6.332384347915649414e-01 1.623741388320922852e-01
6.257262229919433594e-01 1.635046005249023438e-01
6.111582517623901367e-01 1.655186414718627930e-01
6.048008799552917480e-01 1.663244366645812988e-01
5.885902643203735352e-01 1.681799441576004028e-01
5.807151794433593750e-01 1.689787358045578003e-01
5.681165456771850586e-01 1.701178997755050659e-01
5.474965572357177734e-01 1.716157943010330200e-01
5.412080287933349609e-01 1.719822883605957031e-01
5.356704592704772949e-01 1.722701340913772583e-01
5.236027836799621582e-01 1.727838963270187378e-01
5.135242938995361328e-01 1.730938851833343506e-01
5.105979442596435547e-01 1.731634438037872314e-01
4.982442557811737061e-01 1.733561903238296509e-01
4.844632446765899658e-01 1.733774989843368530e-01
4.777887463569641113e-01 1.733140200376510620e-01
4.686374068260192871e-01 1.731484383344650269e-01
4.477975368499755859e-01 1.724306195974349976e-01
4.395699799060821533e-01 1.720159649848937988e-01
4.205524921417236328e-01 1.707709282636642456e-01
4.026768803596496582e-01 1.692335009574890137e-01
3.948498368263244629e-01 1.684476286172866821e-01
3.824754953384399414e-01 1.670644879341125488e-01
3.758387267589569092e-01 1.662514805793762207e-01
3.496296107769012451e-01 1.625536978244781494e-01
3.345608711242675781e-01 1.600749641656875610e-01
3.239031732082366943e-01 1.581661254167556763e-01
3.012927770614624023e-01 1.536901295185089111e-01
2.780280113220214844e-01 1.484811007976531982e-01
2.604717910289764404e-01 1.441464871168136597e-01
2.550446391105651855e-01 1.427365094423294067e-01
2.512007355690002441e-01 1.417178958654403687e-01
2.432817667722702026e-01 1.395670771598815918e-01
2.263187021017074585e-01 1.347233802080154419e-01
2.212684750556945801e-01 1.332189887762069702e-01
2.148712575435638428e-01 1.312721222639083862e-01
1.922638565301895142e-01 1.240212842822074890e-01
1.860261410474777222e-01 1.219179183244705200e-01
1.793246120214462280e-01 1.196079701185226440e-01
1.737309843301773071e-01 1.176396980881690979e-01
1.709952652454376221e-01 1.166635528206825256e-01
1.525055617094039917e-01 1.098291277885437012e-01
1.383651942014694214e-01 1.043123155832290649e-01
1.322112381458282471e-01 1.018284186720848083e-01
1.271750777959823608e-01 9.975652396678924561e-02
1.187069416046142578e-01 9.618958085775375366e-02
1.124032959342002869e-01 9.346315264701843262e-02
1.065466850996017456e-01 9.087234735488891602e-02
8.792953938245773315e-02 8.222371339797973633e-02
8.382449299097061157e-02 8.022134751081466675e-02
7.400995492935180664e-02 7.526951283216476440e-02
6.356074661016464233e-02 6.970025599002838135e-02
5.314093083143234253e-02 6.376306712627410889e-02
4.483424499630928040e-02 5.867264792323112488e-02
1.938083022832870483e-02 3.941276296973228455e-02
1.256372779607772827e-02 3.207255527377128601e-02
1.161426212638616562e-02 3.086310625076293945e-02
7.813923992216587067e-03 2.510142326354980469e-02
5.391529761254787445e-03 1.965883933007717133e-02
4.214746411889791489e-03 1.428266335278749466e-02
4.131535068154335022e-03 1.122947875410318375e-02
4.368171561509370804e-03 8.946225047111511230e-03
6.714409682899713516e-03 2.244832227006554604e-03
8.747778832912445068e-03 -8.314993465319275856e-04
1.055050734430551529e-02 -2.927045570686459541e-03
1.311455667018890381e-02 -5.331230815500020981e-03
1.530934311449527740e-02 -7.029919419437646866e-03
2.082601934671401978e-02 -1.034867297857999802e-02
2.750773914158344269e-02 -1.317130867391824722e-02
3.428888320922851562e-02 -1.515943463891744614e-02
3.830556571483612061e-02 -1.603897660970687866e-02
4.154518619179725647e-02 -1.662300713360309601e-02
4.923842102289199829e-02 -1.766269840300083160e-02
6.284567713737487793e-02 -1.869531162083148956e-02
7.283394038677215576e-02 -1.904891803860664368e-02
7.705491781234741211e-02 -1.912942714989185333e-02
9.008941799402236938e-02 -1.919101178646087646e-02
1.014059633016586304e-01 -1.907287165522575378e-02
1.176982522010803223e-01 -1.870606653392314911e-02
1.221597045660018921e-01 -1.857376284897327423e-02
1.298646926879882812e-01 -1.831849291920661926e-02
1.407116502523422241e-01 -1.790861785411834717e-02
1.511489301919937134e-01 -1.746618933975696564e-02
1.547091007232666016e-01 -1.730570755898952484e-02
1.696444451808929443e-01 -1.658553816378116608e-02
1.725781410932540894e-01 -1.643590070307254791e-02
1.814869493246078491e-01 -1.596660912036895752e-02
1.879316568374633789e-01 -1.561401039361953735e-02
2.087685763835906982e-01 -1.440696418285369873e-02
2.184711843729019165e-01 -1.381363626569509506e-02
2.318025082349777222e-01 -1.296977885067462921e-02
2.453056722879409790e-01 -1.208435650914907455e-02
2.547891736030578613e-01 -1.144568156450986862e-02
2.652748823165893555e-01 -1.072463393211364746e-02
2.759985625743865967e-01 -9.972253814339637756e-03
2.822144329547882080e-01 -9.529664181172847748e-03
2.920882999897003174e-01 -8.817472495138645172e-03
3.010142445564270020e-01 -8.164629340171813965e-03
3.251634836196899414e-01 -6.360100116580724716e-03
3.300905227661132812e-01 -5.985818803310394287e-03
3.506821095943450928e-01 -4.402796272188425064e-03
3.576644659042358398e-01 -3.860000986605882645e-03
3.801381289958953857e-01 -2.097242278978228569e-03
3.972218334674835205e-01 -7.462717476300895214e-04
4.076840579509735107e-01 8.325375529238954186e-05
4.140621125698089600e-01 5.890683387406170368e-04
4.220657348632812500e-01 1.223337487317621708e-03
4.261868000030517578e-01 1.549525302834808826e-03
4.462615549564361572e-01 3.131021047011017799e-03
4.542764723300933838e-01 3.757202532142400742e-03
4.686563611030578613e-01 4.869604483246803284e-03
4.806021749973297119e-01 5.779837258160114288e-03
4.924291670322418213e-01 6.665389984846115112e-03
5.025141239166259766e-01 7.405858021229505539e-03
5.212925672531127930e-01 8.741532452404499054e-03
5.297281742095947266e-01 9.320429526269435883e-03
5.454910397529602051e-01 1.036170125007629395e-02
5.531099438667297363e-01 1.084426138550043106e-02
5.711785554885864258e-01 1.192884147167205811e-02
5.803676843643188477e-01 1.244568359106779099e-02
5.861906409263610840e-01 1.276032347232103348e-02
6.123377084732055664e-01 1.404284592717885971e-02
6.213206648826599121e-01 1.443198509514331818e-02
6.438971161842346191e-01 1.528863329440355301e-02
6.546642184257507324e-01 1.563490368425846100e-02
6.589387059211730957e-01 1.576112397015094757e-02
6.760693788528442383e-01 1.620264723896980286e-02
6.803345084190368652e-01 1.629659533500671387e-02
6.949518918991088867e-01 1.657050289213657379e-02
7.071564197540283203e-01 1.674261875450611115e-02
7.207041382789611816e-01 1.687414571642875671e-02
7.438756823539733887e-01 1.695664599537849426e-02
7.508391737937927246e-01 1.694695279002189636e-02
7.673833370208740234e-01 1.686133630573749542e-02
7.879999279975891113e-01 1.663379929959774017e-02
7.948867678642272949e-01 1.652849465608596802e-02
8.038152456283569336e-01 1.637048274278640747e-02
8.159909844398498535e-01 1.611637510359287262e-02
8.269338607788085938e-01 1.585050113499164581e-02
8.406699299812316895e-01 1.546741090714931488e-02
8.453418612480163574e-01 1.532479096204042435e-02
8.510114550590515137e-01 1.514344569295644760e-02
8.752665519714355469e-01 1.426825486123561859e-02
8.849211931228637695e-01 1.387736108154058456e-02
8.951481580734252930e-01 1.343943551182746887e-02
8.996258378028869629e-01 1.324073038995265961e-02
9.106114506721496582e-01 1.273841597139835358e-02
9.234566092491149902e-01 1.213509310036897659e-02
9.355578422546386719e-01 1.157613564282655716e-02
9.390625357627868652e-01 1.142277196049690247e-02
9.535800218582153320e-01 1.090901345014572144e-02
9.602322578430175781e-01 1.082311104983091354e-02
9.658215045928955078e-01 1.092646084725856781e-02
9.707030653953552246e-01 1.127316057682037354e-02
9.715139865875244141e-01 1.136699691414833069e-02
9.730018377304077148e-01 1.157475728541612625e-02
