9.582803845405578613e-01 2.384196594357490540e-02
9.580410122871398926e-01 2.405028603971004486e-02
9.567031264305114746e-01 2.506045065820217133e-02
9.537536501884460449e-01 2.688475139439105988e-02
9.469696879386901855e-01 3.035928122699260712e-02
9.406096339225769043e-01 3.322831913828849792e-02
9.311111569404602051e-01 3.714821487665176392e-02
9.252478480339050293e-01 3.941841796040534973e-02
9.150446057319641113e-01 4.316587746143341064e-02
9.065575599670410156e-01 4.612110927700996399e-02
8.894176483154296875e-01 5.172362551093101501e-02
8.818321228027343750e-01 5.406687036156654358e-02
8.702474236488342285e-01 5.750092118978500366e-02
8.635930418968200684e-01 5.939915031194686890e-02
8.550578355789184570e-01 6.175873801112174988e-02
8.494343757629394531e-01 6.326856464147567749e-02
8.395238518714904785e-01 6.584572046995162964e-02
8.224225640296936035e-01 7.005044817924499512e-02
8.134639859199523926e-01 7.213455438613891602e-02
7.991804480552673340e-01 7.529339939355850220e-02
7.774363160133361816e-01 7.972325384616851807e-02
7.655367255210876465e-01 8.195707201957702637e-02
7.502912282943725586e-01 8.462438732385635376e-02
7.448440194129943848e-01 8.552463352680206299e-02
7.121785879135131836e-01 9.034374356269836426e-02
7.046911716461181641e-01 9.130885452032089233e-02
6.919581294059753418e-01 9.283088892698287964e-02
6.788653135299682617e-01 9.423962980508804321e-02
6.679562926292419434e-01 9.529274702072143555e-02
6.560525894165039062e-01 9.631706029176712036e-02
6.260166168212890625e-01 9.832631051540374756e-02
6.187390089035034180e-01 9.869017452001571655e-02
6.086500883102416992e-01 9.911596775054931641e-02
5.997607707977294922e-01 9.941606968641281128e-02
5.874731540679931641e-01 9.971610456705093384e-02
5.833873748779296875e-01 9.978661686182022095e-02
5.697082877159118652e-01 9.991773962974548340e-02
5.587557554244995117e-01 9.990755468606948853e-02
5.369665622711181641e-01 9.958951175212860107e-02
5.121691823005676270e-01 9.876059740781784058e-02
5.057619810104370117e-01 9.846830368041992188e-02
5.009081959724426270e-01 9.822601079940795898e-02
4.856994748115539551e-01 9.735285490751266479e-02
4.778490066528320312e-01 9.683603048324584961e-02
4.644943773746490479e-01 9.585641324520111084e-02
4.611470103263854980e-01 9.559149295091629028e-02
4.469497501850128174e-01 9.438390284776687622e-02
4.431699812412261963e-01 9.403998404741287231e-02
4.294754266738891602e-01 9.271736443042755127e-02
4.175702333450317383e-01 9.147316962480545044e-02
4.112291634082794189e-01 9.077587723731994629e-02
4.068675637245178223e-01 9.028259664773941040e-02
4.010680019855499268e-01 8.960989862680435181e-02
3.966593444347381592e-01 8.908589184284210205e-02
3.813153803348541260e-01 8.717962354421615601e-02
3.757180869579315186e-01 8.645331114530563354e-02
3.642872273921966553e-01 8.492092788219451904e-02
3.478487133979797363e-01 8.260664343833923340e-02
3.448565900325775146e-01 8.217195421457290649e-02
3.309122323989868164e-01 8.009417355060577393e-02
3.233931660652160645e-01 7.893947511911392212e-02
3.138920664787292480e-01 7.744760066270828247e-02
3.031399846076965332e-01 7.571688294410705566e-02
3.006797432899475098e-01 7.531476765871047974e-02
2.870571315288543701e-01 7.304850965738296509e-02
2.693489789962768555e-01 7.000712305307388306e-02
2.605790793895721436e-01 6.846304982900619507e-02
2.578931748867034912e-01 6.798535585403442383e-02
2.433381974697113037e-01 6.535842269659042358e-02
2.346434742212295532e-01 6.375910341739654541e-02
2.268066853284835815e-01 6.229875609278678894e-02
2.145048081874847412e-01 5.997069925069808960e-02
2.058290541172027588e-01 5.830264091491699219e-02
1.988950222730636597e-01 5.695364251732826233e-02
1.889736801385879517e-01 5.499833077192306519e-02
1.798002421855926514e-01 5.316298454999923706e-02
1.679309904575347900e-01 5.074627697467803955e-02
1.633893698453903198e-01 4.980801045894622803e-02
1.514264643192291260e-01 4.729685187339782715e-02
1.414032727479934692e-01 4.514294862747192383e-02
1.356354951858520508e-01 4.387987032532691956e-02
1.254024803638458252e-01 4.158962145447731018e-02
1.120798587799072266e-01 3.849395364522933960e-02
1.062780544161796570e-01 3.709652647376060486e-02
9.057970345020294189e-02 3.311886638402938843e-02
7.853088527917861938e-02 2.980379760265350342e-02
5.714235454797744751e-02 2.296555414795875549e-02
5.337457358837127686e-02 2.155553363263607025e-02
4.953478276729583740e-02 2.001755684614181519e-02
4.455405473709106445e-02 1.781885698437690735e-02
4.061361774802207947e-02 1.584329456090927124e-02
3.531049564480781555e-02 1.259061414748430252e-02
3.316081687808036804e-02 1.087654568254947662e-02
3.053273819386959076e-02 7.718790322542190552e-03
3.005240857601165771e-02 6.519288290292024612e-03
2.990451082587242126e-02 5.375313106924295425e-03
3.013028576970100403e-02 4.144142847508192062e-03
3.092935308814048767e-02 2.779932226985692978e-03
3.200284764170646667e-02 1.743815373629331589e-03
3.256622701883316040e-02 1.329343649558722973e-03
3.466761112213134766e-02 1.549393346067517996e-04
3.619339689612388611e-02 -4.847811942454427481e-04
3.790077194571495056e-02 -1.074222847819328308e-03
3.945505991578102112e-02 -1.528049469925463200e-03
4.641322419047355652e-02 -2.971046138554811478e-03
6.185747310519218445e-02 -4.532504361122846603e-03
6.898160278797149658e-02 -4.877143073827028275e-03
7.559921592473983765e-02 -5.072989966720342636e-03
8.879739791154861450e-02 -5.216137506067752838e-03
9.798691421747207642e-02 -5.178215913474559784e-03
1.113639473915100098e-01 -4.983916413038969040e-03
1.205461397767066956e-01 -4.778790287673473358e-03
1.324468255043029785e-01 -4.446852952241897583e-03
1.448339521884918213e-01 -4.038685467094182968e-03
1.524919718503952026e-01 -3.760490100830793381e-03
1.773500889539718628e-01 -2.754854969680309296e-03
1.822112798690795898e-01 -2.543956041336059570e-03
1.999508738517761230e-01 -1.747128204442560673e-03
2.093534171581268311e-01 -1.312146428972482681e-03
2.176993489265441895e-01 -9.215016616508364677e-04
2.332236021757125854e-01 -1.894983870442956686e-04
2.400709837675094604e-01 1.334663829766213894e-04
2.486621290445327759e-01 5.370120052248239517e-04
2.531972229480743408e-01 7.488567498512566090e-04
2.645439207553863525e-01 1.273628207854926586e-03
2.742638289928436279e-01 1.715486752800643444e-03
2.861758172512054443e-01 2.244823146611452103e-03
2.940995097160339355e-01 2.588253002613782883e-03
3.017281591892242432e-01 2.911637537181377411e-03
3.064960241317749023e-01 3.109884215518832207e-03
3.170582056045532227e-01 3.537790384143590927e-03
3.257271945476531982e-01 3.876861650496721268e-03
3.317280709743499756e-01 4.104876890778541565e-03
3.441047966480255127e-01 4.557393956929445267e-03
3.560154139995574951e-01 4.969815257936716080e-03
3.636410236358642578e-01 5.221931263804435730e-03
3.704418241977691650e-01 5.439000204205513000e-03
3.777194619178771973e-01 5.663282703608274460e-03
3.834344148635864258e-01 5.833712406456470490e-03
3.871541619300842285e-01 5.942025687545537949e-03
3.996360003948211670e-01 6.290995050221681595e-03
4.071369469165802002e-01 6.490576546639204025e-03
4.156282544136047363e-01 6.708123721182346344e-03
4.254134595394134521e-01 6.948878988623619080e-03
4.323076903820037842e-01 7.112925406545400620e-03
4.373559951782226562e-01 7.230521645396947861e-03
4.426921010017395020e-01 7.352825719863176346e-03
4.543715417385101318e-01 7.614830043166875839e-03
4.707445800304412842e-01 7.974849082529544830e-03
4.745680689811706543e-01 8.058662526309490204e-03
4.833627641201019287e-01 8.252357132732868195e-03
4.934399425983428955e-01 8.477518334984779358e-03
5.033242702484130859e-01 8.703822270035743713e-03
5.098094940185546875e-01 8.856172673404216766e-03
5.172228813171386719e-01 9.034811519086360931e-03
5.235106348991394043e-01 9.190472774207592010e-03
5.355585813522338867e-01 9.500413201749324799e-03
5.461862683296203613e-01 9.787246584892272949e-03
5.497806668281555176e-01 9.887137450277805328e-03
5.609335303306579590e-01 1.020613685250282288e-02
5.736308097839355469e-01 1.058478467166423798e-02
5.850890278816223145e-01 1.093852240592241287e-02
6.017730236053466797e-01 1.146837603300809860e-02
6.135019063949584961e-01 1.184678170830011368e-02
6.213905811309814453e-01 1.210197899490594864e-02
6.272384524345397949e-01 1.229075249284505844e-02
6.345576643943786621e-01 1.252579689025878906e-02
6.524327397346496582e-01 1.308920700103044510e-02
6.574968099594116211e-01 1.324492972344160080e-02
6.798352599143981934e-01 1.390314102172851562e-02
7.021399736404418945e-01 1.450122985988855362e-02
7.162347435951232910e-01 1.484229601919651031e-02
7.326661348342895508e-01 1.519922167062759399e-02
7.382348179817199707e-01 1.530957035720348358e-02
7.576630115509033203e-01 1.564965955913066864e-02
7.640346884727478027e-01 1.574530452489852905e-02
7.845222353935241699e-01 1.599629223346710205e-02
7.975083589553833008e-01 1.610831171274185181e-02
8.206613063812255859e-01 1.621001586318016052e-02
8.308491110801696777e-01 1.621202379465103149e-02
8.502956032752990723e-01 1.613599434494972229e-02
8.578191399574279785e-01 1.607608050107955933e-02
8.805000185966491699e-01 1.577745564281940460e-02
8.899651765823364258e-01 1.559264212846755981e-02
8.970580697059631348e-01 1.542670093476772308e-02
9.054971337318420410e-01 1.519415620714426041e-02
9.177035093307495117e-01 1.477611251175403595e-02
9.307444691658020020e-01 1.418446283787488937e-02
9.398149251937866211e-01 1.363777369260787964e-02
9.551256895065307617e-01 1.217877585440874100e-02
9.558939933776855469e-01 1.207130309194326401e-02
9.570681452751159668e-01 1.189643796533346176e-02
