9.649399518966674805e-01 2.011683583259582520e-02
9.647755026817321777e-01 2.022472769021987915e-02
9.636471271514892578e-01 2.087852917611598969e-02
9.603740572929382324e-01 2.249452285468578339e-02
9.572394490242004395e-01 2.391679584980010986e-02
9.518188238143920898e-01 2.626733109354972839e-02
9.441208839416503906e-01 2.948948740959167480e-02
9.397433996200561523e-01 3.128441050648689270e-02
9.364199638366699219e-01 3.263334184885025024e-02
9.294569492340087891e-01 3.542583063244819641e-02
9.218513369560241699e-01 3.842984884977340698e-02
9.181246161460876465e-01 3.988539054989814758e-02
9.081978797912597656e-01 4.371214285492897034e-02
9.036942720413208008e-01 4.542458429932594299e-02
8.939272761344909668e-01 4.908806085586547852e-02
8.882518410682678223e-01 5.118510872125625610e-02
8.808175325393676758e-01 5.389647558331489563e-02
8.736203908920288086e-01 5.648258700966835022e-02
8.491511344909667969e-01 6.498227268457412720e-02
8.444336056709289551e-01 6.656755506992340088e-02
8.308205008506774902e-01 7.104250788688659668e-02
8.218015432357788086e-01 7.392419874668121338e-02
8.044367432594299316e-01 7.928067445755004883e-02
7.987176179885864258e-01 8.098843693733215332e-02
7.816148996353149414e-01 8.592503517866134644e-02
7.754561901092529297e-01 8.763922005891799927e-02
7.630500793457031250e-01 9.098850935697555542e-02
7.568463087081909180e-01 9.261085093021392822e-02
7.413275241851806641e-01 9.651425480842590332e-02
7.230045199394226074e-01 1.008355095982551575e-01
7.149633169174194336e-01 1.026331037282943726e-01
6.928528547286987305e-01 1.072650104761123657e-01
6.877496838569641113e-01 1.082695275545120239e-01
6.768154501914978027e-01 1.103406026959419250e-01
6.638727188110351562e-01 1.126504689455032349e-01
6.588016748428344727e-01 1.135139763355255127e-01
6.450595259666442871e-01 1.157376989722251892e-01
6.309944987297058105e-01 1.178403347730636597e-01
6.065657734870910645e-01 1.210856735706329346e-01
5.905201435089111328e-01 1.229446008801460266e-01
5.855826139450073242e-01 1.234741806983947754e-01
5.733390450477600098e-01 1.247027888894081116e-01
5.555337667465209961e-01 1.262784451246261597e-01
5.436127781867980957e-01 1.271964907646179199e-01
5.334444046020507812e-01 1.278944611549377441e-01
5.146648287773132324e-01 1.289810538291931152e-01
4.941034317016601562e-01 1.298744529485702515e-01
4.848689436912536621e-01 1.301761716604232788e-01
4.749452769756317139e-01 1.304321289062500000e-01
4.645416438579559326e-01 1.306246817111968994e-01
4.492706954479217529e-01 1.307670474052429199e-01
4.410707950592041016e-01 1.307745128870010376e-01
4.275045096874237061e-01 1.306805312633514404e-01
4.147865176200866699e-01 1.304713636636734009e-01
3.994272351264953613e-01 1.300607323646545410e-01
3.922300040721893311e-01 1.298081278800964355e-01
3.790839314460754395e-01 1.292461752891540527e-01
3.643671870231628418e-01 1.284602880477905273e-01
3.584221303462982178e-01 1.280949860811233521e-01
3.513074517250061035e-01 1.276209950447082520e-01
3.439850509166717529e-01 1.270908117294311523e-01
3.361265063285827637e-01 1.264732480049133301e-01
3.229936361312866211e-01 1.253266483545303345e-01
3.163222670555114746e-01 1.246880590915679932e-01
3.035116493701934814e-01 1.233529001474380493e-01
2.917164862155914307e-01 1.219931691884994507e-01
2.757433354854583740e-01 1.199442967772483826e-01
2.698009908199310303e-01 1.191189214587211609e-01
2.578604519367218018e-01 1.173525378108024597e-01
2.415189146995544434e-01 1.146913319826126099e-01
2.337021827697753906e-01 1.133136525750160217e-01
2.217217236757278442e-01 1.110633090138435364e-01
2.103633433580398560e-01 1.087664589285850525e-01
2.003904730081558228e-01 1.066107675433158875e-01
1.857486218214035034e-01 1.031932756304740906e-01
1.722977012395858765e-01 9.976651519536972046e-02
1.649008244276046753e-01 9.775482118129730225e-02
1.483946740627288818e-01 9.290686994791030884e-02
1.390935182571411133e-01 8.993507176637649536e-02
1.261827498674392700e-01 8.548595011234283447e-02
1.209646388888359070e-01 8.357015997171401978e-02
1.150533333420753479e-01 8.131051063537597656e-02
1.048986315727233887e-01 7.718655467033386230e-02
9.193178266286849976e-02 7.141280919313430786e-02
8.800261467695236206e-02 6.953483074903488159e-02
7.654600590467453003e-02 6.365948170423507690e-02
6.426025182008743286e-02 5.656513944268226624e-02
5.623128637671470642e-02 5.136370286345481873e-02
5.021516978740692139e-02 4.709326848387718201e-02
4.187084361910820007e-02 4.048103094100952148e-02
3.720223531126976013e-02 3.631764277815818787e-02
3.259188681840896606e-02 3.174823522567749023e-02
2.809832058846950531e-02 2.666016668081283569e-02
2.468262054026126862e-02 2.212096937000751495e-02
2.261846698820590973e-02 1.889408379793167114e-02
2.022496424615383148e-02 1.422301772981882095e-02
1.857205294072628021e-02 9.204546920955181122e-03
1.820546016097068787e-02 6.945002358406782150e-03
1.813772134482860565e-02 4.416224546730518341e-03
1.840857230126857758e-02 2.333439188078045845e-03
1.966636441648006439e-02 -1.045155688188970089e-03
2.163831330835819244e-02 -3.684173338115215302e-03
2.270082756876945496e-02 -4.677865654230117798e-03
2.422435954213142395e-02 -5.826871376484632492e-03
2.999487891793251038e-02 -8.627220988273620605e-03
3.770264238119125366e-02 -1.057267375290393829e-02
4.904098436236381531e-02 -1.179647259414196014e-02
5.734309926629066467e-02 -1.203021872788667679e-02
7.494638115167617798e-02 -1.150632742792367935e-02
8.694472163915634155e-02 -1.066012214869260788e-02
1.077235117554664612e-01 -8.662603795528411865e-03
1.171458587050437927e-01 -7.618734147399663925e-03
1.280680298805236816e-01 -6.345845758914947510e-03
1.381445378065109253e-01 -5.135536193847656250e-03
1.484165638685226440e-01 -3.886118764057755470e-03
1.639282852411270142e-01 -2.004925860092043877e-03
1.755072176456451416e-01 -6.285625277087092400e-04
1.893892437219619751e-01 9.670724393799901009e-04
1.980511248111724854e-01 1.924225944094359875e-03
2.036059796810150146e-01 2.520164707675576210e-03
2.146304249763488770e-01 3.657851833850145340e-03
2.232908606529235840e-01 4.506568424403667450e-03
2.342381924390792847e-01 5.519286263734102249e-03
2.473270893096923828e-01 6.638090126216411591e-03
2.610548734664916992e-01 7.700554095208644867e-03
2.694596946239471436e-01 8.294217288494110107e-03
2.782252430915832520e-01 8.867277763783931732e-03
2.814253866672515869e-01 9.064802899956703186e-03
2.905610203742980957e-01 9.594543837010860443e-03
3.020502328872680664e-01 1.018978655338287354e-02
3.123072385787963867e-01 1.065579336136579514e-02
3.322876393795013428e-01 1.139304414391517639e-02
3.432278037071228027e-01 1.170578226447105408e-02
3.530956208705902100e-01 1.193587295711040497e-02
3.697904348373413086e-01 1.221990212798118591e-02
3.779999315738677979e-01 1.231438014656305313e-02
3.839724957942962646e-01 1.236570719629526138e-02
3.873458802700042725e-01 1.238849014043807983e-02
3.940419852733612061e-01 1.242104545235633850e-02
4.027940928936004639e-01 1.243959553539752960e-02
4.090124368667602539e-01 1.243737060576677322e-02
4.177717566490173340e-01 1.241431478410959244e-02
4.246705174446105957e-01 1.238113828003406525e-02
4.354561269283294678e-01 1.230570580810308456e-02
4.497865736484527588e-01 1.216789428144693375e-02
4.538204669952392578e-01 1.212263200432062149e-02
4.604387581348419189e-01 1.204324327409267426e-02
4.687763750553131104e-01 1.193549018353223801e-02
4.775742888450622559e-01 1.181440334767103195e-02
4.863331615924835205e-01 1.168842054903507233e-02
5.037132501602172852e-01 1.143015455454587936e-02
5.143465995788574219e-01 1.127152796834707260e-02
5.236486792564392090e-01 1.113506965339183807e-02
5.420233607292175293e-01 1.087800320237874985e-02
5.653203725814819336e-01 1.058782823383808136e-02
5.789699554443359375e-01 1.044101454317569733e-02
5.889294743537902832e-01 1.034580916166305542e-02
5.952917337417602539e-01 1.029042247682809830e-02
6.044057011604309082e-01 1.021857745945453644e-02
6.131950616836547852e-01 1.015769410878419876e-02
6.254872083663940430e-01 1.008637063205242157e-02
6.469944715499877930e-01 9.999781847000122070e-03
6.642223000526428223e-01 9.964558295905590057e-03
6.760834455490112305e-01 9.957407601177692413e-03
6.934574246406555176e-01 9.971404448151588440e-03
7.044465541839599609e-01 9.994959458708763123e-03
7.149176597595214844e-01 1.002783514559268951e-02
7.288609743118286133e-01 1.008728053420782089e-02
7.438044548034667969e-01 1.017079409211874008e-02
7.609089016914367676e-01 1.029170397669076920e-02
7.696454524993896484e-01 1.036405097693204880e-02
7.803341150283813477e-01 1.046252157539129257e-02
7.895128726959228516e-01 1.055603846907615662e-02
7.965597510337829590e-01 1.063359808176755905e-02
8.116425871849060059e-01 1.081710588186979294e-02
8.178735375404357910e-01 1.090015750378370285e-02
8.277862668037414551e-01 1.104147545993328094e-02
8.348055481910705566e-01 1.114866044372320175e-02
8.577420115470886230e-01 1.154377777129411697e-02
8.700048327445983887e-01 1.178635749965906143e-02
8.877066373825073242e-01 1.218152511864900589e-02
8.979288339614868164e-01 1.243756152689456940e-02
9.123090505599975586e-01 1.283855084329843521e-02
9.237863421440124512e-01 1.319875102490186691e-02
9.320471882820129395e-01 1.348374225199222565e-02
9.373715519905090332e-01 1.368002500385046005e-02
9.471300840377807617e-01 1.406596414744853973e-02
9.550854563713073730e-01 1.439872011542320251e-02
9.609364867210388184e-01 1.463226974010467529e-02
9.643202424049377441e-01 1.473901607096195221e-02
9.657128453254699707e-01 1.476830244064331055e-02
9.664809107780456543e-01 1.477861404418945312e-02
