9.631602764129638672e-01 2.615149132907390594e-02
9.629741311073303223e-01 2.632718160748481750e-02
9.623409509658813477e-01 2.688340842723846436e-02
9.597424864768981934e-01 2.880311757326126099e-02
9.531099200248718262e-01 3.267632052302360535e-02
9.503881931304931641e-01 3.406085446476936340e-02
9.450454115867614746e-01 3.657224774360656738e-02
9.431028962135314941e-01 3.743180632591247559e-02
9.396729469299316406e-01 3.889226913452148438e-02
9.364238381385803223e-01 4.021659865975379944e-02
9.290156364440917969e-01 4.305607080459594727e-02
9.271383285522460938e-01 4.374072328209877014e-02
9.229082465171813965e-01 4.523788020014762878e-02
9.183085560798645020e-01 4.679975286126136780e-02
9.104686975479125977e-01 4.932026192545890808e-02
9.066063165664672852e-01 5.050248652696609497e-02
8.999211788177490234e-01 5.246411263942718506e-02
8.939647674560546875e-01 5.412800982594490051e-02
8.895165920257568359e-01 5.532262101769447327e-02
8.866928815841674805e-01 5.606059730052947998e-02
8.767358660697937012e-01 5.854440480470657349e-02
8.709511160850524902e-01 5.990729108452796936e-02
8.583206534385681152e-01 6.269380450248718262e-02
8.566909432411193848e-01 6.303537636995315552e-02
8.486639857292175293e-01 6.466092914342880249e-02
8.416706919670104980e-01 6.600283831357955933e-02
8.241259455680847168e-01 6.908453255891799927e-02
8.119387030601501465e-01 7.100160419940948486e-02
8.017015457153320312e-01 7.248014211654663086e-02
7.955471873283386230e-01 7.331395149230957031e-02
7.826183438301086426e-01 7.493747770786285400e-02
7.709142565727233887e-01 7.626527547836303711e-02
7.549922466278076172e-01 7.786972820758819580e-02
7.462466955184936523e-01 7.865828275680541992e-02
7.354465723037719727e-01 7.954710721969604492e-02
7.283242940902709961e-01 8.008443564176559448e-02
7.186316251754760742e-01 8.075667172670364380e-02
7.086621522903442383e-01 8.138096332550048828e-02
6.901333332061767578e-01 8.237452805042266846e-02
6.850541830062866211e-01 8.261177688837051392e-02
6.669771075248718262e-01 8.334481716156005859e-02
6.474703550338745117e-01 8.395969122648239136e-02
6.287534236907958984e-01 8.439968526363372803e-02
6.186298131942749023e-01 8.458312600851058960e-02
6.117367744445800781e-01 8.468784391880035400e-02
6.074650287628173828e-01 8.474489301443099976e-02
5.726974010467529297e-01 8.500419557094573975e-02
5.560227036476135254e-01 8.500918745994567871e-02
5.440356135368347168e-01 8.496784418821334839e-02
5.331494808197021484e-01 8.489821851253509521e-02
5.036472082138061523e-01 8.455517888069152832e-02
4.960263073444366455e-01 8.442900329828262329e-02
4.864777326583862305e-01 8.424828946590423584e-02
4.747005999088287354e-01 8.398966491222381592e-02
4.550676345825195312e-01 8.346655964851379395e-02
4.443481564521789551e-01 8.312971889972686768e-02
4.310380816459655762e-01 8.265813440084457397e-02
4.222027957439422607e-01 8.231095224618911743e-02
3.956814110279083252e-01 8.109384775161743164e-02
3.901306092739105225e-01 8.080404251813888550e-02
3.748399317264556885e-01 7.993874698877334595e-02
3.554828166961669922e-01 7.869486510753631592e-02
3.358214795589447021e-01 7.724934071302413940e-02
3.110378384590148926e-01 7.514394819736480713e-02
2.898749113082885742e-01 7.307480275630950928e-02
2.785214781761169434e-01 7.185418903827667236e-02
2.668491899967193604e-01 7.051412761211395264e-02
2.623861432075500488e-01 6.997812539339065552e-02
2.512681782245635986e-01 6.858391314744949341e-02
2.463393062353134155e-01 6.793820112943649292e-02
2.346492856740951538e-01 6.633603572845458984e-02
2.233963310718536377e-01 6.469609588384628296e-02
2.115914374589920044e-01 6.286716461181640625e-02
1.955495029687881470e-01 6.019188836216926575e-02
1.895359307527542114e-01 5.912918969988822937e-02
1.795821338891983032e-01 5.729407817125320435e-02
1.671112179756164551e-01 5.485267937183380127e-02
1.491985768079757690e-01 5.104177817702293396e-02
1.411248296499252319e-01 4.919418320059776306e-02
1.275162696838378906e-01 4.587339237332344055e-02
1.206368952989578247e-01 4.408513754606246948e-02
1.114783808588981628e-01 4.157515242695808411e-02
1.057048141956329346e-01 3.990850225090980530e-02
9.574177116155624390e-02 3.685583919286727905e-02
8.242882788181304932e-02 3.234881162643432617e-02
7.737366110086441040e-02 3.047471120953559875e-02
7.212312519550323486e-02 2.840688452124595642e-02
6.856983900070190430e-02 2.692346833646297455e-02
6.266666203737258911e-02 2.426947094500064850e-02
5.498340725898742676e-02 2.030347101390361786e-02
4.922172054648399353e-02 1.664135605096817017e-02
4.302077740430831909e-02 1.025604922324419022e-02
4.247364401817321777e-02 8.587248623371124268e-03
4.244107007980346680e-02 7.492175791412591934e-03
4.364081472158432007e-02 4.952773451805114746e-03
4.491714760661125183e-02 3.825420513749122620e-03
4.633071273565292358e-02 2.949221525341272354e-03
4.704313725233078003e-02 2.587161492556333542e-03
4.851843789219856262e-02 1.946415170095860958e-03
5.395208299160003662e-02 2.950507914647459984e-04
5.726307258009910583e-02 -4.120144294574856758e-04
6.033346056938171387e-02 -9.500361047685146332e-04
6.703020632266998291e-02 -1.866464270278811455e-03
7.114566117525100708e-02 -2.309981500729918480e-03
7.993330061435699463e-02 -3.060685936361551285e-03
8.719883859157562256e-02 -3.540432080626487732e-03
9.545214474201202393e-02 -3.974047023802995682e-03
1.146282777190208435e-01 -4.614784847944974899e-03
1.270771026611328125e-01 -4.769215825945138931e-03
1.390508711338043213e-01 -4.720633383840322495e-03
1.467570662498474121e-01 -4.589797463268041611e-03
1.540242880582809448e-01 -4.399382974952459335e-03
1.630259305238723755e-01 -4.081001970916986465e-03
1.872015744447708130e-01 -2.857385436072945595e-03
1.947509646415710449e-01 -2.390283625572919846e-03
2.086685746908187866e-01 -1.454266021028161049e-03
2.170101702213287354e-01 -8.572749211452901363e-04
2.269333899021148682e-01 -1.213709110743366182e-04
2.351219058036804199e-01 5.016295472159981728e-04
2.439063340425491333e-01 1.181179541163146496e-03
2.566405832767486572e-01 2.179037779569625854e-03
2.613409459590911865e-01 2.549438737332820892e-03
2.687734663486480713e-01 3.135851351544260979e-03
2.751916944980621338e-01 3.641981631517410278e-03
2.960828244686126709e-01 5.277810152620077133e-03
3.041543960571289062e-01 5.901705008000135422e-03
3.106088042259216309e-01 6.396275479346513748e-03
3.235390484333038330e-01 7.373636588454246521e-03
3.324163556098937988e-01 8.033097721636295319e-03
3.453743755817413330e-01 8.977140299975872040e-03
3.519293069839477539e-01 9.445817209780216217e-03
3.585467636585235596e-01 9.912686422467231750e-03
3.663466274738311768e-01 1.045465003699064255e-02
3.760199248790740967e-01 1.111402083188295364e-02
3.895806372165679932e-01 1.201422326266765594e-02
3.940373957157135010e-01 1.230387762188911438e-02
4.169248938560485840e-01 1.374322082847356796e-02
4.246578514575958252e-01 1.421157643198966980e-02
4.334933161735534668e-01 1.473593059927225113e-02
4.458265006542205811e-01 1.544927712529897690e-02
4.541769027709960938e-01 1.592045277357101440e-02
4.657428264617919922e-01 1.655826345086097717e-02
4.776134490966796875e-01 1.719625480473041534e-02
4.838778674602508545e-01 1.752672903239727020e-02
5.113254189491271973e-01 1.893226988613605499e-02
5.147709250450134277e-01 1.910468935966491699e-02
5.264381170272827148e-01 1.968363299965858459e-02
5.380185842514038086e-01 2.025256492197513580e-02
5.463850498199462891e-01 2.066134475171566010e-02
5.585672855377197266e-01 2.125507220625877380e-02
5.729955434799194336e-01 2.195879071950912476e-02
5.795180797576904297e-01 2.227787673473358154e-02
6.003478169441223145e-01 2.330333366990089417e-02
6.083050370216369629e-01 2.369783073663711548e-02
6.208394169807434082e-01 2.432163618505001068e-02
6.342122554779052734e-01 2.498839609324932098e-02
6.395989656448364258e-01 2.525656111538410187e-02
6.558282375335693359e-01 2.605921030044555664e-02
6.730906963348388672e-01 2.689578756690025330e-02
6.909515857696533203e-01 2.772941626608371735e-02
6.965346932411193848e-01 2.798105403780937195e-02
7.025098204612731934e-01 2.824476733803749084e-02
7.107347249984741211e-01 2.859736047685146332e-02
7.182549834251403809e-01 2.890813909471035004e-02
7.302083969116210938e-01 2.937675081193447113e-02
7.497909665107727051e-01 3.006799891591072083e-02
7.679092884063720703e-01 3.061060048639774323e-02
7.798429131507873535e-01 3.091064095497131348e-02
7.916101217269897461e-01 3.115755319595336914e-02
8.018108010292053223e-01 3.132923692464828491e-02
8.267208337783813477e-01 3.156450763344764709e-02
8.392065763473510742e-01 3.157214820384979248e-02
8.497698903083801270e-01 3.151322901248931885e-02
8.551962971687316895e-01 3.145757317543029785e-02
8.670603036880493164e-01 3.126993402838706970e-02
8.776952624320983887e-01 3.101622499525547028e-02
8.836084604263305664e-01 3.083579987287521362e-02
8.908442854881286621e-01 3.057221509516239166e-02
9.099560379981994629e-01 2.960419654846191406e-02
9.142372012138366699e-01 2.932156249880790710e-02
9.214484095573425293e-01 2.877718023955821991e-02
9.247233271598815918e-01 2.849770896136760712e-02
9.329163432121276855e-01 2.769201621413230896e-02
9.359111785888671875e-01 2.735278010368347168e-02
9.392297267913818359e-01 2.694337069988250732e-02
9.428232908248901367e-01 2.645431645214557648e-02
9.491785764694213867e-01 2.544520050287246704e-02
9.532474875450134277e-01 2.467407286167144775e-02
9.597871303558349609e-01 2.313857153058052063e-02
9.645887017250061035e-01 2.166192047297954559e-02
9.655586481094360352e-01 2.131241559982299805e-02
9.665786027908325195e-01 2.092192694544792175e-02
