9.628680348396301270e-01 2.269186265766620636e-02
9.623987078666687012e-01 2.330652065575122833e-02
9.614997506141662598e-01 2.433002367615699768e-02
9.575653076171875000e-01 2.783814817667007446e-02
9.505969882011413574e-01 3.267540410161018372e-02
9.438668489456176758e-01 3.664961084723472595e-02
9.337930679321289062e-01 4.190382361412048340e-02
9.319581389427185059e-01 4.279574379324913025e-02
9.271002411842346191e-01 4.507764056324958801e-02
9.221156835556030273e-01 4.731272533535957336e-02
9.116604924201965332e-01 5.170372873544692993e-02
9.078894257545471191e-01 5.320069193840026855e-02
8.974702954292297363e-01 5.712747201323509216e-02
8.911546468734741211e-01 5.937145277857780457e-02
8.807635903358459473e-01 6.286208331584930420e-02
8.728756904602050781e-01 6.535743921995162964e-02
8.620298504829406738e-01 6.858802586793899536e-02
8.563586473464965820e-01 7.019021362066268921e-02
8.465111255645751953e-01 7.283815741539001465e-02
8.391810655593872070e-01 7.470366358757019043e-02
8.270071744918823242e-01 7.761281728744506836e-02
8.144274950027465820e-01 8.038390427827835083e-02
8.011358976364135742e-01 8.306655287742614746e-02
7.953812479972839355e-01 8.415328711271286011e-02
7.818843126296997070e-01 8.653268963098526001e-02
7.731882333755493164e-01 8.794430643320083618e-02
7.538743019104003906e-01 9.075734764337539673e-02
7.460722923278808594e-01 9.177342802286148071e-02
7.318785786628723145e-01 9.345409274101257324e-02
7.178406119346618652e-01 9.491353482007980347e-02
7.051532268524169922e-01 9.606899321079254150e-02
6.895499229431152344e-01 9.729011356830596924e-02
6.715795397758483887e-01 9.844242781400680542e-02
6.648064255714416504e-01 9.881069511175155640e-02
6.574143171310424805e-01 9.917361289262771606e-02
6.500383019447326660e-01 9.949657320976257324e-02
6.339920163154602051e-01 1.000711843371391296e-01
6.226785778999328613e-01 1.003772690892219543e-01
6.069101691246032715e-01 1.006774157285690308e-01
5.997627973556518555e-01 1.007678508758544922e-01
5.837590098381042480e-01 1.008739098906517029e-01
5.758306980133056641e-01 1.008796393871307373e-01
5.642251372337341309e-01 1.008353680372238159e-01
5.554379820823669434e-01 1.007619723677635193e-01
5.402110219001770020e-01 1.005577370524406433e-01
5.327933430671691895e-01 1.004243567585945129e-01
5.032073259353637695e-01 9.968545287847518921e-02
4.918781816959381104e-01 9.931933134794235229e-02
4.789354205131530762e-01 9.884735196828842163e-02
4.694423079490661621e-01 9.846562147140502930e-02
4.453585445880889893e-01 9.736563265323638916e-02
4.380642175674438477e-01 9.699585288763046265e-02
4.302829802036285400e-01 9.658285975456237793e-02
4.174274206161499023e-01 9.585858881473541260e-02
4.055367708206176758e-01 9.514235705137252808e-02
3.980846405029296875e-01 9.467072784900665283e-02
3.880600035190582275e-01 9.400846064090728760e-02
3.756861984729766846e-01 9.314665198326110840e-02
3.629381358623504639e-01 9.220692515373229980e-02
3.571324050426483154e-01 9.176126867532730103e-02
3.502639532089233398e-01 9.121950715780258179e-02
3.255827128887176514e-01 8.913983404636383057e-02
3.060860335826873779e-01 8.734384924173355103e-02
2.962148189544677734e-01 8.638031035661697388e-02
2.833885848522186279e-01 8.507122844457626343e-02
2.711290717124938965e-01 8.375699073076248169e-02
2.554896771907806396e-01 8.198565989732742310e-02
2.399837970733642578e-01 8.011712133884429932e-02
2.310792505741119385e-01 7.898979634046554565e-02
2.219899147748947144e-01 7.779549807310104370e-02
2.128100842237472534e-01 7.654193788766860962e-02
1.994311660528182983e-01 7.462331652641296387e-02
1.885016113519668579e-01 7.296825200319290161e-02
1.729226559400558472e-01 7.045698165893554688e-02
1.648887842893600464e-01 6.908441334962844849e-02
1.584275960922241211e-01 6.793834269046783447e-02
1.436849832534790039e-01 6.516683846712112427e-02
1.337956935167312622e-01 6.317012757062911987e-02
1.231486722826957703e-01 6.087704375386238098e-02
1.155994832515716553e-01 5.914847180247306824e-02
1.049599647521972656e-01 5.654454603791236877e-02
9.065624326467514038e-02 5.267030745744705200e-02
8.459236472845077515e-02 5.087020993232727051e-02
7.703618705272674561e-02 4.846647009253501892e-02
6.950022280216217041e-02 4.585744813084602356e-02
6.291579455137252808e-02 4.336598515510559082e-02
5.207348614931106567e-02 3.869417682290077209e-02
4.477781429886817932e-02 3.499228134751319885e-02
3.972462564706802368e-02 3.203986957669258118e-02
3.637391701340675354e-02 2.983598411083221436e-02
2.811296284198760986e-02 2.296287380158901215e-02
2.459642104804515839e-02 1.872134394943714142e-02
2.261401154100894928e-02 1.529247965663671494e-02
2.120354585349559784e-02 1.088081486523151398e-02
2.102906070649623871e-02 7.394589483737945557e-03
2.161730267107486725e-02 4.295732360333204269e-03
2.277470380067825317e-02 1.549736014567315578e-03
2.377288602292537689e-02 -8.337705367011949420e-05
2.505280077457427979e-02 -1.751066418364644051e-03
2.730551362037658691e-02 -4.060879349708557129e-03
2.962194755673408508e-02 -5.955224391072988510e-03
3.391452878713607788e-02 -8.728258311748504639e-03
3.991998732089996338e-02 -1.166478637605905533e-02
4.300694167613983154e-02 -1.289710868149995804e-02
4.909555986523628235e-02 -1.494517922401428223e-02
5.757604911923408508e-02 -1.718459092080593109e-02
6.343688815832138062e-02 -1.842739246785640717e-02
7.832518965005874634e-02 -2.079508081078529358e-02
9.182254225015640259e-02 -2.223863638937473297e-02
1.041676476597785950e-01 -2.314190752804279327e-02
1.112627834081649780e-01 -2.351917512714862823e-02
1.169244498014450073e-01 -2.375748567283153534e-02
1.232344359159469604e-01 -2.396496944129467010e-02
1.377086192369461060e-01 -2.424370869994163513e-02
1.509657353162765503e-01 -2.430202253162860870e-02
1.604036390781402588e-01 -2.425144799053668976e-02
1.682861000299453735e-01 -2.416013926267623901e-02
1.738029122352600098e-01 -2.407297492027282715e-02
1.822791546583175659e-01 -2.390618622303009033e-02
1.893623322248458862e-01 -2.373973652720451355e-02
1.986866891384124756e-01 -2.348806336522102356e-02
2.093191593885421753e-01 -2.316235192120075226e-02
2.168294340372085571e-01 -2.291096746921539307e-02
2.306603044271469116e-01 -2.240926586091518402e-02
2.416088134050369263e-01 -2.198195084929466248e-02
2.481530308723449707e-01 -2.171561866998672485e-02
2.647347152233123779e-01 -2.100910991430282593e-02
2.749205529689788818e-01 -2.055506221950054169e-02
2.840085327625274658e-01 -2.013822644948959351e-02
2.950305640697479248e-01 -1.961854845285415649e-02
3.011380434036254883e-01 -1.932403445243835449e-02
3.089927434921264648e-01 -1.893836446106433868e-02
3.189622461795806885e-01 -1.843751221895217896e-02
3.275617659091949463e-01 -1.799492165446281433e-02
3.342552483081817627e-01 -1.764333248138427734e-02
3.421892523765563965e-01 -1.721814088523387909e-02
3.601397573947906494e-01 -1.621946506202220917e-02
3.631666898727416992e-01 -1.604564301669597626e-02
3.758679926395416260e-01 -1.529760845005512238e-02
3.897880613803863525e-01 -1.444013230502605438e-02
3.990176022052764893e-01 -1.384764816612005234e-02
4.060127139091491699e-01 -1.338484510779380798e-02
4.166637659072875977e-01 -1.265576761215925217e-02
4.322278499603271484e-01 -1.153312902897596359e-02
4.467093646526336670e-01 -1.042199041694402695e-02
4.526668488979339600e-01 -9.944961406290531158e-03
4.609318673610687256e-01 -9.263011626899242401e-03
4.728986322879791260e-01 -8.232656866312026978e-03
4.802247881889343262e-01 -7.576007861644029617e-03
4.947246611118316650e-01 -6.217045243829488754e-03
5.021924376487731934e-01 -5.486098583787679672e-03
5.065710544586181641e-01 -5.047693848609924316e-03
5.253187417984008789e-01 -3.090083133429288864e-03
5.348860621452331543e-01 -2.042620908468961716e-03
5.498841404914855957e-01 -3.402319562155753374e-04
5.566852688789367676e-01 4.537578206509351730e-04
5.700938105583190918e-01 2.053474774584174156e-03
5.798928141593933105e-01 3.246418200433254242e-03
5.919132232666015625e-01 4.729634616523981094e-03
6.049761772155761719e-01 6.355870515108108521e-03
6.242422461509704590e-01 8.754868991672992706e-03
6.342978477478027344e-01 9.994846768677234650e-03
6.437345147132873535e-01 1.114402338862419128e-02
6.576753258705139160e-01 1.280582416802644730e-02
6.804870963096618652e-01 1.539994776248931885e-02
6.941357851028442383e-01 1.685881428420543671e-02
7.082529067993164062e-01 1.828150078654289246e-02
7.196049094200134277e-01 1.935569196939468384e-02
7.401876449584960938e-01 2.113043516874313354e-02
7.538836598396301270e-01 2.217924781143665314e-02
7.720630764961242676e-01 2.339746803045272827e-02
7.913596630096435547e-01 2.446123212575912476e-02
7.999218702316284180e-01 2.485394850373268127e-02
8.105099797248840332e-01 2.526936121284961700e-02
8.281201124191284180e-01 2.578088268637657166e-02
8.367120623588562012e-01 2.594522759318351746e-02
8.450987339019775391e-01 2.604900300502777100e-02
8.530777096748352051e-01 2.609363757073879242e-02
8.767140507698059082e-01 2.589106559753417969e-02
8.832208514213562012e-01 2.573934569954872131e-02
8.911406397819519043e-01 2.549261972308158875e-02
8.974401950836181641e-01 2.524421736598014832e-02
9.107419848442077637e-01 2.455044537782669067e-02
9.171159267425537109e-01 2.412603236734867096e-02
9.256440401077270508e-01 2.344885282218456268e-02
9.309960603713989258e-01 2.295025624334812164e-02
9.405766129493713379e-01 2.188379317522048950e-02
9.484034180641174316e-01 2.079777792096138000e-02
9.552564024925231934e-01 1.961766742169857025e-02
9.606005549430847168e-01 1.846840232610702515e-02
9.627670049667358398e-01 1.791603490710258484e-02
9.639712572097778320e-01 1.757930777966976166e-02
