9.617881774902343750e-01 2.197862789034843445e-02
9.615472555160522461e-01 2.213968895375728607e-02
9.603217244148254395e-01 2.286091074347496033e-02
9.577305912971496582e-01 2.418642118573188782e-02
9.515723586082458496e-01 2.702445909380912781e-02
9.472654461860656738e-01 2.890667878091335297e-02
9.353224039077758789e-01 3.392140194773674011e-02
9.313411712646484375e-01 3.554710373282432556e-02
9.235264062881469727e-01 3.868619352579116821e-02
9.170594811439514160e-01 4.123756289482116699e-02
9.073062539100646973e-01 4.501368850469589233e-02
9.026772379875183105e-01 4.677746817469596863e-02
8.900642991065979004e-01 5.149521306157112122e-02
8.786786794662475586e-01 5.564704537391662598e-02
8.530061244964599609e-01 6.465200334787368774e-02
8.455750346183776855e-01 6.716822832822799683e-02
8.366176486015319824e-01 7.014806568622589111e-02
8.217594623565673828e-01 7.496317476034164429e-02
8.085434436798095703e-01 7.911282777786254883e-02
7.956987619400024414e-01 8.302565664052963257e-02
7.860214710235595703e-01 8.589542657136917114e-02
7.731130123138427734e-01 8.961892127990722656e-02
7.624308466911315918e-01 9.260974079370498657e-02
7.566380500793457031e-01 9.419728815555572510e-02
7.345020771026611328e-01 1.000416353344917297e-01
7.169860601425170898e-01 1.044164299964904785e-01
6.973339319229125977e-01 1.090618371963500977e-01
6.794611811637878418e-01 1.130454391241073608e-01
6.668389439582824707e-01 1.157203242182731628e-01
6.574134230613708496e-01 1.176430881023406982e-01
6.465886235237121582e-01 1.197724491357803345e-01
6.294397711753845215e-01 1.229732632637023926e-01
6.166323423385620117e-01 1.252254396677017212e-01
6.102920770645141602e-01 1.262964606285095215e-01
5.993173122406005859e-01 1.280815005302429199e-01
5.941354036331176758e-01 1.288938522338867188e-01
5.701264739036560059e-01 1.324007511138916016e-01
5.585862994194030762e-01 1.339344978332519531e-01
5.400130748748779297e-01 1.361922770738601685e-01
5.306281447410583496e-01 1.372328251600265503e-01
5.234722495079040527e-01 1.379802078008651733e-01
5.138623118400573730e-01 1.389206498861312866e-01
5.070360898971557617e-01 1.395439654588699341e-01
4.938937723636627197e-01 1.406378298997879028e-01
4.841464459896087646e-01 1.413572430610656738e-01
4.700328707695007324e-01 1.422568857669830322e-01
4.553843736648559570e-01 1.430083513259887695e-01
4.445295333862304688e-01 1.434420496225357056e-01
4.346100091934204102e-01 1.437442898750305176e-01
4.261701405048370361e-01 1.439291685819625854e-01
4.136936664581298828e-01 1.440776735544204712e-01
4.010528326034545898e-01 1.440723091363906860e-01
3.897968530654907227e-01 1.439315080642700195e-01
3.800207674503326416e-01 1.437024027109146118e-01
3.709008097648620605e-01 1.433968842029571533e-01
3.659502267837524414e-01 1.431930810213088989e-01
3.546844422817230225e-01 1.426279097795486450e-01
3.414744436740875244e-01 1.417807936668395996e-01
3.342669308185577393e-01 1.412323117256164551e-01
3.221607804298400879e-01 1.401698142290115356e-01
3.120748102664947510e-01 1.391458362340927124e-01
3.040044605731964111e-01 1.382329761981964111e-01
2.981051206588745117e-01 1.375117897987365723e-01
2.925625145435333252e-01 1.367921531200408936e-01
2.865940034389495850e-01 1.359706670045852661e-01
2.795976400375366211e-01 1.349451690912246704e-01
2.669894397258758545e-01 1.329222619533538818e-01
2.549514174461364746e-01 1.307739019393920898e-01
2.397474348545074463e-01 1.277443468570709229e-01
2.198229879140853882e-01 1.232105866074562073e-01
2.136657536029815674e-01 1.216737404465675354e-01
2.027895003557205200e-01 1.187949851155281067e-01
1.935870498418807983e-01 1.161899492144584656e-01
1.824796497821807861e-01 1.128299459815025330e-01
1.741196364164352417e-01 1.101388931274414062e-01
1.680353283882141113e-01 1.080894246697425842e-01
1.576247513294219971e-01 1.043977141380310059e-01
1.445306539535522461e-01 9.940596669912338257e-02
1.376191824674606323e-01 9.660574793815612793e-02
1.316994577646255493e-01 9.411183744668960571e-02
1.248923987150192261e-01 9.113049507141113281e-02
1.187494620680809021e-01 8.833114802837371826e-02
1.070810556411743164e-01 8.271129429340362549e-02
9.632680565118789673e-02 7.715076208114624023e-02
8.977060019969940186e-02 7.356342673301696777e-02
7.633949071168899536e-02 6.568373739719390869e-02
6.440950185060501099e-02 5.797200277447700500e-02
5.442523956298828125e-02 5.084741115570068359e-02
4.581328108906745911e-02 4.401805996894836426e-02
4.264526814222335815e-02 4.128547757863998413e-02
3.546778857707977295e-02 3.443413600325584412e-02
2.995859645307064056e-02 2.812612429261207581e-02
2.732919342815876007e-02 2.446007728576660156e-02
2.554860338568687439e-02 2.146901935338973999e-02
2.331035397946834564e-02 1.602097786962985992e-02
2.273097634315490723e-02 1.282092090696096420e-02
2.280236221849918365e-02 9.843250736594200134e-03
2.354472130537033081e-02 6.997737102210521698e-03
2.431940473616123199e-02 5.384708754718303680e-03
2.501071058213710785e-02 4.297737963497638702e-03
2.638146467506885529e-02 2.625090768560767174e-03
2.859579771757125854e-02 6.303990376181900501e-04
3.225342929363250732e-02 -1.720511121675372124e-03
3.491003066301345825e-02 -3.014930058270692825e-03
3.915248066186904907e-02 -4.644358064979314804e-03
4.450814425945281982e-02 -6.193212699145078659e-03
4.888620227575302124e-02 -7.170793600380420685e-03
5.515563115477561951e-02 -8.250209502875804901e-03
5.963210761547088623e-02 -8.844980970025062561e-03
7.066454738378524780e-02 -9.858044795691967010e-03
8.487943559885025024e-02 -1.050167158246040344e-02
9.466555714607238770e-02 -1.064574066549539566e-02
1.024832054972648621e-01 -1.062944997102022171e-02
1.238323599100112915e-01 -1.014007162302732468e-02
1.389729380607604980e-01 -9.498677216470241547e-03
1.571299284696578979e-01 -8.498420007526874542e-03
1.709774136543273926e-01 -7.605436723679304123e-03
1.824956089258193970e-01 -6.794954650104045868e-03
1.958545148372650146e-01 -5.792264360934495926e-03
2.012779116630554199e-01 -5.368887446820735931e-03
2.111544758081436157e-01 -4.577141720801591873e-03
2.271094918251037598e-01 -3.250526497140526772e-03
2.375503033399581909e-01 -2.356599317863583565e-03
2.463508844375610352e-01 -1.590353436768054962e-03
2.555465996265411377e-01 -7.794024422764778137e-04
2.690013349056243896e-01 4.222829593345522881e-04
2.771208286285400391e-01 1.154216239228844643e-03
2.811826169490814209e-01 1.521855243481695652e-03
2.951081395149230957e-01 2.787900855764746666e-03
3.014001846313476562e-01 3.361946204677224159e-03
3.122264742851257324e-01 4.351134411990642548e-03
3.224187493324279785e-01 5.282747559249401093e-03
3.396798372268676758e-01 6.857418455183506012e-03
3.441595137119293213e-01 7.264839485287666321e-03
3.578197360038757324e-01 8.502471260726451874e-03
3.693085014820098877e-01 9.536319412291049957e-03
3.837930262088775635e-01 1.082802098244428635e-02
3.879078030586242676e-01 1.119220163673162460e-02
3.928357958793640137e-01 1.162656582891941071e-02
4.032242596149444580e-01 1.253528986126184464e-02
4.159521758556365967e-01 1.363439671695232391e-02
4.191668033599853516e-01 1.390926446765661240e-02
4.338376820087432861e-01 1.514809671789407730e-02
4.441453814506530762e-01 1.600168086588382721e-02
4.507544934749603271e-01 1.654086820781230927e-02
4.554746150970458984e-01 1.692180149257183075e-02
4.684771597385406494e-01 1.795176416635513306e-02
4.777955710887908936e-01 1.867083087563514709e-02
4.848684966564178467e-01 1.920496299862861633e-02
5.003308653831481934e-01 2.033403143286705017e-02
5.089541077613830566e-01 2.093847654759883881e-02
5.191335082054138184e-01 2.162640355527400970e-02
5.330237746238708496e-01 2.251647040247917175e-02
5.423440337181091309e-01 2.307963743805885315e-02
5.474925041198730469e-01 2.337826974689960480e-02
5.588544607162475586e-01 2.400436438620090485e-02
5.695258975028991699e-01 2.454926818609237671e-02
5.779966115951538086e-01 2.495077997446060181e-02
5.839852094650268555e-01 2.521760575473308563e-02
5.934712886810302734e-01 2.561080269515514374e-02
5.977860689163208008e-01 2.577753178775310516e-02
6.108560562133789062e-01 2.623581700026988983e-02
6.184291839599609375e-01 2.646901085972785950e-02
6.221298575401306152e-01 2.657432295382022858e-02
6.414825916290283203e-01 2.703311108052730560e-02
6.511436700820922852e-01 2.720510214567184448e-02
6.671870946884155273e-01 2.740893140435218811e-02
6.892962455749511719e-01 2.752869948744773865e-02
6.992661356925964355e-01 2.752424031496047974e-02
7.096796631813049316e-01 2.748241834342479706e-02
7.197425961494445801e-01 2.740704827010631561e-02
7.351850867271423340e-01 2.722705528140068054e-02
7.536827921867370605e-01 2.691353484988212585e-02
7.583416104316711426e-01 2.681838907301425934e-02
7.878525853157043457e-01 2.607164159417152405e-02
7.974354624748229980e-01 2.577752619981765747e-02
8.066851496696472168e-01 2.547042444348335266e-02
8.138761520385742188e-01 2.521614171564579010e-02
8.343580365180969238e-01 2.441844716668128967e-02
8.477872610092163086e-01 2.383682690560817719e-02
8.660376667976379395e-01 2.297132462263107300e-02
8.730196356773376465e-01 2.261679805815219879e-02
8.858612179756164551e-01 2.192944288253784180e-02
8.891118764877319336e-01 2.174790576100349426e-02
9.038646817207336426e-01 2.088286355137825012e-02
9.123381376266479492e-01 2.035262808203697205e-02
9.283524155616760254e-01 1.926931738853454590e-02
9.399909377098083496e-01 1.839145645499229431e-02
9.535213708877563477e-01 1.719264313578605652e-02
9.618229269981384277e-01 1.621038839221000671e-02
9.629670381546020508e-01 1.603732630610466003e-02
9.636212587356567383e-01 1.593100093305110931e-02
