9.737666249275207520e-01 2.766202948987483978e-02
9.736787080764770508e-01 2.777200751006603241e-02
9.728926420211791992e-01 2.861843630671501160e-02
9.693340063095092773e-01 3.166503086686134338e-02
9.642792940139770508e-01 3.547005355358123779e-02
9.617633819580078125e-01 3.727362304925918579e-02
9.584075212478637695e-01 3.962029144167900085e-02
9.556794762611389160e-01 4.148792102932929993e-02
9.513441920280456543e-01 4.439495876431465149e-02
9.478768706321716309e-01 4.667278751730918884e-02
9.398348927497863770e-01 5.181747302412986755e-02
9.356988072395324707e-01 5.439493432641029358e-02
9.291197657585144043e-01 5.840812623500823975e-02
9.199020862579345703e-01 6.386219710111618042e-02
9.029740691184997559e-01 7.340793311595916748e-02
8.968818783760070801e-01 7.670323550701141357e-02
8.921154737472534180e-01 7.923207432031631470e-02
8.847527503967285156e-01 8.305498957633972168e-02
8.751055598258972168e-01 8.791533112525939941e-02
8.727820515632629395e-01 8.906137198209762573e-02
8.564062714576721191e-01 9.687474370002746582e-02
8.453093767166137695e-01 1.019150912761688232e-01
8.324567079544067383e-01 1.075058653950691223e-01
8.295248150825500488e-01 1.087447479367256165e-01
8.103622198104858398e-01 1.165211126208305359e-01
8.028354048728942871e-01 1.194264963269233704e-01
7.931382060050964355e-01 1.230493932962417603e-01
7.808274626731872559e-01 1.274579316377639771e-01
7.612386345863342285e-01 1.340472996234893799e-01
7.559136748313903809e-01 1.357505917549133301e-01
7.342435121536254883e-01 1.423080861568450928e-01
7.285798192024230957e-01 1.439251452684402466e-01
7.131978869438171387e-01 1.481201946735382080e-01
7.039185166358947754e-01 1.505147069692611694e-01
6.896690130233764648e-01 1.539970785379409790e-01
6.845033168792724609e-01 1.552022695541381836e-01
6.711592674255371094e-01 1.581770479679107666e-01
6.614201068878173828e-01 1.602242588996887207e-01
6.430221199989318848e-01 1.638117581605911255e-01
6.378214955329895020e-01 1.647606045007705688e-01
6.186514496803283691e-01 1.680139601230621338e-01
6.124697327613830566e-01 1.689820587635040283e-01
5.925328135490417480e-01 1.718394160270690918e-01
5.713503360748291016e-01 1.744376569986343384e-01
5.592854022979736328e-01 1.757181733846664429e-01
5.502837896347045898e-01 1.765799075365066528e-01
5.341156125068664551e-01 1.779275983572006226e-01
5.201815962791442871e-01 1.788832396268844604e-01
5.136707425117492676e-01 1.792644709348678589e-01
4.931897819042205811e-01 1.801924109458923340e-01
4.795387983322143555e-01 1.805816292762756348e-01
4.722399711608886719e-01 1.807142049074172974e-01
4.630255699157714844e-01 1.808061152696609497e-01
4.263857603073120117e-01 1.803313046693801880e-01
4.188135266304016113e-01 1.800639182329177856e-01
3.985156118869781494e-01 1.790569573640823364e-01
3.800806701183319092e-01 1.777713596820831299e-01
3.720104098320007324e-01 1.770957857370376587e-01
3.488757312297821045e-01 1.747727841138839722e-01
3.340730667114257812e-01 1.729807555675506592e-01
3.192468881607055664e-01 1.709419190883636475e-01
2.958800792694091797e-01 1.672216504812240601e-01
2.831538021564483643e-01 1.649282127618789673e-01
2.440447956323623657e-01 1.566518694162368774e-01
2.266197353601455688e-01 1.523404270410537720e-01
2.175352126359939575e-01 1.499325037002563477e-01
2.118464559316635132e-01 1.483672112226486206e-01
2.042468786239624023e-01 1.462056785821914673e-01
1.975331902503967285e-01 1.442276239395141602e-01
1.879308521747589111e-01 1.412839442491531372e-01
1.836779564619064331e-01 1.399359852075576782e-01
1.706226766109466553e-01 1.356228291988372803e-01
1.601809859275817871e-01 1.319750845432281494e-01
1.439892947673797607e-01 1.259472817182540894e-01
1.350958794355392456e-01 1.224310323596000671e-01
1.283979713916778564e-01 1.196799799799919128e-01
1.253685653209686279e-01 1.184053122997283936e-01
1.128723323345184326e-01 1.129354387521743774e-01
1.025861352682113647e-01 1.081561073660850525e-01
9.602436423301696777e-02 1.049632430076599121e-01
8.871820569038391113e-02 1.012633666396141052e-01
8.186011016368865967e-02 9.763836115598678589e-02
7.265701889991760254e-02 9.251437336206436157e-02
6.572516262531280518e-02 8.843132108449935913e-02
4.999797791242599487e-02 7.827955484390258789e-02
4.475040733814239502e-02 7.454651594161987305e-02
3.806132078170776367e-02 6.945701688528060913e-02
3.206425160169601440e-02 6.449684500694274902e-02
2.280412986874580383e-02 5.577672645449638367e-02
1.632321812212467194e-02 4.842285066843032837e-02
1.031716819852590561e-02 3.967843949794769287e-02
6.486744154244661331e-03 3.135236725211143494e-02
5.038350820541381836e-03 2.556361816823482513e-02
4.709417000412940979e-03 1.989514566957950592e-02
5.357315298169851303e-03 1.519703492522239685e-02
6.175162736326456070e-03 1.243239082396030426e-02
7.492994889616966248e-03 9.384610690176486969e-03
8.974852040410041809e-03 6.818407215178012848e-03
1.464896090328693390e-02 2.032408810919150710e-04
1.912262663245201111e-02 -3.395455190911889076e-03
2.176093496382236481e-02 -5.155155900865793228e-03
2.605932019650936127e-02 -7.618720177561044693e-03
2.896103262901306152e-02 -9.060389362275600433e-03
3.540051355957984924e-02 -1.177746616303920746e-02
4.175838083028793335e-02 -1.396170910447835922e-02
4.709351435303688049e-02 -1.550570130348205566e-02
5.578281730413436890e-02 -1.759287714958190918e-02
6.159244105219841003e-02 -1.875752396881580353e-02
7.209991663694381714e-02 -2.050596103072166443e-02
8.183307200670242310e-02 -2.179861441254615784e-02
8.985935896635055542e-02 -2.267031930387020111e-02
9.644513577222824097e-02 -2.327037602663040161e-02
1.118394285440444946e-01 -2.431477792561054230e-02
1.189195364713668823e-01 -2.464308030903339386e-02
1.255665570497512817e-01 -2.487208321690559387e-02
1.329628229141235352e-01 -2.504256553947925568e-02
1.450679004192352295e-01 -2.514513209462165833e-02
1.523487865924835205e-01 -2.511008270084857941e-02
1.626052856445312500e-01 -2.494892105460166931e-02
1.680225133895874023e-01 -2.481498196721076965e-02
1.914726346731185913e-01 -2.389439009130001068e-02
1.999199241399765015e-01 -2.344377711415290833e-02
2.046449482440948486e-01 -2.316766045987606049e-02
2.097396999597549438e-01 -2.285183779895305634e-02
2.271821498870849609e-01 -2.164178527891635895e-02
2.410198152065277100e-01 -2.055783942341804504e-02
2.542331814765930176e-01 -1.943653263151645660e-02
2.639886140823364258e-01 -1.856194250285625458e-02
2.769708931446075439e-01 -1.734499819576740265e-02
2.840442955493927002e-01 -1.665952615439891815e-02
2.914992570877075195e-01 -1.592201553285121918e-02
3.025821447372436523e-01 -1.480028405785560608e-02
3.211303353309631348e-01 -1.286725886166095734e-02
3.256967961788177490e-01 -1.238264422863721848e-02
3.509186804294586182e-01 -9.662225842475891113e-03
3.552175164222717285e-01 -9.193228557705879211e-03
3.742331564426422119e-01 -7.109651342034339905e-03
3.826792240142822266e-01 -6.182678975164890289e-03
3.944038152694702148e-01 -4.898220766335725784e-03
4.139763116836547852e-01 -2.769933547824621201e-03
4.226093888282775879e-01 -1.841425779275596142e-03
4.345789849758148193e-01 -5.683680064976215363e-04
4.406315088272094727e-01 6.788478640373796225e-05
4.538604021072387695e-01 1.437950180843472481e-03
4.739433526992797852e-01 3.453597426414489746e-03
4.810175001621246338e-01 4.142138175666332245e-03
4.921712875366210938e-01 5.202103871852159500e-03
5.047402977943420410e-01 6.355502642691135406e-03
5.292544960975646973e-01 8.464299142360687256e-03
5.427576303482055664e-01 9.537819772958755493e-03
5.513066053390502930e-01 1.018250733613967896e-02
5.602863430976867676e-01 1.082920841872692108e-02
5.728214979171752930e-01 1.167792081832885742e-02
5.761083364486694336e-01 1.188978180289268494e-02
5.962153077125549316e-01 1.308675855398178101e-02
6.060578823089599609e-01 1.360953692346811295e-02
6.187102198600769043e-01 1.421988662332296371e-02
6.368738412857055664e-01 1.497489213943481445e-02
6.494777798652648926e-01 1.541574392467737198e-02
6.732769608497619629e-01 1.606778800487518311e-02
6.856457591056823730e-01 1.631686463952064514e-02
6.913021802902221680e-01 1.641107350587844849e-02
6.990788578987121582e-01 1.652094349265098572e-02
7.057470679283142090e-01 1.659743115305900574e-02
7.167385220527648926e-01 1.668884232640266418e-02
7.247092127799987793e-01 1.672896929085254669e-02
7.350050210952758789e-01 1.674942299723625183e-02
7.519010305404663086e-01 1.670980453491210938e-02
7.627862095832824707e-01 1.663854904472827911e-02
7.773830294609069824e-01 1.648997329175472260e-02
7.960669398307800293e-01 1.621664315462112427e-02
7.997350096702575684e-01 1.615259610116481781e-02
8.105473518371582031e-01 1.594500616192817688e-02
8.170440196990966797e-01 1.580719836056232452e-02
8.285778164863586426e-01 1.553952787071466446e-02
8.386729359626770020e-01 1.528229564428329468e-02
8.512988686561584473e-01 1.493250206112861633e-02
8.578872084617614746e-01 1.473844796419143677e-02
8.789901733398437500e-01 1.407031808048486710e-02
8.892307281494140625e-01 1.372497156262397766e-02
8.967176079750061035e-01 1.346632000058889389e-02
9.010114073753356934e-01 1.331641059368848801e-02
9.103946685791015625e-01 1.298736687749624252e-02
9.177618026733398438e-01 1.273097749799489975e-02
9.345995187759399414e-01 1.218047086149454117e-02
9.393284320831298828e-01 1.204560510814189911e-02
9.530491232872009277e-01 1.177399884909391403e-02
9.599576592445373535e-01 1.177379675209522247e-02
9.684067368507385254e-01 1.208350900560617447e-02
9.710962772369384766e-01 1.232202537357807159e-02
9.721548557281494141e-01 1.244578137993812561e-02
9.732533693313598633e-01 1.259599439799785614e-02
