9.589201211929321289e-01 2.073397487401962280e-02
9.585710167884826660e-01 2.110443077981472015e-02
9.575164318084716797e-01 2.210130542516708374e-02
9.549356698989868164e-01 2.412478439509868622e-02
9.480369687080383301e-01 2.835747599601745605e-02
9.422068595886230469e-01 3.132694214582443237e-02
9.353993535041809082e-01 3.440654650330543518e-02
9.326925277709960938e-01 3.554594516754150391e-02
9.265999794006347656e-01 3.797002136707305908e-02
9.225790500640869141e-01 3.947839885950088501e-02
9.138944745063781738e-01 4.252995178103446960e-02
9.105038642883300781e-01 4.365419968962669373e-02
8.919211626052856445e-01 4.926675185561180115e-02
8.850835561752319336e-01 5.113070458173751831e-02
8.714629411697387695e-01 5.457056313753128052e-02
8.655075430870056152e-01 5.597014725208282471e-02
8.528383374214172363e-01 5.875560268759727478e-02
8.444339036941528320e-01 6.046893820166587830e-02
8.362799286842346191e-01 6.203538179397583008e-02
8.289780616760253906e-01 6.336191296577453613e-02
8.106651306152343750e-01 6.639187037944793701e-02
7.982758283615112305e-01 6.821621209383010864e-02
7.845759391784667969e-01 7.003624737262725830e-02
7.790496945381164551e-01 7.071458548307418823e-02
7.616810202598571777e-01 7.264851778745651245e-02
7.460354566574096680e-01 7.414746284484863281e-02
7.364556789398193359e-01 7.495849579572677612e-02
7.270981073379516602e-01 7.567645609378814697e-02
7.125725746154785156e-01 7.665299624204635620e-02
7.049644589424133301e-01 7.710086554288864136e-02
6.828249692916870117e-01 7.817358523607254028e-02
6.712046265602111816e-01 7.860917598009109497e-02
6.591607928276062012e-01 7.897589355707168579e-02
6.515894532203674316e-01 7.916499674320220947e-02
6.440154910087585449e-01 7.932388037443161011e-02
6.373826265335083008e-01 7.943926751613616943e-02
6.142829656600952148e-01 7.968124002218246460e-02
6.007172465324401855e-01 7.971782982349395752e-02
5.901834964752197266e-01 7.969755679368972778e-02
5.668531060218811035e-01 7.951449602842330933e-02
5.579380393028259277e-01 7.939796149730682373e-02
5.514397025108337402e-01 7.929775118827819824e-02
5.382945537567138672e-01 7.905707508325576782e-02
5.333285927772521973e-01 7.895327359437942505e-02
5.137794613838195801e-01 7.847807556390762329e-02
5.036328434944152832e-01 7.819028198719024658e-02
4.903537333011627197e-01 7.777149230241775513e-02
4.816638827323913574e-01 7.747150957584381104e-02
4.623889923095703125e-01 7.673179358243942261e-02
4.526658356189727783e-01 7.631889730691909790e-02
4.412535429000854492e-01 7.579934597015380859e-02
4.355225861072540283e-01 7.552391290664672852e-02
4.305921494960784912e-01 7.527895271778106689e-02
4.192440211772918701e-01 7.468667626380920410e-02
4.116643667221069336e-01 7.426839321851730347e-02
4.006986916065216064e-01 7.363013178110122681e-02
3.839830756187438965e-01 7.257892936468124390e-02
3.657156229019165039e-01 7.131662219762802124e-02
3.603647351264953613e-01 7.092344015836715698e-02
3.529052436351776123e-01 7.035697996616363525e-02
3.421397805213928223e-01 6.950087845325469971e-02
3.322141170501708984e-01 6.866992264986038208e-02
3.101300597190856934e-01 6.667094677686691284e-02
3.036637902259826660e-01 6.604476273059844971e-02
2.998472750186920166e-01 6.566618382930755615e-02
2.880657017230987549e-01 6.445429474115371704e-02
2.730604112148284912e-01 6.281308829784393311e-02
2.665804028511047363e-01 6.206918507814407349e-02
2.578298747539520264e-01 6.102974340319633484e-02
2.423211485147476196e-01 5.908541753888130188e-02
2.346969097852706909e-01 5.807975679636001587e-02
2.254351228475570679e-01 5.681206285953521729e-02
2.179359495639801025e-01 5.574736371636390686e-02
2.108408510684967041e-01 5.470742657780647278e-02
2.064795792102813721e-01 5.405203625559806824e-02
2.035882472991943359e-01 5.361058935523033142e-02
1.762759238481521606e-01 4.915164783596992493e-02
1.584509611129760742e-01 4.593383893370628357e-02
1.509302556514739990e-01 4.449504241347312927e-02
1.407622247934341431e-01 4.246646165847778320e-02
1.279476583003997803e-01 3.976157307624816895e-02
1.179148629307746887e-01 3.751603141427040100e-02
1.061235442757606506e-01 3.471431136131286621e-02
9.638963639736175537e-02 3.225000947713851929e-02
9.008294343948364258e-02 3.056938759982585907e-02
8.013329654932022095e-02 2.776106633245944977e-02
6.798787415027618408e-02 2.401009947061538696e-02
5.970367789268493652e-02 2.117869630455970764e-02
5.050969496369361877e-02 1.764971576631069183e-02
4.711311310529708862e-02 1.619348675012588501e-02
4.164529591798782349e-02 1.356477849185466766e-02
3.534791618585586548e-02 9.582376107573509216e-03
3.405608236789703369e-02 8.381198160350322723e-03
3.311919793486595154e-02 7.152108475565910339e-03
3.265630081295967102e-02 5.869109649211168289e-03
3.267661109566688538e-02 5.184564273804426193e-03
3.361817821860313416e-02 3.661563154309988022e-03
3.432718664407730103e-02 3.133002435788512230e-03
3.505896776914596558e-02 2.722917357459664345e-03
3.604738041758537292e-02 2.288044430315494537e-03
3.847648203372955322e-02 1.528020715340971947e-03
4.022302851080894470e-02 1.136002363637089729e-03
4.305247217416763306e-02 6.608456606045365334e-04
4.536444321274757385e-02 3.728476585820317268e-04
5.398193374276161194e-02 -2.268724783789366484e-04
6.434874981641769409e-02 -3.725979477167129517e-04
7.099235057830810547e-02 -2.619902952574193478e-04
8.715509623289108276e-02 4.482049553189426661e-04
9.966330230236053467e-02 1.303560682572424412e-03
1.164420843124389648e-01 2.732230117544531822e-03
1.280952095985412598e-01 3.854595124721527100e-03
1.366449147462844849e-01 4.723323974758386612e-03
1.459992229938507080e-01 5.703115370124578476e-03
1.602529734373092651e-01 7.228177972137928009e-03
1.713282018899917603e-01 8.419810794293880463e-03
1.867760717868804932e-01 1.006420236080884933e-02
1.933189481496810913e-01 1.074833888560533524e-02
2.046021670103073120e-01 1.190414186567068100e-02
2.121516019105911255e-01 1.265772338956594467e-02
2.202751636505126953e-01 1.344877947121858597e-02
2.271535992622375488e-01 1.410141400992870331e-02
2.460249662399291992e-01 1.580541208386421204e-02
2.538447678089141846e-01 1.647277362644672394e-02
2.618797421455383301e-01 1.713432930409908295e-02
2.671307325363159180e-01 1.755336299538612366e-02
2.752974629402160645e-01 1.818416081368923187e-02
2.961615920066833496e-01 1.968128792941570282e-02
3.015541732311248779e-01 2.004197053611278534e-02
3.150715529918670654e-01 2.090009674429893494e-02
3.214571177959442139e-01 2.128315903246402740e-02
3.367330729961395264e-01 2.214377745985984802e-02
3.479339778423309326e-01 2.272698841989040375e-02
3.565063178539276123e-01 2.314743772149085999e-02
3.613847196102142334e-01 2.337709441781044006e-02
3.720732033252716064e-01 2.385698631405830383e-02
3.800313472747802734e-01 2.419452182948589325e-02
3.932171463966369629e-01 2.471927925944328308e-02
3.982106149196624756e-01 2.490750700235366821e-02
4.047567844390869141e-01 2.514612302184104919e-02
4.162181615829467773e-01 2.554329112172126770e-02
4.225209355354309082e-01 2.575143985450267792e-02
4.273457825183868408e-01 2.590630203485488892e-02
4.374015927314758301e-01 2.621768973767757416e-02
4.535538852214813232e-01 2.669058926403522491e-02
4.633351266384124756e-01 2.696402370929718018e-02
4.674594104290008545e-01 2.707703784108161926e-02
4.789625108242034912e-01 2.738675288856029510e-02
4.903707802295684814e-01 2.768838591873645782e-02
5.030925273895263672e-01 2.802177891135215759e-02
5.109009742736816406e-01 2.822628244757652283e-02
5.168641805648803711e-01 2.838288992643356323e-02
5.224521160125732422e-01 2.853019721806049347e-02
5.440918207168579102e-01 2.910775877535343170e-02
5.504139661788940430e-01 2.927872724831104279e-02
5.652259588241577148e-01 2.968196757137775421e-02
5.710717439651489258e-01 2.984149195253849030e-02
5.888962745666503906e-01 3.032446280121803284e-02
5.946307778358459473e-01 3.047727420926094055e-02
6.010400652885437012e-01 3.064560890197753906e-02
6.130968928337097168e-01 3.095286153256893158e-02
6.246598958969116211e-01 3.123215213418006897e-02
6.340523958206176758e-01 3.144498541951179504e-02
6.419864296913146973e-01 3.161320835351943970e-02
6.539856195449829102e-01 3.184463456273078918e-02
6.633725762367248535e-01 3.200419619679450989e-02
6.738492846488952637e-01 3.215776756405830383e-02
6.873905062675476074e-01 3.231484442949295044e-02
7.000145912170410156e-01 3.241625428199768066e-02
7.078161835670471191e-01 3.245606273412704468e-02
7.209696769714355469e-01 3.248202800750732422e-02
7.318583130836486816e-01 3.246313706040382385e-02
7.458968162536621094e-01 3.238298371434211731e-02
7.565879821777343750e-01 3.227857127785682678e-02
7.646524310111999512e-01 3.217435255646705627e-02
7.905896902084350586e-01 3.168522566556930542e-02
8.044394254684448242e-01 3.132349997758865356e-02
8.270355463027954102e-01 3.057190775871276855e-02
8.315303325653076172e-01 3.039707802236080170e-02
8.495987653732299805e-01 2.960224077105522156e-02
8.610509634017944336e-01 2.901596389710903168e-02
8.731378316879272461e-01 2.831934392452239990e-02
8.776779770851135254e-01 2.803500741720199585e-02
8.999941945075988770e-01 2.642481401562690735e-02
9.038799405097961426e-01 2.610214054584503174e-02
9.143653512001037598e-01 2.515265159308910370e-02
9.201706051826477051e-01 2.456891722977161407e-02
9.273587465286254883e-01 2.377479150891304016e-02
9.420115351676940918e-01 2.181044034659862518e-02
9.484095573425292969e-01 2.072542533278465271e-02
9.591186046600341797e-01 1.828243955969810486e-02
9.602368474006652832e-01 1.795063167810440063e-02
9.609876871109008789e-01 1.771562919020652771e-02
