9.561344385147094727e-01 2.675287984311580658e-02
9.559162855148315430e-01 2.696857787668704987e-02
9.543019533157348633e-01 2.832128293812274933e-02
9.510911107063293457e-01 3.046273626387119293e-02
9.334704279899597168e-01 3.911463916301727295e-02
9.269277453422546387e-01 4.182207956910133362e-02
9.116176962852478027e-01 4.762880876660346985e-02
9.085035324096679688e-01 4.873910173773765564e-02
8.990636467933654785e-01 5.198630318045616150e-02
8.924561142921447754e-01 5.416364967823028564e-02
8.807048201560974121e-01 5.786558985710144043e-02
8.722783923149108887e-01 6.039834395051002502e-02
8.569501042366027832e-01 6.477195769548416138e-02
8.470861315727233887e-01 6.743932515382766724e-02
8.329608440399169922e-01 7.107339799404144287e-02
8.252726197242736816e-01 7.296407967805862427e-02
8.070153594017028809e-01 7.722023874521255493e-02
7.977721095085144043e-01 7.925449311733245850e-02
7.857791781425476074e-01 8.177751302719116211e-02
7.674963474273681641e-01 8.537875860929489136e-02
7.486383914947509766e-01 8.879354596138000488e-02
7.264527678489685059e-01 9.243464469909667969e-02
7.117322087287902832e-01 9.463284909725189209e-02
7.034456729888916016e-01 9.579557925462722778e-02
6.898946166038513184e-01 9.758325666189193726e-02
6.758975386619567871e-01 9.928432852029800415e-02
6.593508720397949219e-01 1.011092737317085266e-01
6.511872410774230957e-01 1.019370108842849731e-01
6.392492651939392090e-01 1.030628606677055359e-01
6.206052899360656738e-01 1.046251878142356873e-01
6.064311861991882324e-01 1.056575402617454529e-01
5.866726040840148926e-01 1.068805232644081116e-01
5.732928514480590820e-01 1.075701788067817688e-01
5.676830410957336426e-01 1.078269034624099731e-01
5.506298542022705078e-01 1.084923446178436279e-01
5.448346734046936035e-01 1.086797192692756653e-01
5.352669358253479004e-01 1.089468672871589661e-01
5.300464034080505371e-01 1.090706884860992432e-01
5.198663473129272461e-01 1.092680990695953369e-01
5.149787664413452148e-01 1.093423515558242798e-01
5.056946277618408203e-01 1.094470918178558350e-01
4.965866804122924805e-01 1.095039248466491699e-01
4.915601909160614014e-01 1.095159500837326050e-01
4.799494147300720215e-01 1.094913706183433533e-01
4.583049416542053223e-01 1.092510521411895752e-01
4.498856663703918457e-01 1.090892255306243896e-01
4.359420239925384521e-01 1.087365075945854187e-01
4.249030351638793945e-01 1.083817258477210999e-01
4.134317636489868164e-01 1.079415157437324524e-01
4.039845466613769531e-01 1.075234711170196533e-01
3.946323692798614502e-01 1.070594862103462219e-01
3.875651657581329346e-01 1.066753044724464417e-01
3.781466484069824219e-01 1.061175465583801270e-01
3.718634545803070068e-01 1.057159677147865295e-01
3.654673695564270020e-01 1.052825227379798889e-01
3.624553084373474121e-01 1.050696745514869690e-01
3.526426553726196289e-01 1.043368354439735413e-01
3.338055014610290527e-01 1.027561351656913757e-01
3.180980384349822998e-01 1.012551262974739075e-01
3.083910942077636719e-01 1.002402082085609436e-01
3.053737282752990723e-01 9.991062432527542114e-02
2.907917201519012451e-01 9.822063148021697998e-02
2.839298248291015625e-01 9.736765921115875244e-02
2.778298854827880859e-01 9.657713025808334351e-02
2.714322209358215332e-01 9.571448713541030884e-02
2.657527327537536621e-01 9.491902589797973633e-02
2.477411329746246338e-01 9.220276772975921631e-02
2.397255301475524902e-01 9.089393913745880127e-02
2.361703217029571533e-01 9.029265493154525757e-02
2.287357300519943237e-01 8.899233490228652954e-02
2.215745002031326294e-01 8.768300712108612061e-02
2.099255472421646118e-01 8.542738109827041626e-02
2.028630077838897705e-01 8.397961407899856567e-02
1.889898180961608887e-01 8.094578981399536133e-02
1.812009811401367188e-01 7.912431657314300537e-02
1.734253317117691040e-01 7.721464335918426514e-02
1.614625304937362671e-01 7.408507168292999268e-02
1.485130041837692261e-01 7.041077315807342529e-02
1.442096978425979614e-01 6.911798566579818726e-02
1.383942067623138428e-01 6.730996817350387573e-02
1.326546669006347656e-01 6.545340269804000854e-02
1.233504787087440491e-01 6.228078156709671021e-02
1.084868460893630981e-01 5.674906075000762939e-02
9.788791090250015259e-02 5.240915343165397644e-02
9.191449731588363647e-02 4.979891330003738403e-02
8.299598097801208496e-02 4.565425962209701538e-02
6.861305236816406250e-02 3.823508322238922119e-02
6.251323968172073364e-02 3.475300595164299011e-02
4.899294301867485046e-02 2.602373622357845306e-02
4.660920798778533936e-02 2.428254671394824982e-02
4.303404316306114197e-02 2.149942331016063690e-02
3.905146196484565735e-02 1.805919781327247620e-02
3.456017374992370605e-02 1.338614895939826965e-02
3.317490592598915100e-02 1.158378738909959793e-02
3.114058449864387512e-02 7.912548258900642395e-03
3.055446408689022064e-02 5.425771698355674744e-03
3.056215494871139526e-02 4.383930005133152008e-03
3.120384924113750458e-02 2.228087279945611954e-03
3.146502003073692322e-02 1.782131381332874298e-03
3.190008178353309631e-02 1.182347652502357960e-03
3.354976698756217957e-02 -3.633841115515679121e-04
3.699164092540740967e-02 -2.257998101413249969e-03
4.058587551116943359e-02 -3.516398370265960693e-03
4.336505010724067688e-02 -4.241141956299543381e-03
5.075862258672714233e-02 -5.594937596470117569e-03
5.817913264036178589e-02 -6.468838080763816833e-03
6.191142275929450989e-02 -6.792945321649312973e-03
6.819287687540054321e-02 -7.212443277239799500e-03
7.514336705207824707e-02 -7.533113472163677216e-03
8.202371001243591309e-02 -7.734661921858787537e-03
8.721754699945449829e-02 -7.824038155376911163e-03
9.488265961408615112e-02 -7.872737012803554535e-03
1.025887876749038696e-01 -7.835783064365386963e-03
1.186566501855850220e-01 -7.530601229518651962e-03
1.374416649341583252e-01 -6.859487388283014297e-03
1.560188233852386475e-01 -5.932093132287263870e-03
1.663977205753326416e-01 -5.319043993949890137e-03
1.736904978752136230e-01 -4.852439276874065399e-03
1.832820326089859009e-01 -4.197639878839254379e-03
1.961308866739273071e-01 -3.253635484725236893e-03
2.061572521924972534e-01 -2.468770835548639297e-03
2.222608029842376709e-01 -1.128836884163320065e-03
2.392873167991638184e-01 3.829972702078521252e-04
2.556931674480438232e-01 1.921826740726828575e-03
2.639177739620208740e-01 2.720989752560853958e-03
2.759155333042144775e-01 3.917627502232789993e-03
2.920518517494201660e-01 5.581261124461889267e-03
2.973554134368896484e-01 6.140959449112415314e-03
3.077003657817840576e-01 7.250284776091575623e-03
3.169753253459930420e-01 8.264064788818359375e-03
3.229113519191741943e-01 8.922189474105834961e-03
3.339147269725799561e-01 1.016087364405393600e-02
3.527045249938964844e-01 1.233109831809997559e-02
3.640951216220855713e-01 1.367982849478721619e-02
3.704642653465270996e-01 1.444475818425416946e-02
3.776885569095611572e-01 1.532172225415706635e-02
3.945965468883514404e-01 1.741283200681209564e-02
3.974386751651763916e-01 1.776964962482452393e-02
4.043583273887634277e-01 1.864478737115859985e-02
4.122830331325531006e-01 1.965814083814620972e-02
4.249867796897888184e-01 2.130741812288761139e-02
4.322535395622253418e-01 2.226452901959419250e-02
4.570418298244476318e-01 2.560308203101158142e-02
4.695675075054168701e-01 2.733182348310947418e-02
4.737893640995025635e-01 2.792045846581459045e-02
4.776560366153717041e-01 2.846206538379192352e-02
4.875857830047607422e-01 2.986331284046173096e-02
4.947447180747985840e-01 3.088206239044666290e-02
5.021176934242248535e-01 3.193774074316024780e-02
5.204920768737792969e-01 3.458976745605468750e-02
5.268049836158752441e-01 3.550480306148529053e-02
5.375303030014038086e-01 3.705901652574539185e-02
5.541901588439941406e-01 3.945727273821830750e-02
5.590088367462158203e-01 4.014353081583976746e-02
5.648173093795776367e-01 4.096418619155883789e-02
5.753175020217895508e-01 4.242427647113800049e-02
5.841798186302185059e-01 4.362652450799942017e-02
5.894225239753723145e-01 4.432184994220733643e-02
5.985181927680969238e-01 4.549510404467582703e-02
6.052341461181640625e-01 4.633071646094322205e-02
6.087064743041992188e-01 4.675133898854255676e-02
6.227071285247802734e-01 4.835889488458633423e-02
6.300055980682373047e-01 4.913456737995147705e-02
6.347718834877014160e-01 4.961582645773887634e-02
6.495809555053710938e-01 5.097329989075660706e-02
6.604226231575012207e-01 5.182521790266036987e-02
6.818954348564147949e-01 5.313014611601829529e-02
6.874573230743408203e-01 5.338192731142044067e-02
6.979714035987854004e-01 5.375875160098075867e-02
7.079234719276428223e-01 5.399519205093383789e-02
7.227131724357604980e-01 5.413056537508964539e-02
7.443132400512695312e-01 5.386978387832641602e-02
7.651205658912658691e-01 5.311734601855278015e-02
7.752045989036560059e-01 5.258104950189590454e-02
7.930428981781005859e-01 5.136601254343986511e-02
8.010783791542053223e-01 5.070982873439788818e-02
8.102228045463562012e-01 4.988230764865875244e-02
8.175996541976928711e-01 4.915278032422065735e-02
8.347662091255187988e-01 4.724326729774475098e-02
8.435166478157043457e-01 4.615662246942520142e-02
8.587211966514587402e-01 4.408653080463409424e-02
8.648750782012939453e-01 4.318252205848693848e-02
8.781228065490722656e-01 4.110457003116607666e-02
8.855898976325988770e-01 3.985209017992019653e-02
8.972920775413513184e-01 3.776624053716659546e-02
9.092575907707214355e-01 3.546822816133499146e-02
9.245760440826416016e-01 3.225113824009895325e-02
9.396937489509582520e-01 2.869465015828609467e-02
9.463248252868652344e-01 2.696526423096656799e-02
9.562709927558898926e-01 2.402560226619243622e-02
9.589861631393432617e-01 2.309305965900421143e-02
9.605427980422973633e-01 2.251394465565681458e-02
