9.627180099487304688e-01 2.370540425181388855e-02
9.626514911651611328e-01 2.381053939461708069e-02
9.613020420074462891e-01 2.555584348738193512e-02
9.596132040023803711e-01 2.726422436535358429e-02
9.436308145523071289e-01 3.827647119760513306e-02
9.377174377441406250e-01 4.155532270669937134e-02
9.267334342002868652e-01 4.712383076548576355e-02
9.234089255332946777e-01 4.870496690273284912e-02
9.200225472450256348e-01 5.027352645993232727e-02
9.154796600341796875e-01 5.231695994734764099e-02
9.079540371894836426e-01 5.556301027536392212e-02
9.014840722084045410e-01 5.822867900133132935e-02
8.831989169120788574e-01 6.522081792354583740e-02
8.769192099571228027e-01 6.745680421590805054e-02
8.695779442787170410e-01 6.997334957122802734e-02
8.676956892013549805e-01 7.060234993696212769e-02
8.542140126228332520e-01 7.492286711931228638e-02
8.440371751785278320e-01 7.798033207654953003e-02
8.318798542022705078e-01 8.141721040010452271e-02
8.279619812965393066e-01 8.247679471969604492e-02
8.050168752670288086e-01 8.823791146278381348e-02
7.899711132049560547e-01 9.162507206201553345e-02
7.764992117881774902e-01 9.441083669662475586e-02
7.737743258476257324e-01 9.494686871767044067e-02
7.511534690856933594e-01 9.905584156513214111e-02
7.412802577018737793e-01 1.006651148200035095e-01
7.183474898338317871e-01 1.039958521723747253e-01
7.107434868812561035e-01 1.049797534942626953e-01
6.972417235374450684e-01 1.065857708454132080e-01
6.863197684288024902e-01 1.077572628855705261e-01
6.739420890808105469e-01 1.089523732662200928e-01
6.609932780265808105e-01 1.100577488541603088e-01
6.412140727043151855e-01 1.114738658070564270e-01
6.380246281623840332e-01 1.116725951433181763e-01
6.152928471565246582e-01 1.128621995449066162e-01
6.093627214431762695e-01 1.131092756986618042e-01
6.030047535896301270e-01 1.133460476994514465e-01
5.943647027015686035e-01 1.136221587657928467e-01
5.875621438026428223e-01 1.138032823801040649e-01
5.834912061691284180e-01 1.138966903090476990e-01
5.641679763793945312e-01 1.141901686787605286e-01
5.566446781158447266e-01 1.142390519380569458e-01
5.483740568161010742e-01 1.142515167593955994e-01
5.376824736595153809e-01 1.142044216394424438e-01
5.208600759506225586e-01 1.139884367585182190e-01
5.174404382705688477e-01 1.139235571026802063e-01
5.050344467163085938e-01 1.136291697621345520e-01
4.819450974464416504e-01 1.128365397453308105e-01
4.712162017822265625e-01 1.123601943254470825e-01
4.637532532215118408e-01 1.119884699583053589e-01
4.501128792762756348e-01 1.112231612205505371e-01
4.489412009716033936e-01 1.111522540450096130e-01
4.423903226852416992e-01 1.107405722141265869e-01
4.386851489543914795e-01 1.104963347315788269e-01
4.279837310314178467e-01 1.097446531057357788e-01
4.260575473308563232e-01 1.096020340919494629e-01
4.082677364349365234e-01 1.081792116165161133e-01
3.867719173431396484e-01 1.062052920460700989e-01
3.804597556591033936e-01 1.055727452039718628e-01
3.697015047073364258e-01 1.044394820928573608e-01
3.627133071422576904e-01 1.036662682890892029e-01
3.548147678375244141e-01 1.027572751045227051e-01
3.524932861328125000e-01 1.024830862879753113e-01
3.353134393692016602e-01 1.003554239869117737e-01
3.318605720996856689e-01 9.990701824426651001e-02
3.224435746669769287e-01 9.864912927150726318e-02
3.040498495101928711e-01 9.604685008525848389e-02
2.968272566795349121e-01 9.497345983982086182e-02
2.894497513771057129e-01 9.384753555059432983e-02
2.837547957897186279e-01 9.295830130577087402e-02
2.720139920711517334e-01 9.107053279876708984e-02
2.521057724952697754e-01 8.770577609539031982e-02
2.394410818815231323e-01 8.546081185340881348e-02
2.182548493146896362e-01 8.152822405099868774e-02
2.003763020038604736e-01 7.803888618946075439e-02
1.851516664028167725e-01 7.494278997182846069e-02
1.659745723009109497e-01 7.087162137031555176e-02
1.546575427055358887e-01 6.837231665849685669e-02
1.493943780660629272e-01 6.718330830335617065e-02
1.264843344688415527e-01 6.178259849548339844e-02
1.163552403450012207e-01 5.925797671079635620e-02
1.126310378313064575e-01 5.830464884638786316e-02
1.038434356451034546e-01 5.599458515644073486e-02
9.254183620214462280e-02 5.287848412990570068e-02
8.288007229566574097e-02 5.005608126521110535e-02
6.401572376489639282e-02 4.396591335535049438e-02
5.233583971858024597e-02 3.963148593902587891e-02
4.824254661798477173e-02 3.796314820647239685e-02
3.354403749108314514e-02 3.094165772199630737e-02
2.478145807981491089e-02 2.529135718941688538e-02
2.178619243204593658e-02 2.276330627501010895e-02
1.884511113166809082e-02 1.954585313796997070e-02
1.682780496776103973e-02 1.605295389890670776e-02
1.619434542953968048e-02 1.347879879176616669e-02
1.741236075758934021e-02 8.400042541325092316e-03
1.893988251686096191e-02 6.429230794310569763e-03
1.975375227630138397e-02 5.637128371745347977e-03
2.154927700757980347e-02 4.209930077195167542e-03
2.224870026111602783e-02 3.735899925231933594e-03
2.575055137276649475e-02 1.790497219190001488e-03
2.702623233199119568e-02 1.208709203638136387e-03
3.120412118732929230e-02 -3.839198325295001268e-04
3.793305903673171997e-02 -2.261421643197536469e-03
4.351594671607017517e-02 -3.383901901543140411e-03
5.114633962512016296e-02 -4.462148994207382202e-03
5.849219858646392822e-02 -5.120574496686458588e-03
6.203797087073326111e-02 -5.332590546458959579e-03
6.691163778305053711e-02 -5.532212555408477783e-03
7.503127306699752808e-02 -5.676328670233488083e-03
8.383267372846603394e-02 -5.639520008116960526e-03
8.774618059396743774e-02 -5.577031522989273071e-03
9.187612682580947876e-02 -5.487774033099412918e-03
9.858886897563934326e-02 -5.302526988089084625e-03
1.154767572879791260e-01 -4.692476242780685425e-03
1.221337765455245972e-01 -4.416549578309059143e-03
1.452474296092987061e-01 -3.377873217687010765e-03
1.652421355247497559e-01 -2.424094593152403831e-03
1.693077981472015381e-01 -2.226516371592879295e-03
1.824230551719665527e-01 -1.583292498253285885e-03
1.946628540754318237e-01 -9.764048736542463303e-04
2.036075741052627563e-01 -5.296568269841372967e-04
2.071615606546401978e-01 -3.514559648465365171e-04
2.163647115230560303e-01 1.115888735512271523e-04
2.234742939472198486e-01 4.708067863248288631e-04
2.336114048957824707e-01 9.851594222709536552e-04
2.396682500839233398e-01 1.293620793148875237e-03
2.488373816013336182e-01 1.762185129337012768e-03
2.560427784919738770e-01 2.131690736860036850e-03
2.703199982643127441e-01 2.867186907678842545e-03
2.806130945682525635e-01 3.400177229195833206e-03
2.916483283042907715e-01 3.974109422415494919e-03
2.960761785507202148e-01 4.205137491226196289e-03
3.177707195281982422e-01 5.343142431229352951e-03
3.381435573101043701e-01 6.421048659831285477e-03
3.413600921630859375e-01 6.592042744159698486e-03
3.455766141414642334e-01 6.816537585109472275e-03
3.747593164443969727e-01 8.380369283258914948e-03
3.784090876579284668e-01 8.577163331210613251e-03
3.859154582023620605e-01 8.982663974165916443e-03
3.989339172840118408e-01 9.688320569694042206e-03
4.081581532955169678e-01 1.018996164202690125e-02
4.186328649520874023e-01 1.076100766658782959e-02
4.526395201683044434e-01 1.262068003416061401e-02
4.592498242855072021e-01 1.298211608082056046e-02
4.642791748046875000e-01 1.325681991875171661e-02
4.668856263160705566e-01 1.339906081557273865e-02
4.906564056873321533e-01 1.468921359628438950e-02
5.002263188362121582e-01 1.520306058228015900e-02
5.126338601112365723e-01 1.586198993027210236e-02
5.176161527633666992e-01 1.612371020019054413e-02
5.321335792541503906e-01 1.687460578978061676e-02
5.372843742370605469e-01 1.713611744344234467e-02
5.526916384696960449e-01 1.789963245391845703e-02
5.539514422416687012e-01 1.796068064868450165e-02
5.632363557815551758e-01 1.840328052639961243e-02
5.744868516921997070e-01 1.892067492008209229e-02
5.869595408439636230e-01 1.946680434048175812e-02
6.075245141983032227e-01 2.029453963041305542e-02
6.160891652107238770e-01 2.060943655669689178e-02
6.278144717216491699e-01 2.100949920713901520e-02
6.322012543678283691e-01 2.114954218268394470e-02
6.438460350036621094e-01 2.149478532373905182e-02
6.496728658676147461e-01 2.165269106626510620e-02
6.534006595611572266e-01 2.174839936196804047e-02
6.694598793983459473e-01 2.211231365799903870e-02
6.988645792007446289e-01 2.256961353123188019e-02
7.244613170623779297e-01 2.274410426616668701e-02
7.286112308502197266e-01 2.275281213223934174e-02
7.438095211982727051e-01 2.273845858871936798e-02
7.483791708946228027e-01 2.272002212703227997e-02
7.703186273574829102e-01 2.254158258438110352e-02
7.906976938247680664e-01 2.224433980882167816e-02
8.103368878364562988e-01 2.183992601931095123e-02
8.161817193031311035e-01 2.169740572571754456e-02
8.337240815162658691e-01 2.120884321630001068e-02
8.456801176071166992e-01 2.082356996834278107e-02
8.562390804290771484e-01 2.044789679348468781e-02
8.604735136032104492e-01 2.028784155845642090e-02
8.745265603065490723e-01 1.971778459846973419e-02
8.791028261184692383e-01 1.951912790536880493e-02
8.844950795173645020e-01 1.927674002945423126e-02
8.892964124679565430e-01 1.905330829322338104e-02
8.985718488693237305e-01 1.860116608440876007e-02
9.025838375091552734e-01 1.839715614914894104e-02
9.129875302314758301e-01 1.784429326653480530e-02
9.198778271675109863e-01 1.745931617915630341e-02
9.317975044250488281e-01 1.675965823233127594e-02
9.415427446365356445e-01 1.616164855659008026e-02
9.536573886871337891e-01 1.541585288941860199e-02
9.612419605255126953e-01 1.500407513231039047e-02
9.627346396446228027e-01 1.493851281702518463e-02
9.635859131813049316e-01 1.490498799830675125e-02
