9.653433561325073242e-01 2.419416233897209167e-02
9.652187228202819824e-01 2.428484149277210236e-02
9.642986059188842773e-01 2.490043267607688904e-02
9.627201557159423828e-01 2.585318684577941895e-02
9.608991742134094238e-01 2.687529847025871277e-02
9.588240385055541992e-01 2.798133343458175659e-02
9.536160230636596680e-01 3.058589063584804535e-02
9.520785212516784668e-01 3.132087737321853638e-02
9.493348002433776855e-01 3.260261192917823792e-02
9.466706514358520508e-01 3.381508961319923401e-02
9.377324581146240234e-01 3.769546747207641602e-02
9.354854822158813477e-01 3.863241896033287048e-02
9.292789697647094727e-01 4.115201532840728760e-02
9.195625782012939453e-01 4.491857439279556274e-02
9.116691350936889648e-01 4.783891141414642334e-02
9.061377644538879395e-01 4.981852695345878601e-02
8.968408703804016113e-01 5.303171277046203613e-02
8.907694816589355469e-01 5.505803972482681274e-02
8.829246759414672852e-01 5.759691074490547180e-02
8.794256448745727539e-01 5.870180204510688782e-02
8.594405055046081543e-01 6.470695883035659790e-02
8.550522327423095703e-01 6.595944613218307495e-02
8.489895462989807129e-01 6.765262037515640259e-02
8.450286388397216797e-01 6.873591989278793335e-02
8.350594043731689453e-01 7.138468325138092041e-02
8.268472552299499512e-01 7.348521053791046143e-02
8.180850744247436523e-01 7.564783841371536255e-02
8.096327185630798340e-01 7.765910774469375610e-02
7.998753190040588379e-01 7.989197224378585815e-02
7.860596776008605957e-01 8.289501070976257324e-02
7.736891508102416992e-01 8.543093502521514893e-02
7.556352019309997559e-01 8.888127654790878296e-02
7.421126365661621094e-01 9.127662330865859985e-02
7.382213473320007324e-01 9.193661063909530640e-02
7.247852087020874023e-01 9.411700814962387085e-02
7.164564132690429688e-01 9.539289772510528564e-02
6.969421505928039551e-01 9.816097468137741089e-02
6.667365431785583496e-01 1.018524691462516785e-01
6.457956433296203613e-01 1.040028557181358337e-01
6.365869045257568359e-01 1.048452183604240417e-01
6.152753233909606934e-01 1.065572202205657959e-01
6.075632572174072266e-01 1.070959642529487610e-01
5.874068140983581543e-01 1.083038821816444397e-01
5.720471739768981934e-01 1.090314388275146484e-01
5.633635520935058594e-01 1.093693897128105164e-01
5.520586967468261719e-01 1.097300425171852112e-01
5.257070660591125488e-01 1.102229878306388855e-01
5.145573019981384277e-01 1.102847307920455933e-01
5.017032027244567871e-01 1.102470308542251587e-01
4.942528009414672852e-01 1.101716607809066772e-01
4.762470126152038574e-01 1.098263040184974670e-01
4.652159810066223145e-01 1.095000952482223511e-01
4.507508873939514160e-01 1.089395582675933838e-01
4.376995861530303955e-01 1.083038076758384705e-01
4.180732071399688721e-01 1.071144789457321167e-01
4.053979516029357910e-01 1.061969771981239319e-01
3.881061375141143799e-01 1.047560125589370728e-01
3.741429746150970459e-01 1.034332066774368286e-01
3.694156408309936523e-01 1.029532402753829956e-01
3.536724150180816650e-01 1.012379899621009827e-01
3.432366549968719482e-01 1.000024750828742981e-01
3.308468163013458252e-01 9.843421727418899536e-02
3.165939748287200928e-01 9.649506211280822754e-02
3.052061200141906738e-01 9.484256803989410400e-02
2.874498665332794189e-01 9.208459407091140747e-02
2.785255610942840576e-01 9.061547368764877319e-02
2.589806318283081055e-01 8.720498532056808472e-02
2.549142241477966309e-01 8.646212518215179443e-02
2.430945634841918945e-01 8.423768728971481323e-02
2.285886406898498535e-01 8.137440681457519531e-02
2.212118506431579590e-01 7.986147701740264893e-02
2.167878001928329468e-01 7.893557101488113403e-02
2.069707363843917847e-01 7.683075219392776489e-02
1.920970380306243896e-01 7.350738346576690674e-02
1.822398453950881958e-01 7.121339440345764160e-02
1.743566244840621948e-01 6.932463496923446655e-02
1.653281450271606445e-01 6.710068881511688232e-02
1.399450004100799561e-01 6.047915294766426086e-02
1.272566020488739014e-01 5.694846808910369873e-02
1.145300939679145813e-01 5.324316397309303284e-02
1.099400371313095093e-01 5.186334997415542603e-02
9.734258800745010376e-02 4.794746637344360352e-02
8.746107667684555054e-02 4.473064839839935303e-02
7.735715806484222412e-02 4.129096493124961853e-02
5.532696843147277832e-02 3.312636166810989380e-02
3.982341289520263672e-02 2.657377533614635468e-02
3.196406364440917969e-02 2.280427701771259308e-02
2.961210347712039948e-02 2.158006094396114349e-02
2.338877692818641663e-02 1.798027940094470978e-02
2.057932876050472260e-02 1.605983264744281769e-02
1.672866195440292358e-02 1.260134112089872360e-02
1.594256795942783356e-02 1.153480540961027145e-02
1.512642484158277512e-02 8.591308258473873138e-03
1.603933982551097870e-02 6.631206255406141281e-03
1.726815849542617798e-02 5.496292375028133392e-03
2.005930617451667786e-02 3.900064853951334953e-03
2.214273810386657715e-02 3.043038537725806236e-03
2.568233944475650787e-02 1.882959739305078983e-03
2.774360589683055878e-02 1.311538158915936947e-03
3.596546128392219543e-02 -5.593397654592990875e-04
3.901037946343421936e-02 -1.150902477093040943e-03
4.607351869344711304e-02 -2.405100502073764801e-03
4.874407127499580383e-02 -2.849314827471971512e-03
5.206843838095664978e-02 -3.386376192793250084e-03
5.980259180068969727e-02 -4.589851479977369308e-03
6.513090431690216064e-02 -5.397515371441841125e-03
8.977176994085311890e-02 -9.137716144323348999e-03
9.792529046535491943e-02 -1.041622459888458252e-02
1.137908995151519775e-01 -1.295098569244146347e-02
1.278065145015716553e-01 -1.518059801310300827e-02
1.340714544057846069e-01 -1.615568622946739197e-02
1.395139992237091064e-01 -1.698664948344230652e-02
1.474274992942810059e-01 -1.816344261169433594e-02
1.535192877054214478e-01 -1.904134079813957214e-02
1.667894124984741211e-01 -2.086295560002326965e-02
1.798866093158721924e-01 -2.253528498113155365e-02
1.922533512115478516e-01 -2.400068379938602448e-02
2.049912512302398682e-01 -2.539822831749916077e-02
2.187501043081283569e-01 -2.678545936942100525e-02
2.280834466218948364e-01 -2.765701711177825928e-02
2.376438379287719727e-01 -2.849351800978183746e-02
2.406547069549560547e-01 -2.874540910124778748e-02
2.546563148498535156e-01 -2.984580025076866150e-02
2.610854208469390869e-01 -3.031256608664989471e-02
2.715291082859039307e-01 -3.102011233568191528e-02
2.746333777904510498e-01 -3.121845051646232605e-02
2.825903296470642090e-01 -3.170186653733253479e-02
2.959038317203521729e-01 -3.243095427751541138e-02
3.036237061023712158e-01 -3.280804678797721863e-02
3.134024739265441895e-01 -3.323740884661674500e-02
3.268086612224578857e-01 -3.373754024505615234e-02
3.337380588054656982e-01 -3.395539522171020508e-02
3.455542623996734619e-01 -3.426174074411392212e-02
3.516896963119506836e-01 -3.438782691955566406e-02
3.714055716991424561e-01 -3.463542461395263672e-02
3.790701925754547119e-01 -3.466466441750526428e-02
3.987705409526824951e-01 -3.455890342593193054e-02
4.012410342693328857e-01 -3.452664613723754883e-02
4.080372452735900879e-01 -3.441534191370010376e-02
4.231982529163360596e-01 -3.404458239674568176e-02
4.317350089550018311e-01 -3.375903889536857605e-02
4.364390969276428223e-01 -3.357739001512527466e-02
4.434460401535034180e-01 -3.327429294586181641e-02
4.510372281074523926e-01 -3.290138766169548035e-02
4.641509056091308594e-01 -3.214640170335769653e-02
4.680214226245880127e-01 -3.189650550484657288e-02
4.721876382827758789e-01 -3.161372989416122437e-02
4.790232777595520020e-01 -3.111876919865608215e-02
4.852213561534881592e-01 -3.063685819506645203e-02
4.893104732036590576e-01 -3.030183538794517517e-02
4.970251023769378662e-01 -2.963322028517723083e-02
5.099397897720336914e-01 -2.840995043516159058e-02
5.225046873092651367e-01 -2.710117772221565247e-02
5.286960601806640625e-01 -2.641604095697402954e-02
5.390669107437133789e-01 -2.521348930895328522e-02
5.446026921272277832e-01 -2.454544417560100555e-02
5.522621870040893555e-01 -2.359375171363353729e-02
5.648019313812255859e-01 -2.197469957172870636e-02
5.708722472190856934e-01 -2.116734534502029419e-02
5.819619894027709961e-01 -1.965957321226596832e-02
5.850273966789245605e-01 -1.923638023436069489e-02
6.020433902740478516e-01 -1.684929989278316498e-02
6.209699511528015137e-01 -1.414800435304641724e-02
6.229341626167297363e-01 -1.386648509651422501e-02
6.516743302345275879e-01 -9.760912507772445679e-03
6.793712973594665527e-01 -5.894584115594625473e-03
6.927637457847595215e-01 -4.079268313944339752e-03
7.166301012039184570e-01 -9.567748638801276684e-04
7.228864431381225586e-01 -1.648601901251822710e-04
7.387977838516235352e-01 1.794775016605854034e-03
7.637889981269836426e-01 4.704189486801624298e-03
7.750625610351562500e-01 5.945050157606601715e-03
7.891509532928466797e-01 7.430140860378742218e-03
8.027478456497192383e-01 8.792129345238208771e-03
8.210203051567077637e-01 1.050841435790061951e-02
8.356534838676452637e-01 1.178572326898574829e-02
8.501894474029541016e-01 1.296665985137224197e-02
8.625062108039855957e-01 1.389747951179742813e-02
8.866090774536132812e-01 1.553219649940729141e-02
8.966279625892639160e-01 1.614041440188884735e-02
9.092490673065185547e-01 1.685185544192790985e-02
9.130066037178039551e-01 1.705323345959186554e-02
9.183331131935119629e-01 1.733195409178733826e-02
9.233285188674926758e-01 1.758776605129241943e-02
9.314245581626892090e-01 1.799722760915756226e-02
9.400627613067626953e-01 1.844429969787597656e-02
9.442415237426757812e-01 1.867461577057838440e-02
9.513561129570007324e-01 1.911487244069576263e-02
9.590230584144592285e-01 1.973004639148712158e-02
9.665834903717041016e-01 2.067304775118827820e-02
9.678395390510559082e-01 2.088999003171920776e-02
9.685930609703063965e-01 2.103203721344470978e-02
