9.671645760536193848e-01 2.963799634017050266e-04
9.667408466339111328e-01 4.026199458166956902e-04
9.601766467094421387e-01 1.830725348554551601e-03
9.464080333709716797e-01 4.257867578417062759e-03
9.138125777244567871e-01 9.067844599485397339e-03
9.027643203735351562e-01 1.057285163551568985e-02
8.871194720268249512e-01 1.264796406030654907e-02
8.831734657287597656e-01 1.316352561116218567e-02
8.668857216835021973e-01 1.526745129376649857e-02
8.543052673339843750e-01 1.687256060540676117e-02
8.373464941978454590e-01 1.901848614215850830e-02
8.253242969512939453e-01 2.053161896765232086e-02
8.194268941879272461e-01 2.127215638756752014e-02
8.113980293273925781e-01 2.227897010743618011e-02
8.006872534751892090e-01 2.361989580094814301e-02
7.948855161666870117e-01 2.434533648192882538e-02
7.780627608299255371e-01 2.644460648298263550e-02
7.671598792076110840e-01 2.780094183981418610e-02
7.601196765899658203e-01 2.867434732615947723e-02
7.560968399047851562e-01 2.917239814996719360e-02
7.302790880203247070e-01 3.234430402517318726e-02
7.176392674446105957e-01 3.387617319822311401e-02
7.029815316200256348e-01 3.562899306416511536e-02
6.999271512031555176e-01 3.599059209227561951e-02
6.727985143661499023e-01 3.913504257798194885e-02
6.708790659904479980e-01 3.935242071747779846e-02
6.630882024765014648e-01 4.022715613245964050e-02
6.571865081787109375e-01 4.088126868009567261e-02
6.503228545188903809e-01 4.163223877549171448e-02
6.283794045448303223e-01 4.395793750882148743e-02
6.123638749122619629e-01 4.557687789201736450e-02
6.049063801765441895e-01 4.630652815103530884e-02
5.941880345344543457e-01 4.732697457075119019e-02
5.875197649002075195e-01 4.794456064701080322e-02
5.736397504806518555e-01 4.918598756194114685e-02
5.698478221893310547e-01 4.951450228691101074e-02
5.608450174331665039e-01 5.027573928236961365e-02
5.561445355415344238e-01 5.066252872347831726e-02
5.401402711868286133e-01 5.192310735583305359e-02
5.361317396163940430e-01 5.222489312291145325e-02
5.221392512321472168e-01 5.323323607444763184e-02
5.157102346420288086e-01 5.367255583405494690e-02
5.072531104087829590e-01 5.422690883278846741e-02
5.023970603942871094e-01 5.453292280435562134e-02
4.975389540195465088e-01 5.482997372746467590e-02
4.904051721096038818e-01 5.524948239326477051e-02
4.844430387020111084e-01 5.558459460735321045e-02
4.798361063003540039e-01 5.583374202251434326e-02
4.725317060947418213e-01 5.621108785271644592e-02
4.554270207881927490e-01 5.700770393013954163e-02
4.423192441463470459e-01 5.753326043486595154e-02
4.392043650150299072e-01 5.764705315232276917e-02
4.196552038192749023e-01 5.826104059815406799e-02
4.116191565990447998e-01 5.846217274665832520e-02
3.997109532356262207e-01 5.870373547077178955e-02
3.917900323867797852e-01 5.882624164223670959e-02
3.768663108348846436e-01 5.897216498851776123e-02
3.616733551025390625e-01 5.900374427437782288e-02
3.570706546306610107e-01 5.898945406079292297e-02
3.555796146392822266e-01 5.898239836096763611e-02
3.376727402210235596e-01 5.880411341786384583e-02
3.259953558444976807e-01 5.859287083148956299e-02
3.163209259510040283e-01 5.835967510938644409e-02
3.092172443866729736e-01 5.815435573458671570e-02
2.977551519870758057e-01 5.776119232177734375e-02
2.859887778759002686e-01 5.727684870362281799e-02
2.800596654415130615e-01 5.700135603547096252e-02
2.757667899131774902e-01 5.678861215710639954e-02
2.730898559093475342e-01 5.665025487542152405e-02
2.659506499767303467e-01 5.625979229807853699e-02
2.606111168861389160e-01 5.594716221094131470e-02
2.429124712944030762e-01 5.478324368596076965e-02
2.189980000257492065e-01 5.289205163717269897e-02
2.138588875532150269e-01 5.243672057986259460e-02
2.077201902866363525e-01 5.186967924237251282e-02
1.964176297187805176e-01 5.075875297188758850e-02
1.867223829030990601e-01 4.973525181412696838e-02
1.772744059562683105e-01 4.867336526513099670e-02
1.644890308380126953e-01 4.713117703795433044e-02
1.443295776844024658e-01 4.443701729178428650e-02
1.355103105306625366e-01 4.314845055341720581e-02
1.286610215902328491e-01 4.209711402654647827e-02
1.139810681343078613e-01 3.967906907200813293e-02
1.098501309752464294e-01 3.895400464534759521e-02
1.044579744338989258e-01 3.797483444213867188e-02
9.997285157442092896e-02 3.713020309805870056e-02
8.182686567306518555e-02 3.338666632771492004e-02
6.993390619754791260e-02 3.058122843503952026e-02
6.235732510685920715e-02 2.860559523105621338e-02
5.422652885317802429e-02 2.628172375261783600e-02
4.339301213622093201e-02 2.276312373578548431e-02
2.937535196542739868e-02 1.713480614125728607e-02
2.570169605314731598e-02 1.534512918442487717e-02
1.855655759572982788e-02 1.120016165077686310e-02
1.499767322093248367e-02 8.588287048041820526e-03
1.242773793637752533e-02 6.272011902183294296e-03
1.156442891806364059e-02 5.362222902476787567e-03
1.051636133342981339e-02 4.121557343751192093e-03
8.986236527562141418e-03 1.874581095762550831e-03
7.229766808450222015e-03 -2.796482993289828300e-03
9.709929116070270538e-03 -1.380124688148498535e-02
1.087198592722415924e-02 -1.554917078465223312e-02
1.359369233250617981e-02 -1.882590167224407196e-02
1.805426739156246185e-02 -2.296100929379463196e-02
2.298381924629211426e-02 -2.660637162625789642e-02
2.913817949593067169e-02 -3.036517836153507233e-02
3.102494403719902039e-02 -3.139120712876319885e-02
3.754301369190216064e-02 -3.459059819579124451e-02
5.161477252840995789e-02 -4.016111418604850769e-02
5.765974149107933044e-02 -4.214254766702651978e-02
6.462793052196502686e-02 -4.418947920203208923e-02
7.413782179355621338e-02 -4.663943871855735779e-02
9.184081852436065674e-02 -5.036181584000587463e-02
1.078836768865585327e-01 -5.301016941666603088e-02
1.184609755873680115e-01 -5.446251481771469116e-02
1.278980821371078491e-01 -5.559524893760681152e-02
1.393267214298248291e-01 -5.679105594754219055e-02
1.488261222839355469e-01 -5.765832588076591492e-02
1.583154499530792236e-01 -5.842516943812370300e-02
1.636621952056884766e-01 -5.881808325648307800e-02
1.848069578409194946e-01 -6.013565510511398315e-02
1.901871562004089355e-01 -6.041841581463813782e-02
1.977289170026779175e-01 -6.078366190195083618e-02
2.196767926216125488e-01 -6.166619807481765747e-02
2.377399355173110962e-01 -6.222316250205039978e-02
2.479585260152816772e-01 -6.248127669095993042e-02
2.628927230834960938e-01 -6.279359757900238037e-02
2.752893269062042236e-01 -6.300006806850433350e-02
2.888027429580688477e-01 -6.317573785781860352e-02
2.984071075916290283e-01 -6.327158957719802856e-02
3.152765929698944092e-01 -6.338566541671752930e-02
3.202915489673614502e-01 -6.340691447257995605e-02
3.264094591140747070e-01 -6.342524290084838867e-02
3.580656647682189941e-01 -6.339301913976669312e-02
3.645070493221282959e-01 -6.336136907339096069e-02
3.747427165508270264e-01 -6.329411268234252930e-02
3.805432617664337158e-01 -6.324686855077743530e-02
3.842275738716125488e-01 -6.321346759796142578e-02
3.973311781883239746e-01 -6.307329982519149780e-02
4.151730835437774658e-01 -6.282938271760940552e-02
4.259024858474731445e-01 -6.265340000391006470e-02
4.313480854034423828e-01 -6.255567073822021484e-02
4.420642852783203125e-01 -6.234690174460411072e-02
4.531453847885131836e-01 -6.210803613066673279e-02
4.617790579795837402e-01 -6.190577521920204163e-02
4.691873490810394287e-01 -6.172091886401176453e-02
4.730551242828369141e-01 -6.162026524543762207e-02
5.024150609970092773e-01 -6.076370924711227417e-02
5.145483613014221191e-01 -6.036205217242240906e-02
5.222632288932800293e-01 -6.009217351675033569e-02
5.295326113700866699e-01 -5.982760339975357056e-02
5.315626263618469238e-01 -5.975193530321121216e-02
5.565391778945922852e-01 -5.875692889094352722e-02
5.603194832801818848e-01 -5.859596654772758484e-02
5.777071118354797363e-01 -5.782010778784751892e-02
5.845058560371398926e-01 -5.750067532062530518e-02
5.913913846015930176e-01 -5.716775730252265930e-02
6.068846583366394043e-01 -5.638334155082702637e-02
6.133494973182678223e-01 -5.604116246104240417e-02
6.257737278938293457e-01 -5.535793676972389221e-02
6.379237771034240723e-01 -5.465568602085113525e-02
6.549658775329589844e-01 -5.360979959368705750e-02
6.784673333168029785e-01 -5.203814059495925903e-02
6.808658838272094727e-01 -5.186849087476730347e-02
6.933102011680603027e-01 -5.095820501446723938e-02
7.025376558303833008e-01 -5.024870485067367554e-02
7.078943848609924316e-01 -4.982239007949829102e-02
7.170104384422302246e-01 -4.907100647687911987e-02
7.282223701477050781e-01 -4.809907078742980957e-02
7.400081753730773926e-01 -4.701558127999305725e-02
7.450605630874633789e-01 -4.653021693229675293e-02
7.548748850822448730e-01 -4.554895311594009399e-02
7.655231356620788574e-01 -4.442285746335983276e-02
7.712621688842773438e-01 -4.378750920295715332e-02
7.785231471061706543e-01 -4.295328631997108459e-02
7.913876771926879883e-01 -4.138587042689323425e-02
7.963445186614990234e-01 -4.074932262301445007e-02
8.032631874084472656e-01 -3.982845321297645569e-02
8.131700158119201660e-01 -3.844009339809417725e-02
8.207719326019287109e-01 -3.731523826718330383e-02
8.317798376083374023e-01 -3.558748587965965271e-02
8.403694033622741699e-01 -3.415179252624511719e-02
8.448741436004638672e-01 -3.336616605520248413e-02
8.543633818626403809e-01 -3.163300454616546631e-02
8.618187308311462402e-01 -3.019267506897449493e-02
8.710325956344604492e-01 -2.831060253083705902e-02
8.976098895072937012e-01 -2.219458855688571930e-02
9.037496447563171387e-01 -2.063191868364810944e-02
9.400017857551574707e-01 -1.081125810742378235e-02
9.628307223320007324e-01 -6.014600861817598343e-03
9.661119580268859863e-01 -5.520521197468042374e-03
9.678610563278198242e-01 -5.273915827274322510e-03
