9.613415002822875977e-01 3.379447385668754578e-02
9.610381722450256348e-01 3.396736085414886475e-02
9.601541757583618164e-01 3.445259109139442444e-02
9.577221274375915527e-01 3.570248186588287354e-02
9.513686299324035645e-01 3.865532577037811279e-02
9.465653896331787109e-01 4.070175066590309143e-02
9.416503906250000000e-01 4.267719388008117676e-02
9.408968687057495117e-01 4.297100007534027100e-02
9.323095679283142090e-01 4.617497324943542480e-02
9.280652403831481934e-01 4.767249524593353271e-02
9.188523292541503906e-01 5.075840651988983154e-02
9.147611260414123535e-01 5.206457898020744324e-02
9.064055085182189941e-01 5.462405085563659668e-02
8.954739570617675781e-01 5.777718871831893921e-02
8.761755824089050293e-01 6.288288533687591553e-02
8.665114045143127441e-01 6.524813920259475708e-02
8.561966419219970703e-01 6.764776259660720825e-02
8.465108871459960938e-01 6.979289650917053223e-02
8.355098366737365723e-01 7.211169600486755371e-02
8.290045857429504395e-01 7.342762500047683716e-02
8.159041404724121094e-01 7.596108317375183105e-02
8.014248013496398926e-01 7.859183102846145630e-02
7.964164614677429199e-01 7.946298271417617798e-02
7.936881184577941895e-01 7.992942631244659424e-02
7.648962140083312988e-01 8.452559262514114380e-02
7.526202201843261719e-01 8.631634712219238281e-02
7.413781285285949707e-01 8.787455409765243530e-02
7.267690896987915039e-01 8.978886902332305908e-02
7.080531120300292969e-01 9.206933528184890747e-02
6.965373158454895020e-01 9.338176995515823364e-02
6.764812469482421875e-01 9.551181644201278687e-02
6.588853597640991211e-01 9.722532331943511963e-02
6.376716494560241699e-01 9.910733997821807861e-02
6.293085217475891113e-01 9.979566931724548340e-02
6.218944191932678223e-01 1.003808081150054932e-01
6.170123815536499023e-01 1.007532700896263123e-01
5.995932221412658691e-01 1.019997298717498779e-01
5.920304656028747559e-01 1.025005728006362915e-01
5.689597129821777344e-01 1.038747578859329224e-01
5.608398318290710449e-01 1.043020337820053101e-01
5.487445592880249023e-01 1.048821061849594116e-01
5.428676605224609375e-01 1.051389798521995544e-01
5.206966400146484375e-01 1.059542372822761536e-01
5.135927200317382812e-01 1.061616912484169006e-01
4.953968226909637451e-01 1.065668165683746338e-01
4.912219047546386719e-01 1.066331118345260620e-01
4.744885861873626709e-01 1.067937836050987244e-01
4.602391421794891357e-01 1.067918315529823303e-01
4.457587301731109619e-01 1.066514700651168823e-01
4.362064003944396973e-01 1.064790487289428711e-01
4.114764928817749023e-01 1.057218015193939209e-01
4.065710604190826416e-01 1.055161803960800171e-01
4.022547602653503418e-01 1.053195968270301819e-01
3.858470916748046875e-01 1.044357791543006897e-01
3.817396461963653564e-01 1.041799709200859070e-01
3.716076612472534180e-01 1.034885495901107788e-01
3.590931296348571777e-01 1.025135219097137451e-01
3.476611077785491943e-01 1.015034094452857971e-01
3.417467772960662842e-01 1.009353101253509521e-01
3.354969024658203125e-01 1.003007367253303528e-01
3.249748647212982178e-01 9.915206581354141235e-02
3.078962266445159912e-01 9.706939011812210083e-02
2.770775854587554932e-01 9.260845184326171875e-02
2.715887725353240967e-01 9.171665459871292114e-02
2.598696053028106689e-01 8.971194922924041748e-02
2.457172423601150513e-01 8.710515499114990234e-02
2.359780371189117432e-01 8.519070595502853394e-02
2.305449098348617554e-01 8.407925814390182495e-02
2.265832573175430298e-01 8.324895054101943970e-02
2.207021415233612061e-01 8.198509365320205688e-02
2.134930938482284546e-01 8.038425445556640625e-02
1.992107629776000977e-01 7.704085856676101685e-02
1.947962194681167603e-01 7.596012204885482788e-02
1.844726800918579102e-01 7.334283739328384399e-02
1.781121194362640381e-01 7.166595011949539185e-02
1.711230278015136719e-01 6.976500153541564941e-02
1.511523723602294922e-01 6.397876143455505371e-02
1.439006030559539795e-01 6.173953413963317871e-02
1.370473653078079224e-01 5.955072864890098572e-02
1.293111592531204224e-01 5.699056386947631836e-02
1.181775629520416260e-01 5.312743782997131348e-02
1.091505214571952820e-01 4.982604086399078369e-02
1.030621379613876343e-01 4.750520363450050354e-02
9.094252437353134155e-02 4.263116419315338135e-02
8.127798140048980713e-02 3.846404701471328735e-02
7.091487944126129150e-02 3.365668654441833496e-02
5.754162371158599854e-02 2.676249854266643524e-02
5.223548412322998047e-02 2.372805587947368622e-02
4.822105914354324341e-02 2.127395756542682648e-02
4.447024315595626831e-02 1.881976425647735596e-02
4.089544340968132019e-02 1.628488302230834961e-02
3.249970450997352600e-02 8.810185827314853668e-03
2.994274348020553589e-02 5.090173333883285522e-03
2.936632744967937469e-02 3.624869976192712784e-03
2.920739725232124329e-02 9.043866302818059921e-04
2.984010241925716400e-02 -6.277767242863774300e-04
3.078979253768920898e-02 -1.757010351866483688e-03
3.176762536168098450e-02 -2.535522682592272758e-03
3.323082625865936279e-02 -3.380417358130216599e-03
3.511335328221321106e-02 -4.167076665908098221e-03
3.755884990096092224e-02 -4.904334899038076401e-03
3.919270634651184082e-02 -5.281154066324234009e-03
5.155251547694206238e-02 -6.630850490182638168e-03
5.378086119890213013e-02 -6.705805193632841110e-03
6.382723152637481689e-02 -6.668435875326395035e-03
7.523845136165618896e-02 -6.070346571505069733e-03
8.342854678630828857e-02 -5.360710900276899338e-03
9.720595926046371460e-02 -3.729983698576688766e-03
1.121702715754508972e-01 -1.432082615792751312e-03
1.250036358833312988e-01 8.994145900942385197e-04
1.375311464071273804e-01 3.431490855291485786e-03
1.452175676822662354e-01 5.083868280053138733e-03
1.612597107887268066e-01 8.705329149961471558e-03
1.741430163383483887e-01 1.171965710818767548e-02
1.827757805585861206e-01 1.376346964389085770e-02
2.030313909053802490e-01 1.855188980698585510e-02
2.119454741477966309e-01 2.062925323843955994e-02
2.169440537691116333e-01 2.178088016808032990e-02
2.259357422590255737e-01 2.382354252040386200e-02
2.369072139263153076e-01 2.625786513090133667e-02
2.477526068687438965e-01 2.859325706958770752e-02
2.662456035614013672e-01 3.239570930600166321e-02
2.701283097267150879e-01 3.316371142864227295e-02
2.846397757530212402e-01 3.593777865171432495e-02
2.970497608184814453e-01 3.818800672888755798e-02
3.101046681404113770e-01 4.043325409293174744e-02
3.211238682270050049e-01 4.223193973302841187e-02
3.319132626056671143e-01 4.390890896320343018e-02
3.426816463470458984e-01 4.550122469663619995e-02
3.483828306198120117e-01 4.631204158067703247e-02
3.564576804637908936e-01 4.742312058806419373e-02
3.675647079944610596e-01 4.888180270791053772e-02
3.778663873672485352e-01 5.016499012708663940e-02
3.862552344799041748e-01 5.116228759288787842e-02
3.939298093318939209e-01 5.203861370682716370e-02
4.027378857135772705e-01 5.300358682870864868e-02
4.183576107025146484e-01 5.461371317505836487e-02
4.236893355846405029e-01 5.513545498251914978e-02
4.305924475193023682e-01 5.579122528433799744e-02
4.429410994052886963e-01 5.691209807991981506e-02
4.497157633304595947e-01 5.750063061714172363e-02
4.583408236503601074e-01 5.822518095374107361e-02
4.667579233646392822e-01 5.890776962041854858e-02
4.856445789337158203e-01 6.036351248621940613e-02
4.961516559123992920e-01 6.113552302122116089e-02
5.026243329048156738e-01 6.160006672143936157e-02
5.100592374801635742e-01 6.212469935417175293e-02
5.227261781692504883e-01 6.299974769353866577e-02
5.286620259284973145e-01 6.340274214744567871e-02
5.399785637855529785e-01 6.416006386280059814e-02
5.446830987930297852e-01 6.447080522775650024e-02
5.512659549713134766e-01 6.490153819322586060e-02
5.714479088783264160e-01 6.618776917457580566e-02
5.752707719802856445e-01 6.642426550388336182e-02
5.886972546577453613e-01 6.723085045814514160e-02
5.947506427764892578e-01 6.757976114749908447e-02
6.026444435119628906e-01 6.801791489124298096e-02
6.096123456954956055e-01 6.838640570640563965e-02
6.174444556236267090e-01 6.877703964710235596e-02
6.323838233947753906e-01 6.944082677364349365e-02
6.430015563964843750e-01 6.983696669340133667e-02
6.538437604904174805e-01 7.016715407371520996e-02
6.602306365966796875e-01 7.032335549592971802e-02
6.763780713081359863e-01 7.058069854974746704e-02
6.859206557273864746e-01 7.063402235507965088e-02
6.982203722000122070e-01 7.058806717395782471e-02
7.154690623283386230e-01 7.029639184474945068e-02
7.236198186874389648e-01 7.006336748600006104e-02
7.397264838218688965e-01 6.941910088062286377e-02
7.540473341941833496e-01 6.863828748464584351e-02
7.745456099510192871e-01 6.717593222856521606e-02
7.840461730957031250e-01 6.635956466197967529e-02
7.954672574996948242e-01 6.526145339012145996e-02
8.025265932083129883e-01 6.451878696680068970e-02
8.202790617942810059e-01 6.243456527590751648e-02
8.263809680938720703e-01 6.164632737636566162e-02
8.379688262939453125e-01 6.004766374826431274e-02
8.448454737663269043e-01 5.903564393520355225e-02
8.611518740653991699e-01 5.644629523158073425e-02
8.708982467651367188e-01 5.477058142423629761e-02
8.759134411811828613e-01 5.387083441019058228e-02
8.809745907783508301e-01 5.293703079223632812e-02
8.968729972839355469e-01 4.983608052134513855e-02
9.004753232002258301e-01 4.909858107566833496e-02
9.152023196220397949e-01 4.595609754323959351e-02
9.239342212677001953e-01 4.400516301393508911e-02
9.304441809654235840e-01 4.251733794808387756e-02
9.458739161491394043e-01 3.895663470029830933e-02
9.521322846412658691e-01 3.756279125809669495e-02
9.614292383193969727e-01 3.572105616331100464e-02
9.628096818923950195e-01 3.548878058791160583e-02
9.642280936241149902e-01 3.526476025581359863e-02
