9.547889232635498047e-01 -3.353585489094257355e-03
9.537262320518493652e-01 -3.122211899608373642e-03
9.481569528579711914e-01 -1.979653956368565559e-03
9.310741424560546875e-01 1.102378941141068935e-03
9.096252918243408203e-01 4.477326292544603348e-03
8.832603693008422852e-01 8.149928413331508636e-03
8.597108721733093262e-01 1.109133940190076828e-02
8.523414134979248047e-01 1.195520628243684769e-02
8.321907520294189453e-01 1.419400423765182495e-02
8.242543339729309082e-01 1.502983924001455307e-02
8.095557093620300293e-01 1.651585847139358521e-02
8.017957210540771484e-01 1.727033779025077820e-02
7.881706357002258301e-01 1.854982413351535797e-02
7.831016182899475098e-01 1.901233196258544922e-02
7.719800472259521484e-01 2.000397257506847382e-02
7.689028978347778320e-01 2.027317322790622711e-02
7.528655529022216797e-01 2.164418064057826996e-02
7.397137880325317383e-01 2.273415774106979370e-02
7.308486700057983398e-01 2.345461398363113403e-02
7.204800248146057129e-01 2.428509108722209930e-02
7.117276191711425781e-01 2.497744560241699219e-02
7.069025635719299316e-01 2.535623311996459961e-02
6.893048286437988281e-01 2.672296203672885895e-02
6.750578880310058594e-01 2.781534194946289062e-02
6.599002480506896973e-01 2.896589227020740509e-02
6.465539932250976562e-01 2.996955439448356628e-02
6.355870366096496582e-01 3.078749589622020721e-02
6.291177272796630859e-01 3.126689791679382324e-02
6.200234889984130859e-01 3.193661943078041077e-02
6.124920845031738281e-01 3.248720243573188782e-02
5.941069126129150391e-01 3.381377831101417542e-02
5.788069367408752441e-01 3.489565104246139526e-02
5.696188807487487793e-01 3.553415089845657349e-02
5.637975931167602539e-01 3.593386337161064148e-02
5.574226379394531250e-01 3.636700659990310669e-02
5.479560494422912598e-01 3.700075671076774597e-02
5.311356782913208008e-01 3.809623792767524719e-02
5.218489170074462891e-01 3.868267312645912170e-02
5.081275701522827148e-01 3.952279686927795410e-02
4.872273802757263184e-01 4.073604568839073181e-02
4.815457165241241455e-01 4.105084389448165894e-02
4.739646017551422119e-01 4.146027565002441406e-02
4.638424813747406006e-01 4.198720306158065796e-02
4.582182466983795166e-01 4.226991906762123108e-02
4.440695643424987793e-01 4.294776171445846558e-02
4.335584044456481934e-01 4.341913759708404541e-02
4.223051965236663818e-01 4.389198869466781616e-02
4.180912375450134277e-01 4.406034201383590698e-02
4.130857586860656738e-01 4.425399750471115112e-02
4.056722819805145264e-01 4.452802240848541260e-02
3.936324119567871094e-01 4.493974521756172180e-02
3.844321668148040771e-01 4.522587731480598450e-02
3.757418692111968994e-01 4.547295346856117249e-02
3.622523248195648193e-01 4.581082984805107117e-02
3.529753386974334717e-01 4.601031914353370667e-02
3.469492495059967041e-01 4.612529650330543518e-02
3.412925899028778076e-01 4.622264951467514038e-02
3.331088721752166748e-01 4.634515196084976196e-02
3.255659341812133789e-01 4.643862694501876831e-02
3.117167949676513672e-01 4.656087607145309448e-02
3.021182417869567871e-01 4.660742357373237610e-02
2.936207056045532227e-01 4.662198945879936218e-02
2.861055135726928711e-01 4.661358520388603210e-02
2.774389386177062988e-01 4.657854884862899780e-02
2.746165394783020020e-01 4.656114801764488220e-02
2.657315433025360107e-01 4.648681357502937317e-02
2.562945187091827393e-01 4.637437686324119568e-02
2.440582513809204102e-01 4.617488756775856018e-02
2.214325815439224243e-01 4.563307017087936401e-02
2.095521241426467896e-01 4.524924978613853455e-02
2.017775326967239380e-01 4.495706036686897278e-02
1.800842881202697754e-01 4.394869878888130188e-02
1.746304929256439209e-01 4.364549368619918823e-02
1.707836836576461792e-01 4.341834783554077148e-02
1.649748086929321289e-01 4.305349662899971008e-02
1.603287160396575928e-01 4.274177178740501404e-02
1.518103331327438354e-01 4.212114214897155762e-02
1.420495361089706421e-01 4.132503271102905273e-02
1.282959133386611938e-01 4.002949222922325134e-02
1.213781982660293579e-01 3.929138183593750000e-02
1.142398193478584290e-01 3.846185654401779175e-02
1.061779186129570007e-01 3.743399307131767273e-02
9.733875840902328491e-02 3.618368878960609436e-02
8.800534904003143311e-02 3.470522910356521606e-02
8.276806771755218506e-02 3.379573673009872437e-02
7.817801088094711304e-02 3.294643759727478027e-02
6.216008961200714111e-02 2.953731827437877655e-02
4.948930069804191589e-02 2.622361481189727783e-02
3.892431780695915222e-02 2.288061752915382385e-02
2.999695576727390289e-02 1.945903152227401733e-02
2.024288102984428406e-02 1.468104869127273560e-02
1.285626180469989777e-02 9.518180042505264282e-03
1.113559398800134659e-02 7.859060540795326233e-03
8.879768662154674530e-03 4.977352917194366455e-03
7.437842432409524918e-03 1.741425949148833752e-03
7.138545159250497818e-03 6.482554454123601317e-05
7.162720896303653717e-03 -1.821226207539439201e-03
8.456017822027206421e-03 -5.816394463181495667e-03
9.880656376481056213e-03 -8.023939095437526703e-03
1.144718378782272339e-02 -9.864835999906063080e-03
1.386378146708011627e-02 -1.215072814375162125e-02
1.827163062989711761e-02 -1.545923948287963867e-02
2.636504732072353363e-02 -2.016033604741096497e-02
3.605433553457260132e-02 -2.462039515376091003e-02
4.196329042315483093e-02 -2.696269378066062927e-02
5.795384198427200317e-02 -3.235793858766555786e-02
6.479142606258392334e-02 -3.434559702873229980e-02
7.294160127639770508e-02 -3.651621937751770020e-02
8.172607421875000000e-02 -3.864433988928794861e-02
8.784848451614379883e-02 -4.001163318753242493e-02
1.062650084495544434e-01 -4.362307116389274597e-02
1.141600981354713440e-01 -4.496599361300468445e-02
1.181962192058563232e-01 -4.560946300625801086e-02
1.282877475023269653e-01 -4.709914699196815491e-02
1.463757455348968506e-01 -4.938136041164398193e-02
1.518192440271377563e-01 -4.997980594635009766e-02
1.637544035911560059e-01 -5.116296187043190002e-02
1.697865724563598633e-01 -5.169805139303207397e-02
1.772469431161880493e-01 -5.230573192238807678e-02
1.815922707319259644e-01 -5.263354629278182983e-02
2.003487199544906616e-01 -5.384756252169609070e-02
2.078031748533248901e-01 -5.424764752388000488e-02
2.137162983417510986e-01 -5.453491955995559692e-02
2.237483114004135132e-01 -5.496571213006973267e-02
2.354264259338378906e-01 -5.538494512438774109e-02
2.439649254083633423e-01 -5.564050748944282532e-02
2.541053593158721924e-01 -5.589307472109794617e-02
2.587321996688842773e-01 -5.599116906523704529e-02
2.696251273155212402e-01 -5.618271976709365845e-02
2.743367254734039307e-01 -5.624941363930702209e-02
2.879651784896850586e-01 -5.639144033193588257e-02
2.982943654060363770e-01 -5.645231157541275024e-02
3.094111382961273193e-01 -5.647646635770797729e-02
3.167724311351776123e-01 -5.647031590342521667e-02
3.330157995223999023e-01 -5.639861151576042175e-02
3.411681950092315674e-01 -5.633424967527389526e-02
3.522497713565826416e-01 -5.621809884905815125e-02
3.599503934383392334e-01 -5.611876025795936584e-02
3.674269020557403564e-01 -5.600824207067489624e-02
3.753928542137145996e-01 -5.587568506598472595e-02
3.847942352294921875e-01 -5.570017918944358826e-02
3.919348418712615967e-01 -5.555348470807075500e-02
4.000530242919921875e-01 -5.537298321723937988e-02
4.080191850662231445e-01 -5.518200993537902832e-02
4.180957376956939697e-01 -5.492123216390609741e-02
4.265629947185516357e-01 -5.468589439988136292e-02
4.372289776802062988e-01 -5.436886847019195557e-02
4.477019608020782471e-01 -5.403567105531692505e-02
4.568489193916320801e-01 -5.372734367847442627e-02
4.663864076137542725e-01 -5.338894575834274292e-02
4.778994619846343994e-01 -5.295787379145622253e-02
4.951489269733428955e-01 -5.226677656173706055e-02
5.063530802726745605e-01 -5.178933218121528625e-02
5.279072523117065430e-01 -5.080878734588623047e-02
5.416805148124694824e-01 -5.013982951641082764e-02
5.519610047340393066e-01 -4.961903765797615051e-02
5.660724639892578125e-01 -4.887393489480018616e-02
5.713953971862792969e-01 -4.858369007706642151e-02
5.823616385459899902e-01 -4.796960577368736267e-02
5.909579396247863770e-01 -4.747272655367851257e-02
6.096654534339904785e-01 -4.634243622422218323e-02
6.256508231163024902e-01 -4.532038047909736633e-02
6.372073292732238770e-01 -4.454686492681503296e-02
6.403640508651733398e-01 -4.433023184537887573e-02
6.534152626991271973e-01 -4.340906813740730286e-02
6.593974828720092773e-01 -4.297247901558876038e-02
6.728430390357971191e-01 -4.195592552423477173e-02
6.933348774909973145e-01 -4.030446708202362061e-02
6.985498070716857910e-01 -3.986275196075439453e-02
7.094184160232543945e-01 -3.891187906265258789e-02
7.192829251289367676e-01 -3.801133483648300171e-02
7.278631925582885742e-01 -3.719706833362579346e-02
7.412837147712707520e-01 -3.586159273982048035e-02
7.464169263839721680e-01 -3.532959148287773132e-02
7.631865143775939941e-01 -3.350372985005378723e-02
7.703640460968017578e-01 -3.267852962017059326e-02
7.792235612869262695e-01 -3.162132576107978821e-02
7.838266491889953613e-01 -3.105452470481395721e-02
7.957966327667236328e-01 -2.952166460454463959e-02
8.060618042945861816e-01 -2.813596650958061218e-02
8.278944492340087891e-01 -2.495408803224563599e-02
8.324007391929626465e-01 -2.425554767251014709e-02
8.433576226234436035e-01 -2.249550260603427887e-02
8.501564860343933105e-01 -2.135920710861682892e-02
8.698418140411376953e-01 -1.788602955639362335e-02
8.718893527984619141e-01 -1.751053705811500549e-02
8.930352330207824707e-01 -1.353692915290594101e-02
9.126673340797424316e-01 -9.959148243069648743e-03
9.308067560195922852e-01 -7.442277390509843826e-03
9.444500207901000977e-01 -6.623658817261457443e-03
9.492034912109375000e-01 -6.595443468540906906e-03
9.539929628372192383e-01 -6.688651163130998611e-03
