9.715979695320129395e-01 3.640662878751754761e-02
9.714850187301635742e-01 3.652000799775123596e-02
9.709362387657165527e-01 3.700601309537887573e-02
9.685276150703430176e-01 3.879923373460769653e-02
9.651649594306945801e-01 4.105613008141517639e-02
9.612178802490234375e-01 4.356865212321281433e-02
9.528825879096984863e-01 4.861884564161300659e-02
9.484216570854187012e-01 5.122210830450057983e-02
9.410316944122314453e-01 5.541322752833366394e-02
9.364795088768005371e-01 5.792734399437904358e-02
9.268017411231994629e-01 6.311962008476257324e-02
9.232374429702758789e-01 6.498263031244277954e-02
9.159644246101379395e-01 6.870644539594650269e-02
9.063618779182434082e-01 7.347150892019271851e-02
8.896614313125610352e-01 8.137479424476623535e-02
8.840240240097045898e-01 8.393868803977966309e-02
8.752475976943969727e-01 8.783078193664550781e-02
8.643598556518554688e-01 9.249687194824218750e-02
8.475927114486694336e-01 9.934844076633453369e-02
8.322063684463500977e-01 1.052976772189140320e-01
8.168110251426696777e-01 1.109447628259658813e-01
8.060983419418334961e-01 1.147020235657691956e-01
7.817178964614868164e-01 1.227541714906692505e-01
7.758194208145141602e-01 1.246023401618003845e-01
7.557600736618041992e-01 1.306105852127075195e-01
7.463218569755554199e-01 1.332941800355911255e-01
7.245190143585205078e-01 1.391578018665313721e-01
7.144169807434082031e-01 1.417210996150970459e-01
6.890518665313720703e-01 1.477458775043487549e-01
6.807863712310791016e-01 1.495856344699859619e-01
6.631990075111389160e-01 1.533038318157196045e-01
6.487035155296325684e-01 1.561711132526397705e-01
6.346893310546875000e-01 1.587765514850616455e-01
6.218325495719909668e-01 1.610242426395416260e-01
6.069868206977844238e-01 1.634509265422821045e-01
6.009029746055603027e-01 1.643932908773422241e-01
5.783538818359375000e-01 1.676213890314102173e-01
5.603197216987609863e-01 1.699010431766510010e-01
5.443695187568664551e-01 1.716904342174530029e-01
5.275608301162719727e-01 1.733414530754089355e-01
5.176009535789489746e-01 1.742040961980819702e-01
5.078744888305664062e-01 1.749620288610458374e-01
4.946462213993072510e-01 1.758564412593841553e-01
4.789570271968841553e-01 1.767091006040573120e-01
4.687303304672241211e-01 1.771406233310699463e-01
4.607416987419128418e-01 1.774081885814666748e-01
4.477310478687286377e-01 1.777110844850540161e-01
4.390336573123931885e-01 1.778201013803482056e-01
4.334124922752380371e-01 1.778502464294433594e-01
4.169707298278808594e-01 1.777530908584594727e-01
4.037416577339172363e-01 1.774709671735763550e-01
3.944201767444610596e-01 1.771608144044876099e-01
3.887510001659393311e-01 1.769266426563262939e-01
3.700994551181793213e-01 1.759093701839447021e-01
3.647622466087341309e-01 1.755477041006088257e-01
3.602887690067291260e-01 1.752202212810516357e-01
3.417023122310638428e-01 1.736184954643249512e-01
3.359076976776123047e-01 1.730388998985290527e-01
3.302775919437408447e-01 1.724389493465423584e-01
3.146975934505462646e-01 1.705878227949142456e-01
2.967358231544494629e-01 1.681016683578491211e-01
2.845989465713500977e-01 1.662054210901260376e-01
2.769066393375396729e-01 1.649123132228851318e-01
2.686803042888641357e-01 1.634503602981567383e-01
2.604891359806060791e-01 1.619127839803695679e-01
2.474746108055114746e-01 1.593000590801239014e-01
2.381251454353332520e-01 1.572929024696350098e-01
2.246615886688232422e-01 1.542082279920578003e-01
2.065497487783432007e-01 1.496885418891906738e-01
1.738016754388809204e-01 1.403886377811431885e-01
1.681099832057952881e-01 1.386162936687469482e-01
1.572218388319015503e-01 1.350896805524826050e-01
1.476809829473495483e-01 1.318468749523162842e-01
1.423687785863876343e-01 1.299768686294555664e-01
1.298401951789855957e-01 1.253747791051864624e-01
1.223309189081192017e-01 1.224801987409591675e-01
1.192782521247863770e-01 1.212727352976799011e-01
1.080778166651725769e-01 1.166809871792793274e-01
9.756960719823837280e-02 1.121244505047798157e-01
9.161641448736190796e-02 1.094259321689605713e-01
8.512365818023681641e-02 1.063773706555366516e-01
7.111898809671401978e-02 9.937946498394012451e-02
5.902137234807014465e-02 9.278131276369094849e-02
5.270596593618392944e-02 8.908705413341522217e-02
4.118135571479797363e-02 8.178617805242538452e-02
3.135165944695472717e-02 7.480473816394805908e-02
2.328169345855712891e-02 6.832250952720642090e-02
1.738367788493633270e-02 6.295222789049148560e-02
1.371284667402505875e-02 5.921840667724609375e-02
1.027416065335273743e-02 5.533234402537345886e-02
5.364457610994577408e-03 4.876216873526573181e-02
4.407629312481731176e-04 3.955510631203651428e-02
-6.986416992731392384e-04 3.644617646932601929e-02
-2.350954804569482803e-03 2.899976447224617004e-02
-2.614442259073257446e-03 2.403434365987777710e-02
-1.478139078244566917e-03 1.531058177351951599e-02
-1.538398064440116286e-04 1.095904316753149033e-02
3.297925693914294243e-03 3.555154893547296524e-03
6.619647610932588577e-03 -1.505260472185909748e-03
7.786936592310667038e-03 -3.013742621988058090e-03
9.648627601563930511e-03 -5.201154854148626328e-03
1.358804479241371155e-02 -9.114442393183708191e-03
1.552062295377254486e-02 -1.074039191007614136e-02
2.114643156528472900e-02 -1.458214037120342255e-02
2.720456384122371674e-02 -1.749921776354312897e-02
3.583142161369323730e-02 -1.998045109212398529e-02
4.174513742327690125e-02 -2.082483656704425812e-02
4.570515081286430359e-02 -2.109651453793048859e-02
5.414250493049621582e-02 -2.109375596046447754e-02
6.354609876871109009e-02 -2.045721933245658875e-02
8.492558449506759644e-02 -1.784753799438476562e-02
9.220280498266220093e-02 -1.681651547551155090e-02
1.037617772817611694e-01 -1.515356916934251785e-02
1.132862791419029236e-01 -1.379642356187105179e-02
1.288217902183532715e-01 -1.165268849581480026e-02
1.351815909147262573e-01 -1.080578565597534180e-02
1.466628909111022949e-01 -9.324330836534500122e-03
1.569682359695434570e-01 -8.045686408877372742e-03
1.707497388124465942e-01 -6.406953092664480209e-03
1.779511868953704834e-01 -5.581001751124858856e-03
1.925105303525924683e-01 -3.969743847846984863e-03
1.971550434827804565e-01 -3.471297910436987877e-03
2.031451910734176636e-01 -2.838936634361743927e-03
2.093345969915390015e-01 -2.197570400312542915e-03
2.275806665420532227e-01 -3.743045381270349026e-04
2.324327081441879272e-01 9.427654731553047895e-05
2.427151799201965332e-01 1.065604388713836670e-03
2.477838993072509766e-01 1.533718430437147617e-03
2.676844894886016846e-01 3.304307349026203156e-03
2.768202722072601318e-01 4.081251099705696106e-03
2.850379049777984619e-01 4.760622046887874603e-03
2.943026423454284668e-01 5.504035856574773788e-03
3.045991063117980957e-01 6.301606073975563049e-03
3.081425130367279053e-01 6.568944547325372696e-03
3.332794010639190674e-01 8.355815894901752472e-03
3.418300449848175049e-01 8.917704224586486816e-03
3.549549877643585205e-01 9.731883183121681213e-03
3.633857369422912598e-01 1.022274326533079147e-02
3.716102838516235352e-01 1.067640073597431183e-02
3.810192346572875977e-01 1.116386707872152328e-02
3.910543024539947510e-01 1.164545491337776184e-02
3.982555270195007324e-01 1.196595467627048492e-02
4.051331877708435059e-01 1.225203834474086761e-02
4.113237261772155762e-01 1.249252632260322571e-02
4.211950004100799561e-01 1.284212525933980942e-02
4.311853051185607910e-01 1.315293647348880768e-02
4.429360032081604004e-01 1.346257422119379044e-02
4.549470245838165283e-01 1.371650677174329758e-02
4.698798060417175293e-01 1.394504308700561523e-02
4.766955971717834473e-01 1.401790697127580643e-02
4.856187701225280762e-01 1.408444903790950775e-02
4.938178658485412598e-01 1.411764882504940033e-02
4.997617006301879883e-01 1.412559207528829575e-02
5.094340443611145020e-01 1.411088649183511734e-02
5.272883772850036621e-01 1.400070730596780777e-02
5.345537066459655762e-01 1.392795424908399582e-02
5.475262403488159180e-01 1.376286055892705917e-02
5.568214654922485352e-01 1.362000033259391785e-02
5.618004202842712402e-01 1.353604905307292938e-02
5.718525052070617676e-01 1.335274893790483475e-02
5.867580771446228027e-01 1.305265258997678757e-02
6.053565740585327148e-01 1.264437008649110794e-02
6.169397830963134766e-01 1.237849984318017960e-02
6.250200271606445312e-01 1.219040993601083755e-02
6.364490389823913574e-01 1.192345935851335526e-02
6.411446332931518555e-01 1.181416492909193039e-02
6.519820690155029297e-01 1.156436838209629059e-02
6.666955351829528809e-01 1.123438775539398193e-02
6.718950271606445312e-01 1.112127583473920822e-02
7.041650414466857910e-01 1.047722715884447098e-02
7.174168825149536133e-01 1.024919841438531876e-02
7.232403755187988281e-01 1.015701051801443100e-02
7.365777492523193359e-01 9.966118261218070984e-03
7.467001676559448242e-01 9.841548278927803040e-03
7.657926678657531738e-01 9.659442119300365448e-03
7.745616436004638672e-01 9.601059369742870331e-03
7.904722094535827637e-01 9.539889171719551086e-03
7.960640788078308105e-01 9.533077478408813477e-03
8.205848932266235352e-01 9.603920392692089081e-03
8.316226601600646973e-01 9.695350192487239838e-03
8.469607830047607422e-01 9.893262758851051331e-03
8.581176996231079102e-01 1.009569503366947174e-02
8.751624226570129395e-01 1.051678694784641266e-02
8.858302831649780273e-01 1.086171902716159821e-02
9.135688543319702148e-01 1.215701177716255188e-02
9.217653870582580566e-01 1.269153133034706116e-02
9.408119320869445801e-01 1.437765359878540039e-02
9.575039744377136230e-01 1.682820916175842285e-02
9.634092450141906738e-01 1.818329654633998871e-02
9.683881402015686035e-01 1.974861882627010345e-02
9.692261815071105957e-01 2.006849460303783417e-02
9.696888327598571777e-01 2.025361545383930206e-02
