9.591595530509948730e-01 -7.893708534538745880e-03
9.586262106895446777e-01 -7.841233164072036743e-03
9.558863043785095215e-01 -7.575574330985546112e-03
9.476909041404724121e-01 -6.810937076807022095e-03
9.389132857322692871e-01 -6.028461735695600510e-03
9.313883781433105469e-01 -5.380728747695684433e-03
9.203820228576660156e-01 -4.464807920157909393e-03
9.169105887413024902e-01 -4.182778298854827881e-03
9.012936949729919434e-01 -2.949574030935764313e-03
8.928269147872924805e-01 -2.302891807630658150e-03
8.773851990699768066e-01 -1.158227561973035336e-03
8.697931170463562012e-01 -6.103619816713035107e-04
8.593472242355346680e-01 1.289918000111356378e-04
8.485330343246459961e-01 8.783256052993237972e-04
8.242914080619812012e-01 2.507630968466401100e-03
8.179145455360412598e-01 2.926550805568695068e-03
8.069332838058471680e-01 3.640469629317522049e-03
7.953802943229675293e-01 4.383282735943794250e-03
7.816935777664184570e-01 5.255763884633779526e-03
7.771958708763122559e-01 5.541395395994186401e-03
7.721399664878845215e-01 5.862162448465824127e-03
7.620992660522460938e-01 6.499152164906263351e-03
7.501745223999023438e-01 7.257761433720588684e-03
7.457975149154663086e-01 7.537406403571367264e-03
7.321482300758361816e-01 8.415810763835906982e-03
7.278909087181091309e-01 8.692309260368347168e-03
7.173165082931518555e-01 9.385613724589347839e-03
7.122527360916137695e-01 9.721392765641212463e-03
7.024073004722595215e-01 1.038226392120122910e-02
6.988715529441833496e-01 1.062241289764642715e-02
6.855930089950561523e-01 1.153897959738969803e-02
6.735650897026062012e-01 1.239091251045465469e-02
6.612292528152465820e-01 1.328782178461551666e-02
6.469253301620483398e-01 1.435846835374832153e-02
6.385252475738525391e-01 1.500271726399660110e-02
6.231938004493713379e-01 1.620759256184101105e-02
6.129727959632873535e-01 1.703073829412460327e-02
6.030827164649963379e-01 1.784127205610275269e-02
5.867173671722412109e-01 1.920934021472930908e-02
5.750626921653747559e-01 2.020075544714927673e-02
5.612047314643859863e-01 2.139359526336193085e-02
5.522164702415466309e-01 2.217293903231620789e-02
5.477122664451599121e-01 2.256456017494201660e-02
5.421655774116516113e-01 2.304738014936447144e-02
5.325566530227661133e-01 2.388417162001132965e-02
5.247179865837097168e-01 2.456585690379142761e-02
5.068241357803344727e-01 2.611201070249080658e-02
5.037005543708801270e-01 2.637967094779014587e-02
4.921770989894866943e-01 2.735901623964309692e-02
4.791748225688934326e-01 2.844486199319362640e-02
4.601267874240875244e-01 2.998718805611133575e-02
4.566567540168762207e-01 3.026072494685649872e-02
4.216952621936798096e-01 3.285618871450424194e-02
4.062227904796600342e-01 3.389424830675125122e-02
3.972385823726654053e-01 3.446075320243835449e-02
3.849353194236755371e-01 3.518995270133018494e-02
3.726381063461303711e-01 3.586157411336898804e-02
3.683035075664520264e-01 3.608403727412223816e-02
3.346098065376281738e-01 3.754272311925888062e-02
3.300631046295166016e-01 3.770119324326515198e-02
3.251675963401794434e-01 3.786124289035797119e-02
3.175821304321289062e-01 3.808734938502311707e-02
2.916489243507385254e-01 3.865498676896095276e-02
2.821221351623535156e-01 3.878225013613700867e-02
2.765467464923858643e-01 3.883619606494903564e-02
2.677044868469238281e-01 3.889043256640434265e-02
2.616105079650878906e-01 3.890535980463027954e-02
2.585822641849517822e-01 3.890592604875564575e-02
2.469092607498168945e-01 3.886528313159942627e-02
2.381139546632766724e-01 3.878942131996154785e-02
2.220927774906158447e-01 3.854989632964134216e-02
2.047638297080993652e-01 3.814018890261650085e-02
1.986338794231414795e-01 3.795671835541725159e-02
1.945712119340896606e-01 3.782373294234275818e-02
1.825262755155563354e-01 3.737487271428108215e-02
1.717445999383926392e-01 3.690127283334732056e-02
1.542086899280548096e-01 3.597643226385116577e-02
1.485880762338638306e-01 3.563675284385681152e-02
1.423334032297134399e-01 3.523235023021697998e-02
1.371589750051498413e-01 3.487588092684745789e-02
1.193002089858055115e-01 3.347960859537124634e-02
1.078711375594139099e-01 3.243478760123252869e-02
9.678948670625686646e-02 3.129067271947860718e-02
7.829533517360687256e-02 2.903537824749946594e-02
7.210446149110794067e-02 2.816426753997802734e-02
6.651074439287185669e-02 2.731746807694435120e-02
4.528873786330223083e-02 2.344814315438270569e-02
2.630338817834854126e-02 1.862722821533679962e-02
2.299897186458110809e-02 1.757175847887992859e-02
1.138696633279323578e-02 1.292609702795743942e-02
7.942353375256061554e-03 1.107776071876287460e-02
1.549588632769882679e-03 6.100218277424573898e-03
3.939451125916093588e-04 4.603653214871883392e-03
-6.567013915628194809e-04 2.502642339095473289e-03
-1.043115393258631229e-03 4.936134209856390953e-04
-7.310469518415629864e-04 -1.835415489040315151e-03
1.729406532831490040e-03 -5.786233115941286087e-03
2.530797384679317474e-03 -6.579100620001554489e-03
5.034254863858222961e-03 -8.574897423386573792e-03
7.089302875101566315e-03 -9.893111884593963623e-03
1.274425163865089417e-02 -1.275142002850770950e-02
1.500715129077434540e-02 -1.369689777493476868e-02
2.099325507879257202e-02 -1.585773751139640808e-02
2.658260241150856018e-02 -1.755950041115283966e-02
3.390377014875411987e-02 -1.947396434843540192e-02
5.020071566104888916e-02 -2.291193790733814240e-02
6.546644121408462524e-02 -2.549427747726440430e-02
8.831372112035751343e-02 -2.870051003992557526e-02
9.661761671304702759e-02 -2.973807044327259064e-02
1.109083890914916992e-01 -3.141278401017189026e-02
1.261815875768661499e-01 -3.307988122105598450e-02
1.434546858072280884e-01 -3.484054654836654663e-02
1.514321565628051758e-01 -3.561303392052650452e-02
1.765383481979370117e-01 -3.787951916456222534e-02
1.822328120470046997e-01 -3.835795447230339050e-02
1.909880042076110840e-01 -3.906675800681114197e-02
2.007419317960739136e-01 -3.981714695692062378e-02
2.122183889150619507e-01 -4.064533859491348267e-02
2.278084307909011841e-01 -4.167265444993972778e-02
2.327054440975189209e-01 -4.197165369987487793e-02
2.441872954368591309e-01 -4.262783750891685486e-02
2.599247097969055176e-01 -4.342492297291755676e-02
2.660623192787170410e-01 -4.370395466685295105e-02
2.845314443111419678e-01 -4.443832486867904663e-02
2.927477657794952393e-01 -4.471561312675476074e-02
3.015098869800567627e-01 -4.497906938195228577e-02
3.170279264450073242e-01 -4.536752402782440186e-02
3.222692608833312988e-01 -4.547720029950141907e-02
3.388080596923828125e-01 -4.575657844543457031e-02
3.457593321800231934e-01 -4.584545642137527466e-02
3.532160818576812744e-01 -4.592325538396835327e-02
3.602943420410156250e-01 -4.598113521933555603e-02
3.788762986660003662e-01 -4.606480896472930908e-02
3.950085341930389404e-01 -4.606570303440093994e-02
4.015734195709228516e-01 -4.604911059141159058e-02
4.089829027652740479e-01 -4.601957276463508606e-02
4.152690768241882324e-01 -4.598606750369071960e-02
4.221623241901397705e-01 -4.594095796346664429e-02
4.281929135322570801e-01 -4.589472338557243347e-02
4.393719732761383057e-01 -4.579342529177665710e-02
4.419371783733367920e-01 -4.576749354600906372e-02
4.634459614753723145e-01 -4.551405087113380432e-02
4.691814184188842773e-01 -4.543637484312057495e-02
4.819095134735107422e-01 -4.524998739361763000e-02
4.908291995525360107e-01 -4.510826990008354187e-02
4.962600171566009521e-01 -4.501761496067047119e-02
5.023990273475646973e-01 -4.491115361452102661e-02
5.075032114982604980e-01 -4.481945559382438660e-02
5.143035650253295898e-01 -4.469269886612892151e-02
5.304304361343383789e-01 -4.437047243118286133e-02
5.381919741630554199e-01 -4.420399293303489685e-02
5.432327985763549805e-01 -4.409167170524597168e-02
5.601456761360168457e-01 -4.368861019611358643e-02
5.870282649993896484e-01 -4.295233264565467834e-02
5.995380878448486328e-01 -4.256234690546989441e-02
6.091699600219726562e-01 -4.223842173814773560e-02
6.158971786499023438e-01 -4.199893400073051453e-02
6.225029230117797852e-01 -4.175244271755218506e-02
6.392414569854736328e-01 -4.107355326414108276e-02
6.486667990684509277e-01 -4.065405577421188354e-02
6.678672432899475098e-01 -3.970728814601898193e-02
6.746305227279663086e-01 -3.934201225638389587e-02
6.971386671066284180e-01 -3.799507021903991699e-02
7.125121355056762695e-01 -3.694928064942359924e-02
7.251322269439697266e-01 -3.600785136222839355e-02
7.303351759910583496e-01 -3.559681400656700134e-02
7.436301708221435547e-01 -3.448300063610076904e-02
7.605714201927185059e-01 -3.292489051818847656e-02
7.761682868003845215e-01 -3.134484216570854187e-02
7.863499522209167480e-01 -3.023433685302734375e-02
7.945214509963989258e-01 -2.929635532200336456e-02
8.050691485404968262e-01 -2.802255004644393921e-02
8.141575455665588379e-01 -2.686687372624874115e-02
8.213082551956176758e-01 -2.591932192444801331e-02
8.296187520027160645e-01 -2.477555721998214722e-02
8.368892073631286621e-01 -2.373768389225006104e-02
8.513336181640625000e-01 -2.157573588192462921e-02
8.572053313255310059e-01 -2.066116593778133392e-02
8.651942610740661621e-01 -1.938763260841369629e-02
8.729142546653747559e-01 -1.813049800693988800e-02
8.846262097358703613e-01 -1.619478315114974976e-02
8.875187039375305176e-01 -1.571621745824813843e-02
8.943326473236083984e-01 -1.459835842251777649e-02
8.997212052345275879e-01 -1.373399887233972549e-02
9.029979109764099121e-01 -1.322238147258758545e-02
9.067593216896057129e-01 -1.265326514840126038e-02
9.210355877876281738e-01 -1.077682059258222580e-02
9.309003949165344238e-01 -9.886077605187892914e-03
9.394233226776123047e-01 -9.466988034546375275e-03
9.527515172958374023e-01 -9.431459009647369385e-03
9.546906948089599609e-01 -9.476682171225547791e-03
9.581565260887145996e-01 -9.581425227224826813e-03
