9.672588706016540527e-01 3.187894821166992188e-02
9.670417308807373047e-01 3.203710913658142090e-02
9.660917520523071289e-01 3.264256939291954041e-02
9.627596139907836914e-01 3.446143865585327148e-02
9.549027681350708008e-01 3.831736370921134949e-02
9.523274302482604980e-01 3.952842950820922852e-02
9.421690106391906738e-01 4.416595771908760071e-02
9.384553432464599609e-01 4.581810906529426575e-02
9.314008355140686035e-01 4.890562593936920166e-02
9.223850369453430176e-01 5.276522785425186157e-02
9.158445000648498535e-01 5.551059916615486145e-02
9.115230441093444824e-01 5.730070918798446655e-02
9.070327877998352051e-01 5.914181843400001526e-02
8.979923725128173828e-01 6.279108673334121704e-02
8.851446509361267090e-01 6.785097718238830566e-02
8.782534599304199219e-01 7.050610333681106567e-02
8.694316744804382324e-01 7.384645193815231323e-02
8.531956076622009277e-01 7.982575893402099609e-02
8.467703461647033691e-01 8.213272690773010254e-02
8.288522362709045410e-01 8.839105069637298584e-02
8.086760640144348145e-01 9.513293951749801636e-02
8.006984591484069824e-01 9.771013259887695312e-02
7.916867136955261230e-01 1.005614250898361206e-01
7.864767313003540039e-01 1.021808385848999023e-01
7.702642083168029785e-01 1.070846244692802429e-01
7.602621912956237793e-01 1.100077554583549500e-01
7.416515946388244629e-01 1.152398511767387390e-01
7.210642695426940918e-01 1.207150965929031372e-01
7.142996191978454590e-01 1.224427148699760437e-01
7.050968408584594727e-01 1.247365251183509827e-01
6.895387768745422363e-01 1.284666210412979126e-01
6.727832555770874023e-01 1.322771459817886353e-01
6.499837636947631836e-01 1.371200233697891235e-01
6.406115889549255371e-01 1.389970779418945312e-01
6.323279738426208496e-01 1.406013220548629761e-01
6.229504942893981934e-01 1.423554569482803345e-01
6.089896559715270996e-01 1.448453515768051147e-01
5.979912877082824707e-01 1.467049270868301392e-01
5.798760652542114258e-01 1.495719999074935913e-01
5.639831423759460449e-01 1.518866717815399170e-01
5.453172326087951660e-01 1.543649584054946899e-01
5.277630090713500977e-01 1.564570665359497070e-01
5.123879313468933105e-01 1.580972820520401001e-01
4.898758530616760254e-01 1.601694822311401367e-01
4.792930185794830322e-01 1.610057651996612549e-01
4.657071530818939209e-01 1.619473695755004883e-01
4.493851959705352783e-01 1.628781408071517944e-01
4.410965740680694580e-01 1.632651686668395996e-01
4.269291758537292480e-01 1.637901663780212402e-01
4.128402471542358398e-01 1.641369909048080444e-01
3.956445753574371338e-01 1.643160879611968994e-01
3.855524659156799316e-01 1.642924100160598755e-01
3.797838091850280762e-01 1.642350107431411743e-01
3.719248175621032715e-01 1.641045063734054565e-01
3.594315946102142334e-01 1.637702584266662598e-01
3.503682315349578857e-01 1.634280383586883545e-01
3.354089558124542236e-01 1.626738458871841431e-01
3.181134164333343506e-01 1.614972949028015137e-01
3.075400888919830322e-01 1.606106907129287720e-01
2.942107021808624268e-01 1.593046933412551880e-01
2.818681895732879639e-01 1.579011678695678711e-01
2.707400918006896973e-01 1.564692109823226929e-01
2.594614923000335693e-01 1.548503935337066650e-01
2.518649995326995850e-01 1.536616832017898560e-01
2.372631281614303589e-01 1.511446088552474976e-01
2.247106730937957764e-01 1.487251818180084229e-01
2.116787135601043701e-01 1.459486186504364014e-01
2.021677196025848389e-01 1.437426656484603882e-01
1.877029836177825928e-01 1.400786638259887695e-01
1.683692187070846558e-01 1.345508545637130737e-01
1.597177237272262573e-01 1.318229585886001587e-01
1.430118381977081299e-01 1.260633319616317749e-01
1.341398209333419800e-01 1.227174922823905945e-01
1.283203810453414917e-01 1.204050555825233459e-01
1.212216466665267944e-01 1.174494922161102295e-01
9.923173487186431885e-02 1.072375625371932983e-01
8.982708305120468140e-02 1.023073792457580566e-01
8.172333985567092896e-02 9.774029254913330078e-02
6.868335604667663574e-02 8.966907858848571777e-02
6.458157300949096680e-02 8.691802620887756348e-02
5.950856581330299377e-02 8.335385471582412720e-02
5.344623699784278870e-02 7.883251458406448364e-02
5.031240358948707581e-02 7.636985182762145996e-02
4.624021053314208984e-02 7.302609831094741821e-02
3.953193873167037964e-02 6.710864603519439697e-02
3.207063674926757812e-02 5.977741256356239319e-02
2.830521017313003540e-02 5.568575114011764526e-02
2.387546747922897339e-02 5.041731894016265869e-02
2.202351950109004974e-02 4.802837222814559937e-02
1.969851553440093994e-02 4.482789337635040283e-02
1.267754938453435898e-02 3.285084664821624756e-02
1.060863491147756577e-02 2.784061245620250702e-02
9.235114790499210358e-03 2.326630055904388428e-02
8.577936328947544098e-03 1.992272585630416870e-02
8.242126554250717163e-03 1.647703349590301514e-02
8.848455734550952911e-03 9.267257526516914368e-03
9.527219459414482117e-03 6.821028888225555420e-03
1.082622539252042770e-02 3.665117081254720688e-03
1.221679244190454483e-02 1.203850610181689262e-03
1.334890536963939667e-02 -4.312655364628881216e-04
1.559525448828935623e-02 -3.087993012741208076e-03
1.802274025976657867e-02 -5.396183580160140991e-03
2.185666561126708984e-02 -8.305478841066360474e-03
2.528517693281173706e-02 -1.040127500891685486e-02
3.128358721733093262e-02 -1.331711374223232269e-02
3.409647196531295776e-02 -1.444535888731479645e-02
3.638985380530357361e-02 -1.527724135667085648e-02
4.377665370702743530e-02 -1.752932183444499969e-02
4.903381690382957458e-02 -1.881996728479862213e-02
5.688858404755592346e-02 -2.038559317588806152e-02
6.872263550758361816e-02 -2.212635613977909088e-02
8.227689564228057861e-02 -2.345092780888080597e-02
9.112397581338882446e-02 -2.401964738965034485e-02
1.054270341992378235e-01 -2.454513125121593475e-02
1.142852082848548889e-01 -2.466349489986896515e-02
1.250881254673004150e-01 -2.462329529225826263e-02
1.421871632337570190e-01 -2.419771067798137665e-02
1.659568101167678833e-01 -2.297782339155673981e-02
1.841275990009307861e-01 -2.162231318652629852e-02
1.949423551559448242e-01 -2.066066861152648926e-02
2.165727615356445312e-01 -1.842153631150722504e-02
2.255925238132476807e-01 -1.737166196107864380e-02
2.295423299074172974e-01 -1.689150556921958923e-02
2.475816011428833008e-01 -1.454694010317325592e-02
2.632251381874084473e-01 -1.232186052948236465e-02
2.777256369590759277e-01 -1.010905578732490540e-02
2.857218086719512939e-01 -8.829521015286445618e-03
3.120899796485900879e-01 -4.326169379055500031e-03
3.226628303527832031e-01 -2.403462771326303482e-03
3.340451717376708984e-01 -2.622503379825502634e-04
3.403262794017791748e-01 9.501178865320980549e-04
3.461194634437561035e-01 2.087209606543183327e-03
3.550150692462921143e-01 3.867839230224490166e-03
3.613249659538269043e-01 5.155654158443212509e-03
3.715331554412841797e-01 7.281341589987277985e-03
3.798482120037078857e-01 9.050160646438598633e-03
3.941078484058380127e-01 1.215797848999500275e-02
4.023022353649139404e-01 1.398432813584804535e-02
4.150739312171936035e-01 1.688582636415958405e-02
4.195362627506256104e-01 1.791445538401603699e-02
4.485768079757690430e-01 2.477263286709785461e-02
4.545590877532958984e-01 2.621547505259513855e-02
4.671137034893035889e-01 2.926871739327907562e-02
4.725143313407897949e-01 3.059066273272037506e-02
4.844770729541778564e-01 3.353107720613479614e-02
4.906499385833740234e-01 3.505214303731918335e-02
5.041897296905517578e-01 3.838762640953063965e-02
5.184208154678344727e-01 4.187423363327980042e-02
5.225506424903869629e-01 4.287888854742050171e-02
5.331230163574218750e-01 4.542896151542663574e-02
5.461959242820739746e-01 4.852430894970893860e-02
5.564973950386047363e-01 5.090367794036865234e-02
5.657416582107543945e-01 5.298297852277755737e-02
5.714134573936462402e-01 5.422843247652053833e-02
5.838200449943542480e-01 5.686068534851074219e-02
5.881891846656799316e-01 5.775438621640205383e-02
5.941925644874572754e-01 5.895135924220085144e-02
6.122945547103881836e-01 6.232050433754920959e-02
6.210952401161193848e-01 6.381462514400482178e-02
6.272236108779907227e-01 6.479454785585403442e-02
6.367444396018981934e-01 6.621305644512176514e-02
6.557630300521850586e-01 6.864396482706069946e-02
6.687324643135070801e-01 6.997547298669815063e-02
6.706432104110717773e-01 7.014841586351394653e-02
6.995179057121276855e-01 7.201271504163742065e-02
7.076318860054016113e-01 7.227876782417297363e-02
7.250296473503112793e-01 7.246257364749908447e-02
7.440513372421264648e-01 7.205923646688461304e-02
7.522863149642944336e-01 7.168968766927719116e-02
7.592381834983825684e-01 7.128667831420898438e-02
7.781764864921569824e-01 6.976950913667678833e-02
7.890726923942565918e-01 6.862182915210723877e-02
8.028022050857543945e-01 6.689420342445373535e-02
8.052801489830017090e-01 6.654930859804153442e-02
8.256069421768188477e-01 6.334301829338073730e-02
8.323548436164855957e-01 6.213180348277091980e-02
8.387145996093750000e-01 6.092419102787971497e-02
8.499368429183959961e-01 5.863858386874198914e-02
8.659383654594421387e-01 5.504356324672698975e-02
8.730400204658508301e-01 5.332405865192413330e-02
8.844321966171264648e-01 5.041068792343139648e-02
8.894500136375427246e-01 4.906841740012168884e-02
9.055227637290954590e-01 4.453855380415916443e-02
9.098244905471801758e-01 4.327049106359481812e-02
9.216728210449218750e-01 3.967361152172088623e-02
9.277030229568481445e-01 3.779557719826698303e-02
9.358305931091308594e-01 3.523678705096244812e-02
9.503470063209533691e-01 3.074227645993232727e-02
9.605189561843872070e-01 2.797474153339862823e-02
9.677755236625671387e-01 2.660926803946495056e-02
9.686818718910217285e-01 2.649945393204689026e-02
9.693866372108459473e-01 2.642426453530788422e-02
