9.686069488525390625e-01 1.584719307720661163e-02
9.685111045837402344e-01 1.601279899477958679e-02
9.675082564353942871e-01 1.735874637961387634e-02
9.649795293807983398e-01 1.983355358242988586e-02
9.607443213462829590e-01 2.316101454198360443e-02
9.542927742004394531e-01 2.749985270202159882e-02
9.422679543495178223e-01 3.451927378773689270e-02
9.388322234153747559e-01 3.636513277888298035e-02
9.282094836235046387e-01 4.175538197159767151e-02
9.224098920822143555e-01 4.452950134873390198e-02
9.111852645874023438e-01 4.962218180298805237e-02
9.071534276008605957e-01 5.137259513139724731e-02
8.961087465286254883e-01 5.597923696041107178e-02
8.895812034606933594e-01 5.858289450407028198e-02
8.791757225990295410e-01 6.256730109453201294e-02
8.758435845375061035e-01 6.380263715982437134e-02
8.678047060966491699e-01 6.670697033405303955e-02
8.547025918960571289e-01 7.122252881526947021e-02
8.393440842628479004e-01 7.619766145944595337e-02
8.297111392021179199e-01 7.915536314249038696e-02
8.204479813575744629e-01 8.188772946596145630e-02
8.096051216125488281e-01 8.495344221591949463e-02
7.954535484313964844e-01 8.874966949224472046e-02
7.873185276985168457e-01 9.083147346973419189e-02
7.520850300788879395e-01 9.906233102083206177e-02
7.440246343612670898e-01 1.007767245173454285e-01
7.264168858528137207e-01 1.043192073702812195e-01
7.190599441528320312e-01 1.057201698422431946e-01
7.039428353309631348e-01 1.084589660167694092e-01
6.908910870552062988e-01 1.106787249445915222e-01
6.756995916366577148e-01 1.131015345454216003e-01
6.521199345588684082e-01 1.165396273136138916e-01
6.438055038452148438e-01 1.176632344722747803e-01
6.368427276611328125e-01 1.185701787471771240e-01
6.304031610488891602e-01 1.193817257881164551e-01
6.253494620323181152e-01 1.200008168816566467e-01
6.066541075706481934e-01 1.221577152609825134e-01
5.936087965965270996e-01 1.235419884324073792e-01
5.720536112785339355e-01 1.256182938814163208e-01
5.504370331764221191e-01 1.274404823780059814e-01
5.459507703781127930e-01 1.277860850095748901e-01
5.377154946327209473e-01 1.283911317586898804e-01
5.246521234512329102e-01 1.292719691991806030e-01
5.156517624855041504e-01 1.298215389251708984e-01
5.064356923103332520e-01 1.303347498178482056e-01
4.942472279071807861e-01 1.309346407651901245e-01
4.784895181655883789e-01 1.315722763538360596e-01
4.732659161090850830e-01 1.317481398582458496e-01
4.678456187248229980e-01 1.319113820791244507e-01
4.599931240081787109e-01 1.321124881505966187e-01
4.433959722518920898e-01 1.323949843645095825e-01
4.291155934333801270e-01 1.324765235185623169e-01
4.196224808692932129e-01 1.324443966150283813e-01
4.052276313304901123e-01 1.322589963674545288e-01
3.950884044170379639e-01 1.320262253284454346e-01
3.890009224414825439e-01 1.318447738885879517e-01
3.813551068305969238e-01 1.315716207027435303e-01
3.737041652202606201e-01 1.312468796968460083e-01
3.706054687500000000e-01 1.311005949974060059e-01
3.560111224651336670e-01 1.302942633628845215e-01
3.406642675399780273e-01 1.292330920696258545e-01
3.329747617244720459e-01 1.286171227693557739e-01
3.255985677242279053e-01 1.279723495244979858e-01
3.196305930614471436e-01 1.274115443229675293e-01
3.145504295825958252e-01 1.269063502550125122e-01
3.039166927337646484e-01 1.257648319005966187e-01
2.944131791591644287e-01 1.246470659971237183e-01
2.834223210811614990e-01 1.232374310493469238e-01
2.643109858036041260e-01 1.204803809523582458e-01
2.472487539052963257e-01 1.176804527640342712e-01
2.391559481620788574e-01 1.162370517849922180e-01
2.224327176809310913e-01 1.130106225609779358e-01
2.166967242956161499e-01 1.118260174989700317e-01
2.074179351329803467e-01 1.098223179578781128e-01
1.973282247781753540e-01 1.075168922543525696e-01
1.907349824905395508e-01 1.059365272521972656e-01
1.817505508661270142e-01 1.036849468946456909e-01
1.717687547206878662e-01 1.010445877909660339e-01
1.617784351110458374e-01 9.824674576520919800e-02
1.526605635881423950e-01 9.554813057184219360e-02
1.472763121128082275e-01 9.388528019189834595e-02
1.396132707595825195e-01 9.142380207777023315e-02
1.239011883735656738e-01 8.599307388067245483e-02
1.149088367819786072e-01 8.262160420417785645e-02
1.074515804648399353e-01 7.965779304504394531e-02
9.289415925741195679e-02 7.335230708122253418e-02
7.897785305976867676e-02 6.650685518980026245e-02
6.756511330604553223e-02 6.006138026714324951e-02
5.777783691883087158e-02 5.365724116563796997e-02
4.947072640061378479e-02 4.723935946822166443e-02
4.413536563515663147e-02 4.236029833555221558e-02
3.638222068548202515e-02 3.325590118765830994e-02
3.410905599594116211e-02 2.968916855752468109e-02
3.147854655981063843e-02 2.431137301027774811e-02
3.022707253694534302e-02 2.063123695552349091e-02
2.930238284170627594e-02 1.607994362711906433e-02
2.908036671578884125e-02 1.292093843221664429e-02
2.938803657889366150e-02 8.568375371396541595e-03
3.001631237566471100e-02 5.762247834354639053e-03
3.050749562680721283e-02 4.281665198504924774e-03
3.131507709622383118e-02 2.407166874036192894e-03
3.308245912194252014e-02 -5.062756245024502277e-04
3.456242382526397705e-02 -2.277154009789228439e-03
3.728199005126953125e-02 -4.660185892134904861e-03
3.967558220028877258e-02 -6.168796215206384659e-03
4.504077881574630737e-02 -8.365971036255359650e-03
5.175792798399925232e-02 -9.764604270458221436e-03
5.643188208341598511e-02 -1.020997669547796249e-02
6.772849708795547485e-02 -1.025880966335535049e-02
7.701158523559570312e-02 -9.661675430834293365e-03
9.808232635259628296e-02 -7.345143705606460571e-03
1.059973835945129395e-01 -6.317540071904659271e-03
1.138960048556327820e-01 -5.260568577796220779e-03
1.255490481853485107e-01 -3.685036441311240196e-03
1.399121582508087158e-01 -1.770420116372406483e-03
1.514841467142105103e-01 -2.794919419102370739e-04
1.665935814380645752e-01 1.573113841004669666e-03
1.781540364027023315e-01 2.909100847318768501e-03
1.842715591192245483e-01 3.585943253710865974e-03
1.916306465864181519e-01 4.371981136500835419e-03
2.054846584796905518e-01 5.767705384641885757e-03
2.122232168912887573e-01 6.406979169696569443e-03
2.186324000358581543e-01 6.991147529333829880e-03
2.288463562726974487e-01 7.874552160501480103e-03
2.437885701656341553e-01 9.063709527254104614e-03
2.521829605102539062e-01 9.679263457655906677e-03
2.652435004711151123e-01 1.056406460702419281e-02
2.682353556156158447e-01 1.075452100485563278e-02
2.764079868793487549e-01 1.125203259289264679e-02
2.820191383361816406e-01 1.157464738935232162e-02
2.976448535919189453e-01 1.239399611949920654e-02
3.093740642070770264e-01 1.293520070612430573e-02
3.200546801090240479e-01 1.337521150708198547e-02
3.279949426651000977e-01 1.367090176790952682e-02
3.461992740631103516e-01 1.425245590507984161e-02
3.552198708057403564e-01 1.449344959110021591e-02
3.635472357273101807e-01 1.468975003808736801e-02
3.707931935787200928e-01 1.484107039868831635e-02
3.748680055141448975e-01 1.491851359605789185e-02
3.823058605194091797e-01 1.504626311361789703e-02
3.915136456489562988e-01 1.518126111477613449e-02
3.989869654178619385e-01 1.527322828769683838e-02
4.051405191421508789e-01 1.533794216811656952e-02
4.123196601867675781e-01 1.540174614638090134e-02
4.207183420658111572e-01 1.546175591647624969e-02
4.256503582000732422e-01 1.549029536545276642e-02
4.379655718803405762e-01 1.554263383150100708e-02
4.479925632476806641e-01 1.556846406310796738e-02
4.582565128803253174e-01 1.558288838714361191e-02
4.652543663978576660e-01 1.558750960975885391e-02
4.763288795948028564e-01 1.558914594352245331e-02
4.905460178852081299e-01 1.558693405240774155e-02
4.987809956073760986e-01 1.558632403612136841e-02
5.132470130920410156e-01 1.559157203882932663e-02
5.217764377593994141e-01 1.560061611235141754e-02
5.300216078758239746e-01 1.561482902616262436e-02
5.457679033279418945e-01 1.565962843596935272e-02
5.514501333236694336e-01 1.568204537034034729e-02
5.594371557235717773e-01 1.571946218609809875e-02
5.695980191230773926e-01 1.577721163630485535e-02
5.854613780975341797e-01 1.588983461260795593e-02
6.064793467521667480e-01 1.607842184603214264e-02
6.227732896804809570e-01 1.625132188200950623e-02
6.277870535850524902e-01 1.630847156047821045e-02
6.412686705589294434e-01 1.646976917982101440e-02
6.476853489875793457e-01 1.654982939362525940e-02
6.608900427818298340e-01 1.671959087252616882e-02
6.793065071105957031e-01 1.696321368217468262e-02
6.859950423240661621e-01 1.705240644514560699e-02
7.008821964263916016e-01 1.724979840219020844e-02
7.140436768531799316e-01 1.742058247327804565e-02
7.220326662063598633e-01 1.752138696610927582e-02
7.384122610092163086e-01 1.771853864192962646e-02
7.447581887245178223e-01 1.779064349830150604e-02
7.712243795394897461e-01 1.805755123496055603e-02
7.767340540885925293e-01 1.810492202639579773e-02
7.893947362899780273e-01 1.820095255970954895e-02
7.938977479934692383e-01 1.823040656745433807e-02
8.191468119621276855e-01 1.834206283092498779e-02
8.314262628555297852e-01 1.835809648036956787e-02
8.525397181510925293e-01 1.831286586821079254e-02
8.586022257804870605e-01 1.828000508248806000e-02
8.694130778312683105e-01 1.819554902613162994e-02
8.787089586257934570e-01 1.809296198189258575e-02
9.010172486305236816e-01 1.770416088402271271e-02
9.052363038063049316e-01 1.760237850248813629e-02
9.203839302062988281e-01 1.713568717241287231e-02
9.427698254585266113e-01 1.598179526627063751e-02
9.536027908325195312e-01 1.499794982373714447e-02
9.628708362579345703e-01 1.348579209297895432e-02
9.639469981193542480e-01 1.321293786168098450e-02
9.648750424385070801e-01 1.294634025543928146e-02
