9.531396627426147461e-01 -2.998209092766046524e-03
9.522417783737182617e-01 -2.886335365474224091e-03
9.493004679679870605e-01 -2.532638376578688622e-03
9.370518326759338379e-01 -1.209133188240230083e-03
9.233638048171997070e-01 8.178655116353183985e-05
9.144247174263000488e-01 8.483635610900819302e-04
8.892998695373535156e-01 2.757264068350195885e-03
8.792747259140014648e-01 3.435016376897692680e-03
8.684194684028625488e-01 4.123004153370857239e-03
8.588672876358032227e-01 4.692585673183202744e-03
8.418292403221130371e-01 5.634596105664968491e-03
8.352946043014526367e-01 5.973404273390769958e-03
8.214856386184692383e-01 6.653784774243831635e-03
8.163419365882873535e-01 6.896165665239095688e-03
7.997378110885620117e-01 7.644619327038526535e-03
7.944580316543579102e-01 7.873503491282463074e-03
7.729064822196960449e-01 8.777327835559844971e-03
7.597732543945312500e-01 9.315636008977890015e-03
7.537640929222106934e-01 9.561899118125438690e-03
7.425831556320190430e-01 1.002390217036008835e-02
7.323488593101501465e-01 1.045522280037403107e-02
7.250968813896179199e-01 1.076812669634819031e-02
7.167977690696716309e-01 1.113572996109724045e-02
7.105759978294372559e-01 1.141920220106840134e-02
6.968966722488403320e-01 1.207037083804607391e-02
6.871922612190246582e-01 1.255894638597965240e-02
6.748146414756774902e-01 1.321812812238931656e-02
6.644572615623474121e-01 1.380308344960212708e-02
6.589284539222717285e-01 1.412829477339982986e-02
6.472463607788085938e-01 1.484571490436792374e-02
6.288493275642395020e-01 1.605875231325626373e-02
6.204293370246887207e-01 1.664698496460914612e-02
6.072124242782592773e-01 1.760977320373058319e-02
5.982733368873596191e-01 1.828645355999469757e-02
5.895894169807434082e-01 1.896183937788009644e-02
5.851050615310668945e-01 1.931708678603172302e-02
5.640164017677307129e-01 2.103848569095134735e-02
5.554046034812927246e-01 2.176156640052795410e-02
5.449788570404052734e-01 2.264878340065479279e-02
5.335269570350646973e-01 2.363453060388565063e-02
5.267038941383361816e-01 2.422570809721946716e-02
5.124074816703796387e-01 2.546897903084754944e-02
5.023322701454162598e-01 2.634532749652862549e-02
4.942821860313415527e-01 2.704348415136337280e-02
4.812002182006835938e-01 2.817037515342235565e-02
4.694520831108093262e-01 2.917027473449707031e-02
4.566165804862976074e-01 3.024497069418430328e-02
4.521484971046447754e-01 3.061390295624732971e-02
4.354192018508911133e-01 3.196731582283973694e-02
4.316450059413909912e-01 3.226592764258384705e-02
4.189624190330505371e-01 3.324918448925018311e-02
4.077447354793548584e-01 3.409087285399436951e-02
3.949036598205566406e-01 3.501931577920913696e-02
3.849626779556274414e-01 3.571065515279769897e-02
3.693542182445526123e-01 3.674474731087684631e-02
3.637547791004180908e-01 3.709978237748146057e-02
3.515370488166809082e-01 3.784409910440444946e-02
3.452961444854736328e-01 3.820781409740447998e-02
3.319543898105621338e-01 3.894681110978126526e-02
3.171852827072143555e-01 3.970174863934516907e-02
3.104479908943176270e-01 4.002343118190765381e-02
3.018255829811096191e-01 4.041381925344467163e-02
2.904863059520721436e-01 4.088985174894332886e-02
2.806121408939361572e-01 4.126875475049018860e-02
2.770027518272399902e-01 4.139873012900352478e-02
2.638882100582122803e-01 4.183134809136390686e-02
2.536602318286895752e-01 4.212388023734092712e-02
2.405350357294082642e-01 4.243817925453186035e-02
2.208200246095657349e-01 4.277030751109123230e-02
2.120023816823959351e-01 4.285931959748268127e-02
2.076519727706909180e-01 4.288858920335769653e-02
1.857916265726089478e-01 4.287432134151458740e-02
1.822881847620010376e-01 4.284476861357688904e-02
1.730873584747314453e-01 4.272732138633728027e-02
1.644047945737838745e-01 4.255970194935798645e-02
1.535808891057968140e-01 4.226548597216606140e-02
1.369783133268356323e-01 4.160445928573608398e-02
1.300316452980041504e-01 4.124198481440544128e-02
1.199190840125083923e-01 4.061069339513778687e-02
1.119373366236686707e-01 4.001600667834281921e-02
9.976549446582794189e-02 3.892175480723381042e-02
8.701728284358978271e-02 3.749223425984382629e-02
7.623651623725891113e-02 3.601236641407012939e-02
6.284389644861221313e-02 3.374927118420600891e-02
5.610588192939758301e-02 3.239566832780838013e-02
5.195464566349983215e-02 3.147736564278602600e-02
3.547860309481620789e-02 2.704032696783542633e-02
2.944060973823070526e-02 2.500632405281066895e-02
2.399558015167713165e-02 2.291572280228137970e-02
1.673946157097816467e-02 1.962742395699024200e-02
1.227213256061077118e-02 1.720494963228702545e-02
6.176955532282590866e-03 1.310529559850692749e-02
9.253298048861324787e-04 8.053024299442768097e-03
-4.335131670814007521e-04 6.168834399431943893e-03
-2.389352302998304367e-03 1.630993909202516079e-03
-2.634411910548806190e-03 -1.457951962947845459e-03
-2.150507410988211632e-03 -3.985147457569837570e-03
-1.195073244161903858e-03 -6.199220195412635803e-03
-4.264263261575251818e-04 -7.449856027960777283e-03
8.711324771866202354e-04 -9.123421274125576019e-03
3.858598181977868080e-03 -1.200280059128999710e-02
5.678043700754642487e-03 -1.340621430426836014e-02
1.542539615184068680e-02 -1.896632090210914612e-02
2.358027175068855286e-02 -2.237197011709213257e-02
2.965950779616832733e-02 -2.451811172068119049e-02
3.647579252719879150e-02 -2.664974890649318695e-02
4.192658141255378723e-02 -2.819232270121574402e-02
5.209514871239662170e-02 -3.077006526291370392e-02
6.167158856987953186e-02 -3.291328251361846924e-02
7.176565378904342651e-02 -3.493333607912063599e-02
8.069327473640441895e-02 -3.654846176505088806e-02
9.461417794227600098e-02 -3.879535943269729614e-02
9.941688925027847290e-02 -3.950273618102073669e-02
1.211569532752037048e-01 -4.233254119753837585e-02
1.314307749271392822e-01 -4.348307102918624878e-02
1.467663347721099854e-01 -4.500886797904968262e-02
1.592486798763275146e-01 -4.609948396682739258e-02
1.729222387075424194e-01 -4.715553671121597290e-02
1.825294643640518188e-01 -4.781890660524368286e-02
1.930649876594543457e-01 -4.847808554768562317e-02
2.038684338331222534e-01 -4.908551275730133057e-02
2.184163182973861694e-01 -4.980315268039703369e-02
2.250562012195587158e-01 -5.009528994560241699e-02
2.419025152921676636e-01 -5.074525624513626099e-02
2.536112964153289795e-01 -5.112578347325325012e-02
2.629679739475250244e-01 -5.139116197824478149e-02
2.714736163616180420e-01 -5.160437524318695068e-02
2.803753018379211426e-01 -5.180038139224052429e-02
2.921907603740692139e-01 -5.201995000243186951e-02
2.978210449218750000e-01 -5.210906639695167542e-02
3.115387558937072754e-01 -5.228643864393234253e-02
3.152985870838165283e-01 -5.232556164264678955e-02
3.352387249469757080e-01 -5.246865376830101013e-02
3.417482376098632812e-01 -5.249284952878952026e-02
3.529125154018402100e-01 -5.250976979732513428e-02
3.614091277122497559e-01 -5.250242725014686584e-02
3.771165609359741211e-01 -5.244446173310279846e-02
3.868449628353118896e-01 -5.238051339983940125e-02
3.937069475650787354e-01 -5.232278630137443542e-02
3.997378349304199219e-01 -5.226356908679008484e-02
4.148049354553222656e-01 -5.208138749003410339e-02
4.253146946430206299e-01 -5.192574113607406616e-02
4.371458292007446289e-01 -5.172262713313102722e-02
4.440383017063140869e-01 -5.159074068069458008e-02
4.576154649257659912e-01 -5.130172893404960632e-02
4.698575437068939209e-01 -5.100778862833976746e-02
4.811196923255920410e-01 -5.070918425917625427e-02
4.900436401367187500e-01 -5.045315250754356384e-02
4.973531067371368408e-01 -5.023049190640449524e-02
5.104779601097106934e-01 -4.980098828673362732e-02
5.189149379730224609e-01 -4.950440302491188049e-02
5.291886925697326660e-01 -4.912111535668373108e-02
5.381705760955810547e-01 -4.876570776104927063e-02
5.456737279891967773e-01 -4.845400154590606689e-02
5.570870041847229004e-01 -4.795335605740547180e-02
5.807572007179260254e-01 -4.680935293436050415e-02
5.929647684097290039e-01 -4.616107791662216187e-02
6.010578274726867676e-01 -4.570852965116500854e-02
6.294562816619873047e-01 -4.396946728229522705e-02
6.360042691230773926e-01 -4.353360831737518311e-02
6.436078548431396484e-01 -4.301039874553680420e-02
6.636196374893188477e-01 -4.154220223426818848e-02
6.752552390098571777e-01 -4.062530398368835449e-02
6.780756115913391113e-01 -4.039582610130310059e-02
6.956053972244262695e-01 -3.890410065650939941e-02
7.050210833549499512e-01 -3.805506601929664612e-02
7.174482345581054688e-01 -3.688146173954010010e-02
7.313185334205627441e-01 -3.549834340810775757e-02
7.378068566322326660e-01 -3.482412919402122498e-02
7.434841394424438477e-01 -3.421973437070846558e-02
7.578921914100646973e-01 -3.262428566813468933e-02
7.707457542419433594e-01 -3.112523816525936127e-02
7.856386899948120117e-01 -2.929793484508991241e-02
7.884517908096313477e-01 -2.894182689487934113e-02
7.984562516212463379e-01 -2.764742635190486908e-02
8.046697378158569336e-01 -2.682168036699295044e-02
8.158225417137145996e-01 -2.529845759272575378e-02
8.219074010848999023e-01 -2.444585785269737244e-02
8.320564031600952148e-01 -2.299182116985321045e-02
8.405297994613647461e-01 -2.174964919686317444e-02
8.671395182609558105e-01 -1.772876456379890442e-02
8.709442019462585449e-01 -1.714729517698287964e-02
8.806925415992736816e-01 -1.566595211625099182e-02
8.841164112091064453e-01 -1.515216194093227386e-02
8.918446898460388184e-01 -1.401587389409542084e-02
8.960266709327697754e-01 -1.342060603201389313e-02
9.092926383018493652e-01 -1.168555393815040588e-02
9.238374233245849609e-01 -1.024461444467306137e-02
9.349941015243530273e-01 -9.654292836785316467e-03
9.487230777740478516e-01 -9.626975283026695251e-03
9.499896764755249023e-01 -9.657795540988445282e-03
9.527150392532348633e-01 -9.739079512655735016e-03
