9.682872295379638672e-01 2.769314870238304138e-02
9.681175947189331055e-01 2.789878100156784058e-02
9.674187302589416504e-01 2.865491807460784912e-02
9.628366827964782715e-01 3.254827111959457397e-02
9.560042619705200195e-01 3.733960911631584167e-02
9.485195279121398926e-01 4.199380427598953247e-02
9.415133595466613770e-01 4.599402472376823425e-02
9.388574361801147461e-01 4.743948206305503845e-02
9.281758069992065430e-01 5.293147265911102295e-02
9.231492877006530762e-01 5.536074936389923096e-02
9.144982695579528809e-01 5.934324860572814941e-02
9.109421372413635254e-01 6.091374903917312622e-02
9.026794433593750000e-01 6.442671269178390503e-02
8.951935172080993652e-01 6.745684891939163208e-02
8.828589320182800293e-01 7.216344773769378662e-02
8.773438334465026855e-01 7.416094839572906494e-02
8.705720305442810059e-01 7.652954757213592529e-02
8.630036711692810059e-01 7.907187938690185547e-02
8.584570288658142090e-01 8.054850995540618896e-02
8.544363379478454590e-01 8.182343095541000366e-02
8.401331305503845215e-01 8.613589406013488770e-02
8.247995376586914062e-01 9.039539843797683716e-02
8.159903287887573242e-01 9.268305450677871704e-02
8.106124997138977051e-01 9.402518719434738159e-02
7.888767123222351074e-01 9.905020892620086670e-02
7.794249653816223145e-01 1.010453924536705017e-01
7.594867944717407227e-01 1.049010753631591797e-01
7.491321563720703125e-01 1.067237257957458496e-01
7.292743325233459473e-01 1.098953932523727417e-01
7.143013477325439453e-01 1.120200008153915405e-01
6.978605389595031738e-01 1.141036152839660645e-01
6.894796490669250488e-01 1.150697469711303711e-01
6.799308061599731445e-01 1.160944849252700806e-01
6.682966947555541992e-01 1.172369718551635742e-01
6.637470722198486328e-01 1.176530048251152039e-01
6.603539586067199707e-01 1.179521381855010986e-01
6.445103287696838379e-01 1.192272603511810303e-01
6.315532326698303223e-01 1.201256141066551208e-01
6.156748533248901367e-01 1.210569590330123901e-01
6.037810444831848145e-01 1.216367259621620178e-01
5.939829945564270020e-01 1.220411881804466248e-01
5.881363749504089355e-01 1.222517117857933044e-01
5.552328824996948242e-01 1.230236664414405823e-01
5.467422604560852051e-01 1.231129392981529236e-01
5.278394222259521484e-01 1.231562197208404541e-01
5.197129249572753906e-01 1.231102868914604187e-01
5.103785991668701172e-01 1.230106055736541748e-01
5.028821229934692383e-01 1.228947639465332031e-01
4.924285113811492920e-01 1.226806491613388062e-01
4.779678881168365479e-01 1.222850754857063293e-01
4.693306982517242432e-01 1.219946295022964478e-01
4.655224084854125977e-01 1.218538433313369751e-01
4.523617625236511230e-01 1.213079690933227539e-01
4.252845346927642822e-01 1.199003309011459351e-01
4.192812442779541016e-01 1.195372268557548523e-01
4.102646410465240479e-01 1.189575940370559692e-01
3.985175490379333496e-01 1.181411296129226685e-01
3.852010965347290039e-01 1.171324476599693298e-01
3.737565875053405762e-01 1.161956489086151123e-01
3.642778694629669189e-01 1.153711155056953430e-01
3.495388627052307129e-01 1.140019670128822327e-01
3.383475542068481445e-01 1.128917261958122253e-01
3.197422027587890625e-01 1.109109669923782349e-01
3.112519085407257080e-01 1.099508032202720642e-01
2.926492989063262939e-01 1.077223792672157288e-01
2.696432769298553467e-01 1.047244891524314880e-01
2.603696584701538086e-01 1.034379974007606506e-01
2.432250082492828369e-01 1.009361669421195984e-01
2.338032722473144531e-01 9.949041903018951416e-02
2.255895733833312988e-01 9.818708151578903198e-02
2.237202525138854980e-01 9.788469970226287842e-02
2.117499560117721558e-01 9.589608758687973022e-02
2.026467174291610718e-01 9.432058036327362061e-02
1.753956973552703857e-01 8.924333751201629639e-02
1.569366604089736938e-01 8.545236289501190186e-02
1.431331783533096313e-01 8.239742368459701538e-02
1.374008655548095703e-01 8.106610178947448730e-02
1.330861449241638184e-01 8.003748208284378052e-02
1.274618357419967651e-01 7.866042107343673706e-02
1.211749911308288574e-01 7.706922292709350586e-02
1.112372055649757385e-01 7.443083822727203369e-02
1.034950315952301025e-01 7.225841283798217773e-02
9.591982513666152954e-02 7.002004235982894897e-02
8.558440953493118286e-02 6.675791740417480469e-02
6.946066766977310181e-02 6.106854975223541260e-02
6.543564796447753906e-02 5.950528010725975037e-02
5.112670361995697021e-02 5.331500247120857239e-02
4.733320698142051697e-02 5.146212875843048096e-02
3.963734582066535950e-02 4.731954634189605713e-02
3.406432271003723145e-02 4.388904571533203125e-02
2.680503390729427338e-02 3.856544196605682373e-02
2.000173740088939667e-02 3.188594803214073181e-02
1.483887713402509689e-02 2.328580245375633240e-02
1.371300220489501953e-02 1.907910965383052826e-02
1.351535227149724960e-02 1.400141138583421707e-02
1.372608728706836700e-02 1.229015178978443146e-02
1.448796410113573074e-02 9.088394232094287872e-03
1.492450851947069168e-02 7.811588235199451447e-03
1.713938638567924500e-02 3.194214776158332825e-03
1.892415806651115417e-02 4.771673120558261871e-04
2.343238703906536102e-02 -4.698135424405336380e-03
2.583938464522361755e-02 -6.870285142213106155e-03
2.976087853312492371e-02 -9.830102324485778809e-03
3.523518145084381104e-02 -1.307112444192171097e-02
4.304775968194007874e-02 -1.640880666673183441e-02
5.090740695595741272e-02 -1.868797279894351959e-02
5.515664815902709961e-02 -1.958966068923473358e-02
5.853806808590888977e-02 -2.017559483647346497e-02
7.342879474163055420e-02 -2.173000015318393707e-02
7.879208028316497803e-02 -2.198882028460502625e-02
8.441469818353652954e-02 -2.213665843009948730e-02
9.643799811601638794e-02 -2.212251909077167511e-02
1.056654155254364014e-01 -2.187841944396495819e-02
1.135752052068710327e-01 -2.154578082263469696e-02
1.243701800704002380e-01 -2.094454318284988403e-02
1.293466240167617798e-01 -2.061903662979602814e-02
1.375244706869125366e-01 -2.002722583711147308e-02
1.466095745563507080e-01 -1.929652132093906403e-02
1.531387865543365479e-01 -1.872916519641876221e-02
1.639033704996109009e-01 -1.772523857653141022e-02
1.776280254125595093e-01 -1.633539050817489624e-02
1.882174015045166016e-01 -1.518822275102138519e-02
1.914387345314025879e-01 -1.482734642922878265e-02
2.060438096523284912e-01 -1.312645431607961655e-02
2.319365590810775757e-01 -9.874897077679634094e-03
2.421414256095886230e-01 -8.518679067492485046e-03
2.780044078826904297e-01 -3.458401653915643692e-03
2.863556444644927979e-01 -2.220113994553685188e-03
3.070978820323944092e-01 9.433099185116589069e-04
3.107954561710357666e-01 1.519693760201334953e-03
3.207131922245025635e-01 3.083227900788187981e-03
3.242476582527160645e-01 3.646428929641842842e-03
3.331307470798492432e-01 5.075289867818355560e-03
3.438084423542022705e-01 6.817079614847898483e-03
3.570639193058013916e-01 9.013918228447437286e-03
3.655189275741577148e-01 1.043385919183492661e-02
3.812682628631591797e-01 1.311436574906110764e-02
3.883422315120697021e-01 1.433221716433763504e-02
3.993488252162933350e-01 1.624248176813125610e-02
4.126442372798919678e-01 1.857228390872478485e-02
4.299691617488861084e-01 2.163824625313282013e-02
4.378479421138763428e-01 2.304125018417835236e-02
4.409133791923522949e-01 2.358824200928211212e-02
4.531166255474090576e-01 2.577023208141326904e-02
4.703464210033416748e-01 2.885548584163188934e-02
4.814959764480590820e-01 3.084799833595752716e-02
4.884572029113769531e-01 3.208770230412483215e-02
5.007500052452087402e-01 3.426376357674598694e-02
5.318139195442199707e-01 3.963091224431991577e-02
5.417236089706420898e-01 4.128223657608032227e-02
5.459861159324645996e-01 4.198049753904342651e-02
5.514349937438964844e-01 4.286124929785728455e-02
5.581136345863342285e-01 4.392100498080253601e-02
5.611883401870727539e-01 4.440101236104965210e-02
5.791972279548645020e-01 4.709880053997039795e-02
5.856471061706542969e-01 4.801209270954132080e-02
5.967796444892883301e-01 4.951378703117370605e-02
6.104163527488708496e-01 5.121137946844100952e-02
6.275316476821899414e-01 5.309588462114334106e-02
6.392548084259033203e-01 5.421447008848190308e-02
6.779721379280090332e-01 5.682057514786720276e-02
6.823718547821044922e-01 5.700624361634254456e-02
6.946067810058593750e-01 5.740120261907577515e-02
7.091544866561889648e-01 5.763762816786766052e-02
7.247107028961181641e-01 5.761053785681724548e-02
7.320773005485534668e-01 5.749733000993728638e-02
7.414954900741577148e-01 5.725929513573646545e-02
7.503406405448913574e-01 5.694106966257095337e-02
7.595403194427490234e-01 5.651355534791946411e-02
7.683880925178527832e-01 5.601028725504875183e-02
7.845746874809265137e-01 5.485803633928298950e-02
7.905478477478027344e-01 5.435778945684432983e-02
7.987005710601806641e-01 5.361017957329750061e-02
8.053747415542602539e-01 5.294262245297431946e-02
8.198063969612121582e-01 5.132882297039031982e-02
8.242858648300170898e-01 5.078058689832687378e-02
8.378602862358093262e-01 4.898232966661453247e-02
8.426980376243591309e-01 4.829156026244163513e-02
8.588691353797912598e-01 4.579081386327743530e-02
8.697207570075988770e-01 4.394549131393432617e-02
8.824870586395263672e-01 4.159962013363838196e-02
8.874682188034057617e-01 4.063215106725692749e-02
8.930175900459289551e-01 3.951936587691307068e-02
9.038532972335815430e-01 3.723866119980812073e-02
9.132770895957946777e-01 3.513700887560844421e-02
9.213947653770446777e-01 3.323717042803764343e-02
9.424002766609191895e-01 2.793942205607891083e-02
9.506056904792785645e-01 2.573522925376892090e-02
9.618887305259704590e-01 2.263861522078514099e-02
9.648141860961914062e-01 2.183529548346996307e-02
9.659452438354492188e-01 2.152448520064353943e-02
9.670491814613342285e-01 2.122013643383979797e-02
