9.600138068199157715e-01 3.044199943542480469e-02
9.598575830459594727e-01 3.063394874334335327e-02
9.587768316268920898e-01 3.179459646344184875e-02
9.554633498191833496e-01 3.459301218390464783e-02
9.451086521148681641e-01 4.123158007860183716e-02
9.395371079444885254e-01 4.425948858261108398e-02
9.300982952117919922e-01 4.890819638967514038e-02
9.274122118949890137e-01 5.014474317431449890e-02
9.230126738548278809e-01 5.210056900978088379e-02
9.180354475975036621e-01 5.421952158212661743e-02
9.093598127365112305e-01 5.770270153880119324e-02
9.044970870018005371e-01 5.955021083354949951e-02
8.975165486335754395e-01 6.208336725831031799e-02
8.902329802513122559e-01 6.458842754364013672e-02
8.716949820518493652e-01 7.039458304643630981e-02
8.650074005126953125e-01 7.230607420206069946e-02
8.454437255859375000e-01 7.739574462175369263e-02
8.398173451423645020e-01 7.872918248176574707e-02
8.308876752853393555e-01 8.073290437459945679e-02
8.239237666130065918e-01 8.220280706882476807e-02
8.119477033615112305e-01 8.454819768667221069e-02
7.973833084106445312e-01 8.710340410470962524e-02
7.855016589164733887e-01 8.895815163850784302e-02
7.812086939811706543e-01 8.957944065332412720e-02
7.642734050750732422e-01 9.178731590509414673e-02
7.521285414695739746e-01 9.314136207103729248e-02
7.318874597549438477e-01 9.499754011631011963e-02
7.155763506889343262e-01 9.615105390548706055e-02
6.991485357284545898e-01 9.702544659376144409e-02
6.880913376808166504e-01 9.746149182319641113e-02
6.734259724617004395e-01 9.786256402730941772e-02
6.608217358589172363e-01 9.805545210838317871e-02
6.475474834442138672e-01 9.811715036630630493e-02
6.394594311714172363e-01 9.808785468339920044e-02
6.229633092880249023e-01 9.788203239440917969e-02
6.123268604278564453e-01 9.765227884054183960e-02
5.982599854469299316e-01 9.724102169275283813e-02
5.856665968894958496e-01 9.677679836750030518e-02
5.728880167007446289e-01 9.622044861316680908e-02
5.555702447891235352e-01 9.534108638763427734e-02
5.461103916168212891e-01 9.480463713407516479e-02
5.295021533966064453e-01 9.377492219209671021e-02
5.162544846534729004e-01 9.287910163402557373e-02
5.078483223915100098e-01 9.227864444255828857e-02
4.979963302612304688e-01 9.154485911130905151e-02
4.912576377391815186e-01 9.102500975131988525e-02
4.701460599899291992e-01 8.930642157793045044e-02
4.614872932434082031e-01 8.856379240751266479e-02
4.432914853096008301e-01 8.693481236696243286e-02
4.297443926334381104e-01 8.566348999738693237e-02
4.124692678451538086e-01 8.397147804498672485e-02
4.078645408153533936e-01 8.350720256567001343e-02
4.023542702198028564e-01 8.294428884983062744e-02
3.903872072696685791e-01 8.169431984424591064e-02
3.843662738800048828e-01 8.105120062828063965e-02
3.786015212535858154e-01 8.042645454406738281e-02
3.650148510932922363e-01 7.891898602247238159e-02
3.563613891601562500e-01 7.793296128511428833e-02
3.453917801380157471e-01 7.665357738733291626e-02
3.370184302330017090e-01 7.565435022115707397e-02
3.272185921669006348e-01 7.445956021547317505e-02
3.145087361335754395e-01 7.286804169416427612e-02
2.988911569118499756e-01 7.084496319293975830e-02
2.895563244819641113e-01 6.959855556488037109e-02
2.766773402690887451e-01 6.783067435026168823e-02
2.664751708507537842e-01 6.638834625482559204e-02
2.609955668449401855e-01 6.559754163026809692e-02
2.525828778743743896e-01 6.436049938201904297e-02
2.370898574590682983e-01 6.200424954295158386e-02
2.336069643497467041e-01 6.145964562892913818e-02
2.212487310171127319e-01 5.947916209697723389e-02
2.146884799003601074e-01 5.839521810412406921e-02
2.051765471696853638e-01 5.677942931652069092e-02
1.964152604341506958e-01 5.524070560932159424e-02
1.864440888166427612e-01 5.342381447553634644e-02
1.785136610269546509e-01 5.192313343286514282e-02
1.711727976799011230e-01 5.048483237624168396e-02
1.616453379392623901e-01 4.853885620832443237e-02
1.547780483961105347e-01 4.707368463277816772e-02
1.453374773263931274e-01 4.496135935187339783e-02
1.344514042139053345e-01 4.236101731657981873e-02
1.226468682289123535e-01 3.929872810840606689e-02
1.160872355103492737e-01 3.746522217988967896e-02
1.018007472157478333e-01 3.305901214480400085e-02
9.357531368732452393e-02 3.019744157791137695e-02
8.454140275716781616e-02 2.668936364352703094e-02
7.527964562177658081e-02 2.255376987159252167e-02
7.217819243669509888e-02 2.100432664155960083e-02
6.770907342433929443e-02 1.857474260032176971e-02
6.175647675991058350e-02 1.482529193162918091e-02
5.767749994993209839e-02 1.167445071041584015e-02
5.276728421449661255e-02 5.756362341344356537e-03
5.226474627852439880e-02 3.936519846320152283e-03
5.243268236517906189e-02 2.419878961518406868e-03
5.338397994637489319e-02 9.586038650013506413e-04
5.490356683731079102e-02 -9.035025141201913357e-05
5.636708438396453857e-02 -6.903587491251528263e-04
5.771894752979278564e-02 -1.072185230441391468e-03
5.980921164155006409e-02 -1.469341223128139973e-03
6.123071536421775818e-02 -1.649614074267446995e-03
6.286717951297760010e-02 -1.793845556676387787e-03
6.533248722553253174e-02 -1.917903544381260872e-03
6.874402612447738647e-02 -1.963515765964984894e-03
7.331587374210357666e-02 -1.885210280306637287e-03
8.524178713560104370e-02 -1.394548802636563778e-03
9.751906991004943848e-02 -9.017845150083303452e-04
1.091789528727531433e-01 -6.147547974251210690e-04
1.184247061610221863e-01 -5.158878047950565815e-04
1.324484348297119141e-01 -5.306199891492724419e-04
1.438670903444290161e-01 -6.376944365911185741e-04
1.545599251985549927e-01 -7.791312527842819691e-04
1.607186198234558105e-01 -8.692308329045772552e-04
1.675069183111190796e-01 -9.707050630822777748e-04
1.839493513107299805e-01 -1.205657958053052425e-03
1.972944289445877075e-01 -1.366507378406822681e-03
2.050444930791854858e-01 -1.442266628146171570e-03
2.109962701797485352e-01 -1.490346039645373821e-03
2.218456417322158813e-01 -1.553525566123425961e-03
2.330765128135681152e-01 -1.583620323799550533e-03
2.416746169328689575e-01 -1.581324846483767033e-03
2.509156465530395508e-01 -1.553749549202620983e-03
2.613677084445953369e-01 -1.490774215199053288e-03
2.699270546436309814e-01 -1.413928228430449963e-03
2.758591175079345703e-01 -1.347291981801390648e-03
2.895682752132415771e-01 -1.151490490883588791e-03
2.936023771762847900e-01 -1.082809409126639366e-03
3.043763637542724609e-01 -8.748860564082860947e-04
3.131020069122314453e-01 -6.805604789406061172e-04
3.253135383129119873e-01 -3.701102396007627249e-04
3.369643986225128174e-01 -3.262363316025584936e-05
3.432553708553314209e-01 1.661179558141157031e-04
3.479118049144744873e-01 3.206046239938586950e-04
3.590495288372039795e-01 7.152167963795363903e-04
3.682305216789245605e-01 1.066699856892228127e-03
3.756227493286132812e-01 1.366578973829746246e-03
3.794847428798675537e-01 1.529139582999050617e-03
3.930905163288116455e-01 2.133328001946210861e-03
4.005393683910369873e-01 2.484359545633196831e-03
4.100104272365570068e-01 2.950645750388503075e-03
4.197327494621276855e-01 3.451669821515679359e-03
4.256319999694824219e-01 3.766263369470834732e-03
4.351517260074615479e-01 4.289952106773853302e-03
4.466989040374755859e-01 4.950063768774271011e-03
4.528200328350067139e-01 5.310197826474905014e-03
4.605163633823394775e-01 5.772177129983901978e-03
4.685430526733398438e-01 6.263878196477890015e-03
4.764296114444732666e-01 6.755664478987455368e-03
4.886775016784667969e-01 7.533509284257888794e-03
5.025196671485900879e-01 8.427550084888935089e-03
5.094491243362426758e-01 8.878741413354873657e-03
5.153484940528869629e-01 9.263756684958934784e-03
5.195453166961669922e-01 9.537784382700920105e-03
5.369738936424255371e-01 1.067185215651988983e-02
5.407530069351196289e-01 1.091596111655235291e-02
5.523761510848999023e-01 1.166018564254045486e-02
5.631203651428222656e-01 1.233694143593311310e-02
5.683979392051696777e-01 1.266465801745653152e-02
5.760904550552368164e-01 1.313613541424274445e-02
5.829719901084899902e-01 1.355122961103916168e-02
5.956165194511413574e-01 1.429639197885990143e-02
6.024111509323120117e-01 1.468696445226669312e-02
6.116670966148376465e-01 1.520761568099260330e-02
6.198266744613647461e-01 1.565553247928619385e-02
6.332982778549194336e-01 1.637226156890392303e-02
6.462520956993103027e-01 1.703480631113052368e-02
6.651030182838439941e-01 1.795312389731407166e-02
6.917454004287719727e-01 1.916095986962318420e-02
6.990798711776733398e-01 1.947542652487754822e-02
7.126080989837646484e-01 2.003538981080055237e-02
7.305346131324768066e-01 2.073771692812442780e-02
7.523943781852722168e-01 2.153314091265201569e-02
7.650841474533081055e-01 2.196393907070159912e-02
7.760548591613769531e-01 2.231778204441070557e-02
7.842154502868652344e-01 2.256962284445762634e-02
8.046249151229858398e-01 2.315587177872657776e-02
8.141481280326843262e-01 2.340741269290447235e-02
8.328121304512023926e-01 2.385765127837657928e-02
8.399487137794494629e-01 2.401418611407279968e-02
8.655225634574890137e-01 2.449866570532321930e-02
8.714377284049987793e-01 2.459261193871498108e-02
8.838496804237365723e-01 2.476592920720577240e-02
8.884922862052917480e-01 2.482215501368045807e-02
9.008742570877075195e-01 2.494825795292854309e-02
9.062994122505187988e-01 2.499238774180412292e-02
9.168930649757385254e-01 2.505940385162830353e-02
9.224132299423217773e-01 2.508513815701007843e-02
9.328273534774780273e-01 2.512241154909133911e-02
9.420534372329711914e-01 2.516115829348564148e-02
9.496303796768188477e-01 2.523648366332054138e-02
9.547875523567199707e-01 2.535925805568695068e-02
9.555211067199707031e-01 2.538588084280490875e-02
9.566580057144165039e-01 2.543365769088268280e-02
