9.638482928276062012e-01 4.161659628152847290e-02
9.637579321861267090e-01 4.168596118688583374e-02
9.632733464241027832e-01 4.204249009490013123e-02
9.612779617309570312e-01 4.336430132389068604e-02
9.570361375808715820e-01 4.583610966801643372e-02
9.531459212303161621e-01 4.789509624242782593e-02
9.503381252288818359e-01 4.929899424314498901e-02
9.485287666320800781e-01 5.017407983541488647e-02
9.433435201644897461e-01 5.257434025406837463e-02
9.391695261001586914e-01 5.440829321742057800e-02
9.297446012496948242e-01 5.828745663166046143e-02
9.266639947891235352e-01 5.948764085769653320e-02
9.209125041961669922e-01 6.165023520588874817e-02
9.154567122459411621e-01 6.361536681652069092e-02
9.070527553558349609e-01 6.649408489465713501e-02
9.014980792999267578e-01 6.830599159002304077e-02
8.942916989326477051e-01 7.055788487195968628e-02
8.881348371505737305e-01 7.239874452352523804e-02
8.780156970024108887e-01 7.526930421590805054e-02
8.749318122863769531e-01 7.610760629177093506e-02
8.620744943618774414e-01 7.943081855773925781e-02
8.471193909645080566e-01 8.296793699264526367e-02
8.317493200302124023e-01 8.626259118318557739e-02
8.295588493347167969e-01 8.670540153980255127e-02
8.207041621208190918e-01 8.843007683753967285e-02
8.121162652969360352e-01 9.000510722398757935e-02
8.056271672248840332e-01 9.113336354494094849e-02
7.972856760025024414e-01 9.250763803720474243e-02
7.850824594497680664e-01 9.436858445405960083e-02
7.766746282577514648e-01 9.555063396692276001e-02
7.622773051261901855e-01 9.739212691783905029e-02
7.480549812316894531e-01 9.899365156888961792e-02
7.383323311805725098e-01 9.996911883354187012e-02
7.281395196914672852e-01 1.008917018771171570e-01
6.981570124626159668e-01 1.030465513467788696e-01
6.896397471427917480e-01 1.035160720348358154e-01
6.723043918609619141e-01 1.042924523353576660e-01
6.622098088264465332e-01 1.046401336789131165e-01
6.382706165313720703e-01 1.051849722862243652e-01
6.306373476982116699e-01 1.052825972437858582e-01
6.201097369194030762e-01 1.053619235754013062e-01
6.127328872680664062e-01 1.053814440965652466e-01
6.020491123199462891e-01 1.053602397441864014e-01
5.852591395378112793e-01 1.052173301577568054e-01
5.733238458633422852e-01 1.050407811999320984e-01
5.659427642822265625e-01 1.049025654792785645e-01
5.507814288139343262e-01 1.045527830719947815e-01
5.349836349487304688e-01 1.040986031293869019e-01
5.286247134208679199e-01 1.038907691836357117e-01
5.182684063911437988e-01 1.035220101475715637e-01
5.061972141265869141e-01 1.030448153614997864e-01
4.986097812652587891e-01 1.027186289429664612e-01
4.830240011215209961e-01 1.019837632775306702e-01
4.726544916629791260e-01 1.014451608061790466e-01
4.597204625606536865e-01 1.007157713174819946e-01
4.424917995929718018e-01 9.964045882225036621e-02
4.249949157238006592e-01 9.842091798782348633e-02
4.139628112316131592e-01 9.758278727531433105e-02
3.935150504112243652e-01 9.588157385587692261e-02
3.890296816825866699e-01 9.548201411962509155e-02
3.797697126865386963e-01 9.462629258632659912e-02
3.699279427528381348e-01 9.367070347070693970e-02
3.600020408630371094e-01 9.265810251235961914e-02
3.348684310913085938e-01 8.987051993608474731e-02
3.204094469547271729e-01 8.811940997838973999e-02
3.039869666099548340e-01 8.599835634231567383e-02
2.954934835433959961e-01 8.484595268964767456e-02
2.925550937652587891e-01 8.443844318389892578e-02
2.861135303974151611e-01 8.352926373481750488e-02
2.712666988372802734e-01 8.135050535202026367e-02
2.569888234138488770e-01 7.914566993713378906e-02
2.467502802610397339e-01 7.749832421541213989e-02
2.285627871751785278e-01 7.443490624427795410e-02
2.180488407611846924e-01 7.258352637290954590e-02
2.024941295385360718e-01 6.973515450954437256e-02
1.922685354948043823e-01 6.779055297374725342e-02
1.844364404678344727e-01 6.626173853874206543e-02
1.627646684646606445e-01 6.184793263673782349e-02
1.459642052650451660e-01 5.823151767253875732e-02
1.365171968936920166e-01 5.611811950802803040e-02
1.209479570388793945e-01 5.249952152371406555e-02
1.126528978347778320e-01 5.049721896648406982e-02
9.754830598831176758e-02 4.670316353440284729e-02
8.189590275287628174e-02 4.254106432199478149e-02
6.538332998752593994e-02 3.784027323126792908e-02
5.876024067401885986e-02 3.584620729088783264e-02
5.091407522559165955e-02 3.338712826371192932e-02
3.898766264319419861e-02 2.940573543310165405e-02
2.480342425405979156e-02 2.415170334279537201e-02
1.661747135221958160e-02 2.074158564209938049e-02
8.294513449072837830e-03 1.681892573833465576e-02
-5.765877176600042731e-06 1.207365654408931732e-02
-2.974885050207376480e-03 9.968888014554977417e-03
-7.240894716233015060e-03 5.869177170097827911e-03
-8.625768125057220459e-03 3.423993708565831184e-03
-8.916398510336875916e-03 2.212201710790395737e-03
-8.840722963213920593e-03 6.910562515258789062e-04
-8.491889573633670807e-03 -2.908059104811400175e-04
-7.012799382209777832e-03 -2.185339573770761490e-03
-4.479029681533575058e-03 -3.921138588339090347e-03
-4.109509172849357128e-04 -5.653436761349439621e-03
3.746635513380169868e-03 -6.879684980958700180e-03
7.663726340979337692e-03 -7.772596087306737900e-03
1.627821475267410278e-02 -9.240664541721343994e-03
2.520710974931716919e-02 -1.036164723336696625e-02
3.970669209957122803e-02 -1.175756193697452545e-02
5.257905274629592896e-02 -1.277735829353332520e-02
6.602185964584350586e-02 -1.372055802494287491e-02
7.406792044639587402e-02 -1.423552352935075760e-02
8.824092149734497070e-02 -1.504465192556381226e-02
1.006062701344490051e-01 -1.563281938433647156e-02
1.079261079430580139e-01 -1.592366769909858704e-02
1.139228269457817078e-01 -1.612883247435092926e-02
1.294592022895812988e-01 -1.652169786393642426e-02
1.382525116205215454e-01 -1.665813848376274109e-02
1.465191096067428589e-01 -1.673334278166294098e-02
1.531532555818557739e-01 -1.675875671207904816e-02
1.603150069713592529e-01 -1.675355806946754456e-02
1.711267232894897461e-01 -1.668666116893291473e-02
1.826800107955932617e-01 -1.654457859694957733e-02
1.918616890907287598e-01 -1.638556271791458130e-02
2.008945643901824951e-01 -1.619369722902774811e-02
2.210138887166976929e-01 -1.565778069198131561e-02
2.283575236797332764e-01 -1.542988326400518417e-02
2.451020181179046631e-01 -1.485596317797899246e-02
2.554588615894317627e-01 -1.446776650846004486e-02
2.757365703582763672e-01 -1.364552602171897888e-02
2.851726114749908447e-01 -1.323823351413011551e-02
2.946148812770843506e-01 -1.281662750989198685e-02
3.131488263607025146e-01 -1.195166725665330887e-02
3.187467157840728760e-01 -1.168124005198478699e-02
3.250011205673217773e-01 -1.137427706271409988e-02
3.361730873584747314e-01 -1.081349514424800873e-02
3.503945171833038330e-01 -1.007667928934097290e-02
3.673051893711090088e-01 -9.166480973362922668e-03
3.711228966712951660e-01 -8.955674245953559875e-03
3.870278298854827881e-01 -8.055033162236213684e-03
3.930719196796417236e-01 -7.702768314629793167e-03
4.096659719944000244e-01 -6.704331841319799423e-03
4.302345812320709229e-01 -5.394564941525459290e-03
4.366852641105651855e-01 -4.964975640177726746e-03
4.489538073539733887e-01 -4.119833000004291534e-03
4.549509286880493164e-01 -3.692207159474492073e-03
4.682834744453430176e-01 -2.703824779018759727e-03
4.825981557369232178e-01 -1.578638679347932339e-03
4.877480566501617432e-01 -1.156109850853681564e-03
4.996100962162017822e-01 -1.443660439690575004e-04
5.072411894798278809e-01 5.364152602851390839e-04
5.196961760520935059e-01 1.700552646070718765e-03
5.377047061920166016e-01 3.504467429593205452e-03
5.474783182144165039e-01 4.543651361018419266e-03
5.523257255554199219e-01 5.074396729469299316e-03
5.672501325607299805e-01 6.768963765352964401e-03
5.813586115837097168e-01 8.446498773992061615e-03
5.925105810165405273e-01 9.815364144742488861e-03
6.085062026977539062e-01 1.182691007852554321e-02
6.131494045257568359e-01 1.241807453334331512e-02
6.275392174720764160e-01 1.425979658961296082e-02
6.392475366592407227e-01 1.575838774442672729e-02
6.535518765449523926e-01 1.757293753325939178e-02
6.635903716087341309e-01 1.882685162127017975e-02
6.717991232872009277e-01 1.983586326241493225e-02
6.836941838264465332e-01 2.126607485115528107e-02
6.944873332977294922e-01 2.252572029829025269e-02
7.064846754074096680e-01 2.387745678424835205e-02
7.275102734565734863e-01 2.610718831419944763e-02
7.434337735176086426e-01 2.766489237546920776e-02
7.689505219459533691e-01 2.990019880235195160e-02
7.852331399917602539e-01 3.114475496113300323e-02
7.998991012573242188e-01 3.213522583246231079e-02
8.102532029151916504e-01 3.275573253631591797e-02
8.213676214218139648e-01 3.334533795714378357e-02
8.295901417732238770e-01 3.372810781002044678e-02
8.390386700630187988e-01 3.410893678665161133e-02
8.466418981552124023e-01 3.436724841594696045e-02
8.551653027534484863e-01 3.460286557674407959e-02
8.647764921188354492e-01 3.479569032788276672e-02
8.816007971763610840e-01 3.492756187915802002e-02
8.941565752029418945e-01 3.483046963810920715e-02
8.987823128700256348e-01 3.474616259336471558e-02
9.076332449913024902e-01 3.450153768062591553e-02
9.119231700897216797e-01 3.433909639716148376e-02
9.222821593284606934e-01 3.380681201815605164e-02
9.285482168197631836e-01 3.336915746331214905e-02
9.340591430664062500e-01 3.289310261607170105e-02
9.367768764495849609e-01 3.262046352028846741e-02
9.457818269729614258e-01 3.147907182574272156e-02
9.490287899971008301e-01 3.094572946429252625e-02
9.555965065956115723e-01 2.954209409654140472e-02
9.599538445472717285e-01 2.820079028606414795e-02
9.611019492149353027e-01 2.775307185947895050e-02
9.624104499816894531e-01 2.717085368931293488e-02
