9.592428207397460938e-01 2.590556070208549500e-02
9.591199159622192383e-01 2.611704170703887939e-02
9.582575559616088867e-01 2.739737927913665771e-02
9.560247659683227539e-01 2.994628809392452240e-02
9.468888640403747559e-01 3.718428686261177063e-02
9.397476911544799805e-01 4.156262055039405823e-02
9.315834641456604004e-01 4.590206220746040344e-02
9.277575016021728516e-01 4.776025936007499695e-02
9.207027554512023926e-01 5.095566809177398682e-02
9.151380062103271484e-01 5.329596623778343201e-02
9.051549434661865234e-01 5.716178193688392639e-02
9.015148878097534180e-01 5.847769975662231445e-02
8.857363462448120117e-01 6.368728727102279663e-02
8.787145018577575684e-01 6.577559560537338257e-02
8.666843771934509277e-01 6.906465440988540649e-02
8.632702231407165527e-01 6.993608921766281128e-02
8.559013605117797852e-01 7.172965258359909058e-02
8.468455672264099121e-01 7.377828657627105713e-02
8.383423686027526855e-01 7.555463165044784546e-02
8.337670564651489258e-01 7.645417749881744385e-02
8.173950314521789551e-01 7.936906814575195312e-02
8.014268875122070312e-01 8.178365230560302734e-02
7.748281359672546387e-01 8.495291322469711304e-02
7.690643668174743652e-01 8.550928533077239990e-02
7.544983029365539551e-01 8.672235161066055298e-02
7.455142140388488770e-01 8.733846992254257202e-02
7.329620122909545898e-01 8.803944289684295654e-02
7.242161035537719727e-01 8.842268586158752441e-02
7.102507948875427246e-01 8.886528760194778442e-02
7.009322047233581543e-01 8.905072510242462158e-02
6.824479699134826660e-01 8.917650580406188965e-02
6.669863462448120117e-01 8.905365318059921265e-02
6.592528223991394043e-01 8.892051875591278076e-02
6.507354378700256348e-01 8.872220665216445923e-02
6.432889103889465332e-01 8.850671350955963135e-02
6.320558190345764160e-01 8.811189979314804077e-02
6.124647855758666992e-01 8.724050223827362061e-02
6.018654108047485352e-01 8.668201416730880737e-02
5.908349752426147461e-01 8.604282140731811523e-02
5.695583224296569824e-01 8.466160297393798828e-02
5.616253614425659180e-01 8.410206437110900879e-02
5.498157739639282227e-01 8.322925120592117310e-02
5.358341336250305176e-01 8.213969320058822632e-02
5.317674875259399414e-01 8.181221783161163330e-02
5.141671895980834961e-01 8.034455776214599609e-02
5.024035573005676270e-01 7.932119071483612061e-02
4.902069568634033203e-01 7.822688668966293335e-02
4.847744405269622803e-01 7.772905379533767700e-02
4.720032811164855957e-01 7.653414458036422729e-02
4.585779309272766113e-01 7.524177432060241699e-02
4.515832364559173584e-01 7.455390691757202148e-02
4.471931457519531250e-01 7.411713153123855591e-02
4.408836662769317627e-01 7.348249107599258423e-02
4.311018586158752441e-01 7.248247414827346802e-02
4.212855994701385498e-01 7.145897299051284790e-02
4.155869483947753906e-01 7.085549831390380859e-02
4.069736897945404053e-01 6.993012875318527222e-02
3.910793662071228027e-01 6.817959994077682495e-02
3.850193321704864502e-01 6.749711185693740845e-02
3.786138296127319336e-01 6.676634401082992554e-02
3.663611412048339844e-01 6.534117460250854492e-02
3.562094569206237793e-01 6.413232535123825073e-02
3.429547548294067383e-01 6.251428276300430298e-02
3.373450636863708496e-01 6.181557476520538330e-02
3.338374495506286621e-01 6.137438490986824036e-02
3.245207071304321289e-01 6.018620729446411133e-02
3.131401240825653076e-01 5.870199203491210938e-02
3.094818294048309326e-01 5.821704864501953125e-02
2.938860952854156494e-01 5.610618367791175842e-02
2.791806161403656006e-01 5.404999852180480957e-02
2.692616581916809082e-01 5.262642726302146912e-02
2.560715973377227783e-01 5.068735033273696899e-02
2.479331493377685547e-01 4.946476966142654419e-02
2.412540465593338013e-01 4.844668135046958923e-02
2.324272990226745605e-01 4.708113893866539001e-02
2.287175804376602173e-01 4.650053009390830994e-02
2.042959183454513550e-01 4.258472472429275513e-02
1.925711184740066528e-01 4.065227136015892029e-02
1.864174604415893555e-01 3.962634503841400146e-02
1.755845993757247925e-01 3.780368715524673462e-02
1.680499911308288574e-01 3.652562201023101807e-02
1.575827002525329590e-01 3.473985567688941956e-02
1.414920836687088013e-01 3.198267146944999695e-02
1.312671750783920288e-01 3.023025952279567719e-02
1.244825422763824463e-01 2.906953543424606323e-02
1.160427406430244446e-01 2.762880362570285797e-02
9.780225157737731934e-02 2.452091872692108154e-02
8.822286128997802734e-02 2.287850528955459595e-02
7.595351338386535645e-02 2.072957716882228851e-02
6.790446490049362183e-02 1.926082745194435120e-02
6.190172955393791199e-02 1.811133883893489838e-02
5.052475631237030029e-02 1.570540107786655426e-02
4.605408385396003723e-02 1.462173182517290115e-02
3.875479474663734436e-02 1.252106297761201859e-02
3.586112335324287415e-02 1.148192211985588074e-02
3.390484675765037537e-02 1.065160334110260010e-02
3.082489967346191406e-02 8.887827396392822266e-03
3.005654551088809967e-02 8.227694779634475708e-03
2.948045544326305389e-02 7.533793803304433823e-03
2.922993712127208710e-02 7.068622857332229614e-03
2.909288555383682251e-02 5.929406732320785522e-03
2.971141412854194641e-02 4.747265484184026718e-03
3.033206611871719360e-02 4.160947632044553757e-03
3.165371343493461609e-02 3.306019119918346405e-03
3.533195331692695618e-02 1.829296001233160496e-03
4.356538131833076477e-02 6.564288923982530832e-06
5.080284550786018372e-02 -9.082421893253922462e-04
6.396581232547760010e-02 -1.740871113725006580e-03
7.596451789140701294e-02 -1.908906386233866215e-03
8.456128090620040894e-02 -1.785738510079681873e-03
9.732794016599655151e-02 -1.317748916335403919e-03
1.085113212466239929e-01 -6.875065155327320099e-04
1.174268573522567749e-01 -6.872222729725763202e-05
1.344709694385528564e-01 1.334062428213655949e-03
1.427300721406936646e-01 2.093424787744879723e-03
1.555023938417434692e-01 3.340997966006398201e-03
1.594850271940231323e-01 3.744124667719006538e-03
1.696078479290008545e-01 4.790619015693664551e-03
1.783353984355926514e-01 5.710843950510025024e-03
1.868462562561035156e-01 6.617224775254726410e-03
1.945507377386093140e-01 7.440631277859210968e-03
2.094998508691787720e-01 9.031868539750576019e-03
2.213034480810165405e-01 1.026965957134962082e-02
2.261681258678436279e-01 1.077242381870746613e-02
2.370316237211227417e-01 1.187551952898502350e-02
2.448268383741378784e-01 1.264775916934013367e-02
2.669936716556549072e-01 1.473801303654909134e-02
2.700977027416229248e-01 1.501680538058280945e-02
2.849581241607666016e-01 1.629945077002048492e-02
2.929508090019226074e-01 1.695191301405429840e-02
3.092451691627502441e-01 1.819629035890102386e-02
3.218932151794433594e-01 1.907966285943984985e-02
3.314242064952850342e-01 1.969618909060955048e-02
3.389597535133361816e-01 2.015324123203754425e-02
3.532965779304504395e-01 2.094791084527969360e-02
3.608593046665191650e-01 2.132734283804893494e-02
3.699242472648620605e-01 2.174593694508075714e-02
3.767462074756622314e-01 2.203505672514438629e-02
3.818606138229370117e-01 2.223728224635124207e-02
3.951645493507385254e-01 2.270589955151081085e-02
4.005948305130004883e-01 2.287367917597293854e-02
4.072714745998382568e-01 2.306172251701354980e-02
4.137136638164520264e-01 2.322444505989551544e-02
4.255761504173278809e-01 2.347759716212749481e-02
4.351436793804168701e-01 2.363982051610946655e-02
4.376499652862548828e-01 2.367641218006610870e-02
4.505732953548431396e-01 2.382840961217880249e-02
4.614682495594024658e-01 2.391236647963523865e-02
4.822897613048553467e-01 2.397777326405048370e-02
4.900962412357330322e-01 2.397602051496505737e-02
5.014823079109191895e-01 2.395411953330039978e-02
5.083187222480773926e-01 2.393241040408611298e-02
5.301154851913452148e-01 2.383928000926971436e-02
5.409810543060302734e-01 2.378955855965614319e-02
5.546218752861022949e-01 2.373431250452995300e-02
5.614890456199645996e-01 2.371203526854515076e-02
5.806417465209960938e-01 2.367830276489257812e-02
5.875803828239440918e-01 2.367835305631160736e-02
5.946000218391418457e-01 2.368577197194099426e-02
6.085011363029479980e-01 2.372317574918270111e-02
6.181610226631164551e-01 2.376713044941425323e-02
6.322838068008422852e-01 2.385712042450904846e-02
6.405392885208129883e-01 2.392310835421085358e-02
6.663071513175964355e-01 2.418436296284198761e-02
6.772435307502746582e-01 2.431631088256835938e-02
6.877405643463134766e-01 2.445203997194766998e-02
6.978662014007568359e-01 2.458963915705680847e-02
7.096666097640991211e-01 2.475601993501186371e-02
7.166377305984497070e-01 2.485635690391063690e-02
7.359831333160400391e-01 2.513770014047622681e-02
7.475923895835876465e-01 2.530510909855365753e-02
7.639676928520202637e-01 2.553398720920085907e-02
7.738758921623229980e-01 2.566589973866939545e-02
7.848682403564453125e-01 2.580429799854755402e-02
8.039553165435791016e-01 2.601878531277179718e-02
8.140580654144287109e-01 2.611579746007919312e-02
8.382133245468139648e-01 2.628786303102970123e-02
8.436430692672729492e-01 2.631266787648200989e-02
8.566966652870178223e-01 2.634713053703308105e-02
8.667662739753723145e-01 2.634603530168533325e-02
8.801448345184326172e-01 2.630008943378925323e-02
8.880351781845092773e-01 2.624496445059776306e-02
9.046119451522827148e-01 2.604441158473491669e-02
9.103684425354003906e-01 2.594185061752796173e-02
9.181976914405822754e-01 2.576803229749202728e-02
9.231517314910888672e-01 2.563384547829627991e-02
9.321458935737609863e-01 2.532965317368507385e-02
9.414415359497070312e-01 2.490309625864028931e-02
9.489621520042419434e-01 2.442785911262035370e-02
9.573661088943481445e-01 2.363541163504123688e-02
9.588002562522888184e-01 2.345018647611141205e-02
9.596259593963623047e-01 2.333300001919269562e-02
