9.677883386611938477e-01 4.832285270094871521e-02
9.676997065544128418e-01 4.836958274245262146e-02
9.668920040130615234e-01 4.880770668387413025e-02
9.652240872383117676e-01 4.973074421286582947e-02
9.599525332450866699e-01 5.260649323463439941e-02
9.545879364013671875e-01 5.542333424091339111e-02
9.513544440269470215e-01 5.707034841179847717e-02
9.498308300971984863e-01 5.783414468169212341e-02
9.442304968833923340e-01 6.057875603437423706e-02
9.388605952262878418e-01 6.312447786331176758e-02
9.297127723693847656e-01 6.728705018758773804e-02
9.261621832847595215e-01 6.884843856096267700e-02
9.203018546104431152e-01 7.136408239603042603e-02
9.104076027870178223e-01 7.544831186532974243e-02
8.955159187316894531e-01 8.124297112226486206e-02
8.907235264778137207e-01 8.302413672208786011e-02
8.839235901832580566e-01 8.548543602228164673e-02
8.744547963142395020e-01 8.878862857818603516e-02
8.628756403923034668e-01 9.264069050550460815e-02
8.579854369163513184e-01 9.420792013406753540e-02
8.455170392990112305e-01 9.804988652467727661e-02
8.319503664970397949e-01 1.019879505038261414e-01
8.198116421699523926e-01 1.053056567907333374e-01
8.154197335243225098e-01 1.064595505595207214e-01
8.030853867530822754e-01 1.095711886882781982e-01
7.979691028594970703e-01 1.108071357011795044e-01
7.883419990539550781e-01 1.130473464727401733e-01
7.815533280372619629e-01 1.145611852407455444e-01
7.635931968688964844e-01 1.183097213506698608e-01
7.562808990478515625e-01 1.197315976023674011e-01
7.370674014091491699e-01 1.231885179877281189e-01
7.259289622306823730e-01 1.250121295452117920e-01
7.102252244949340820e-01 1.273649334907531738e-01
7.010108828544616699e-01 1.286295652389526367e-01
6.812910437583923340e-01 1.310569196939468384e-01
6.685408949851989746e-01 1.324297636747360229e-01
6.606451869010925293e-01 1.332046836614608765e-01
6.531747579574584961e-01 1.338860839605331421e-01
6.259772181510925293e-01 1.359535455703735352e-01
6.208744645118713379e-01 1.362711489200592041e-01
6.095814108848571777e-01 1.368976384401321411e-01
5.950995683670043945e-01 1.375495344400405884e-01
5.863804221153259277e-01 1.378616690635681152e-01
5.617982149124145508e-01 1.384247839450836182e-01
5.518336296081542969e-01 1.385223716497421265e-01
5.433590412139892578e-01 1.385471373796463013e-01
5.303108692169189453e-01 1.384815871715545654e-01
5.167323946952819824e-01 1.382811367511749268e-01
5.095040798187255859e-01 1.381199061870574951e-01
4.950975775718688965e-01 1.376861929893493652e-01
4.815811216831207275e-01 1.371438503265380859e-01
4.709935784339904785e-01 1.366277933120727539e-01
4.608342349529266357e-01 1.360575258731842041e-01
4.389448463916778564e-01 1.345791220664978027e-01
4.272985160350799561e-01 1.336537301540374756e-01
4.089378714561462402e-01 1.319989264011383057e-01
3.992553949356079102e-01 1.310298144817352295e-01
3.887167274951934814e-01 1.298991441726684570e-01
3.605177700519561768e-01 1.264846026897430420e-01
3.542698621749877930e-01 1.256512254476547241e-01
3.445335328578948975e-01 1.242968738079071045e-01
3.139649927616119385e-01 1.196022629737854004e-01
3.044693768024444580e-01 1.180066093802452087e-01
2.886683046817779541e-01 1.152061298489570618e-01
2.671664953231811523e-01 1.111010536551475525e-01
2.536960542201995850e-01 1.083544418215751648e-01
2.444046735763549805e-01 1.063803881406784058e-01
2.411864250898361206e-01 1.056813895702362061e-01
2.370490282773971558e-01 1.047711074352264404e-01
2.250633090734481812e-01 1.020595878362655640e-01
2.100771069526672363e-01 9.851121157407760620e-02
1.963761150836944580e-01 9.510976821184158325e-02
1.900567859411239624e-01 9.348908811807632446e-02
1.752918362617492676e-01 8.957109600305557251e-02
1.623446047306060791e-01 8.597927540540695190e-02
1.483626365661621094e-01 8.192884922027587891e-02
1.421867609024047852e-01 8.008054643869400024e-02
1.289927214384078979e-01 7.600401341915130615e-02
1.197895780205726624e-01 7.305217534303665161e-02
1.138126105070114136e-01 7.108473032712936401e-02
9.207207709550857544e-02 6.356326490640640259e-02
8.379531651735305786e-02 6.053373962640762329e-02
7.166929543018341064e-02 5.590587854385375977e-02
6.179235503077507019e-02 5.194899812340736389e-02
4.209025949239730835e-02 4.344044625759124756e-02
3.382375463843345642e-02 3.956426680088043213e-02
3.018035739660263062e-02 3.778401389718055725e-02
2.436775714159011841e-02 3.483760356903076172e-02
1.189127378165721893e-02 2.795233391225337982e-02
2.816452179104089737e-03 2.224251069128513336e-02
-3.320526564493775368e-03 1.782522350549697876e-02
-7.937775924801826477e-03 1.399787887930870056e-02
-1.211721170693635941e-02 9.839491918683052063e-03
-1.485985703766345978e-02 6.333994213491678238e-03
-1.696843281388282776e-02 2.292924793437123299e-03
-1.752862893044948578e-02 2.514146908652037382e-04
-1.769152656197547913e-02 -1.285475096665322781e-03
-1.758376136422157288e-02 -2.973190275952219963e-03
-1.508567389100790024e-02 -8.003537543118000031e-03
-1.299212779849767685e-02 -9.972228668630123138e-03
-1.039583887904882431e-02 -1.176041085273027420e-02
-6.790378596633672714e-03 -1.365611050277948380e-02
-1.351564307697117329e-03 -1.584002375602722168e-02
6.011704448610544205e-03 -1.811507157981395721e-02
1.255886536091566086e-02 -1.977351680397987366e-02
1.833708398044109344e-02 -2.106595784425735474e-02
3.125221654772758484e-02 -2.361942268908023834e-02
3.955335915088653564e-02 -2.511722408235073090e-02
4.568903893232345581e-02 -2.617871761322021484e-02
5.654406920075416565e-02 -2.798143029212951660e-02
6.427196413278579712e-02 -2.920986898243427277e-02
7.360053807497024536e-02 -3.062904253602027893e-02
8.194474875926971436e-02 -3.183448314666748047e-02
9.035165607929229736e-02 -3.298289328813552856e-02
9.903828799724578857e-02 -3.409573063254356384e-02
1.108988747000694275e-01 -3.548894450068473816e-02
1.211602166295051575e-01 -3.657423332333564758e-02
1.315729469060897827e-01 -3.756127133965492249e-02
1.414815336465835571e-01 -3.839476406574249268e-02
1.496066600084304810e-01 -3.900253027677536011e-02
1.634021997451782227e-01 -3.988207131624221802e-02
1.741576492786407471e-01 -4.043843969702720642e-02
1.818580925464630127e-01 -4.076918587088584900e-02
1.868897080421447754e-01 -4.095548763871192932e-02
2.041235715150833130e-01 -4.141980782151222229e-02
2.210442274808883667e-01 -4.162235185503959656e-02
2.362953871488571167e-01 -4.159767553210258484e-02
2.428670525550842285e-01 -4.152794927358627319e-02
2.511799037456512451e-01 -4.138957709074020386e-02
2.611242532730102539e-01 -4.115121811628341675e-02
2.661900818347930908e-01 -4.099956154823303223e-02
2.759476900100708008e-01 -4.065031558275222778e-02
2.894656360149383545e-01 -4.004284739494323730e-02
2.994006872177124023e-01 -3.950512409210205078e-02
3.210652470588684082e-01 -3.806393221020698547e-02
3.274849355220794678e-01 -3.756570816040039062e-02
3.422034382820129395e-01 -3.629924729466438293e-02
3.476490676403045654e-01 -3.578641265630722046e-02
3.584190309047698975e-01 -3.470094501972198486e-02
3.753437399864196777e-01 -3.280093148350715637e-02
3.885916471481323242e-01 -3.114468045532703400e-02
4.064262211322784424e-01 -2.867507562041282654e-02
4.158849120140075684e-01 -2.725156024098396301e-02
4.260639846324920654e-01 -2.563038095831871033e-02
4.359551370143890381e-01 -2.396588213741779327e-02
4.402531683444976807e-01 -2.321518212556838989e-02
4.510970115661621094e-01 -2.124754339456558228e-02
4.586617946624755859e-01 -1.981294900178909302e-02
4.801203310489654541e-01 -1.547424681484699249e-02
5.182733535766601562e-01 -6.881376728415489197e-03
5.248913764953613281e-01 -5.297739524394273758e-03
5.317401885986328125e-01 -3.637085203081369400e-03
5.412096977233886719e-01 -1.310855266638100147e-03
5.506604313850402832e-01 1.036523608490824699e-03
5.660703182220458984e-01 4.892132245004177094e-03
5.738649964332580566e-01 6.842897739261388779e-03
5.796071887016296387e-01 8.275412023067474365e-03
5.933417677879333496e-01 1.167051587253808975e-02
6.089745759963989258e-01 1.544913649559020996e-02
6.205321550369262695e-01 1.816048659384250641e-02
6.263462901115417480e-01 1.949258893728256226e-02
6.363204717636108398e-01 2.172200568020343781e-02
6.562026739120483398e-01 2.592990361154079437e-02
6.677598953247070312e-01 2.821636945009231567e-02
6.803743243217468262e-01 3.056773915886878967e-02
6.924170255661010742e-01 3.266584500670433044e-02
7.100602984428405762e-01 3.547149151563644409e-02
7.313268780708312988e-01 3.841764107346534729e-02
7.526363134384155273e-01 4.088202863931655884e-02
7.680696845054626465e-01 4.235809668898582458e-02
7.842738032341003418e-01 4.362605139613151550e-02
7.893161773681640625e-01 4.396127536892890930e-02
8.061501979827880859e-01 4.487457871437072754e-02
8.198636770248413086e-01 4.538170993328094482e-02
8.320537805557250977e-01 4.565073177218437195e-02
8.409280776977539062e-01 4.573689773678779602e-02
8.543972373008728027e-01 4.568678140640258789e-02
8.682715892791748047e-01 4.539956524968147278e-02
8.833838105201721191e-01 4.480099305510520935e-02
8.905581831932067871e-01 4.440683871507644653e-02
8.994915485382080078e-01 4.381117224693298340e-02
9.041451215744018555e-01 4.345259815454483032e-02
9.168637394905090332e-01 4.229123890399932861e-02
9.218848943710327148e-01 4.175387322902679443e-02
9.320217370986938477e-01 4.051556065678596497e-02
9.378660321235656738e-01 3.969607502222061157e-02
9.452702999114990234e-01 3.852428495883941650e-02
9.495946168899536133e-01 3.775556758046150208e-02
9.575506448745727539e-01 3.611235320568084717e-02
9.653122425079345703e-01 3.398051857948303223e-02
9.673139452934265137e-01 3.324477374553680420e-02
9.689057469367980957e-01 3.254660964012145996e-02
