9.589617848396301270e-01 3.177547082304954529e-02
9.587658047676086426e-01 3.196543082594871521e-02
9.579784274101257324e-01 3.265599533915519714e-02
9.557299613952636719e-01 3.431728109717369080e-02
9.482746124267578125e-01 3.869630768895149231e-02
9.440138339996337891e-01 4.085233435034751892e-02
9.362848401069641113e-01 4.441045224666595459e-02
9.341489672660827637e-01 4.533266276121139526e-02
9.308752417564392090e-01 4.670411348342895508e-02
9.260861873626708984e-01 4.862889274954795837e-02
9.149048328399658203e-01 5.281009525060653687e-02
9.117435812950134277e-01 5.392437800765037537e-02
8.984857201576232910e-01 5.832451581954956055e-02
8.932186365127563477e-01 5.996357649564743042e-02
8.841128349304199219e-01 6.266827136278152466e-02
8.699034452438354492e-01 6.659498065710067749e-02
8.639621138572692871e-01 6.814033538103103638e-02
8.561470508575439453e-01 7.009296864271163940e-02
8.432047963142395020e-01 7.313919812440872192e-02
8.386609554290771484e-01 7.415620237588882446e-02
8.253545761108398438e-01 7.698743790388107300e-02
8.036229610443115234e-01 8.117068558931350708e-02
7.797074317932128906e-01 8.519711345434188843e-02
7.737434506416320801e-01 8.611334860324859619e-02
7.583761215209960938e-01 8.832129091024398804e-02
7.466212511062622070e-01 8.986698836088180542e-02
7.382546663284301758e-01 9.089431166648864746e-02
7.331713438034057617e-01 9.148970991373062134e-02
7.123701572418212891e-01 9.370718151330947876e-02
6.958020925521850586e-01 9.523197263479232788e-02
6.799526810646057129e-01 9.650062769651412964e-02
6.574614644050598145e-01 9.799839556217193604e-02
6.497468352317810059e-01 9.843399375677108765e-02
6.346926093101501465e-01 9.917386621236801147e-02
6.199635267257690430e-01 9.976177662611007690e-02
6.120118498802185059e-01 1.000251173973083496e-01
5.979211926460266113e-01 1.004017367959022522e-01
5.891278982162475586e-01 1.005798578262329102e-01
5.699308514595031738e-01 1.008217036724090576e-01
5.612394213676452637e-01 1.008664891123771667e-01
5.552402734756469727e-01 1.008743792772293091e-01
5.418568253517150879e-01 1.008249893784523010e-01
5.255689024925231934e-01 1.006418615579605103e-01
5.212581157684326172e-01 1.005710288882255554e-01
5.120089650154113770e-01 1.003875732421875000e-01
5.040788054466247559e-01 1.001961603760719299e-01
4.886634945869445801e-01 9.973383694887161255e-02
4.812680482864379883e-01 9.946960210800170898e-02
4.711828529834747314e-01 9.906460344791412354e-02
4.592336118221282959e-01 9.851735830307006836e-02
4.441759884357452393e-01 9.772237390279769897e-02
4.393169879913330078e-01 9.744037687778472900e-02
4.275550842285156250e-01 9.670559316873550415e-02
4.173001945018768311e-01 9.600375592708587646e-02
4.122160971164703369e-01 9.563437849283218384e-02
4.052098095417022705e-01 9.510175138711929321e-02
3.971963226795196533e-01 9.445860236883163452e-02
3.752612769603729248e-01 9.250899404287338257e-02
3.670139908790588379e-01 9.170260280370712280e-02
3.635579645633697510e-01 9.135250002145767212e-02
3.534308373928070068e-01 9.028470516204833984e-02
3.402053415775299072e-01 8.879448473453521729e-02
3.180439472198486328e-01 8.604733645915985107e-02
3.113650083541870117e-01 8.515628427267074585e-02
2.967254519462585449e-01 8.309803158044815063e-02
2.875583171844482422e-01 8.173395693302154541e-02
2.820931673049926758e-01 8.089260756969451904e-02
2.769019007682800293e-01 8.007365465164184570e-02
2.723998129367828369e-01 7.934761792421340942e-02
2.601056396961212158e-01 7.728889584541320801e-02
2.503217160701751709e-01 7.556895911693572998e-02
2.401064783334732056e-01 7.369351387023925781e-02
2.328143417835235596e-01 7.230345904827117920e-02
2.260803282260894775e-01 7.098075002431869507e-02
2.108796387910842896e-01 6.785172969102859497e-02
2.049491852521896362e-01 6.657489389181137085e-02
1.963243633508682251e-01 6.465906649827957153e-02
1.845891028642654419e-01 6.193489208817481995e-02
1.796165257692337036e-01 6.073773279786109924e-02
1.683675795793533325e-01 5.792971327900886536e-02
1.568959951400756836e-01 5.491435900330543518e-02
1.464761495590209961e-01 5.203155428171157837e-02
1.326139569282531738e-01 4.796344041824340820e-02
1.194562390446662903e-01 4.382960125803947449e-02
1.153914481401443481e-01 4.249403253197669983e-02
1.070028245449066162e-01 3.964388743042945862e-02
9.588199108839035034e-02 3.565623983740806580e-02
8.693245053291320801e-02 3.225797414779663086e-02
7.665771245956420898e-02 2.812505885958671570e-02
6.831653416156768799e-02 2.456449903547763824e-02
6.273746490478515625e-02 2.206471189856529236e-02
5.224261060357093811e-02 1.704308576881885529e-02
4.647973552346229553e-02 1.404694560915231705e-02
4.131651669740676880e-02 1.113912556320428848e-02
3.734559193253517151e-02 8.667128160595893860e-03
3.442580997943878174e-02 6.609153933823108673e-03
3.089188784360885620e-02 3.376190084964036942e-03
3.042803518474102020e-02 2.757661044597625732e-03
3.004060313105583191e-02 2.101903548464179039e-03
2.983113564550876617e-02 1.604214077815413475e-03
2.971964143216609955e-02 3.784817527048289776e-04
3.021259792149066925e-02 -5.878315423615276814e-04
3.072171472012996674e-02 -1.047868980094790459e-03
3.169098496437072754e-02 -1.601136056706309319e-03
3.773493692278862000e-02 -2.871866570785641670e-03
5.375137925148010254e-02 -2.684968523681163788e-03
6.128879636526107788e-02 -2.014057012274861336e-03
7.123463600873947144e-02 -8.229333907365798950e-04
8.871313184499740601e-02 1.851231092587113380e-03
9.990135580301284790e-02 3.836276941001415253e-03
1.162732541561126709e-01 6.994698662310838699e-03
1.221581548452377319e-01 8.180859498679637909e-03
1.303877383470535278e-01 9.868439286947250366e-03
1.574810743331909180e-01 1.550547499209642410e-02
1.680187880992889404e-01 1.766903884708881378e-02
1.803667694330215454e-01 2.014340832829475403e-02
1.884503066539764404e-01 2.171599492430686951e-02
1.959535926580429077e-01 2.313601039350032806e-02
2.051065862178802490e-01 2.481059171259403229e-02
2.154563665390014648e-01 2.662080526351928711e-02
2.224591225385665894e-01 2.779217809438705444e-02
2.381716817617416382e-01 3.025501221418380737e-02
2.457777559757232666e-01 3.136237710714340210e-02
2.552677989006042480e-01 3.266493231058120728e-02
2.665193378925323486e-01 3.409491851925849915e-02
2.719281911849975586e-01 3.473827615380287170e-02
2.902838885784149170e-01 3.671070933341979980e-02
2.945137321949005127e-01 3.711973503232002258e-02
3.036933243274688721e-01 3.795006871223449707e-02
3.158871531486511230e-01 3.893433883786201477e-02
3.257065713405609131e-01 3.963150829076766968e-02
3.408532142639160156e-01 4.054690152406692505e-02
3.478560745716094971e-01 4.090717062354087830e-02
3.561895489692687988e-01 4.128624871373176575e-02
3.739948868751525879e-01 4.192483797669410706e-02
3.805674612522125244e-01 4.210493341088294983e-02
3.896062076091766357e-01 4.230677708983421326e-02
3.947451710700988770e-01 4.239895567297935486e-02
4.034440219402313232e-01 4.251966997981071472e-02
4.244166910648345947e-01 4.264479875564575195e-02
4.299757182598114014e-01 4.264280572533607483e-02
4.412905275821685791e-01 4.259938001632690430e-02
4.514672458171844482e-01 4.252035915851593018e-02
4.611767828464508057e-01 4.241513833403587341e-02
4.689189493656158447e-01 4.231373965740203857e-02
4.759620130062103271e-01 4.221037402749061584e-02
4.817564785480499268e-01 4.211872071027755737e-02
4.881196916103363037e-01 4.201257973909378052e-02
4.993227720260620117e-01 4.181557893753051758e-02
5.112224221229553223e-01 4.159868136048316956e-02
5.198689699172973633e-01 4.144025593996047974e-02
5.273132324218750000e-01 4.130537807941436768e-02
5.454612970352172852e-01 4.099035635590553284e-02
5.560467243194580078e-01 4.081937670707702637e-02
5.702075958251953125e-01 4.060795158147811890e-02
5.838112831115722656e-01 4.042338952422142029e-02
5.945362448692321777e-01 4.028933867812156677e-02
5.990650653839111328e-01 4.023530706763267517e-02
6.083098649978637695e-01 4.012881964445114136e-02
6.199764609336853027e-01 3.999971225857734680e-02
6.345720291137695312e-01 3.984169661998748779e-02
6.584257483482360840e-01 3.957505524158477783e-02
6.639766693115234375e-01 3.950900956988334656e-02
6.815776228904724121e-01 3.928345814347267151e-02
6.959955692291259766e-01 3.907550126314163208e-02
7.093550562858581543e-01 3.885988146066665649e-02
7.220318317413330078e-01 3.863193839788436890e-02
7.310814857482910156e-01 3.845390677452087402e-02
7.453693151473999023e-01 3.814474120736122131e-02
7.703696489334106445e-01 3.751311451196670532e-02
7.782303690910339355e-01 3.728873655200004578e-02
7.904809713363647461e-01 3.691270202398300171e-02
8.041032552719116211e-01 3.645485639572143555e-02
8.191165328025817871e-01 3.589857742190361023e-02
8.312983512878417969e-01 3.540444746613502502e-02
8.417659997940063477e-01 3.494694456458091736e-02
8.529759049415588379e-01 3.442062065005302429e-02
8.629137277603149414e-01 3.391989320516586304e-02
8.761948943138122559e-01 3.319502994418144226e-02
8.895092010498046875e-01 3.239493817090988159e-02
8.984264135360717773e-01 3.181052953004837036e-02
9.036036729812622070e-01 3.145031258463859558e-02
9.205079674720764160e-01 3.013806417584419250e-02
9.290248155593872070e-01 2.936945296823978424e-02
9.338194727897644043e-01 2.889051102101802826e-02
9.377311468124389648e-01 2.846701256930828094e-02
9.447092413902282715e-01 2.760948240756988525e-02
9.511570930480957031e-01 2.663142606616020203e-02
9.545345902442932129e-01 2.599576674401760101e-02
9.589970111846923828e-01 2.491350844502449036e-02
9.605631828308105469e-01 2.442471683025360107e-02
9.611307978630065918e-01 2.422658726572990417e-02
