9.636442065238952637e-01 -8.239219896495342255e-03
9.626113772392272949e-01 -8.351112715899944305e-03
9.605745077133178711e-01 -8.502479642629623413e-03
9.524493217468261719e-01 -8.541477844119071960e-03
9.439600706100463867e-01 -8.037402294576168060e-03
9.353774189949035645e-01 -7.199794519692659378e-03
9.210265874862670898e-01 -5.325683392584323883e-03
9.157086014747619629e-01 -4.520895890891551971e-03
9.003895521163940430e-01 -1.957938075065612793e-03
8.927029967308044434e-01 -5.621167365461587906e-04
8.741656541824340820e-01 3.024906385689973831e-03
8.688258528709411621e-01 4.103254526853561401e-03
8.611987233161926270e-01 5.669825244694948196e-03
8.534659743309020996e-01 7.283380720764398575e-03
8.280254006385803223e-01 1.269328594207763672e-02
8.186662793159484863e-01 1.469363365322351456e-02
8.048424124717712402e-01 1.762929372489452362e-02
8.006855249404907227e-01 1.850424334406852722e-02
7.868269681930541992e-01 2.138389647006988525e-02
7.818304896354675293e-01 2.240529470145702362e-02
7.659379243850708008e-01 2.558239921927452087e-02
7.578470706939697266e-01 2.715318091213703156e-02
7.475253343582153320e-01 2.910712733864784241e-02
7.434014081954956055e-01 2.987145818769931793e-02
7.315028905868530273e-01 3.202270343899726868e-02
7.262356877326965332e-01 3.294890373945236206e-02
7.140064239501953125e-01 3.503651544451713562e-02
7.050672173500061035e-01 3.650671988725662231e-02
6.954041719436645508e-01 3.804308176040649414e-02
6.805562376976013184e-01 4.029769077897071838e-02
6.674917340278625488e-01 4.217701032757759094e-02
6.607247591018676758e-01 4.311268031597137451e-02
6.519594788551330566e-01 4.428708180785179138e-02
6.381235718727111816e-01 4.605605825781822205e-02
6.264151930809020996e-01 4.747375473380088806e-02
6.223203539848327637e-01 4.795273393392562866e-02
6.025027632713317871e-01 5.015010386705398560e-02
5.952128767967224121e-01 5.090886354446411133e-02
5.607733130455017090e-01 5.414356663823127747e-02
5.407245159149169922e-01 5.576594918966293335e-02
5.284178853034973145e-01 5.666820704936981201e-02
5.196483731269836426e-01 5.726791545748710632e-02
5.064361691474914551e-01 5.810351297259330750e-02
4.944454133510589600e-01 5.879124253988265991e-02
4.827450811862945557e-01 5.939744412899017334e-02
4.621308743953704834e-01 6.030877679586410522e-02
4.490261673927307129e-01 6.078359484672546387e-02
4.431361854076385498e-01 6.097035109996795654e-02
4.264879226684570312e-01 6.140838190913200378e-02
4.206383824348449707e-01 6.153059750795364380e-02
4.140524566173553467e-01 6.164835765957832336e-02
4.068537056446075439e-01 6.175300106406211853e-02
3.980597853660583496e-01 6.184649839997291565e-02
3.843712508678436279e-01 6.191654503345489502e-02
3.779413700103759766e-01 6.191754341125488281e-02
3.694439828395843506e-01 6.188741698861122131e-02
3.569992780685424805e-01 6.177833303809165955e-02
3.454003036022186279e-01 6.160675734281539917e-02
3.374762535095214844e-01 6.145051494240760803e-02
3.273641467094421387e-01 6.120483204722404480e-02
3.180141746997833252e-01 6.093122437596321106e-02
3.076033890247344971e-01 6.057364866137504578e-02
2.942279875278472900e-01 6.003168597817420959e-02
2.853329479694366455e-01 5.961933359503746033e-02
2.769817709922790527e-01 5.919403210282325745e-02
2.645693123340606689e-01 5.849266797304153442e-02
2.499571740627288818e-01 5.755906179547309875e-02
2.384879589080810547e-01 5.674251914024353027e-02
2.190590202808380127e-01 5.518531799316406250e-02
2.057636231184005737e-01 5.398815870285034180e-02
1.995906233787536621e-01 5.339433997869491577e-02
1.879767924547195435e-01 5.220909044146537781e-02
1.772198528051376343e-01 5.102841183543205261e-02
1.654997617006301880e-01 4.964564740657806396e-02
1.577276438474655151e-01 4.866983368992805481e-02
1.472493559122085571e-01 4.727467894554138184e-02
1.307193189859390259e-01 4.487051069736480713e-02
1.156005337834358215e-01 4.242412373423576355e-02
1.033735796809196472e-01 4.024403169751167297e-02
9.874872863292694092e-02 3.936599940061569214e-02
8.788027614355087280e-02 3.717156872153282166e-02
7.368431985378265381e-02 3.398109227418899536e-02
6.336200237274169922e-02 3.137575462460517883e-02
5.267138779163360596e-02 2.835175395011901855e-02
4.549230635166168213e-02 2.608447708189487457e-02
4.038032516837120056e-02 2.432434633374214172e-02
2.409788407385349274e-02 1.753159239888191223e-02
1.856884732842445374e-02 1.456905342638492584e-02
1.650342158973217010e-02 1.331936940550804138e-02
1.288927346467971802e-02 1.086213532835245132e-02
9.516852907836437225e-03 8.098689839243888855e-03
7.051725406199693680e-03 5.556743126362562180e-03
5.043552722781896591e-03 2.756146015599370003e-03
3.958283923566341400e-03 4.480542847886681557e-04
3.486215835437178612e-03 -1.332480809651315212e-03
3.357491921633481979e-03 -2.480202587321400642e-03
3.573414171114563942e-03 -4.951404873281717300e-03
3.819160861894488335e-03 -5.824585910886526108e-03
5.357165355235338211e-03 -8.774135261774063110e-03
7.590617518872022629e-03 -1.127872057259082794e-02
8.826706558465957642e-03 -1.235150359570980072e-02
1.027119625359773636e-02 -1.344904862344264984e-02
1.250433549284934998e-02 -1.492447871714830399e-02
1.632565446197986603e-02 -1.705775782465934753e-02
2.320633083581924438e-02 -2.020577341318130493e-02
3.288198262453079224e-02 -2.385529316961765289e-02
4.393261671066284180e-02 -2.743595093488693237e-02
4.907891154289245605e-02 -2.896560542285442352e-02
5.877246707677841187e-02 -3.167189657688140869e-02
6.956900656223297119e-02 -3.446930646896362305e-02
7.872938364744186401e-02 -3.669466823339462280e-02
9.262298047542572021e-02 -3.984764963388442993e-02
1.011449843645095825e-01 -4.166265949606895447e-02
1.134043782949447632e-01 -4.412902146577835083e-02
1.325996816158294678e-01 -4.767499491572380066e-02
1.393325775861740112e-01 -4.883338138461112976e-02
1.460670232772827148e-01 -4.994983226060867310e-02
1.529511362314224243e-01 -5.104872956871986389e-02
1.836049109697341919e-01 -5.545061081647872925e-02
1.875754147768020630e-01 -5.596498772501945496e-02
1.974467784166336060e-01 -5.719116702675819397e-02
2.095997929573059082e-01 -5.860056355595588684e-02
2.186421900987625122e-01 -5.957982316613197327e-02
2.407364547252655029e-01 -6.173432245850563049e-02
2.523059844970703125e-01 -6.273324042558670044e-02
2.567982077598571777e-01 -6.309799849987030029e-02
2.678697407245635986e-01 -6.394319981336593628e-02
2.819625437259674072e-01 -6.491111218929290771e-02
2.908438444137573242e-01 -6.546077132225036621e-02
2.985263466835021973e-01 -6.589952111244201660e-02
3.114800155162811279e-01 -6.656383723020553589e-02
3.158763051033020020e-01 -6.676816940307617188e-02
3.279929757118225098e-01 -6.727696210145950317e-02
3.460901677608489990e-01 -6.789151579141616821e-02
3.559820353984832764e-01 -6.815548986196517944e-02
3.645599484443664551e-01 -6.834401190280914307e-02
3.797962069511413574e-01 -6.858780980110168457e-02
3.851853311061859131e-01 -6.864646822214126587e-02
3.964612483978271484e-01 -6.872314214706420898e-02
4.292663037776947021e-01 -6.859694421291351318e-02
4.337034821510314941e-01 -6.854041665792465210e-02
4.458787739276885986e-01 -6.833747774362564087e-02
4.598416090011596680e-01 -6.801875680685043335e-02
4.710837900638580322e-01 -6.769564747810363770e-02
4.844912588596343994e-01 -6.723299622535705566e-02
4.957917332649230957e-01 -6.677783280611038208e-02
5.027918219566345215e-01 -6.646603345870971680e-02
5.148562192916870117e-01 -6.587511301040649414e-02
5.216252803802490234e-01 -6.551391631364822388e-02
5.340607762336730957e-01 -6.479487568140029907e-02
5.397079586982727051e-01 -6.444466859102249146e-02
5.480083823204040527e-01 -6.390310823917388916e-02
5.628778338432312012e-01 -6.285338103771209717e-02
5.687075853347778320e-01 -6.241401657462120056e-02
5.835255980491638184e-01 -6.122708320617675781e-02
5.908613801002502441e-01 -6.060236319899559021e-02
5.964369773864746094e-01 -6.011118367314338684e-02
6.092518568038940430e-01 -5.892888456583023071e-02
6.275948882102966309e-01 -5.710832402110099792e-02
6.357856988906860352e-01 -5.624708533287048340e-02
6.519864797592163086e-01 -5.445683747529983521e-02
6.582305431365966797e-01 -5.373634770512580872e-02
6.694386005401611328e-01 -5.240106582641601562e-02
6.724817752838134766e-01 -5.202925950288772583e-02
6.908140182495117188e-01 -4.970685392618179321e-02
7.092872858047485352e-01 -4.722560197114944458e-02
7.238647937774658203e-01 -4.517003521323204041e-02
7.440118789672851562e-01 -4.219145700335502625e-02
7.560420036315917969e-01 -4.033907875418663025e-02
7.627840638160705566e-01 -3.927754238247871399e-02
7.715879082679748535e-01 -3.786676377058029175e-02
7.789452672004699707e-01 -3.666698932647705078e-02
7.857476472854614258e-01 -3.554142639040946960e-02
7.903898358345031738e-01 -3.476462140679359436e-02
8.052955865859985352e-01 -3.222524747252464294e-02
8.120125532150268555e-01 -3.106006048619747162e-02
8.194826841354370117e-01 -2.975066378712654114e-02
8.286927938461303711e-01 -2.811888605356216431e-02
8.514156937599182129e-01 -2.403793111443519592e-02
8.566124439239501953e-01 -2.310057915747165680e-02
8.708532452583312988e-01 -2.054691314697265625e-02
8.781278133392333984e-01 -1.926297321915626526e-02
8.855183124542236328e-01 -1.798486895859241486e-02
8.906072378158569336e-01 -1.712671108543872833e-02
9.022061228752136230e-01 -1.526977214962244034e-02
9.068314433097839355e-01 -1.458190474659204483e-02
9.240219593048095703e-01 -1.244250498712062836e-02
9.332200288772583008e-01 -1.168764755129814148e-02
9.474247694015502930e-01 -1.126039400696754456e-02
9.582636356353759766e-01 -1.155464071780443192e-02
9.602754116058349609e-01 -1.165830064564943314e-02
9.635452032089233398e-01 -1.185260154306888580e-02
