9.587074518203735352e-01 -4.855763632804155350e-03
9.569414854049682617e-01 -4.746969323605298996e-03
9.507715702056884766e-01 -4.314803052693605423e-03
9.346582889556884766e-01 -2.967671491205692291e-03
9.064195156097412109e-01 -1.841862685978412628e-04
8.886924982070922852e-01 1.751316711306571960e-03
8.637505769729614258e-01 4.668460693210363388e-03
8.516637086868286133e-01 6.153758149594068527e-03
8.381605148315429688e-01 7.862777449190616608e-03
8.227926492691040039e-01 9.866119362413883209e-03
8.100513815879821777e-01 1.156972441822290421e-02
8.029153943061828613e-01 1.253915950655937195e-02
7.920209169387817383e-01 1.403850968927145004e-02
7.807905673980712891e-01 1.560603547841310501e-02
7.658576965332031250e-01 1.771962642669677734e-02
7.598086595535278320e-01 1.858380809426307678e-02
7.456689476966857910e-01 2.061795443296432495e-02
7.323250770568847656e-01 2.255100943148136139e-02
7.229096889495849609e-01 2.391966991126537323e-02
7.060796022415161133e-01 2.636906318366527557e-02
6.831830739974975586e-01 2.969065494835376740e-02
6.751125454902648926e-01 3.085421957075595856e-02
6.576325893402099609e-01 3.335455432534217834e-02
6.471821665763854980e-01 3.483319282531738281e-02
6.276758313179016113e-01 3.755302354693412781e-02
6.167705655097961426e-01 3.904741257429122925e-02
5.945054888725280762e-01 4.203100129961967468e-02
5.873353481292724609e-01 4.297076165676116943e-02
5.785294771194458008e-01 4.410975798964500427e-02
5.645586848258972168e-01 4.588069394230842590e-02
5.523545145988464355e-01 4.738932847976684570e-02
5.416699647903442383e-01 4.867908731102943420e-02
5.318148732185363770e-01 4.984184727072715759e-02
5.245176553726196289e-01 5.068549141287803650e-02
5.147144794464111328e-01 5.179494246840476990e-02
5.063337087631225586e-01 5.272085592150688171e-02
4.945620894432067871e-01 5.398499220609664917e-02
4.874198734760284424e-01 5.473055690526962280e-02
4.758940041065216064e-01 5.589835718274116516e-02
4.646204411983489990e-01 5.699669569730758667e-02
4.514978229999542236e-01 5.821819975972175598e-02
4.441103339195251465e-01 5.887784808874130249e-02
4.361906945705413818e-01 5.956185609102249146e-02
4.244219958782196045e-01 6.053267419338226318e-02
4.138598144054412842e-01 6.135583296418190002e-02
4.061688482761383057e-01 6.192559376358985901e-02
3.978304862976074219e-01 6.251423805952072144e-02
3.920521736145019531e-01 6.290397793054580688e-02
3.858527839183807373e-01 6.330520659685134888e-02
3.727809190750122070e-01 6.409214437007904053e-02
3.588973581790924072e-01 6.483694165945053101e-02
3.506284058094024658e-01 6.523427367210388184e-02
3.443050384521484375e-01 6.551403552293777466e-02
3.361242115497589111e-01 6.584426015615463257e-02
3.261150419712066650e-01 6.619831174612045288e-02
3.216401934623718262e-01 6.633839011192321777e-02
3.149142563343048096e-01 6.652717292308807373e-02
3.050302863121032715e-01 6.675619632005691528e-02
2.963918149471282959e-01 6.690778583288192749e-02
2.888567447662353516e-01 6.700187176465988159e-02
2.804692685604095459e-01 6.706364452838897705e-02
2.682134509086608887e-01 6.706961244344711304e-02
2.618978619575500488e-01 6.703224033117294312e-02
2.534066140651702881e-01 6.693709641695022583e-02
2.415881603956222534e-01 6.671572476625442505e-02
2.344927042722702026e-01 6.653106957674026489e-02
2.257912904024124146e-01 6.624935567378997803e-02
2.152924537658691406e-01 6.582475453615188599e-02
2.035938054323196411e-01 6.523644924163818359e-02
1.888401508331298828e-01 6.430874764919281006e-02
1.827423125505447388e-01 6.386058777570724487e-02
1.706481575965881348e-01 6.285108625888824463e-02
1.594656258821487427e-01 6.176434084773063660e-02
1.534510105848312378e-01 6.111399084329605103e-02
1.471808254718780518e-01 6.038383021950721741e-02
1.366917043924331665e-01 5.903471633791923523e-02
1.316865533590316772e-01 5.833075940608978271e-02
1.190946921706199646e-01 5.637120455503463745e-02
1.081157475709915161e-01 5.441930890083312988e-02
1.032192856073379517e-01 5.346773937344551086e-02
9.784711897373199463e-02 5.236128345131874084e-02
8.850326389074325562e-02 5.026840418577194214e-02
8.417078852653503418e-02 4.921940341591835022e-02
7.776650786399841309e-02 4.756921902298927307e-02
6.919796764850616455e-02 4.515830799937248230e-02
6.219106167554855347e-02 4.299466684460639954e-02
5.723986402153968811e-02 4.135002195835113525e-02
4.715166613459587097e-02 3.766294568777084351e-02
4.127427190542221069e-02 3.527808934450149536e-02
3.700539842247962952e-02 3.342020884156227112e-02
1.938883215188980103e-02 2.430519647896289825e-02
1.269491761922836304e-02 1.996513083577156067e-02
8.706984110176563263e-03 1.700537465512752533e-02
3.131144214421510696e-03 1.211206801235675812e-02
-1.302799646509811282e-04 8.533035404980182648e-03
-3.269682172685861588e-03 3.939732443541288376e-03
-4.460887983441352844e-03 1.462942338548600674e-03
-5.502713844180107117e-03 -1.885298755951225758e-03
-5.876831244677305222e-03 -4.824376665055751801e-03
-5.854295566678047180e-03 -6.682359147816896439e-03
-4.902832675725221634e-03 -1.142878644168376923e-02
-3.065579337999224663e-03 -1.555069349706172943e-02
2.213309344369918108e-04 -2.036584168672561646e-02
6.106478627771139145e-03 -2.647862210869789124e-02
1.394578162580728531e-02 -3.261610865592956543e-02
2.136164344847202301e-02 -3.733128309249877930e-02
2.406810969114303589e-02 -3.887100517749786377e-02
3.017578460276126862e-02 -4.206681624054908752e-02
3.803501650691032410e-02 -4.571121186017990112e-02
4.485268518328666687e-02 -4.852556437253952026e-02
5.704383924603462219e-02 -5.291134119033813477e-02
6.400092691183090210e-02 -5.510383471846580505e-02
7.151932269334793091e-02 -5.725848302245140076e-02
8.273763209581375122e-02 -6.011350825428962708e-02
9.978746622800827026e-02 -6.376283615827560425e-02
1.064172238111495972e-01 -6.499129533767700195e-02
1.196542382240295410e-01 -6.717247515916824341e-02
1.306622177362442017e-01 -6.874300539493560791e-02
1.427637934684753418e-01 -7.024770975112915039e-02
1.487430036067962646e-01 -7.091400772333145142e-02
1.723577231168746948e-01 -7.311124354600906372e-02
1.777378320693969727e-01 -7.352500408887863159e-02
1.832240372896194458e-01 -7.391701638698577881e-02
1.961733698844909668e-01 -7.473015785217285156e-02
2.173784971237182617e-01 -7.575432211160659790e-02
2.269739657640457153e-01 -7.610484957695007324e-02
2.431722730398178101e-01 -7.655263692140579224e-02
2.547170221805572510e-01 -7.676926255226135254e-02
2.679723799228668213e-01 -7.692037522792816162e-02
2.770489454269409180e-01 -7.696695625782012939e-02
2.877830266952514648e-01 -7.696536928415298462e-02
2.952532172203063965e-01 -7.692939788103103638e-02
3.033052682876586914e-01 -7.685972005128860474e-02
3.088418841361999512e-01 -7.679371535778045654e-02
3.193451762199401855e-01 -7.662910968065261841e-02
3.272020220756530762e-01 -7.647319883108139038e-02
3.409293889999389648e-01 -7.613582909107208252e-02
3.496636152267456055e-01 -7.587948441505432129e-02
3.600322902202606201e-01 -7.553445547819137573e-02
3.674392402172088623e-01 -7.526162266731262207e-02
3.935479819774627686e-01 -7.413164526224136353e-02
3.979264795780181885e-01 -7.391737401485443115e-02
4.089935421943664551e-01 -7.334533333778381348e-02
4.138668477535247803e-01 -7.307982444763183594e-02
4.238841533660888672e-01 -7.250870019197463989e-02
4.312781989574432373e-01 -7.206569612026214600e-02
4.399988055229187012e-01 -7.152049988508224487e-02
4.587714374065399170e-01 -7.026675343513488770e-02
4.730058610439300537e-01 -6.924702972173690796e-02
4.845985174179077148e-01 -6.837536394596099854e-02
4.961553812026977539e-01 -6.747179478406906128e-02
5.062299370765686035e-01 -6.665766984224319458e-02
5.170609354972839355e-01 -6.575670838356018066e-02
5.244195461273193359e-01 -6.513038277626037598e-02
5.478568673133850098e-01 -6.306677311658859253e-02
5.549177527427673340e-01 -6.242671608924865723e-02
5.662502646446228027e-01 -6.138405948877334595e-02
5.791352987289428711e-01 -6.017799302935600281e-02
5.891923308372497559e-01 -5.922342464327812195e-02
5.987939834594726562e-01 -5.830274894833564758e-02
6.111964583396911621e-01 -5.710187181830406189e-02
6.242265105247497559e-01 -5.582829192280769348e-02
6.381881833076477051e-01 -5.445234104990959167e-02
6.411172747611999512e-01 -5.416234582662582397e-02
6.598470807075500488e-01 -5.229844525456428528e-02
6.673765182495117188e-01 -5.154463276267051697e-02
6.786969304084777832e-01 -5.040628835558891296e-02
6.939436793327331543e-01 -4.886260628700256348e-02
7.000104188919067383e-01 -4.824450612068176270e-02
7.077412605285644531e-01 -4.745313897728919983e-02
7.200511693954467773e-01 -4.618295282125473022e-02
7.302907109260559082e-01 -4.511508718132972717e-02
7.431206107139587402e-01 -4.375908523797988892e-02
7.506531476974487305e-01 -4.295177012681961060e-02
7.765558958053588867e-01 -4.009337350726127625e-02
7.835319042205810547e-01 -3.929655626416206360e-02
7.917736172676086426e-01 -3.833703696727752686e-02
7.999096512794494629e-01 -3.736826404929161072e-02
8.162083029747009277e-01 -3.535238280892372131e-02
8.236038088798522949e-01 -3.439947590231895447e-02
8.361372947692871094e-01 -3.272086381912231445e-02
8.429285287857055664e-01 -3.177387639880180359e-02
8.546660542488098145e-01 -3.006686642765998840e-02
8.632913231849670410e-01 -2.874947711825370789e-02
8.778264522552490234e-01 -2.639311179518699646e-02
8.851143121719360352e-01 -2.514140494167804718e-02
8.997577428817749023e-01 -2.247582003474235535e-02
9.168673157691955566e-01 -1.912842877209186554e-02
9.359216690063476562e-01 -1.533030066639184952e-02
9.526277184486389160e-01 -1.250207051634788513e-02
9.577834606170654297e-01 -1.182425674051046371e-02
9.616571068763732910e-01 -1.138241682201623917e-02
