9.692245721817016602e-01 -1.578689436428248882e-03
9.689592123031616211e-01 -1.557257375679910183e-03
9.660199880599975586e-01 -1.269309082999825478e-03
9.591851830482482910e-01 -3.814762167166918516e-04
9.403399825096130371e-01 2.746527083218097687e-03
9.242799878120422363e-01 5.767863709479570389e-03
9.050952196121215820e-01 9.576216340065002441e-03
9.000632762908935547e-01 1.059520803391933441e-02
8.839352726936340332e-01 1.388638187199831009e-02
8.760462403297424316e-01 1.549980603158473969e-02
8.620232939720153809e-01 1.835413463413715363e-02
8.550618886947631836e-01 1.975825615227222443e-02
8.434244394302368164e-01 2.207645028829574585e-02
8.312172889709472656e-01 2.445770055055618286e-02
8.114110827445983887e-01 2.818012796342372894e-02
8.081091642379760742e-01 2.878104895353317261e-02
7.968273162841796875e-01 3.078716062009334564e-02
7.902227640151977539e-01 3.192606568336486816e-02
7.760586142539978027e-01 3.427526727318763733e-02
7.701858878135681152e-01 3.521062061190605164e-02
7.582062482833862305e-01 3.704664111137390137e-02
7.408106923103332520e-01 3.953887894749641418e-02
7.206931710243225098e-01 4.216647148132324219e-02
7.154744863510131836e-01 4.280452057719230652e-02
7.025571465492248535e-01 4.430909454822540283e-02
6.945049762725830078e-01 4.519454017281532288e-02
6.821863055229187012e-01 4.647433757781982422e-02
6.718281507492065430e-01 4.748310521245002747e-02
6.591645479202270508e-01 4.863674938678741455e-02
6.530320644378662109e-01 4.916526377201080322e-02
6.449530720710754395e-01 4.983262717723846436e-02
6.299781203269958496e-01 5.098634213209152222e-02
6.222654581069946289e-01 5.154019221663475037e-02
6.121168136596679688e-01 5.222914367914199829e-02
6.023500561714172363e-01 5.285102874040603638e-02
5.887889862060546875e-01 5.365049839019775391e-02
5.722470879554748535e-01 5.452998355031013489e-02
5.670455694198608398e-01 5.478569120168685913e-02
5.578035712242126465e-01 5.521622300148010254e-02
5.347714424133300781e-01 5.616136640310287476e-02
5.256305336952209473e-01 5.648770183324813843e-02
5.152250528335571289e-01 5.682649835944175720e-02
5.025941729545593262e-01 5.719191208481788635e-02
4.986683428287506104e-01 5.729538947343826294e-02
4.894729852676391602e-01 5.751919746398925781e-02
4.722630381584167480e-01 5.786894261837005615e-02
4.546548128128051758e-01 5.813439935445785522e-02
4.494580328464508057e-01 5.819497630000114441e-02
4.410155415534973145e-01 5.827613174915313721e-02
4.265730977058410645e-01 5.836542695760726929e-02
4.183974266052246094e-01 5.838813260197639465e-02
4.127990007400512695e-01 5.839199945330619812e-02
3.980580270290374756e-01 5.835664272308349609e-02
3.864884972572326660e-01 5.828212946653366089e-02
3.771618604660034180e-01 5.819180235266685486e-02
3.699595630168914795e-01 5.810338258743286133e-02
3.636503517627716064e-01 5.801244452595710754e-02
3.531831204891204834e-01 5.783342570066452026e-02
3.437797427177429199e-01 5.764235183596611023e-02
3.372378349304199219e-01 5.749230831861495972e-02
3.312886357307434082e-01 5.734353139996528625e-02
3.224797546863555908e-01 5.710138007998466492e-02
3.029330372810363770e-01 5.646893754601478577e-02
2.946694195270538330e-01 5.616114288568496704e-02
2.921859622001647949e-01 5.606384202837944031e-02
2.823714315891265869e-01 5.565729364752769470e-02
2.760684192180633545e-01 5.537736043334007263e-02
2.663133144378662109e-01 5.491437390446662903e-02
2.553130090236663818e-01 5.434780195355415344e-02
2.405336648225784302e-01 5.350949987769126892e-02
2.242444306612014771e-01 5.247780308127403259e-02
2.079425901174545288e-01 5.132453888654708862e-02
2.013316601514816284e-01 5.082024261355400085e-02
1.974984556436538696e-01 5.051769688725471497e-02
1.805351525545120239e-01 4.908470436930656433e-02
1.760592013597488403e-01 4.867961257696151733e-02
1.600239872932434082e-01 4.712778329849243164e-02
1.457806825637817383e-01 4.560527205467224121e-02
1.336884796619415283e-01 4.419307783246040344e-02
1.268855780363082886e-01 4.334515333175659180e-02
1.130586862564086914e-01 4.148932918906211853e-02
9.560532867908477783e-02 3.885418176651000977e-02
8.262425661087036133e-02 3.663980588316917419e-02
7.404772192239761353e-02 3.503420948982238770e-02
6.905712187290191650e-02 3.404017165303230286e-02
5.947725474834442139e-02 3.199150785803794861e-02
4.465945810079574585e-02 2.838288806378841400e-02
3.303705155849456787e-02 2.506394498050212860e-02
1.677121967077255249e-02 1.933252066373825073e-02
1.109283603727817535e-02 1.687396690249443054e-02
6.960118655115365982e-03 1.485275477170944214e-02
-1.833402784541249275e-03 9.446294046938419342e-03
-3.941117785871028900e-03 7.739111315459012985e-03
-7.293766364455223083e-03 4.186882171779870987e-03
-8.367422968149185181e-03 2.537454944103956223e-03
-9.206407703459262848e-03 6.601394270546734333e-04
-9.650496765971183777e-03 -1.455963356420397758e-03
-8.999046869575977325e-03 -5.417069885879755020e-03
-7.673034910112619400e-03 -7.760864682495594025e-03
-6.638851016759872437e-03 -9.051190689206123352e-03
-5.132292862981557846e-03 -1.058072037994861603e-02
2.143627498298883438e-03 -1.573134586215019226e-02
4.731960128992795944e-03 -1.715498045086860657e-02
9.225134737789630890e-03 -1.936973817646503448e-02
1.417815405875444412e-02 -2.155185677111148834e-02
2.869073301553726196e-02 -2.702843025326728821e-02
4.019966349005699158e-02 -3.078745864331722260e-02
5.523289740085601807e-02 -3.521316498517990112e-02
6.344628334045410156e-02 -3.745353221893310547e-02
7.107669115066528320e-02 -3.943980857729911804e-02
9.330181777477264404e-02 -4.476987570524215698e-02
1.076290458440780640e-01 -4.788447543978691101e-02
1.146875992417335510e-01 -4.933358356356620789e-02
1.305798143148422241e-01 -5.240047723054885864e-02
1.465534567832946777e-01 -5.522226169705390930e-02
1.583789438009262085e-01 -5.715054646134376526e-02
1.650366634130477905e-01 -5.817809700965881348e-02
1.720729619264602661e-01 -5.921972170472145081e-02
1.834955513477325439e-01 -6.081589311361312866e-02
1.883091628551483154e-01 -6.145418062806129456e-02
1.965980082750320435e-01 -6.250665336847305298e-02
2.078813165426254272e-01 -6.384658068418502808e-02
2.191847413778305054e-01 -6.508461385965347290e-02
2.242363989353179932e-01 -6.560496985912322998e-02
2.383215874433517456e-01 -6.695119291543960571e-02
2.429950833320617676e-01 -6.736449897289276123e-02
2.607536613941192627e-01 -6.878766417503356934e-02
2.639524936676025391e-01 -6.901969015598297119e-02
2.777323424816131592e-01 -6.993652880191802979e-02
2.825959622859954834e-01 -7.022852450609207153e-02
2.933792769908905029e-01 -7.081819325685501099e-02
3.042823672294616699e-01 -7.133481651544570923e-02
3.264104425907135010e-01 -7.214308530092239380e-02
3.323431015014648438e-01 -7.230610400438308716e-02
3.442904353141784668e-01 -7.256672531366348267e-02
3.504503071308135986e-01 -7.266609370708465576e-02
3.608212769031524658e-01 -7.278017699718475342e-02
3.649564385414123535e-01 -7.280719280242919922e-02
3.780688345432281494e-01 -7.282373309135437012e-02
3.840536475181579590e-01 -7.279664278030395508e-02
3.900954127311706543e-01 -7.274744659662246704e-02
3.977304697036743164e-01 -7.265406847000122070e-02
4.046536087989807129e-01 -7.253946363925933838e-02
4.158223569393157959e-01 -7.229506224393844604e-02
4.243841171264648438e-01 -7.205838710069656372e-02
4.286193251609802246e-01 -7.192563265562057495e-02
4.446510672569274902e-01 -7.133012264966964722e-02
4.529272019863128662e-01 -7.096584886312484741e-02
4.642495214939117432e-01 -7.040596008300781250e-02
4.725420773029327393e-01 -6.995145976543426514e-02
4.850370883941650391e-01 -6.919736415147781372e-02
4.912107288837432861e-01 -6.879465281963348389e-02
5.133731961250305176e-01 -6.719138473272323608e-02
5.280857086181640625e-01 -6.599775701761245728e-02
5.430364608764648438e-01 -6.468693912029266357e-02
5.530501604080200195e-01 -6.375774741172790527e-02
5.643549561500549316e-01 -6.266306340694427490e-02
5.693114399909973145e-01 -6.216880306601524353e-02
5.732810497283935547e-01 -6.176700815558433533e-02
5.896170735359191895e-01 -6.006184220314025879e-02
5.982947945594787598e-01 -5.912527814507484436e-02
6.335639953613281250e-01 -5.514349043369293213e-02
6.408970355987548828e-01 -5.428728833794593811e-02
6.598501205444335938e-01 -5.204033479094505310e-02
6.732570528984069824e-01 -5.042610317468643188e-02
6.827635765075683594e-01 -4.927078261971473694e-02
6.906570792198181152e-01 -4.830524697899818420e-02
7.012324929237365723e-01 -4.700306430459022522e-02
7.062808275222778320e-01 -4.637795686721801758e-02
7.427102327346801758e-01 -4.179301857948303223e-02
7.497103214263916016e-01 -4.089450836181640625e-02
7.589725852012634277e-01 -3.969500958919525146e-02
7.666183114051818848e-01 -3.869476541876792908e-02
7.748771905899047852e-01 -3.760294616222381592e-02
7.882230877876281738e-01 -3.581055626273155212e-02
7.919865846633911133e-01 -3.529819473624229431e-02
8.132066130638122559e-01 -3.234380483627319336e-02
8.165122866630554199e-01 -3.187256678938865662e-02
8.229689598083496094e-01 -3.094267472624778748e-02
8.336011171340942383e-01 -2.938254736363887787e-02
8.466464281082153320e-01 -2.741520665585994720e-02
8.558204770088195801e-01 -2.599403075873851776e-02
8.660870790481567383e-01 -2.436473220586776733e-02
8.743410706520080566e-01 -2.302454784512519836e-02
8.892045617103576660e-01 -2.054549753665924072e-02
8.960525989532470703e-01 -1.937837898731231689e-02
9.221571683883666992e-01 -1.489221211522817612e-02
9.366212487220764160e-01 -1.258044410496950150e-02
9.493309855461120605e-01 -1.092732418328523636e-02
9.620285630226135254e-01 -9.872699156403541565e-03
9.680495858192443848e-01 -9.597599506378173828e-03
9.697170257568359375e-01 -9.543577209115028381e-03
