9.511529207229614258e-01 -6.627553608268499374e-03
9.500216841697692871e-01 -6.643678992986679077e-03
9.456638097763061523e-01 -6.656983867287635803e-03
9.331926107406616211e-01 -6.426119711250066757e-03
9.106560349464416504e-01 -5.481060128659009933e-03
8.891423344612121582e-01 -4.225905984640121460e-03
8.564677834510803223e-01 -1.907131168991327286e-03
8.455541729927062988e-01 -1.048474106937646866e-03
8.278183937072753906e-01 4.204295692034065723e-04
8.184116482734680176e-01 1.232735696248710155e-03
7.955547571182250977e-01 3.290785010904073715e-03
7.900113463401794434e-01 3.806269727647304535e-03
7.672396898269653320e-01 5.982724949717521667e-03
7.571944594383239746e-01 6.970033980906009674e-03
7.271218299865722656e-01 1.000875141471624374e-02
7.187792062759399414e-01 1.087047997862100601e-02
7.050492167472839355e-01 1.230310648679733276e-02
6.942000389099121094e-01 1.344598829746246338e-02
6.849647164344787598e-01 1.442507933825254440e-02
6.735756397247314453e-01 1.563892886042594910e-02
6.632264852523803711e-01 1.674658060073852539e-02
6.516823768615722656e-01 1.798564754426479340e-02
6.394777894020080566e-01 1.929767243564128876e-02
6.316737532615661621e-01 2.013674192130565643e-02
6.139597892761230469e-01 2.203823626041412354e-02
5.943287611007690430e-01 2.413409948348999023e-02
5.824903249740600586e-01 2.538860961794853210e-02
5.710178613662719727e-01 2.659536525607109070e-02
5.546805262565612793e-01 2.829504199326038361e-02
5.488612651824951172e-01 2.889425680041313171e-02
5.348673462867736816e-01 3.031986020505428314e-02
5.198670029640197754e-01 3.182074427604675293e-02
5.075393915176391602e-01 3.303002193570137024e-02
5.048494338989257812e-01 3.329076990485191345e-02
4.976628124713897705e-01 3.398142382502555847e-02
4.936929047107696533e-01 3.435911983251571655e-02
4.719801545143127441e-01 3.637205809354782104e-02
4.612741470336914062e-01 3.732864186167716980e-02
4.483629167079925537e-01 3.844702988862991333e-02
4.318685829639434814e-01 3.981434181332588196e-02
4.272521138191223145e-01 4.018373042345046997e-02
4.179199337959289551e-01 4.091149196028709412e-02
4.095868468284606934e-01 4.153889045119285583e-02
4.032356441020965576e-01 4.200213402509689331e-02
3.950674831867218018e-01 4.257806390523910522e-02
3.860425651073455811e-01 4.318723082542419434e-02
3.732782900333404541e-01 4.399731755256652832e-02
3.672634661197662354e-01 4.435703158378601074e-02
3.590703606605529785e-01 4.482330381870269775e-02
3.526034057140350342e-01 4.517132043838500977e-02
3.428215086460113525e-01 4.566273465752601624e-02
3.308514654636383057e-01 4.620426893234252930e-02
3.250828385353088379e-01 4.644072428345680237e-02
3.173267841339111328e-01 4.673254862427711487e-02
3.111226856708526611e-01 4.694380611181259155e-02
3.060721755027770996e-01 4.710087180137634277e-02
3.011834025382995605e-01 4.723987728357315063e-02
2.926158607006072998e-01 4.745180159807205200e-02
2.878209352493286133e-01 4.755235463380813599e-02
2.792446911334991455e-01 4.769911617040634155e-02
2.688195407390594482e-01 4.781857132911682129e-02
2.634305059909820557e-01 4.785426333546638489e-02
2.528558671474456787e-01 4.787104949355125427e-02
2.480527013540267944e-01 4.785485193133354187e-02
2.450883090496063232e-01 4.783726856112480164e-02
2.380328923463821411e-01 4.777174815535545349e-02
2.292218208312988281e-01 4.764216020703315735e-02
2.196019142866134644e-01 4.743834212422370911e-02
2.052045017480850220e-01 4.700718447566032410e-02
1.919501274824142456e-01 4.647056758403778076e-02
1.849382519721984863e-01 4.613012820482254028e-02
1.762142330408096313e-01 4.564978182315826416e-02
1.672301292419433594e-01 4.508689045906066895e-02
1.599037051200866699e-01 4.457461088895797729e-02
1.559520959854125977e-01 4.427776858210563660e-02
1.530677229166030884e-01 4.405177757143974304e-02
1.376960128545761108e-01 4.270916432142257690e-02
1.258332282304763794e-01 4.150355979800224304e-02
1.156507804989814758e-01 4.034043475985527039e-02
1.091578900814056396e-01 3.953217342495918274e-02
1.025959402322769165e-01 3.865907713770866394e-02
9.596027433872222900e-02 3.771505504846572876e-02
8.073552697896957397e-02 3.529334813356399536e-02
6.652113050222396851e-02 3.266276419162750244e-02
6.117340549826622009e-02 3.156584873795509338e-02
4.753350839018821716e-02 2.845394425094127655e-02
3.648475930094718933e-02 2.553630433976650238e-02
2.541206590831279755e-02 2.214960940182209015e-02
1.687152497470378876e-02 1.911415718495845795e-02
1.252460479736328125e-02 1.737963035702705383e-02
5.074497777968645096e-03 1.398650277405977249e-02
-1.950280857272446156e-03 9.996712207794189453e-03
-3.537965007126331329e-03 8.908284828066825867e-03
-5.802936386317014694e-03 7.142639718949794769e-03
-8.278728462755680084e-03 4.692543298006057739e-03
-9.469551965594291687e-03 3.058894071727991104e-03
-1.044616568833589554e-02 8.387296693399548531e-04
-1.046625431627035141e-02 -2.149896929040551186e-03
-1.013999059796333313e-02 -3.078358713537454605e-03
-9.839017875492572784e-03 -3.678956301882863045e-03
-8.788170292973518372e-03 -5.152263678610324860e-03
-7.496308069676160812e-03 -6.433547940105199814e-03
-3.642331808805465698e-03 -9.078793227672576904e-03
-1.299172407016158104e-03 -1.029827352613210678e-02
3.738545114174485207e-03 -1.244728919118642807e-02
1.514271274209022522e-02 -1.612977683544158936e-02
2.063157036900520325e-02 -1.758608408272266388e-02
3.067866340279579163e-02 -1.993903890252113342e-02
3.634684160351753235e-02 -2.113499119877815247e-02
4.451171681284904480e-02 -2.273161895573139191e-02
6.223521009087562561e-02 -2.580810338258743286e-02
6.858578324317932129e-02 -2.680753916501998901e-02
7.687586545944213867e-02 -2.804448641836643219e-02
9.515137225389480591e-02 -3.053696453571319580e-02
1.200919076800346375e-01 -3.350321203470230103e-02
1.365553587675094604e-01 -3.522794321179389954e-02
1.480731666088104248e-01 -3.633666038513183594e-02
1.565978229045867920e-01 -3.710891678929328918e-02
1.642001420259475708e-01 -3.776457160711288452e-02
1.680410206317901611e-01 -3.808435797691345215e-02
1.819299757480621338e-01 -3.917901962995529175e-02
1.989359408617019653e-01 -4.039399325847625732e-02
2.062158882617950439e-01 -4.087398573756217957e-02
2.162667661905288696e-01 -4.149871692061424255e-02
2.226393669843673706e-01 -4.187260195612907410e-02
2.337476760149002075e-01 -4.248418658971786499e-02
2.457260787487030029e-01 -4.308796674013137817e-02
2.497852891683578491e-01 -4.327974095940589905e-02
2.656129002571105957e-01 -4.396686702966690063e-02
2.701473534107208252e-01 -4.414619877934455872e-02
2.827412486076354980e-01 -4.460401087999343872e-02
2.938258945941925049e-01 -4.495862871408462524e-02
3.090038299560546875e-01 -4.537186771631240845e-02
3.124993145465850830e-01 -4.545529559254646301e-02
3.279723227024078369e-01 -4.577229171991348267e-02
3.395045697689056396e-01 -4.595335945487022400e-02
3.509174585342407227e-01 -4.608643800020217896e-02
3.558938503265380859e-01 -4.613017663359642029e-02
3.605381250381469727e-01 -4.616317898035049438e-02
3.674452900886535645e-01 -4.619833827018737793e-02
3.762228786945343018e-01 -4.621905460953712463e-02
3.800736665725708008e-01 -4.621970653533935547e-02
3.911799192428588867e-01 -4.619287699460983276e-02
3.992530703544616699e-01 -4.614673554897308350e-02
4.073562324047088623e-01 -4.607800394296646118e-02
4.129608571529388428e-01 -4.601742327213287354e-02
4.235531389713287354e-01 -4.587397351861000061e-02
4.322026669979095459e-01 -4.572905600070953369e-02
4.404937922954559326e-01 -4.556700959801673889e-02
4.579467475414276123e-01 -4.515345022082328796e-02
4.648357927799224854e-01 -4.496383294463157654e-02
4.819597005844116211e-01 -4.443039745092391968e-02
5.009689927101135254e-01 -4.373997822403907776e-02
5.125271081924438477e-01 -4.327334463596343994e-02
5.182896256446838379e-01 -4.302839189767837524e-02
5.300662517547607422e-01 -4.250396788120269775e-02
5.441168546676635742e-01 -4.183989390730857849e-02
5.490645766258239746e-01 -4.159701243042945862e-02
5.535670518875122070e-01 -4.137220978736877441e-02
5.670886039733886719e-01 -4.067741334438323975e-02
5.732848644256591797e-01 -4.035010933876037598e-02
5.876260399818420410e-01 -3.957441076636314392e-02
5.965026021003723145e-01 -3.908351436257362366e-02
6.020446419715881348e-01 -3.877355903387069702e-02
6.143542528152465820e-01 -3.807726129889488220e-02
6.212595701217651367e-01 -3.768275678157806396e-02
6.392307281494140625e-01 -3.664683178067207336e-02
6.618321537971496582e-01 -3.533273562788963318e-02
6.660370230674743652e-01 -3.508748114109039307e-02
6.758176684379577637e-01 -3.451645374298095703e-02
6.825016140937805176e-01 -3.412578254938125610e-02
6.922615766525268555e-01 -3.355463221669197083e-02
7.070694565773010254e-01 -3.268580883741378784e-02
7.106075286865234375e-01 -3.247764706611633301e-02
7.370848655700683594e-01 -3.090713731944561005e-02
7.457073926925659180e-01 -3.038844093680381775e-02
7.535610198974609375e-01 -2.991151437163352966e-02
7.584813833236694336e-01 -2.961014024913311005e-02
7.733802199363708496e-01 -2.868286333978176117e-02
7.845864295959472656e-01 -2.796766161918640137e-02
8.006395697593688965e-01 -2.690966427326202393e-02
8.048115372657775879e-01 -2.662721835076808929e-02
8.152660727500915527e-01 -2.590397000312805176e-02
8.178189992904663086e-01 -2.572378516197204590e-02
8.426144719123840332e-01 -2.389180287718772888e-02
8.482919931411743164e-01 -2.344998344779014587e-02
8.656978011131286621e-01 -2.204297110438346863e-02
8.958944678306579590e-01 -1.947607472538948059e-02
9.132887721061706543e-01 -1.806436292827129364e-02
9.420945048332214355e-01 -1.646325178444385529e-02
9.462523460388183594e-01 -1.635552383959293365e-02
9.488217830657958984e-01 -1.630626060068607330e-02
