9.579456448554992676e-01 -7.449592929333448410e-03
9.567216038703918457e-01 -7.608002517372369766e-03
9.466356635093688965e-01 -8.471624925732612610e-03
9.344852566719055176e-01 -8.971263654530048370e-03
9.143360257148742676e-01 -9.174448437988758087e-03
8.971938490867614746e-01 -8.975614793598651886e-03
8.729555606842041016e-01 -8.298521861433982849e-03
8.608185648918151855e-01 -7.820637896656990051e-03
8.467815518379211426e-01 -7.169231306761503220e-03
8.292973041534423828e-01 -6.224248558282852173e-03
8.088323473930358887e-01 -4.947482142597436905e-03
7.972818613052368164e-01 -4.151679575443267822e-03
7.850470542907714844e-01 -3.252994036301970482e-03
7.773520946502685547e-01 -2.659494290128350258e-03
7.643641233444213867e-01 -1.610149163752794266e-03
7.573146224021911621e-01 -1.016319147311151028e-03
7.389040589332580566e-01 6.114988937042653561e-04
7.204654216766357422e-01 2.347481669858098030e-03
7.046183943748474121e-01 3.918142523616552353e-03
6.972094178199768066e-01 4.675847943872213364e-03
6.832427978515625000e-01 6.142074707895517349e-03
6.694322824478149414e-01 7.637240923941135406e-03
6.569890975952148438e-01 9.019514545798301697e-03
6.493254899978637695e-01 9.885975159704685211e-03
6.265217065811157227e-01 1.252388861030340195e-02
6.233338713645935059e-01 1.289896294474601746e-02
6.094375252723693848e-01 1.454918738454580307e-02
6.011219024658203125e-01 1.554716005921363831e-02
5.927140116691589355e-01 1.656295731663703918e-02
5.777086019515991211e-01 1.838943175971508026e-02
5.694761276245117188e-01 1.939726993441581726e-02
5.518521070480346680e-01 2.156353555619716644e-02
5.450909137725830078e-01 2.239637821912765503e-02
5.297664403915405273e-01 2.428450249135494232e-02
5.199736356735229492e-01 2.548960782587528229e-02
5.133445858955383301e-01 2.630398422479629517e-02
5.040917992591857910e-01 2.743800729513168335e-02
4.952136278152465820e-01 2.852237597107887268e-02
4.700290560722351074e-01 3.157079219818115234e-02
4.572313129901885986e-01 3.309977799654006958e-02
4.510374963283538818e-01 3.383387625217437744e-02
4.434716701507568359e-01 3.472473472356796265e-02
4.344019889831542969e-01 3.578353300690650940e-02
4.231438934803009033e-01 3.708239272236824036e-02
4.152022898197174072e-01 3.798741474747657776e-02
4.021520018577575684e-01 3.945205733180046082e-02
3.876777589321136475e-01 4.103980585932731628e-02
3.840697407722473145e-01 4.142893850803375244e-02
3.742649257183074951e-01 4.247182980179786682e-02
3.656286895275115967e-01 4.337147250771522522e-02
3.574805855751037598e-01 4.420257359743118286e-02
3.524627983570098877e-01 4.470522701740264893e-02
3.434152007102966309e-01 4.559276625514030457e-02
3.327913284301757812e-01 4.660142213106155396e-02
3.231383860111236572e-01 4.748362302780151367e-02
3.149779736995697021e-01 4.820168763399124146e-02
3.004712164402008057e-01 4.940896853804588318e-02
2.849762737751007080e-01 5.058890208601951599e-02
2.815335690975189209e-01 5.083410069346427917e-02
2.715427875518798828e-01 5.150782689452171326e-02
2.636342942714691162e-01 5.199871584773063660e-02
2.540068328380584717e-01 5.254161730408668518e-02
2.457670420408248901e-01 5.295507237315177917e-02
2.412676066160202026e-01 5.315969511866569519e-02
2.311080992221832275e-01 5.356318131089210510e-02
2.223580926656723022e-01 5.384147167205810547e-02
2.100428193807601929e-01 5.411537364125251770e-02
2.068940103054046631e-01 5.416183173656463623e-02
1.993622481822967529e-01 5.423165857791900635e-02
1.948783695697784424e-01 5.424445867538452148e-02
1.905416548252105713e-01 5.423548072576522827e-02
1.754698604345321655e-01 5.403063446283340454e-02
1.704657077789306641e-01 5.389896407723426819e-02
1.596904695034027100e-01 5.349857360124588013e-02
1.495034545660018921e-01 5.296244099736213684e-02
1.325312703847885132e-01 5.169055983424186707e-02
1.248004958033561707e-01 5.093764886260032654e-02
1.157155558466911316e-01 4.989897459745407104e-02
1.051687374711036682e-01 4.846540838479995728e-02
9.879057109355926514e-02 4.746887087821960449e-02
9.258501976728439331e-02 4.639751464128494263e-02
8.635144680738449097e-02 4.521289467811584473e-02
7.804930210113525391e-02 4.345198348164558411e-02
7.067431509494781494e-02 4.169521480798721313e-02
6.554274260997772217e-02 4.035554453730583191e-02
4.953639209270477295e-02 3.546209633350372314e-02
3.203223645687103271e-02 2.854032814502716064e-02
2.584764920175075531e-02 2.556867897510528564e-02
2.202629297971725464e-02 2.355403639376163483e-02
1.708649285137653351e-02 2.070488221943378448e-02
1.182922534644603729e-02 1.729047484695911407e-02
7.900151424109935760e-03 1.439162809401750565e-02
4.655438475310802460e-03 1.167822163552045822e-02
1.747008180245757103e-03 8.875795640051364899e-03
-6.991756526986137033e-05 6.845281925052404404e-03
-1.892966916784644127e-03 4.433380905538797379e-03
-3.036432899534702301e-03 2.567671937867999077e-03
-3.859144402667880058e-03 8.693622658029198647e-04
-4.761223215609788895e-03 -2.175621222704648972e-03
-4.750889260321855545e-03 -5.763964727520942688e-03
-3.249245695769786835e-03 -9.600040502846240997e-03
-4.072594747412949800e-04 -1.306817959994077682e-02
1.739670988172292709e-03 -1.493882667273283005e-02
3.851635614410042763e-03 -1.649255491793155670e-02
8.974211290478706360e-03 -1.961000263690948486e-02
1.302658300846815109e-02 -2.168747037649154663e-02
1.786991022527217865e-02 -2.389231696724891663e-02
2.345243282616138458e-02 -2.617082744836807251e-02
4.646258801221847534e-02 -3.378489986062049866e-02
6.074102967977523804e-02 -3.758446872234344482e-02
7.350885123014450073e-02 -4.055778682231903076e-02
8.362929522991180420e-02 -4.267538711428642273e-02
9.802313148975372314e-02 -4.537019506096839905e-02
1.060287803411483765e-01 -4.672408103942871094e-02
1.154455170035362244e-01 -4.819580167531967163e-02
1.361610740423202515e-01 -5.101722106337547302e-02
1.474540233612060547e-01 -5.233741179108619690e-02
1.636677831411361694e-01 -5.399188399314880371e-02
1.703177392482757568e-01 -5.459410324692726135e-02
1.772884279489517212e-01 -5.518054589629173279e-02
1.904873251914978027e-01 -5.617180839180946350e-02
2.042025178670883179e-01 -5.704712867736816406e-02
2.114235311746597290e-01 -5.744858086109161377e-02
2.317404747009277344e-01 -5.837434157729148865e-02
2.438441812992095947e-01 -5.879274010658264160e-02
2.570375204086303711e-01 -5.914438143372535706e-02
2.729085087776184082e-01 -5.943296849727630615e-02
2.798046171665191650e-01 -5.951536446809768677e-02
2.867728471755981445e-01 -5.957348644733428955e-02
2.938660681247711182e-01 -5.960761755704879761e-02
3.037942945957183838e-01 -5.961466953158378601e-02
3.225514590740203857e-01 -5.950615555047988892e-02
3.307944834232330322e-01 -5.941121652722358704e-02
3.527494072914123535e-01 -5.902961641550064087e-02
3.649181425571441650e-01 -5.874367803335189819e-02
3.752163648605346680e-01 -5.846372991800308228e-02
3.805986642837524414e-01 -5.830438062548637390e-02
3.841995000839233398e-01 -5.819295719265937805e-02
3.913939297199249268e-01 -5.795928835868835449e-02
3.975622951984405518e-01 -5.774761363863945007e-02
4.071720838546752930e-01 -5.739821121096611023e-02
4.167000651359558105e-01 -5.702964588999748230e-02
4.243990182876586914e-01 -5.671688541769981384e-02
4.419171810150146484e-01 -5.596048012375831604e-02
4.499343931674957275e-01 -5.559576675295829773e-02
4.547043144702911377e-01 -5.537384375929832458e-02
4.598390460014343262e-01 -5.513111129403114319e-02
4.704163968563079834e-01 -5.461962148547172546e-02
4.840563237667083740e-01 -5.394018813967704773e-02
4.900908470153808594e-01 -5.363354086875915527e-02
4.998070001602172852e-01 -5.313319712877273560e-02
5.074196457862854004e-01 -5.273631587624549866e-02
5.157086253166198730e-01 -5.230015516281127930e-02
5.284686088562011719e-01 -5.162221193313598633e-02
5.420697927474975586e-01 -5.089326575398445129e-02
5.500089526176452637e-01 -5.046561732888221741e-02
5.607022047042846680e-01 -4.988784343004226685e-02
5.727719068527221680e-01 -4.923369735479354858e-02
5.802372097969055176e-01 -4.882809147238731384e-02
5.916634798049926758e-01 -4.820548370480537415e-02
6.010359525680541992e-01 -4.769264161586761475e-02
6.253571510314941406e-01 -4.634669050574302673e-02
6.530443429946899414e-01 -4.476433992385864258e-02
6.589551568031311035e-01 -4.441558942198753357e-02
6.773959398269653320e-01 -4.329251125454902649e-02
6.829368472099304199e-01 -4.294270277023315430e-02
6.910238265991210938e-01 -4.242006689310073853e-02
6.980609297752380371e-01 -4.195233434438705444e-02
7.062031626701354980e-01 -4.139449447393417358e-02
7.204295992851257324e-01 -4.037116840481758118e-02
7.276371717453002930e-01 -3.982628881931304932e-02
7.379994988441467285e-01 -3.900806605815887451e-02
7.441041469573974609e-01 -3.850527480244636536e-02
7.477435469627380371e-01 -3.819770738482475281e-02
7.646514177322387695e-01 -3.668639063835144043e-02
7.706622481346130371e-01 -3.611403703689575195e-02
7.756779193878173828e-01 -3.562133759260177612e-02
7.803265452384948730e-01 -3.515199199318885803e-02
7.916548848152160645e-01 -3.395469114184379578e-02
7.994193434715270996e-01 -3.308812528848648071e-02
8.214896917343139648e-01 -3.040654025971889496e-02
8.269969224929809570e-01 -2.968479692935943604e-02
8.403196334838867188e-01 -2.784951031208038330e-02
8.559862375259399414e-01 -2.553190104663372040e-02
8.659568428993225098e-01 -2.397380955517292023e-02
8.798795938491821289e-01 -2.171199768781661987e-02
8.932349681854248047e-01 -1.949519105255603790e-02
9.131425619125366211e-01 -1.631927117705345154e-02
9.322628974914550781e-01 -1.388963218778371811e-02
9.489732980728149414e-01 -1.268674712628126144e-02
9.524891376495361328e-01 -1.254690624773502350e-02
9.578920602798461914e-01 -1.239271461963653564e-02
