9.616237878799438477e-01 -4.798737820237874985e-03
9.609166979789733887e-01 -4.722621291875839233e-03
9.578639864921569824e-01 -4.365119151771068573e-03
9.471905827522277832e-01 -2.892076969146728516e-03
9.176206588745117188e-01 1.940974849276244640e-03
9.018072485923767090e-01 4.717606119811534882e-03
8.879923820495605469e-01 7.187887094914913177e-03
8.828374147415161133e-01 8.114718832075595856e-03
8.731069564819335938e-01 9.866052307188510895e-03
8.614749312400817871e-01 1.195496879518032074e-02
8.430248498916625977e-01 1.523415651172399521e-02
8.333513736724853516e-01 1.692631095647811890e-02
8.157786726951599121e-01 1.993356458842754364e-02
8.074231147766113281e-01 2.132740616798400879e-02
7.958472371101379395e-01 2.321429364383220673e-02
7.901891469955444336e-01 2.411637827754020691e-02
7.766970396041870117e-01 2.621023356914520264e-02
7.704752087593078613e-01 2.714731171727180481e-02
7.599843144416809082e-01 2.868487872183322906e-02
7.503100037574768066e-01 3.005427494645118713e-02
7.338956594467163086e-01 3.226925060153007507e-02
7.127962708473205566e-01 3.491502255201339722e-02
6.877920031547546387e-01 3.776441141963005066e-02
6.837380528450012207e-01 3.819826617836952209e-02
6.720254421234130859e-01 3.940941765904426575e-02
6.655142903327941895e-01 4.005618765950202942e-02
6.565013527870178223e-01 4.092128202319145203e-02
6.475707292556762695e-01 4.174486547708511353e-02
6.335304379463195801e-01 4.297497868537902832e-02
6.256862282752990723e-01 4.362918436527252197e-02
6.142954826354980469e-01 4.453865438699722290e-02
5.967712998390197754e-01 4.584863409399986267e-02
5.899720788002014160e-01 4.632900655269622803e-02
5.803908705711364746e-01 4.698039218783378601e-02
5.670258402824401855e-01 4.784061014652252197e-02
5.572087168693542480e-01 4.843760654330253601e-02
5.446353554725646973e-01 4.916017502546310425e-02
5.400664210319519043e-01 4.941124841570854187e-02
5.279843211174011230e-01 5.004609003663063049e-02
5.158511400222778320e-01 5.064153671264648438e-02
5.016430020332336426e-01 5.128567665815353394e-02
4.975642263889312744e-01 5.146001279354095459e-02
4.879614412784576416e-01 5.185189843177795410e-02
4.820832908153533936e-01 5.207884684205055237e-02
4.704883694648742676e-01 5.249756202101707458e-02
4.600789248943328857e-01 5.284052342176437378e-02
4.460529685020446777e-01 5.325257405638694763e-02
4.370901882648468018e-01 5.348534137010574341e-02
4.290501773357391357e-01 5.367355793714523315e-02
4.211291074752807617e-01 5.383966863155364990e-02
4.045569002628326416e-01 5.412384495139122009e-02
3.981060981750488281e-01 5.421083420515060425e-02
3.874227404594421387e-01 5.432508513331413269e-02
3.754140734672546387e-01 5.440820753574371338e-02
3.694293200969696045e-01 5.443135648965835571e-02
3.544423580169677734e-01 5.443474277853965759e-02
3.411406874656677246e-01 5.437065660953521729e-02
3.112571537494659424e-01 5.398663505911827087e-02
3.007754087448120117e-01 5.376997962594032288e-02
2.955608665943145752e-01 5.364577472209930420e-02
2.878035604953765869e-01 5.344044417142868042e-02
2.762821316719055176e-01 5.308919027447700500e-02
2.685575187206268311e-01 5.282200127840042114e-02
2.579157054424285889e-01 5.241112038493156433e-02
2.538582682609558105e-01 5.224112048745155334e-02
2.394398599863052368e-01 5.157582089304924011e-02
2.294848114252090454e-01 5.105903744697570801e-02
2.248519510030746460e-01 5.080199241638183594e-02
2.209414392709732056e-01 5.057668685913085938e-02
2.037562727928161621e-01 4.949286580085754395e-02
1.938387155532836914e-01 4.879486188292503357e-02
1.839269250631332397e-01 4.804110527038574219e-02
1.734460741281509399e-01 4.717975109815597534e-02
1.667539179325103760e-01 4.659335687756538391e-02
1.584020555019378662e-01 4.581953957676887512e-02
1.547746807336807251e-01 4.546831175684928894e-02
1.387693881988525391e-01 4.380119219422340393e-02
1.182448714971542358e-01 4.134926944971084595e-02
1.081053540110588074e-01 3.998642787337303162e-02
1.015489473938941956e-01 3.904390335083007812e-02
8.925988525152206421e-02 3.713004291057586670e-02
7.927899807691574097e-02 3.541265800595283508e-02
6.862988322973251343e-02 3.338649496436119080e-02
5.892360955476760864e-02 3.132715448737144470e-02
5.301637947559356689e-02 2.995315939188003540e-02
4.460437223315238953e-02 2.780235372483730316e-02
3.628220409154891968e-02 2.539116516709327698e-02
2.349782735109329224e-02 2.088474854826927185e-02
1.658067479729652405e-02 1.780360192060470581e-02
1.269763801246881485e-02 1.574820652604103088e-02
8.433994837105274200e-03 1.306550856679677963e-02
4.126262851059436798e-03 9.567311033606529236e-03
3.170065581798553467e-03 8.602649904787540436e-03
2.685737672436516732e-05 4.293519072234630585e-03
-9.489193325862288475e-04 1.968411728739738464e-03
-1.466061337850987911e-03 -5.010138847865164280e-04
-1.440076623111963272e-03 -3.226840635761618614e-03
-1.092468854039907455e-03 -5.014038179069757462e-03
-5.442652036435902119e-04 -6.661348044872283936e-03
8.976976969279348850e-04 -9.484471753239631653e-03
2.988090040162205696e-03 -1.232936140149831772e-02
6.143132690340280533e-03 -1.556691806763410568e-02
8.556396700441837311e-03 -1.760742068290710449e-02
1.192072033882141113e-02 -2.007924020290374756e-02
1.996575668454170227e-02 -2.494667842984199524e-02
3.296878933906555176e-02 -3.113520890474319458e-02
3.769066929817199707e-02 -3.306689485907554626e-02
4.549190029501914978e-02 -3.599482402205467224e-02
5.186999961733818054e-02 -3.818460181355476379e-02
6.200864538550376892e-02 -4.135002940893173218e-02
7.363608479499816895e-02 -4.457274824380874634e-02
8.013657480478286743e-02 -4.620673879981040955e-02
8.568175882101058960e-02 -4.751310497522354126e-02
9.455832839012145996e-02 -4.944647476077079773e-02
1.054836437106132507e-01 -5.157615989446640015e-02
1.105773821473121643e-01 -5.248020589351654053e-02
1.169781237840652466e-01 -5.354003980755805969e-02
1.220341473817825317e-01 -5.431938916444778442e-02
1.371756643056869507e-01 -5.636549368500709534e-02
1.438812464475631714e-01 -5.714194849133491516e-02
1.476685404777526855e-01 -5.754739791154861450e-02
1.600572019815444946e-01 -5.871595069766044617e-02
1.730463355779647827e-01 -5.970060452818870544e-02
1.813911497592926025e-01 -6.021469831466674805e-02
1.866083145141601562e-01 -6.049247086048126221e-02
1.923046708106994629e-01 -6.075950339436531067e-02
2.069238275289535522e-01 -6.128445640206336975e-02
2.141881883144378662e-01 -6.146641075611114502e-02
2.245680987834930420e-01 -6.164424866437911987e-02
2.336453646421432495e-01 -6.172696873545646667e-02
2.414329499006271362e-01 -6.174828857183456421e-02
2.495534867048263550e-01 -6.172543764114379883e-02
2.594846785068511963e-01 -6.163982301950454712e-02
2.697619199752807617e-01 -6.149009987711906433e-02
2.784135043621063232e-01 -6.132001802325248718e-02
2.837722003459930420e-01 -6.119592860341072083e-02
2.945555150508880615e-01 -6.090593710541725159e-02
2.978061139583587646e-01 -6.080856174230575562e-02
3.182321190834045410e-01 -6.010101363062858582e-02
3.387459814548492432e-01 -5.924391001462936401e-02
3.454299867153167725e-01 -5.893688648939132690e-02
3.512002825736999512e-01 -5.866180360317230225e-02
3.572437167167663574e-01 -5.836424231529235840e-02
3.686955869197845459e-01 -5.777539312839508057e-02
3.758229911327362061e-01 -5.739343538880348206e-02
3.804276585578918457e-01 -5.714075267314910889e-02
3.916792571544647217e-01 -5.650487914681434631e-02
4.029008150100708008e-01 -5.584647506475448608e-02
4.179792404174804688e-01 -5.492744967341423035e-02
4.313528835773468018e-01 -5.408292636275291443e-02
4.509325623512268066e-01 -5.280338972806930542e-02
4.542580246925354004e-01 -5.258152633905410767e-02
4.843800067901611328e-01 -5.052267760038375854e-02
4.925616085529327393e-01 -4.995048418641090393e-02
5.058040618896484375e-01 -4.901504516601562500e-02
5.166699290275573730e-01 -4.824024811387062073e-02
5.286182165145874023e-01 -4.738216102123260498e-02
5.422056913375854492e-01 -4.640019685029983521e-02
5.474711060523986816e-01 -4.601824656128883362e-02
5.700330138206481934e-01 -4.437502101063728333e-02
5.889436006546020508e-01 -4.299184307456016541e-02
6.053390502929687500e-01 -4.178933054208755493e-02
6.115547418594360352e-01 -4.133261367678642273e-02
6.201261281967163086e-01 -4.070188477635383606e-02
6.337862610816955566e-01 -3.969400376081466675e-02
6.578875780105590820e-01 -3.790358826518058777e-02
6.736364364624023438e-01 -3.672063723206520081e-02
6.831041574478149414e-01 -3.600243479013442993e-02
6.982648968696594238e-01 -3.483812510967254639e-02
7.184413075447082520e-01 -3.325319290161132812e-02
7.274403572082519531e-01 -3.252992406487464905e-02
7.536813616752624512e-01 -3.034644946455955505e-02
7.637431025505065918e-01 -2.947383373975753784e-02
7.730034589767456055e-01 -2.865020371973514557e-02
7.858143448829650879e-01 -2.747453935444355011e-02
7.987939715385437012e-01 -2.623543143272399902e-02
8.140526413917541504e-01 -2.470922842621803284e-02
8.213198184967041016e-01 -2.395343780517578125e-02
8.310360908508300781e-01 -2.291162684559822083e-02
8.404448032379150391e-01 -2.186710014939308167e-02
8.531845211982727051e-01 -2.039499022066593170e-02
8.568234443664550781e-01 -1.996226981282234192e-02
8.692879676818847656e-01 -1.844076067209243774e-02
8.842604756355285645e-01 -1.654597930610179901e-02
8.957705497741699219e-01 -1.506680157035589218e-02
9.012532830238342285e-01 -1.436848193407058716e-02
9.198118448257446289e-01 -1.217371877282857895e-02
9.311434030532836914e-01 -1.113410852849483490e-02
9.428964853286743164e-01 -1.049901638180017471e-02
9.532899856567382812e-01 -1.039970759302377701e-02
9.588972330093383789e-01 -1.051783747971057892e-02
9.637312889099121094e-01 -1.070033665746450424e-02
