9.607880115509033203e-01 -4.948448389768600464e-03
9.594752192497253418e-01 -4.893985576927661896e-03
9.539192318916320801e-01 -4.597147461026906967e-03
9.417250156402587891e-01 -3.737977473065257072e-03
9.195993542671203613e-01 -1.820825156755745411e-03
9.050137400627136230e-01 -4.078354977536946535e-04
8.884165287017822266e-01 1.299089053645730019e-03
8.813321590423583984e-01 2.053619362413883209e-03
8.689167499542236328e-01 3.407095093280076981e-03
8.578441143035888672e-01 4.642767831683158875e-03
8.410232067108154297e-01 6.561056710779666901e-03
8.330448269844055176e-01 7.484662812203168869e-03
8.189799785614013672e-01 9.128321893513202667e-03
8.061320185661315918e-01 1.064109243452548981e-02
7.858784794807434082e-01 1.303222030401229858e-02
7.799733281135559082e-01 1.372787356376647949e-02
7.695195078849792480e-01 1.495470292866230011e-02
7.583944201469421387e-01 1.625056751072406769e-02
7.490592598915100098e-01 1.732751727104187012e-02
7.354171276092529297e-01 1.887950859963893890e-02
7.188173532485961914e-01 2.072525955736637115e-02
7.092796564102172852e-01 2.176107652485370636e-02
6.971805691719055176e-01 2.304621599614620209e-02
6.911718845367431641e-01 2.367173321545124054e-02
6.774939298629760742e-01 2.506237104535102844e-02
6.704428791999816895e-01 2.576063759624958038e-02
6.573992371559143066e-01 2.701794356107711792e-02
6.480036973953247070e-01 2.789546363055706024e-02
6.365689039230346680e-01 2.893142215907573700e-02
6.226009726524353027e-01 3.014911338686943054e-02
6.073352694511413574e-01 3.142042458057403564e-02
5.857114791870117188e-01 3.311709687113761902e-02
5.752537250518798828e-01 3.389503806829452515e-02
5.685330629348754883e-01 3.438068181276321411e-02
5.626452565193176270e-01 3.479710221290588379e-02
5.517693161964416504e-01 3.554444015026092529e-02
5.316388607025146484e-01 3.685484081506729126e-02
5.184685587882995605e-01 3.766247257590293884e-02
5.028545856475830078e-01 3.857051953673362732e-02
4.916451573371887207e-01 3.919007256627082825e-02
4.839097857475280762e-01 3.960204496979713440e-02
4.754524528980255127e-01 4.003809764981269836e-02
4.654907286167144775e-01 4.053257778286933899e-02
4.577354192733764648e-01 4.090325534343719482e-02
4.431969523429870605e-01 4.156450554728507996e-02
4.359317719936370850e-01 4.187851026654243469e-02
4.153457283973693848e-01 4.270811751484870911e-02
4.105637073516845703e-01 4.288796707987785339e-02
3.944816887378692627e-01 4.345649108290672302e-02
3.840749561786651611e-01 4.379392415285110474e-02
3.742713034152984619e-01 4.408927634358406067e-02
3.704428374767303467e-01 4.419856891036033630e-02
3.618398904800415039e-01 4.443144053220748901e-02
3.492825627326965332e-01 4.473892226815223694e-02
3.388879597187042236e-01 4.496325552463531494e-02
3.331587910652160645e-01 4.507475718855857849e-02
3.208131492137908936e-01 4.528457671403884888e-02
3.025765120983123779e-01 4.551404342055320740e-02
2.972696125507354736e-01 4.556175321340560913e-02
2.834377884864807129e-01 4.564305394887924194e-02
2.768315076828002930e-01 4.565889015793800354e-02
2.633838951587677002e-01 4.564218968152999878e-02
2.518839538097381592e-01 4.557247459888458252e-02
2.485252320766448975e-01 4.554189741611480713e-02
2.390096038579940796e-01 4.542883113026618958e-02
2.231040447950363159e-01 4.514674097299575806e-02
2.118142396211624146e-01 4.486944898962974548e-02
2.025315761566162109e-01 4.458899796009063721e-02
1.938132941722869873e-01 4.427906498312950134e-02
1.841865926980972290e-01 4.388037696480751038e-02
1.779510527849197388e-01 4.358822107315063477e-02
1.664217412471771240e-01 4.297180473804473877e-02
1.585724204778671265e-01 4.249079897999763489e-02
1.496201306581497192e-01 4.187565296888351440e-02
1.388476043939590454e-01 4.103201627731323242e-02
1.284641176462173462e-01 4.009943827986717224e-02
1.179976090788841248e-01 3.902524709701538086e-02
1.130362600088119507e-01 3.846374899148941040e-02
1.044893786311149597e-01 3.740884363651275635e-02
9.790618717670440674e-02 3.651338443160057068e-02
8.838594704866409302e-02 3.507434949278831482e-02
7.033745944499969482e-02 3.178310766816139221e-02
6.545823812484741211e-02 3.074028156697750092e-02
5.946573987603187561e-02 2.935219183564186096e-02
5.000011622905731201e-02 2.687913551926612854e-02
4.209093749523162842e-02 2.449252456426620483e-02
2.876314334571361542e-02 1.956587098538875580e-02
2.399682253599166870e-02 1.741699501872062683e-02
2.012923173606395721e-02 1.545617822557687759e-02
1.712832972407341003e-02 1.375816762447357178e-02
1.281161233782768250e-02 1.092728227376937866e-02
8.880987763404846191e-03 7.665655575692653656e-03
5.843385122716426849e-03 4.016523715108633041e-03
4.580266308039426804e-03 1.273963949643075466e-03
4.286183975636959076e-03 -3.021773882210254669e-04
4.435113165527582169e-03 -2.459738170728087425e-03
5.463809706270694733e-03 -4.967054352164268494e-03
6.253578700125217438e-03 -6.110717076808214188e-03
7.274128496646881104e-03 -7.280101999640464783e-03
8.871573954820632935e-03 -8.755546063184738159e-03
1.124430913478136063e-02 -1.052697654813528061e-02
1.495967991650104523e-02 -1.277819275856018066e-02
2.028591930866241455e-02 -1.542606391012668610e-02
2.380788512527942657e-02 -1.695544645190238953e-02
3.211807459592819214e-02 -2.013555169105529785e-02
4.207774996757507324e-02 -2.342618629336357117e-02
4.880454391241073608e-02 -2.542239800095558167e-02
5.610345304012298584e-02 -2.742413803935050964e-02
6.789584457874298096e-02 -3.035274520516395569e-02
8.166272938251495361e-02 -3.336227312684059143e-02
9.079072624444961548e-02 -3.514311462640762329e-02
9.946758300065994263e-02 -3.669153153896331787e-02
1.070816814899444580e-01 -3.794198110699653625e-02
1.187088042497634888e-01 -3.966956958174705505e-02
1.277721673250198364e-01 -4.087417945265769958e-02
1.370085328817367554e-01 -4.198298975825309753e-02
1.449917554855346680e-01 -4.285092651844024658e-02
1.612284779548645020e-01 -4.437859728932380676e-02
1.684322953224182129e-01 -4.496232047677040100e-02
1.832820773124694824e-01 -4.600060731172561646e-02
1.934390366077423096e-01 -4.659330099821090698e-02
2.059895396232604980e-01 -4.720642417669296265e-02
2.149499058723449707e-01 -4.757007583975791931e-02
2.237836867570877075e-01 -4.787288978695869446e-02
2.355008870363235474e-01 -4.819565638899803162e-02
2.448213845491409302e-01 -4.839298129081726074e-02
2.636315226554870605e-01 -4.864647984504699707e-02
2.741679251194000244e-01 -4.871177300810813904e-02
2.863685488700866699e-01 -4.872522503137588501e-02
2.920269370079040527e-01 -4.871032014489173889e-02
3.017191588878631592e-01 -4.865554347634315491e-02
3.080744147300720215e-01 -4.860051348805427551e-02
3.221109509468078613e-01 -4.842872545123100281e-02
3.299034237861633301e-01 -4.830517619848251343e-02
3.405272662639617920e-01 -4.810631275177001953e-02
3.506963849067687988e-01 -4.788482561707496643e-02
3.638631105422973633e-01 -4.755534976720809937e-02
3.715883195400238037e-01 -4.734074324369430542e-02
3.811384737491607666e-01 -4.705468192696571350e-02
3.881343603134155273e-01 -4.683106392621994019e-02
4.069484174251556396e-01 -4.617343097925186157e-02
4.144133627414703369e-01 -4.589070007205009460e-02
4.224940836429595947e-01 -4.557126387953758240e-02
4.378243982791900635e-01 -4.492823779582977295e-02
4.469206929206848145e-01 -4.452457651495933533e-02
4.547167718410491943e-01 -4.416591301560401917e-02
4.653467833995819092e-01 -4.365852102637290955e-02
4.787547290325164795e-01 -4.298925772309303284e-02
4.920336306095123291e-01 -4.229549318552017212e-02
4.980930984020233154e-01 -4.196903109550476074e-02
5.073664188385009766e-01 -4.145782813429832458e-02
5.150037407875061035e-01 -4.102658107876777649e-02
5.274496674537658691e-01 -4.030474647879600525e-02
5.367745757102966309e-01 -3.974910825490951538e-02
5.526964068412780762e-01 -3.877284005284309387e-02
5.577965974807739258e-01 -3.845316544175148010e-02
5.700095295906066895e-01 -3.767487779259681702e-02
5.825514793395996094e-01 -3.685810789465904236e-02
5.947253704071044922e-01 -3.604984283447265625e-02
6.055663824081420898e-01 -3.531848266720771790e-02
6.170080304145812988e-01 -3.453596308827400208e-02
6.269040107727050781e-01 -3.385122120380401611e-02
6.468042135238647461e-01 -3.245485946536064148e-02
6.611031889915466309e-01 -3.143767639994621277e-02
6.719802021980285645e-01 -3.065709955990314484e-02
6.798632740974426270e-01 -3.008796274662017822e-02
6.919253468513488770e-01 -2.921174280345439911e-02
7.019793987274169922e-01 -2.847645431756973267e-02
7.121778130531311035e-01 -2.772592380642890930e-02
7.228373885154724121e-01 -2.693615853786468506e-02
7.345297336578369141e-01 -2.606314420700073242e-02
7.435994148254394531e-01 -2.538065984845161438e-02
7.541215419769287109e-01 -2.458249963819980621e-02
7.598282098770141602e-01 -2.414653636515140533e-02
7.813765406608581543e-01 -2.247850596904754639e-02
7.883921265602111816e-01 -2.192734740674495697e-02
8.026998639106750488e-01 -2.078999392688274384e-02
8.112488389015197754e-01 -2.010171487927436829e-02
8.227174282073974609e-01 -1.916834712028503418e-02
8.323692679405212402e-01 -1.837466843426227570e-02
8.445220589637756348e-01 -1.736710593104362488e-02
8.513593673706054688e-01 -1.679797656834125519e-02
8.715907931327819824e-01 -1.512337848544120789e-02
8.802872300148010254e-01 -1.442181039601564407e-02
8.862410783767700195e-01 -1.395521592348814011e-02
8.947755098342895508e-01 -1.331684645265340805e-02
9.079654216766357422e-01 -1.244576554745435715e-02
9.237594604492187500e-01 -1.173682603985071182e-02
9.354881644248962402e-01 -1.160972751677036285e-02
9.506382942199707031e-01 -1.217061188071966171e-02
9.548667669296264648e-01 -1.248602848500013351e-02
9.594861268997192383e-01 -1.290424726903438568e-02
