9.645336270332336426e-01 -3.577827708795666695e-03
9.634555578231811523e-01 -3.410459728911519051e-03
9.595348238945007324e-01 -2.745131030678749084e-03
9.440971016883850098e-01 2.757679030764847994e-04
9.218965172767639160e-01 5.044059827923774719e-03
9.091507196426391602e-01 7.865935564041137695e-03
8.881948590278625488e-01 1.253100205212831497e-02
8.817905783653259277e-01 1.394965872168540955e-02
8.720946311950683594e-01 1.608193665742874146e-02
8.611246347427368164e-01 1.846316270530223846e-02
8.522961139678955078e-01 2.034882828593254089e-02
8.471372127532958984e-01 2.143587917089462280e-02
8.408476710319519043e-01 2.274492569267749786e-02
8.355957269668579102e-01 2.382334321737289429e-02
8.209077715873718262e-01 2.676208876073360443e-02
8.177433013916015625e-01 2.737947925925254822e-02
8.059162497520446777e-01 2.963462285697460175e-02
7.977506518363952637e-01 3.114222548902034760e-02
7.888864874839782715e-01 3.273211792111396790e-02
7.730582356452941895e-01 3.544990345835685730e-02
7.548034191131591797e-01 3.839473426342010498e-02
7.514443993568420410e-01 3.891509398818016052e-02
7.308567762374877930e-01 4.196577519178390503e-02
7.167873978614807129e-01 4.392038285732269287e-02
7.004001736640930176e-01 4.607373103499412537e-02
6.932713389396667480e-01 4.697150737047195435e-02
6.856019496917724609e-01 4.791221395134925842e-02
6.793301701545715332e-01 4.866275191307067871e-02
6.686279177665710449e-01 4.990593716502189636e-02
6.582783460617065430e-01 5.106478929519653320e-02
6.404365301132202148e-01 5.296729132533073425e-02
6.290832757949829102e-01 5.411775037646293640e-02
6.204411983489990234e-01 5.496329814195632935e-02
6.158918738365173340e-01 5.539805069565773010e-02
6.042075157165527344e-01 5.648267269134521484e-02
5.972934961318969727e-01 5.710300803184509277e-02
5.867302417755126953e-01 5.802029743790626526e-02
5.760797262191772461e-01 5.890814587473869324e-02
5.620964765548706055e-01 6.001764908432960510e-02
5.480330586433410645e-01 6.106898933649063110e-02
5.355097651481628418e-01 6.195037811994552612e-02
5.289313793182373047e-01 6.239246949553489685e-02
5.223242640495300293e-01 6.282180547714233398e-02
5.087741613388061523e-01 6.365578621625900269e-02
5.003497600555419922e-01 6.414227932691574097e-02
4.859754145145416260e-01 6.491429358720779419e-02
4.731608629226684570e-01 6.553939729928970337e-02
4.638277888298034668e-01 6.595620512962341309e-02
4.597930014133453369e-01 6.612614542245864868e-02
4.512456059455871582e-01 6.646539270877838135e-02
4.377985298633575439e-01 6.694076955318450928e-02
4.249577820301055908e-01 6.732612848281860352e-02
4.201049804687500000e-01 6.745392084121704102e-02
4.083009362220764160e-01 6.772261857986450195e-02
3.940676748752593994e-01 6.796532869338989258e-02
3.852593004703521729e-01 6.806956231594085693e-02
3.793354034423828125e-01 6.811940670013427734e-02
3.657217621803283691e-01 6.817057728767395020e-02
3.566550910472869873e-01 6.815436482429504395e-02
3.483813107013702393e-01 6.810349971055984497e-02
3.424796760082244873e-01 6.804566830396652222e-02
3.344591856002807617e-01 6.793776899576187134e-02
3.256998062133789062e-01 6.778044253587722778e-02
3.086962401866912842e-01 6.735330075025558472e-02
2.987769842147827148e-01 6.702712923288345337e-02
2.900623381137847900e-01 6.669186800718307495e-02
2.816373407840728760e-01 6.632316857576370239e-02
2.754840254783630371e-01 6.602540612220764160e-02
2.615486085414886475e-01 6.525908410549163818e-02
2.290051728487014771e-01 6.293681263923645020e-02
2.197026312351226807e-01 6.212464347481727600e-02
2.117669284343719482e-01 6.137556955218315125e-02
1.952964216470718384e-01 5.964595824480056763e-02
1.913006603717803955e-01 5.918893218040466309e-02
1.844894140958786011e-01 5.837442353367805481e-02
1.786219328641891479e-01 5.763579532504081726e-02
1.683258414268493652e-01 5.625292658805847168e-02
1.434738039970397949e-01 5.241667851805686951e-02
1.301715821027755737e-01 5.003841593861579895e-02
1.198312118649482727e-01 4.801242053508758545e-02
1.147070303559303284e-01 4.694610089063644409e-02
1.097540557384490967e-01 4.587371274828910828e-02
1.023826673626899719e-01 4.419740661978721619e-02
9.712386876344680786e-02 4.293931275606155396e-02
9.029485285282135010e-02 4.122282564640045166e-02
8.034344017505645752e-02 3.853961080312728882e-02
7.321218401193618774e-02 3.647050634026527405e-02
5.698161199688911438e-02 3.122896142303943634e-02
4.538998007774353027e-02 2.693324536085128784e-02
3.971914574503898621e-02 2.462038584053516388e-02
1.775038614869117737e-02 1.359605602920055389e-02
1.319684274494647980e-02 1.057119201868772507e-02
1.116681378334760666e-02 9.051286615431308746e-03
6.644823122769594193e-03 4.984036553651094437e-03
4.726256243884563446e-03 2.699718112125992775e-03
2.432352630421519279e-03 -1.569804153405129910e-03
1.974251819774508476e-03 -3.461356041952967644e-03
1.905756769701838493e-03 -6.034423131495714188e-03
2.564351074397563934e-03 -8.896418847143650055e-03
3.318516770377755165e-03 -1.061906665563583374e-02
5.626433528959751129e-03 -1.412277389317750931e-02
9.421895258128643036e-03 -1.813044957816600800e-02
1.825098507106304169e-02 -2.491307444870471954e-02
2.478120289742946625e-02 -2.896384708583354950e-02
3.577056899666786194e-02 -3.483138233423233032e-02
4.569802805781364441e-02 -3.944835066795349121e-02
5.087517946958541870e-02 -4.165854677557945251e-02
6.138760596513748169e-02 -4.579701647162437439e-02
6.913159787654876709e-02 -4.858059063553810120e-02
8.422636985778808594e-02 -5.344383046030998230e-02
9.473732858896255493e-02 -5.643926933407783508e-02
9.980364888906478882e-02 -5.777912214398384094e-02
1.076101586222648621e-01 -5.972034856677055359e-02
1.163868457078933716e-01 -6.173517182469367981e-02
1.355467438697814941e-01 -6.557738035917282104e-02
1.406000703573226929e-01 -6.647514551877975464e-02
1.489166617393493652e-01 -6.785698235034942627e-02
1.586735248565673828e-01 -6.933598220348358154e-02
1.779104620218276978e-01 -7.184641808271408081e-02
1.811667829751968384e-01 -7.222262024879455566e-02
2.026217132806777954e-01 -7.438706606626510620e-02
2.062290161848068237e-01 -7.470110803842544556e-02
2.184071093797683716e-01 -7.566462457180023193e-02
2.277171313762664795e-01 -7.630626112222671509e-02
2.413382381200790405e-01 -7.710796594619750977e-02
2.492683827877044678e-01 -7.750448584556579590e-02
2.621886134147644043e-01 -7.804714888334274292e-02
2.713696062564849854e-01 -7.835916429758071899e-02
2.841230034828186035e-01 -7.869713753461837769e-02
2.924437820911407471e-01 -7.886066287755966187e-02
3.072281181812286377e-01 -7.904602587223052979e-02
3.137343823909759521e-01 -7.908666133880615234e-02
3.269981145858764648e-01 -7.909530401229858398e-02
3.347559869289398193e-01 -7.905565947294235229e-02
3.461648225784301758e-01 -7.893949747085571289e-02
3.561521768569946289e-01 -7.878278940916061401e-02
3.714987635612487793e-01 -7.844509929418563843e-02
3.768203556537628174e-01 -7.830124348402023315e-02
3.910827636718750000e-01 -7.784940302371978760e-02
4.006331562995910645e-01 -7.749390602111816406e-02
4.120383262634277344e-01 -7.701483368873596191e-02
4.186847507953643799e-01 -7.670868933200836182e-02
4.312770366668701172e-01 -7.607510685920715332e-02
4.366208314895629883e-01 -7.578526437282562256e-02
4.484091401100158691e-01 -7.510242611169815063e-02
4.544674754142761230e-01 -7.472841441631317139e-02
4.671346843242645264e-01 -7.389663159847259521e-02
4.866658151149749756e-01 -7.248441129922866821e-02
4.960842430591583252e-01 -7.174841314554214478e-02
5.035601854324340820e-01 -7.113923877477645874e-02
5.158512592315673828e-01 -7.009059935808181763e-02
5.301563739776611328e-01 -6.879819184541702271e-02
5.527373552322387695e-01 -6.660686433315277100e-02
5.590358376502990723e-01 -6.596402823925018311e-02
5.812062621116638184e-01 -6.359784305095672607e-02
5.868194699287414551e-01 -6.297437846660614014e-02
5.948007702827453613e-01 -6.207182258367538452e-02
6.040291786193847656e-01 -6.100567057728767395e-02
6.101512312889099121e-01 -6.028554216027259827e-02
6.198728084564208984e-01 -5.912196263670921326e-02
6.373620629310607910e-01 -5.697099119424819946e-02
6.495907902717590332e-01 -5.542667955160140991e-02
6.636224389076232910e-01 -5.361797660589218140e-02
6.663973331451416016e-01 -5.325597152113914490e-02
6.811645030975341797e-01 -5.130746215581893921e-02
6.891738772392272949e-01 -5.023610591888427734e-02
7.003038525581359863e-01 -4.873181134462356567e-02
7.243197560310363770e-01 -4.543022811412811279e-02
7.300078868865966797e-01 -4.463795945048332214e-02
7.388414144515991211e-01 -4.340021684765815735e-02
7.491486668586730957e-01 -4.194480180740356445e-02
7.614545822143554688e-01 -4.019154235720634460e-02
7.712249755859375000e-01 -3.878720104694366455e-02
7.772894501686096191e-01 -3.790989145636558533e-02
7.996033430099487305e-01 -3.464207053184509277e-02
8.072340488433837891e-01 -3.350898250937461853e-02
8.137483000755310059e-01 -3.253480046987533569e-02
8.199303150177001953e-01 -3.160415217280387878e-02
8.384231328964233398e-01 -2.878112904727458954e-02
8.459860682487487793e-01 -2.760843001306056976e-02
8.619288206100463867e-01 -2.509907260537147522e-02
8.659129738807678223e-01 -2.446389384567737579e-02
8.747929334640502930e-01 -2.303696982562541962e-02
8.819934725761413574e-01 -2.186934463679790497e-02
8.911643624305725098e-01 -2.037135697901248932e-02
8.943960070610046387e-01 -1.984162256121635437e-02
9.081997275352478027e-01 -1.758233644068241119e-02
9.271921515464782715e-01 -1.459316257387399673e-02
9.379161000251770020e-01 -1.309536863118410110e-02
9.586309194564819336e-01 -1.108917035162448883e-02
9.635548591613769531e-01 -1.083609648048877716e-02
9.667001366615295410e-01 -1.071874052286148071e-02
