9.579303264617919922e-01 -6.637856829911470413e-03
9.566125273704528809e-01 -6.483557168394327164e-03
9.491401314735412598e-01 -5.648891441524028778e-03
9.358333349227905273e-01 -4.242538008838891983e-03
9.001680612564086914e-01 -6.545824580825865269e-04
8.807550072669982910e-01 1.239771489053964615e-03
8.655496239662170410e-01 2.700935816392302513e-03
8.608905673027038574e-01 3.144767368212342262e-03
8.458885550498962402e-01 4.561286885291337967e-03
8.337433338165283203e-01 5.693471990525722504e-03
8.119302392005920410e-01 7.691697683185338974e-03
8.029216527938842773e-01 8.502731099724769592e-03
7.906808257102966309e-01 9.590493515133857727e-03
7.825906872749328613e-01 1.029990054666996002e-02
7.712121009826660156e-01 1.128411199897527695e-02
7.627995610237121582e-01 1.200116332620382309e-02
7.512599229812622070e-01 1.296944543719291687e-02
7.408193945884704590e-01 1.382954698055982590e-02
7.344425320625305176e-01 1.434718165546655655e-02
7.298900485038757324e-01 1.471307501196861267e-02
7.147073149681091309e-01 1.591076515614986420e-02
6.954375505447387695e-01 1.737931929528713226e-02
6.748797297477722168e-01 1.888046599924564362e-02
6.690737009048461914e-01 1.929193921387195587e-02
6.490536928176879883e-01 2.066818624734878540e-02
6.431278586387634277e-01 2.106285840272903442e-02
6.351022124290466309e-01 2.158813551068305969e-02
6.252453923225402832e-01 2.221868745982646942e-02
6.106755733489990234e-01 2.312137931585311890e-02
6.013574004173278809e-01 2.368042245507240295e-02
5.784726738929748535e-01 2.499304898083209991e-02
5.665240883827209473e-01 2.564444020390510559e-02
5.580796003341674805e-01 2.609079144895076752e-02
5.509928464889526367e-01 2.645640634000301361e-02
5.397058129310607910e-01 2.702185511589050293e-02
5.323196649551391602e-01 2.738063223659992218e-02
5.222479701042175293e-01 2.785547263920307159e-02
5.156528949737548828e-01 2.815739437937736511e-02
4.941124320030212402e-01 2.909348905086517334e-02
4.884527921676635742e-01 2.932665310800075531e-02
4.802955389022827148e-01 2.965325117111206055e-02
4.751072525978088379e-01 2.985514327883720398e-02
4.516374170780181885e-01 3.071104735136032104e-02
4.442966878414154053e-01 3.095923922955989838e-02
4.374037086963653564e-01 3.118369914591312408e-02
4.320725500583648682e-01 3.135154768824577332e-02
4.192701578140258789e-01 3.173397108912467957e-02
4.142112135887145996e-01 3.187696635723114014e-02
4.020677506923675537e-01 3.220122307538986206e-02
3.890315592288970947e-01 3.251908719539642334e-02
3.782922625541687012e-01 3.275709599256515503e-02
3.727852702140808105e-01 3.287066519260406494e-02
3.642652332782745361e-01 3.303496912121772766e-02
3.543725609779357910e-01 3.320817649364471436e-02
3.447652459144592285e-01 3.335807844996452332e-02
3.343933522701263428e-01 3.349943459033966064e-02
3.231247365474700928e-01 3.362858295440673828e-02
3.048125207424163818e-01 3.378318250179290771e-02
2.958967685699462891e-01 3.383323550224304199e-02
2.913124561309814453e-01 3.385243937373161316e-02
2.788549065589904785e-01 3.388183191418647766e-02
2.529026567935943604e-01 3.383275493979454041e-02
2.448148131370544434e-01 3.378575667738914490e-02
2.386071830987930298e-01 3.373901918530464172e-02
2.259789556264877319e-01 3.361427038908004761e-02
2.184454202651977539e-01 3.352010995149612427e-02
2.111608982086181641e-01 3.341433778405189514e-02
2.093652784824371338e-01 3.338597342371940613e-02
2.037702798843383789e-01 3.329153731465339661e-02
1.989725530147552490e-01 3.320306912064552307e-02
1.883704215288162231e-01 3.298171237111091614e-02
1.779050230979919434e-01 3.272552788257598877e-02
1.690991222858428955e-01 3.247796744108200073e-02
1.574698835611343384e-01 3.210074827075004578e-02
1.456358879804611206e-01 3.164960071444511414e-02
1.344411224126815796e-01 3.114924207329750061e-02
1.258482486009597778e-01 3.070802427828311920e-02
1.201336532831192017e-01 3.038291074335575104e-02
1.121193245053291321e-01 2.987817302346229553e-02
1.027970910072326660e-01 2.920793183147907257e-02
9.106406569480895996e-02 2.820901758968830109e-02
7.942382246255874634e-02 2.699952945113182068e-02
7.043380290269851685e-02 2.587193995714187622e-02
6.526055186986923218e-02 2.512732706964015961e-02
5.630587413907051086e-02 2.363141812384128571e-02
5.001122131943702698e-02 2.238432690501213074e-02
3.759196773171424866e-02 1.925532147288322449e-02
3.228010609745979309e-02 1.753130368888378143e-02
2.569297701120376587e-02 1.489327475428581238e-02
2.103896066546440125e-02 1.252146158367395401e-02
1.740807294845581055e-02 1.018189638853073120e-02
1.390416361391544342e-02 7.144697941839694977e-03
1.210898905992507935e-02 4.913883749395608902e-03
1.049450691789388657e-02 1.250260276719927788e-03
1.031237188726663589e-02 -9.379861294291913509e-04
1.067469920963048935e-02 -2.939332742244005203e-03
1.108845788985490799e-02 -4.016688093543052673e-03
1.143913436681032181e-02 -4.710032604634761810e-03
1.237787306308746338e-02 -6.137138232588768005e-03
1.341138314455747604e-02 -7.344389334321022034e-03
1.595240831375122070e-02 -9.579516015946865082e-03
2.019198425114154816e-02 -1.225408446043729782e-02
2.329122647643089294e-02 -1.378722302615642548e-02
2.627408131957054138e-02 -1.505793165415525436e-02
3.385850042104721069e-02 -1.770891807973384857e-02
4.638268426060676575e-02 -2.102102898061275482e-02
5.244352668523788452e-02 -2.233120240271091461e-02
6.257485598325729370e-02 -2.423612214624881744e-02
7.348494231700897217e-02 -2.598769776523113251e-02
8.283411711454391479e-02 -2.729888074100017548e-02
9.396515786647796631e-02 -2.867650799453258514e-02
9.978879243135452271e-02 -2.932912111282348633e-02
1.097319871187210083e-01 -3.034868463873863220e-02
1.169876307249069214e-01 -3.102447651326656342e-02
1.264944970607757568e-01 -3.183155879378318787e-02
1.377166360616683960e-01 -3.268075361847877502e-02
1.431922316551208496e-01 -3.305793181061744690e-02
1.546317040920257568e-01 -3.377427160739898682e-02
1.591406762599945068e-01 -3.403181210160255432e-02
1.691984087228775024e-01 -3.455995768308639526e-02
1.792006045579910278e-01 -3.502673283219337463e-02
1.895847767591476440e-01 -3.545582666993141174e-02
1.975777596235275269e-01 -3.575124964118003845e-02
2.018982917070388794e-01 -3.589929640293121338e-02
2.159947007894515991e-01 -3.633074462413787842e-02
2.245983481407165527e-01 -3.655887022614479065e-02
2.410417348146438599e-01 -3.693042322993278503e-02
2.492713928222656250e-01 -3.708817064762115479e-02
2.555606961250305176e-01 -3.719730675220489502e-02
2.616778910160064697e-01 -3.729461506009101868e-02
2.681647539138793945e-01 -3.738882392644882202e-02
2.796955704689025879e-01 -3.753509372472763062e-02
2.856202423572540283e-01 -3.760039061307907104e-02
2.993726432323455811e-01 -3.772822394967079163e-02
3.097832202911376953e-01 -3.780445083975791931e-02
3.160518407821655273e-01 -3.784234821796417236e-02
3.241961002349853516e-01 -3.788303583860397339e-02
3.292621374130249023e-01 -3.790362179279327393e-02
3.368177115917205811e-01 -3.792781010270118713e-02
3.480873405933380127e-01 -3.794988617300987244e-02
3.571641743183135986e-01 -3.795586526393890381e-02
3.651379942893981934e-01 -3.795270621776580811e-02
3.737439215183258057e-01 -3.794063627719879150e-02
3.869218826293945312e-01 -3.790517896413803101e-02
3.955540060997009277e-01 -3.787102550268173218e-02
4.021748900413513184e-01 -3.783905133605003357e-02
4.098167717456817627e-01 -3.779600560665130615e-02
4.220021069049835205e-01 -3.771385550498962402e-02
4.392977654933929443e-01 -3.756912797689437866e-02
4.496546089649200439e-01 -3.746684268116950989e-02
4.616437256336212158e-01 -3.733396902680397034e-02
4.675570130348205566e-01 -3.726273402571678162e-02
4.785092771053314209e-01 -3.712086752057075500e-02
4.997196495532989502e-01 -3.680940344929695129e-02
5.097985863685607910e-01 -3.664429485797882080e-02
5.190389156341552734e-01 -3.648309409618377686e-02
5.325833559036254883e-01 -3.622948378324508667e-02
5.477106571197509766e-01 -3.592114150524139404e-02
5.559739470481872559e-01 -3.574108704924583435e-02
5.728565454483032227e-01 -3.534634038805961609e-02
5.837801098823547363e-01 -3.507062420248985291e-02
5.942354798316955566e-01 -3.479077666997909546e-02
6.072190403938293457e-01 -3.442011028528213501e-02
6.246324777603149414e-01 -3.387926518917083740e-02
6.330646276473999023e-01 -3.359787538647651672e-02
6.434593200683593750e-01 -3.323208540678024292e-02
6.537895798683166504e-01 -3.284657001495361328e-02
6.662518978118896484e-01 -3.235017135739326477e-02
6.738642454147338867e-01 -3.202900290489196777e-02
6.955019235610961914e-01 -3.103517927229404449e-02
7.102788686752319336e-01 -3.028150461614131927e-02
7.229110598564147949e-01 -2.958444692194461823e-02
7.332239151000976562e-01 -2.897688373923301697e-02
7.425070405006408691e-01 -2.839880995452404022e-02
7.531853914260864258e-01 -2.769563347101211548e-02
7.671878337860107422e-01 -2.670861594378948212e-02
7.767195105552673340e-01 -2.599277906119823456e-02
7.936562299728393555e-01 -2.462929114699363708e-02
8.157407641410827637e-01 -2.267022430896759033e-02
8.261297941207885742e-01 -2.167761139571666718e-02
8.329083919525146484e-01 -2.100628614425659180e-02
8.420175909996032715e-01 -2.007638290524482727e-02
8.619843125343322754e-01 -1.794461719691753387e-02
8.715357184410095215e-01 -1.689594797790050507e-02
8.787126541137695312e-01 -1.610682904720306396e-02
8.873147964477539062e-01 -1.517377141863107681e-02
9.024654626846313477e-01 -1.363488193601369858e-02
9.131950139999389648e-01 -1.271835714578628540e-02
9.298083186149597168e-01 -1.186598464846611023e-02
9.490165710449218750e-01 -1.226450409740209579e-02
9.524861574172973633e-01 -1.251880265772342682e-02
9.582731723785400391e-01 -1.305486541241407394e-02
