9.606525897979736328e-01 -6.712126079946756363e-03
9.597547054290771484e-01 -6.755794864147901535e-03
9.557213187217712402e-01 -6.876796018332242966e-03
9.452878832817077637e-01 -6.824762094765901566e-03
9.318187236785888672e-01 -6.318136118352413177e-03
9.235503673553466797e-01 -5.854127928614616394e-03
9.061657786369323730e-01 -4.619783256202936172e-03
8.998876810073852539e-01 -4.106326494365930557e-03
8.847990036010742188e-01 -2.756441477686166763e-03
8.746268749237060547e-01 -1.767743844538927078e-03
8.606002330780029297e-01 -3.174088778905570507e-04
8.550397753715515137e-01 2.823012473527342081e-04
8.432064056396484375e-01 1.600035466253757477e-03
8.308363556861877441e-01 3.031885717064142227e-03
8.110336661338806152e-01 5.423649214208126068e-03
8.043500781059265137e-01 6.255171261727809906e-03
7.891161441802978516e-01 8.190155960619449615e-03
7.783228754997253418e-01 9.590973146259784698e-03
7.692690491676330566e-01 1.078282948583364487e-02
7.598203420639038086e-01 1.204133313149213791e-02
7.422465085983276367e-01 1.441646367311477661e-02
7.347070574760437012e-01 1.544723659753799438e-02
7.249540686607360840e-01 1.678958721458911896e-02
7.178521156311035156e-01 1.777264475822448730e-02
6.997930407524108887e-01 2.028987742960453033e-02
6.859765648841857910e-01 2.222900092601776123e-02
6.667263507843017578e-01 2.494385279715061188e-02
6.559270024299621582e-01 2.647136524319648743e-02
6.469860076904296875e-01 2.773750200867652893e-02
6.391757726669311523e-01 2.884418889880180359e-02
6.266086101531982422e-01 3.062555938959121704e-02
6.065192818641662598e-01 3.347238153219223022e-02
5.992347598075866699e-01 3.450381755828857422e-02
5.922535657882690430e-01 3.549166396260261536e-02
5.758401751518249512e-01 3.781060874462127686e-02
5.703465342521667480e-01 3.858539834618568420e-02
5.453084111213684082e-01 4.210488125681877136e-02
5.335368514060974121e-01 4.375075176358222961e-02
5.232954621315002441e-01 4.517668113112449646e-02
5.174069404602050781e-01 4.599353671073913574e-02
5.115596652030944824e-01 4.680227488279342651e-02
5.032292008399963379e-01 4.794972389936447144e-02
4.946883320808410645e-01 4.911966621875762939e-02
4.837417304515838623e-01 5.060794204473495483e-02
4.778894186019897461e-01 5.139777809381484985e-02
4.595213532447814941e-01 5.384515225887298584e-02
4.490887224674224854e-01 5.521003156900405884e-02
4.343295693397521973e-01 5.710311979055404663e-02
4.224431812763214111e-01 5.859010666608810425e-02
4.173844158649444580e-01 5.921136215329170227e-02
4.084033370018005371e-01 6.029563024640083313e-02
3.921500742435455322e-01 6.218958273530006409e-02
3.819831609725952148e-01 6.332394480705261230e-02
3.719718456268310547e-01 6.439824402332305908e-02
3.604664206504821777e-01 6.557526439428329468e-02
3.560119569301605225e-01 6.601314246654510498e-02
3.379085958003997803e-01 6.768017262220382690e-02
3.257388770580291748e-01 6.868971884250640869e-02
3.189809620380401611e-01 6.920812278985977173e-02
3.040293455123901367e-01 7.023931294679641724e-02
2.963314056396484375e-01 7.070396095514297485e-02
2.890514731407165527e-01 7.109930366277694702e-02
2.841002345085144043e-01 7.134269922971725464e-02
2.749394476413726807e-01 7.173637300729751587e-02
2.709874808788299561e-01 7.188268005847930908e-02
2.605021893978118896e-01 7.219926267862319946e-02
2.542217373847961426e-01 7.233716547489166260e-02
2.387437969446182251e-01 7.250217348337173462e-02
2.259969264268875122e-01 7.244019210338592529e-02
2.084223926067352295e-01 7.203898578882217407e-02
2.050257921218872070e-01 7.191691547632217407e-02
1.973532289266586304e-01 7.158560305833816528e-02
1.887896955013275146e-01 7.112192362546920776e-02
1.768477559089660645e-01 7.030226290225982666e-02
1.720077842473983765e-01 6.991023570299148560e-02
1.664198040962219238e-01 6.941306591033935547e-02
1.513268351554870605e-01 6.782085448503494263e-02
1.325945258140563965e-01 6.530112028121948242e-02
1.213137283921241760e-01 6.346715986728668213e-02
1.128982678055763245e-01 6.193135678768157959e-02
1.035022214055061340e-01 6.003597378730773926e-02
9.470212459564208984e-02 5.807654187083244324e-02
8.176464587450027466e-02 5.484475195407867432e-02
6.631114333868026733e-02 5.037284642457962036e-02
6.158017367124557495e-02 4.885529354214668274e-02
5.326325073838233948e-02 4.599950090050697327e-02
3.825823590159416199e-02 4.015740379691123962e-02
3.120384737849235535e-02 3.704930469393730164e-02
2.018311806023120880e-02 3.161164745688438416e-02
1.611354202032089233e-02 2.938446030020713806e-02
9.403047151863574982e-03 2.537833526730537415e-02
3.449758049100637436e-03 2.136710099875926971e-02
-4.314593970775604248e-03 1.508171018213033676e-02
-6.195931695401668549e-03 1.325167808681726456e-02
-9.961002506315708160e-03 8.829127997159957886e-03
-1.145736128091812134e-02 6.497438065707683563e-03
-1.236102357506752014e-02 4.686145111918449402e-03
-1.339783426374197006e-02 1.172843156382441521e-03
-1.352045778185129166e-02 -1.782382896635681391e-04
-1.335730403661727905e-02 -2.382920589298009872e-03
-1.278620120137929916e-02 -4.390503745526075363e-03
-1.114998385310173035e-02 -7.334938738495111465e-03
-6.486502010375261307e-03 -1.192172151058912277e-02
-3.827592823654413223e-03 -1.375537738204002380e-02
2.603791188448667526e-03 -1.724088005721569061e-02
6.612284108996391296e-03 -1.901178993284702301e-02
1.164077781140804291e-02 -2.095897495746612549e-02
1.680080778896808624e-02 -2.272497862577438354e-02
3.240036591887474060e-02 -2.711801975965499878e-02
4.868825897574424744e-02 -3.072798252105712891e-02
5.501500517129898071e-02 -3.194401040673255920e-02
8.191973716020584106e-02 -3.629095479846000671e-02
9.026099741458892822e-02 -3.742609545588493347e-02
1.050344482064247131e-01 -3.924615681171417236e-02
1.202622428536415100e-01 -4.090729728341102600e-02
1.359588503837585449e-01 -4.243009164929389954e-02
1.568744629621505737e-01 -4.421212151646614075e-02
1.684789210557937622e-01 -4.509732127189636230e-02
1.861535012722015381e-01 -4.632377624511718750e-02
2.013374269008636475e-01 -4.727338999509811401e-02
2.080540806055068970e-01 -4.766571521759033203e-02
2.210593968629837036e-01 -4.838062822818756104e-02
2.309049814939498901e-01 -4.888494312763214111e-02
2.467293143272399902e-01 -4.963351413607597351e-02
2.637392878532409668e-01 -5.035850405693054199e-02
2.711464166641235352e-01 -5.064980313181877136e-02
2.775930762290954590e-01 -5.089171603322029114e-02
2.826879918575286865e-01 -5.107541009783744812e-02
2.921529710292816162e-01 -5.139937624335289001e-02
2.987238168716430664e-01 -5.161131918430328369e-02
3.126618862152099609e-01 -5.202633515000343323e-02
3.206170201301574707e-01 -5.224246531724929810e-02
3.409469127655029297e-01 -5.272732675075531006e-02
3.446043729782104492e-01 -5.280432105064392090e-02
3.543329238891601562e-01 -5.299397930502891541e-02
3.644193112850189209e-01 -5.316737294197082520e-02
3.911142349243164062e-01 -5.351135134696960449e-02
3.958635330200195312e-01 -5.355493724346160889e-02
4.029679596424102783e-01 -5.361010134220123291e-02
4.206224977970123291e-01 -5.369467660784721375e-02
4.365470409393310547e-01 -5.370603129267692566e-02
4.404090344905853271e-01 -5.369942262768745422e-02
4.513234496116638184e-01 -5.366077274084091187e-02
4.648334681987762451e-01 -5.357207357883453369e-02
4.821718335151672363e-01 -5.339173972606658936e-02
4.891103804111480713e-01 -5.329867824912071228e-02
5.061500072479248047e-01 -5.301986262202262878e-02
5.249871611595153809e-01 -5.262985080480575562e-02
5.306472778320312500e-01 -5.249627679586410522e-02
5.373052954673767090e-01 -5.232966691255569458e-02
5.464357137680053711e-01 -5.208487808704376221e-02
5.566194057464599609e-01 -5.179010331630706787e-02
5.697141885757446289e-01 -5.137861892580986023e-02
5.729681253433227539e-01 -5.127085745334625244e-02
5.830392241477966309e-01 -5.092398077249526978e-02
5.912969112396240234e-01 -5.062482878565788269e-02
6.037760972976684570e-01 -5.014852806925773621e-02
6.094578504562377930e-01 -4.992227628827095032e-02
6.177908778190612793e-01 -4.958013445138931274e-02
6.236273050308227539e-01 -4.933328181505203247e-02
6.295842528343200684e-01 -4.907528683543205261e-02
6.464316248893737793e-01 -4.831270128488540649e-02
6.545720100402832031e-01 -4.792670905590057373e-02
6.556709408760070801e-01 -4.787371680140495300e-02
6.831415891647338867e-01 -4.647723957896232605e-02
7.029120922088623047e-01 -4.537886753678321838e-02
7.101079821586608887e-01 -4.495711997151374817e-02
7.275055646896362305e-01 -4.388266056776046753e-02
7.378380298614501953e-01 -4.320381954312324524e-02
7.432479858398437500e-01 -4.283502697944641113e-02
7.508531808853149414e-01 -4.229987040162086487e-02
7.623703479766845703e-01 -4.144932702183723450e-02
7.751204371452331543e-01 -4.044551029801368713e-02
7.781791687011718750e-01 -4.019413143396377563e-02
7.889485955238342285e-01 -3.927373513579368591e-02
7.956237196922302246e-01 -3.867384791374206543e-02
8.042274117469787598e-01 -3.786470741033554077e-02
8.089573979377746582e-01 -3.740156069397926331e-02
8.262234330177307129e-01 -3.558974713087081909e-02
8.354677557945251465e-01 -3.453360870480537415e-02
8.457078933715820312e-01 -3.328527882695198059e-02
8.507022261619567871e-01 -3.264416009187698364e-02
8.629121780395507812e-01 -3.097964450716972351e-02
8.667313456535339355e-01 -3.042872250080108643e-02
8.819352984428405762e-01 -2.807778865098953247e-02
8.896583318710327148e-01 -2.677864395081996918e-02
9.014738202095031738e-01 -2.463987842202186584e-02
9.175419211387634277e-01 -2.141327783465385437e-02
9.347005486488342285e-01 -1.755359210073947906e-02
9.511731266975402832e-01 -1.351726520806550980e-02
9.576871395111083984e-01 -1.186298299580812454e-02
9.595808386802673340e-01 -1.137772202491760254e-02
