9.373232126235961914e-01 -1.589429005980491638e-02
9.366019964218139648e-01 -1.584008708596229553e-02
9.337262511253356934e-01 -1.561714150011539459e-02
9.186890125274658203e-01 -1.432279497385025024e-02
8.758192062377929688e-01 -9.939428418874740601e-03
8.603238463401794434e-01 -8.184055797755718231e-03
8.330605626106262207e-01 -4.933035001158714294e-03
8.269119262695312500e-01 -4.175471141934394836e-03
8.106935024261474609e-01 -2.141567412763834000e-03
8.014056086540222168e-01 -9.567751549184322357e-04
7.806166410446166992e-01 1.734768273308873177e-03
7.737210392951965332e-01 2.635967452079057693e-03
7.441785931587219238e-01 6.508315913379192352e-03
7.353688478469848633e-01 7.656276226043701172e-03
7.207298278808593750e-01 9.543314576148986816e-03
7.084891200065612793e-01 1.109199412167072296e-02
6.915678381919860840e-01 1.317104231566190720e-02
6.875650286674499512e-01 1.365002524107694626e-02
6.758440732955932617e-01 1.501958351582288742e-02
6.648139953613281250e-01 1.625844463706016541e-02
6.537006497383117676e-01 1.745204254984855652e-02
6.416981220245361328e-01 1.867419295012950897e-02
6.252831220626831055e-01 2.022518217563629150e-02
6.205042004585266113e-01 2.064954116940498352e-02
6.083436012268066406e-01 2.167298272252082825e-02
5.976575613021850586e-01 2.250511944293975830e-02
5.866763591766357422e-01 2.329505793750286102e-02
5.781278610229492188e-01 2.386498078703880310e-02
5.680122375488281250e-01 2.448951452970504761e-02
5.610598921775817871e-01 2.488821558654308319e-02
5.495131611824035645e-01 2.549717947840690613e-02
5.412049293518066406e-01 2.589569427073001862e-02
5.353947281837463379e-01 2.615536935627460480e-02
5.258317589759826660e-01 2.654992602765560150e-02
5.123413801193237305e-01 2.704027108848094940e-02
5.083348751068115234e-01 2.717165648937225342e-02
4.994775950908660889e-01 2.744001708924770355e-02
4.928261339664459229e-01 2.762223593890666962e-02
4.848271012306213379e-01 2.782043442130088806e-02
4.753536283969879150e-01 2.802694775164127350e-02
4.619579911231994629e-01 2.826984971761703491e-02
4.569508135318756104e-01 2.834669500589370728e-02
4.522483348846435547e-01 2.841229923069477081e-02
4.450490474700927734e-01 2.850081026554107666e-02
4.316727221012115479e-01 2.862913534045219421e-02
4.209282696247100830e-01 2.870051935315132141e-02
4.074739217758178711e-01 2.875345572829246521e-02
3.921982049942016602e-01 2.876908704638481140e-02
3.801545202732086182e-01 2.875145711004734039e-02
3.764310777187347412e-01 2.874110080301761627e-02
3.593841195106506348e-01 2.866684645414352417e-02
3.505712747573852539e-01 2.861263416707515717e-02
3.463473021984100342e-01 2.858317643404006958e-02
3.413373827934265137e-01 2.854548767209053040e-02
3.373548686504364014e-01 2.851347997784614563e-02
3.319314718246459961e-01 2.846710383892059326e-02
3.225026428699493408e-01 2.837928570806980133e-02
3.102474212646484375e-01 2.825261466205120087e-02
3.011958897113800049e-01 2.815074473619461060e-02
2.923193871974945068e-01 2.804454043507575989e-02
2.888183295726776123e-01 2.800101041793823242e-02
2.842205464839935303e-01 2.794248983263969421e-02
2.744580507278442383e-01 2.781321108341217041e-02
2.653663456439971924e-01 2.768684364855289459e-02
2.609038352966308594e-01 2.762271277606487274e-02
2.509565949440002441e-01 2.747470512986183167e-02
2.391150593757629395e-01 2.728907391428947449e-02
2.313273847103118896e-01 2.716102823615074158e-02
2.278073132038116455e-01 2.710147015750408173e-02
2.155730575323104858e-01 2.688576467335224152e-02
2.070051133632659912e-01 2.672574855387210846e-02
1.988407522439956665e-01 2.656549774110317230e-02
1.909484714269638062e-01 2.640250511467456818e-02
1.806451529264450073e-01 2.617607824504375458e-02
1.763215512037277222e-01 2.607591450214385986e-02
1.730321645736694336e-01 2.599748410284519196e-02
1.571305245161056519e-01 2.558746561408042908e-02
1.324676871299743652e-01 2.482286840677261353e-02
1.230574846267700195e-01 2.447704039514064789e-02
1.145413443446159363e-01 2.413146011531352997e-02
9.498283267021179199e-02 2.319103293120861053e-02
8.948860317468643188e-02 2.288168482482433319e-02
7.338866591453552246e-02 2.182624116539955139e-02
5.405231565237045288e-02 2.016261219978332520e-02
4.524470865726470947e-02 1.920297741889953613e-02
3.047724440693855286e-02 1.717650517821311951e-02
2.178272418677806854e-02 1.563776470720767975e-02
1.421379204839468002e-02 1.399139501154422760e-02
9.335804497823119164e-04 9.961261413991451263e-03
-3.331094048917293549e-03 8.130930364131927490e-03
-8.301709778606891632e-03 5.333402194082736969e-03
-1.231202669441699982e-02 1.957691740244626999e-03
-1.368377171456813812e-02 1.939279027283191681e-04
-1.459062751382589340e-02 -1.519915531389415264e-03
-1.519276201725006104e-02 -5.358934868127107620e-03
-1.497370377182960510e-02 -6.597811821848154068e-03
-1.441055070608854294e-02 -8.147671818733215332e-03
-1.194708235561847687e-02 -1.158625539392232895e-02
-1.036115456372499466e-02 -1.303680893033742905e-02
-8.023913949728012085e-03 -1.474835909903049469e-02
-4.735180176794528961e-03 -1.667055301368236542e-02
-1.203754800371825695e-03 -1.835817098617553711e-02
7.729379925876855850e-03 -2.167384885251522064e-02
1.288239192217588425e-02 -2.321894839406013489e-02
2.719460427761077881e-02 -2.677045576274394989e-02
4.967989772558212280e-02 -3.128549456596374512e-02
5.659114569425582886e-02 -3.254849091172218323e-02
6.876193732023239136e-02 -3.469701483845710754e-02
7.479493319988250732e-02 -3.573593497276306152e-02
9.111446887254714966e-02 -3.848275542259216309e-02
1.056494712829589844e-01 -4.086068645119667053e-02
1.172012016177177429e-01 -4.270162060856819153e-02
1.247520372271537781e-01 -4.387785866856575012e-02
1.426892727613449097e-01 -4.656819626688957214e-02
1.563723087310791016e-01 -4.850219190120697021e-02
1.672937273979187012e-01 -4.995908960700035095e-02
1.792629659175872803e-01 -5.145690217614173889e-02
1.825934797525405884e-01 -5.185407772660255432e-02
2.080486416816711426e-01 -5.458839982748031616e-02
2.174492180347442627e-01 -5.545843020081520081e-02
2.247204333543777466e-01 -5.607882887125015259e-02
2.400880604982376099e-01 -5.724010989069938660e-02
2.497125864028930664e-01 -5.786576494574546814e-02
2.651344537734985352e-01 -5.871145427227020264e-02
2.707921564579010010e-01 -5.897517502307891846e-02
2.777247726917266846e-01 -5.926565080881118774e-02
2.854380309581756592e-01 -5.954801291227340698e-02
2.959614098072052002e-01 -5.986694619059562683e-02
3.077076375484466553e-01 -6.013761088252067566e-02
3.167731761932373047e-01 -6.028866022825241089e-02
3.246172070503234863e-01 -6.038103252649307251e-02
3.308784365653991699e-01 -6.043041124939918518e-02
3.459319472312927246e-01 -6.046582758426666260e-02
3.508560359477996826e-01 -6.045320257544517517e-02
3.582156598567962646e-01 -6.041316688060760498e-02
3.669850826263427734e-01 -6.033375486731529236e-02
3.835551738739013672e-01 -6.009448319673538208e-02
3.863493502140045166e-01 -6.004314497113227844e-02
3.958557546138763428e-01 -5.984578281641006470e-02
4.151831567287445068e-01 -5.934030935168266296e-02
4.236491024494171143e-01 -5.907658860087394714e-02
4.307390451431274414e-01 -5.883648991584777832e-02
4.453318417072296143e-01 -5.828816816210746765e-02
4.618573784828186035e-01 -5.758080258965492249e-02
4.673850834369659424e-01 -5.732399597764015198e-02
4.718553423881530762e-01 -5.710893124341964722e-02
4.810005724430084229e-01 -5.664855241775512695e-02
4.909298121929168701e-01 -5.611785128712654114e-02
4.996052682399749756e-01 -5.562803149223327637e-02
5.162947177886962891e-01 -5.461813509464263916e-02
5.221511125564575195e-01 -5.424298718571662903e-02
5.269094109535217285e-01 -5.393039062619209290e-02
5.514144301414489746e-01 -5.221384391188621521e-02
5.537607669830322266e-01 -5.204049125313758850e-02
5.623781681060791016e-01 -5.139121785759925842e-02
5.692399144172668457e-01 -5.086058750748634338e-02
5.773596763610839844e-01 -5.021798238158226013e-02
5.838163495063781738e-01 -4.969639703631401062e-02
5.894115567207336426e-01 -4.923741891980171204e-02
6.009277701377868652e-01 -4.827418178319931030e-02
6.072440743446350098e-01 -4.773662611842155457e-02
6.191892027854919434e-01 -4.670537635684013367e-02
6.236121654510498047e-01 -4.631959274411201477e-02
6.265308856964111328e-01 -4.606407508254051208e-02
6.436401605606079102e-01 -4.455625265836715698e-02
6.610517501831054688e-01 -4.301786422729492188e-02
6.807975172996520996e-01 -4.129304736852645874e-02
6.936269402503967285e-01 -4.019671678543090820e-02
7.036854028701782227e-01 -3.935664892196655273e-02
7.155521512031555176e-01 -3.839329630136489868e-02
7.311203479766845703e-01 -3.718499466776847839e-02
7.487015128135681152e-01 -3.591339290142059326e-02
7.576063275337219238e-01 -3.531377017498016357e-02
7.622402906417846680e-01 -3.501499816775321960e-02
7.710174918174743652e-01 -3.447616100311279297e-02
7.782303094863891602e-01 -3.406193107366561890e-02
7.881055474281311035e-01 -3.354084491729736328e-02
7.922576665878295898e-01 -3.333898633718490601e-02
8.043325543403625488e-01 -3.281631693243980408e-02
8.089380264282226562e-01 -3.264453262090682983e-02
8.187031745910644531e-01 -3.233696892857551575e-02
8.210877180099487305e-01 -3.227455168962478638e-02
8.285830020904541016e-01 -3.211425617337226868e-02
8.338810801506042480e-01 -3.203668445348739624e-02
8.484313488006591797e-01 -3.200367838144302368e-02
8.545725345611572266e-01 -3.208398073911666870e-02
8.638014793395996094e-01 -3.233511745929718018e-02
8.804474472999572754e-01 -3.329364210367202759e-02
8.896826505661010742e-01 -3.417613729834556580e-02
9.136516451835632324e-01 -3.771533444523811340e-02
9.235150218009948730e-01 -3.957795351743698120e-02
9.302545189857482910e-01 -4.093509167432785034e-02
