9.475300908088684082e-01 -1.751876063644886017e-02
9.459820985794067383e-01 -1.734308339655399323e-02
9.394992589950561523e-01 -1.661420613527297974e-02
9.219399690628051758e-01 -1.465705223381519318e-02
8.945239186286926270e-01 -1.159336697310209274e-02
8.801830410957336426e-01 -9.979945607483386993e-03
8.569281101226806641e-01 -7.348848041146993637e-03
8.482926487922668457e-01 -6.368629168719053268e-03
8.354017734527587891e-01 -4.904448986053466797e-03
8.256991505622863770e-01 -3.803431754931807518e-03
8.127836585044860840e-01 -2.342639956623315811e-03
8.041990399360656738e-01 -1.376981032080948353e-03
7.955718040466308594e-01 -4.128330328967422247e-04
7.854608893394470215e-01 7.062581134960055351e-04
7.686776518821716309e-01 2.528285374864935875e-03
7.615057826042175293e-01 3.289503278210759163e-03
7.496562600135803223e-01 4.518789704889059067e-03
7.416848540306091309e-01 5.322781857103109360e-03
7.330412268638610840e-01 6.170792505145072937e-03
7.247560620307922363e-01 6.958117708563804626e-03
7.094094157218933105e-01 8.343516848981380463e-03
7.043944001197814941e-01 8.774186484515666962e-03
6.860709190368652344e-01 1.024886686354875565e-02
6.779732108116149902e-01 1.084937527775764465e-02
6.653736233711242676e-01 1.171991415321826935e-02
6.563953757286071777e-01 1.229279860854148865e-02
6.477007865905761719e-01 1.281027961522340775e-02
6.396811008453369141e-01 1.325554680079221725e-02
6.261486411094665527e-01 1.393898762762546539e-02
6.101171970367431641e-01 1.464278250932693481e-02
5.907586216926574707e-01 1.534926239401102066e-02
5.779238939285278320e-01 1.573733426630496979e-02
5.662198066711425781e-01 1.603930070996284485e-02
5.599654912948608398e-01 1.618141494691371918e-02
5.495271086692810059e-01 1.639022678136825562e-02
5.421344041824340820e-01 1.651755347847938538e-02
5.281385779380798340e-01 1.671461574733257294e-02
5.122238993644714355e-01 1.687349379062652588e-02
4.966030716896057129e-01 1.696775853633880615e-02
4.848869740962982178e-01 1.700176671147346497e-02
4.752389788627624512e-01 1.700798794627189636e-02
4.675506949424743652e-01 1.699977181851863861e-02
4.545599222183227539e-01 1.696121133863925934e-02
4.430295228958129883e-01 1.690311171114444733e-02
4.307222962379455566e-01 1.681883819401264191e-02
4.256026148796081543e-01 1.677762158215045929e-02
4.013066291809082031e-01 1.653981767594814301e-02
3.929522633552551270e-01 1.644448563456535339e-02
3.848200440406799316e-01 1.634642481803894043e-02
3.771807253360748291e-01 1.625034026801586151e-02
3.656262457370758057e-01 1.609936729073524475e-02
3.582301735877990723e-01 1.600019261240959167e-02
3.507042229175567627e-01 1.589808240532875061e-02
3.401492536067962646e-01 1.575424708425998688e-02
3.275096118450164795e-01 1.558364182710647583e-02
3.191882967948913574e-01 1.547385752201080322e-02
3.098638355731964111e-01 1.535460352897644043e-02
2.966580986976623535e-01 1.519490685313940048e-02
2.875489592552185059e-01 1.509248930960893631e-02
2.768324315547943115e-01 1.498137041926383972e-02
2.667144536972045898e-01 1.488653663545846939e-02
2.579558193683624268e-01 1.481256447732448578e-02
2.479928731918334961e-01 1.473733689635992050e-02
2.403921633958816528e-01 1.468576584011316299e-02
2.212964147329330444e-01 1.457251515239477158e-02
2.147841453552246094e-01 1.453648414462804794e-02
2.102474272251129150e-01 1.451114099472761154e-02
2.073424905538558960e-01 1.449456345289945602e-02
1.969786733388900757e-01 1.443081349134445190e-02
1.876162588596343994e-01 1.436238642781972885e-02
1.794971376657485962e-01 1.428968086838722229e-02
1.752983480691909790e-01 1.424558553844690323e-02
1.683542877435684204e-01 1.416055858135223389e-02
1.576602756977081299e-01 1.399293355643749237e-02
1.502626389265060425e-01 1.384470053017139435e-02
1.438666731119155884e-01 1.369093824177980423e-02
1.390371471643447876e-01 1.355702709406614304e-02
1.252476274967193604e-01 1.307631656527519226e-02
1.179837584495544434e-01 1.275576278567314148e-02
1.101453602313995361e-01 1.235002931207418442e-02
1.048698350787162781e-01 1.203880552202463150e-02
9.562326967716217041e-02 1.141241751611232758e-02
9.099898487329483032e-02 1.105770654976367950e-02
8.619026839733123779e-02 1.065757498145103455e-02
6.484187394380569458e-02 8.454433642327785492e-03
5.729298293590545654e-02 7.488765288144350052e-03
4.614478722214698792e-02 5.855780094861984253e-03
3.894026577472686768e-02 4.651982802897691727e-03
2.984760329127311707e-02 2.934802323579788208e-03
2.218600362539291382e-02 1.275349990464746952e-03
1.007972098886966705e-02 -1.943820621818304062e-03
4.340551327913999557e-03 -3.924788907170295715e-03
2.626123372465372086e-03 -4.623191431164741516e-03
-7.018333417363464832e-04 -6.230011582374572754e-03
-2.664458705112338066e-03 -7.458854466676712036e-03
-4.449695348739624023e-03 -9.039363823831081390e-03
-5.421871319413185120e-03 -1.062442827969789505e-02
-5.618136376142501831e-03 -1.148667279630899429e-02
-5.503696855157613754e-03 -1.274146139621734619e-02
-5.186907481402158737e-03 -1.355542335659265518e-02
-4.503315780311822891e-03 -1.461551524698734283e-02
-3.183046821504831314e-03 -1.599453948438167572e-02
-1.903287018649280071e-03 -1.702278852462768555e-02
5.072940839454531670e-04 -1.859839074313640594e-02
8.963587693870067596e-03 -2.268398366868495941e-02
2.001259289681911469e-02 -2.674738317728042603e-02
2.778181619942188263e-02 -2.920070476830005646e-02
3.607206046581268311e-02 -3.158426284790039062e-02
4.902677610516548157e-02 -3.495140746235847473e-02
6.781035661697387695e-02 -3.924330696463584900e-02
7.791710644960403442e-02 -4.131312295794487000e-02
8.339061588048934937e-02 -4.237103462219238281e-02
9.470616281032562256e-02 -4.442542046308517456e-02
1.046547368168830872e-01 -4.609025642275810242e-02
1.262359768152236938e-01 -4.927166551351547241e-02
1.339363604784011841e-01 -5.027025938034057617e-02
1.390512287616729736e-01 -5.089520290493965149e-02
1.554433703422546387e-01 -5.269774794578552246e-02
1.647492051124572754e-01 -5.358960106968879700e-02
1.731105893850326538e-01 -5.431290343403816223e-02
1.907487362623214722e-01 -5.560714378952980042e-02
1.967477798461914062e-01 -5.597899481654167175e-02
2.090615332126617432e-01 -5.663958936929702759e-02
2.145003676414489746e-01 -5.688923969864845276e-02
2.274047583341598511e-01 -5.738400295376777649e-02
2.322134524583816528e-01 -5.753488466143608093e-02
2.481188625097274780e-01 -5.791344866156578064e-02
2.663342952728271484e-01 -5.813924595713615417e-02
2.790561020374298096e-01 -5.817981436848640442e-02
2.851525247097015381e-01 -5.816829949617385864e-02
2.937244176864624023e-01 -5.812056735157966614e-02
3.016242682933807373e-01 -5.804591625928878784e-02
3.114084601402282715e-01 -5.791553854942321777e-02
3.189801275730133057e-01 -5.778782814741134644e-02
3.285994231700897217e-01 -5.759425833821296692e-02
3.339063525199890137e-01 -5.747335776686668396e-02
3.433529138565063477e-01 -5.723492801189422607e-02
3.496834337711334229e-01 -5.705937370657920837e-02
3.600426018238067627e-01 -5.674665048718452454e-02
3.696500360965728760e-01 -5.643006414175033569e-02
3.777442276477813721e-01 -5.614478513598442078e-02
3.837986290454864502e-01 -5.592084676027297974e-02
3.961274325847625732e-01 -5.543833598494529724e-02
4.008646011352539062e-01 -5.524388700723648071e-02
4.095028340816497803e-01 -5.487693473696708679e-02
4.175670146942138672e-01 -5.452042445540428162e-02
4.235568344593048096e-01 -5.424715206027030945e-02
4.353802502155303955e-01 -5.368727445602416992e-02
4.472949802875518799e-01 -5.309653282165527344e-02
4.530638158321380615e-01 -5.280127748847007751e-02
4.627642929553985596e-01 -5.229154601693153381e-02
4.746016561985015869e-01 -5.164772272109985352e-02
4.886319637298583984e-01 -5.085478723049163818e-02
4.991461932659149170e-01 -5.024032667279243469e-02
5.106103420257568359e-01 -4.955157637596130371e-02
5.204328894615173340e-01 -4.894669353961944580e-02
5.309069752693176270e-01 -4.828752577304840088e-02
5.415107607841491699e-01 -4.760630801320075989e-02
5.494573116302490234e-01 -4.708726331591606140e-02
5.607841014862060547e-01 -4.633576422929763794e-02
5.687817931175231934e-01 -4.579752311110496521e-02
5.750477910041809082e-01 -4.537179693579673767e-02
5.851094126701354980e-01 -4.468134790658950806e-02
5.903489589691162109e-01 -4.431873559951782227e-02
6.006972789764404297e-01 -4.359700158238410950e-02
6.144208312034606934e-01 -4.262985289096832275e-02
6.338374614715576172e-01 -4.124571010470390320e-02
6.539288759231567383e-01 -3.979899734258651733e-02
6.614912152290344238e-01 -3.925168141722679138e-02
6.783164739608764648e-01 -3.803023323416709900e-02
6.922070980072021484e-01 -3.701929375529289246e-02
7.038227319717407227e-01 -3.617316111922264099e-02
7.170407772064208984e-01 -3.521040454506874084e-02
7.259090542793273926e-01 -3.456505388021469116e-02
7.479214668273925781e-01 -3.296795487403869629e-02
7.574027180671691895e-01 -3.228350356221199036e-02
7.691086530685424805e-01 -3.144293650984764099e-02
7.783858180046081543e-01 -3.078153170645236969e-02
8.048244714736938477e-01 -2.893448062241077423e-02
8.164055347442626953e-01 -2.815438807010650635e-02
8.297150135040283203e-01 -2.729574963450431824e-02
8.349180817604064941e-01 -2.697575464844703674e-02
8.436772227287292480e-01 -2.646495588123798370e-02
8.540422916412353516e-01 -2.592343650758266449e-02
8.606613278388977051e-01 -2.562865801155567169e-02
8.659963011741638184e-01 -2.543095685541629791e-02
8.777514100074768066e-01 -2.517706342041492462e-02
8.925461173057556152e-01 -2.544895932078361511e-02
9.040836691856384277e-01 -2.644159458577632904e-02
9.246621131896972656e-01 -3.064420260488986969e-02
9.291346073150634766e-01 -3.194840997457504272e-02
9.374528527259826660e-01 -3.463978692889213562e-02
