9.605882763862609863e-01 -8.302172645926475525e-03
9.600029587745666504e-01 -8.380202576518058777e-03
9.556804299354553223e-01 -8.859018795192241669e-03
9.416358470916748047e-01 -9.673927910625934601e-03
9.250364899635314941e-01 -9.843043982982635498e-03
9.151157736778259277e-01 -9.695064276456832886e-03
8.868430256843566895e-01 -8.598217740654945374e-03
8.810459375381469727e-01 -8.277044631540775299e-03
8.710029125213623047e-01 -7.657298352569341660e-03
8.614896535873413086e-01 -7.002718746662139893e-03
8.402250409126281738e-01 -5.331350490450859070e-03
8.321380615234375000e-01 -4.628200549632310867e-03
8.250058293342590332e-01 -3.980080597102642059e-03
8.084809184074401855e-01 -2.384995343163609505e-03
7.949786186218261719e-01 -9.929072111845016479e-04
7.855988740921020508e-01 1.701719156699255109e-05
7.761617898941040039e-01 1.065969001501798630e-03
7.657886147499084473e-01 2.254379214718937874e-03
7.496188879013061523e-01 4.174430388957262039e-03
7.454119324684143066e-01 4.686360247433185577e-03
7.266515493392944336e-01 7.024473976343870163e-03
7.190582156181335449e-01 7.993921637535095215e-03
7.052201032638549805e-01 9.789783507585525513e-03
7.008537650108337402e-01 1.036339160054922104e-02
6.927804946899414062e-01 1.143157295882701874e-02
6.871270537376403809e-01 1.218486763536930084e-02
6.796505451202392578e-01 1.318685617297887802e-02
6.762648224830627441e-01 1.364252157509326935e-02
6.660664081573486328e-01 1.502089109271764755e-02
6.457148790359497070e-01 1.778897829353809357e-02
6.273322105407714844e-01 2.029479481279850006e-02
6.077643632888793945e-01 2.295109257102012634e-02
6.012576222419738770e-01 2.382913604378700256e-02
5.918729901313781738e-01 2.508928440511226654e-02
5.842171311378479004e-01 2.611090056598186493e-02
5.790899395942687988e-01 2.679145149886608124e-02
5.703807473182678223e-01 2.794012241065502167e-02
5.508828163146972656e-01 3.047406300902366638e-02
5.317827463150024414e-01 3.289896994829177856e-02
5.272043943405151367e-01 3.347098454833030701e-02
5.194363594055175781e-01 3.443291410803794861e-02
5.061873793601989746e-01 3.604764863848686218e-02
4.964995682239532471e-01 3.720681741833686829e-02
4.715213179588317871e-01 4.010704532265663147e-02
4.620728790760040283e-01 4.116930440068244934e-02
4.254735708236694336e-01 4.508971050381660461e-02
4.164692461490631104e-01 4.600378870964050293e-02
4.087394773960113525e-01 4.677147418260574341e-02
3.972477614879608154e-01 4.788249358534812927e-02
3.906385302543640137e-01 4.850443080067634583e-02
3.754937350749969482e-01 4.987991601228713989e-02
3.672718703746795654e-01 5.059606954455375671e-02
3.500369787216186523e-01 5.202191323041915894e-02
3.343630731105804443e-01 5.322202295064926147e-02
3.283424377441406250e-01 5.365642160177230835e-02
3.217113018035888672e-01 5.411668866872787476e-02
3.151720762252807617e-01 5.455105379223823547e-02
3.043409883975982666e-01 5.522536858916282654e-02
2.932032942771911621e-01 5.585593357682228088e-02
2.859413921833038330e-01 5.623026564717292786e-02
2.832359671592712402e-01 5.636189132928848267e-02
2.758659124374389648e-01 5.669803917407989502e-02
2.619553804397583008e-01 5.723750591278076172e-02
2.575734555721282959e-01 5.738004669547080994e-02
2.300493866205215454e-01 5.793976783752441406e-02
2.244568318128585815e-01 5.797598510980606079e-02
2.125722765922546387e-01 5.795627459883689880e-02
2.089154422283172607e-01 5.792240798473358154e-02
2.029438018798828125e-01 5.783749744296073914e-02
1.901723295450210571e-01 5.752610042691230774e-02
1.845440268516540527e-01 5.732944980263710022e-02
1.789277046918869019e-01 5.709491297602653503e-02
1.720877587795257568e-01 5.675537511706352234e-02
1.588646471500396729e-01 5.592080950736999512e-02
1.511247307062149048e-01 5.531599372625350952e-02
1.288914531469345093e-01 5.304850637912750244e-02
1.251969337463378906e-01 5.258886143565177917e-02
1.083440855145454407e-01 5.015720054507255554e-02
9.493477642536163330e-02 4.778914526104927063e-02
8.650951087474822998e-02 4.607954993844032288e-02
8.157130330801010132e-02 4.499014839529991150e-02
7.547838985919952393e-02 4.355008155107498169e-02
6.724736839532852173e-02 4.142174124717712402e-02
5.625677481293678284e-02 3.820865973830223083e-02
4.394719749689102173e-02 3.400308638811111450e-02
3.410175442695617676e-02 3.004964254796504974e-02
2.994402684271335602e-02 2.817939035594463348e-02
2.507791668176651001e-02 2.580176666378974915e-02
2.008095197379589081e-02 2.309991233050823212e-02
8.788911625742912292e-03 1.548961549997329712e-02
4.412129987031221390e-03 1.150686852633953094e-02
3.216653130948543549e-03 1.022081542760133743e-02
6.611046846956014633e-04 6.961559876799583435e-03
-1.012467895634472370e-03 4.112672526389360428e-03
-1.636141794733703136e-03 2.724294317886233330e-03
-2.311333548277616501e-03 7.174656493589282036e-04
-2.598149701952934265e-03 -5.534832598641514778e-04
-2.812117105349898338e-03 -2.333653392270207405e-03
-2.739829476922750473e-03 -4.763827193528413773e-03
-2.001465298235416412e-03 -7.881314493715763092e-03
1.234192022820934653e-04 -1.192869246006011963e-02
6.931649520993232727e-03 -1.862499490380287170e-02
9.877505712211132050e-03 -2.062979899346828461e-02
1.327427849173545837e-02 -2.262639254331588745e-02
2.177579514682292938e-02 -2.670956403017044067e-02
2.580855041742324829e-02 -2.834516204893589020e-02
4.303663223981857300e-02 -3.407541289925575256e-02
4.795318469405174255e-02 -3.545504063367843628e-02
6.228237226605415344e-02 -3.904831409454345703e-02
7.236524671316146851e-02 -4.127855226397514343e-02
8.325082808732986450e-02 -4.346965998411178589e-02
9.188850224018096924e-02 -4.507201537489891052e-02
9.852631390094757080e-02 -4.623056948184967041e-02
1.083546578884124756e-01 -4.784027487039566040e-02
1.246230304241180420e-01 -5.025396496057510376e-02
1.326424628496170044e-01 -5.133848637342453003e-02
1.514609605073928833e-01 -5.363393574953079224e-02
1.604365259408950806e-01 -5.461286753416061401e-02
1.778684407472610474e-01 -5.631401017308235168e-02
1.853383630514144897e-01 -5.696550011634826660e-02
2.064797431230545044e-01 -5.857020244002342224e-02
2.212639302015304565e-01 -5.949141457676887512e-02
2.285317331552505493e-01 -5.988607183098793030e-02
2.464440613985061646e-01 -6.070069596171379089e-02
2.612418532371520996e-01 -6.120971590280532837e-02
2.686122059822082520e-01 -6.140967831015586853e-02
2.782443165779113770e-01 -6.161869689822196960e-02
2.880750000476837158e-01 -6.177217885851860046e-02
2.945282757282257080e-01 -6.184073537588119507e-02
3.089502155780792236e-01 -6.190382689237594604e-02
3.159569799900054932e-01 -6.189050897955894470e-02
3.320071399211883545e-01 -6.175469607114791870e-02
3.385193049907684326e-01 -6.165873259305953979e-02
3.513539135456085205e-01 -6.140246242284774780e-02
3.706688582897186279e-01 -6.085401400923728943e-02
3.801614940166473389e-01 -6.051522865891456604e-02
3.909372389316558838e-01 -6.007719784975051880e-02
3.935081660747528076e-01 -5.996446684002876282e-02
4.061684310436248779e-01 -5.936424806714057922e-02
4.169771969318389893e-01 -5.879401415586471558e-02
4.308971464633941650e-01 -5.798422172665596008e-02
4.381929636001586914e-01 -5.752709880471229553e-02
4.455046653747558594e-01 -5.704717338085174561e-02
4.589154124259948730e-01 -5.611240118741989136e-02
4.700303375720977783e-01 -5.528654158115386963e-02
4.743854701519012451e-01 -5.495090782642364502e-02
4.799526035785675049e-01 -5.451231822371482849e-02
4.877362549304962158e-01 -5.388177931308746338e-02
4.947982430458068848e-01 -5.329291895031929016e-02
5.193929076194763184e-01 -5.112828314304351807e-02
5.249804258346557617e-01 -5.061415955424308777e-02
5.374968051910400391e-01 -4.943628236651420593e-02
5.463755130767822266e-01 -4.858088493347167969e-02
5.514439344406127930e-01 -4.808598011732101440e-02
5.648263096809387207e-01 -4.675910249352455139e-02
5.730744004249572754e-01 -4.592884704470634460e-02
5.782160162925720215e-01 -4.540730640292167664e-02
5.815146565437316895e-01 -4.507128521800041199e-02
5.893914103507995605e-01 -4.426509886980056763e-02
5.960205197334289551e-01 -4.358315095305442810e-02
6.024250984191894531e-01 -4.292206466197967529e-02
6.270529627799987793e-01 -4.037073999643325806e-02
6.464993953704833984e-01 -3.836113587021827698e-02
6.478745341300964355e-01 -3.821958601474761963e-02
6.861214041709899902e-01 -3.433065488934516907e-02
6.919131875038146973e-01 -3.375127539038658142e-02
6.958245635032653809e-01 -3.336153551936149597e-02
7.068995833396911621e-01 -3.226476535201072693e-02
7.343863248825073242e-01 -2.958511374890804291e-02
7.414373755455017090e-01 -2.890705876052379608e-02
7.531511187553405762e-01 -2.778866514563560486e-02
7.609003782272338867e-01 -2.705422975122928619e-02
7.698507308959960938e-01 -2.621136046946048737e-02
7.769696712493896484e-01 -2.554517984390258789e-02
7.816384434700012207e-01 -2.511037327349185944e-02
7.888081669807434082e-01 -2.444604597985744476e-02
7.915078401565551758e-01 -2.419701404869556427e-02
8.024566173553466797e-01 -2.319377474486827850e-02
8.149273395538330078e-01 -2.206587977707386017e-02
8.245324492454528809e-01 -2.120993472635746002e-02
8.414047360420227051e-01 -1.974037848412990570e-02
8.469026088714599609e-01 -1.927299797534942627e-02
8.526330590248107910e-01 -1.879305578768253326e-02
8.741354346275329590e-01 -1.707518845796585083e-02
8.835186362266540527e-01 -1.637900061905384064e-02
8.913118839263916016e-01 -1.583330519497394562e-02
8.993195891380310059e-01 -1.530965603888034821e-02
9.070443511009216309e-01 -1.484694983810186386e-02
9.244978427886962891e-01 -1.399772334843873978e-02
9.525017142295837402e-01 -1.340286340564489365e-02
9.597014188766479492e-01 -1.340388413518667221e-02
9.620130062103271484e-01 -1.341206394135951996e-02
