9.608042240142822266e-01 -8.326073177158832550e-03
9.602178335189819336e-01 -8.271958678960800171e-03
9.567885994911193848e-01 -7.934244349598884583e-03
9.522172212600708008e-01 -7.444480434060096741e-03
9.445583820343017578e-01 -6.562443915754556656e-03
9.385194182395935059e-01 -5.832125432789325714e-03
9.325661659240722656e-01 -5.091383121907711029e-03
9.281032681465148926e-01 -4.525721073150634766e-03
9.145817756652832031e-01 -2.771735191345214844e-03
9.075263142585754395e-01 -1.838549273088574409e-03
8.968676924705505371e-01 -4.120325029361993074e-04
8.921104669570922852e-01 2.298813196830451488e-04
8.773142695426940918e-01 2.241372596472501755e-03
8.682443499565124512e-01 3.482675645500421524e-03
8.562815189361572266e-01 5.125885829329490662e-03
8.470844626426696777e-01 6.391799543052911758e-03
8.392431735992431641e-01 7.471731863915920258e-03
8.288102149963378906e-01 8.907969109714031219e-03
8.211369514465332031e-01 9.962899610400199890e-03
8.175890445709228516e-01 1.045004837214946747e-02
8.043614029884338379e-01 1.226147729903459549e-02
7.953335046768188477e-01 1.349219772964715958e-02
7.804390788078308105e-01 1.550961844623088837e-02
7.731265425682067871e-01 1.649294048547744751e-02
7.608337402343750000e-01 1.813366077840328217e-02
7.538158893585205078e-01 1.906251907348632812e-02
7.431167960166931152e-01 2.046653069555759430e-02
7.378830909729003906e-01 2.114760875701904297e-02
7.300403714179992676e-01 2.216064371168613434e-02
7.204513549804687500e-01 2.338614501059055328e-02
7.113000154495239258e-01 2.454134635627269745e-02
6.996472477912902832e-01 2.599053643643856049e-02
6.859617233276367188e-01 2.765916101634502411e-02
6.777387857437133789e-01 2.864328958094120026e-02
6.589549779891967773e-01 3.083580359816551208e-02
6.526946425437927246e-01 3.154845163226127625e-02
6.404352188110351562e-01 3.291649743914604187e-02
6.276797652244567871e-01 3.429966419935226440e-02
6.130595207214355469e-01 3.583218902349472046e-02
6.070618033409118652e-01 3.644400462508201599e-02
5.981126427650451660e-01 3.733803704380989075e-02
5.890959501266479492e-01 3.821546956896781921e-02
5.788559913635253906e-01 3.918287530541419983e-02
5.708308219909667969e-01 3.991892933845520020e-02
5.554113388061523438e-01 4.127716273069381714e-02
5.463145971298217773e-01 4.204304516315460205e-02
5.390732884407043457e-01 4.263355955481529236e-02
5.273785591125488281e-01 4.355069994926452637e-02
5.048798322677612305e-01 4.518493637442588806e-02
4.909581243991851807e-01 4.610812291502952576e-02
4.760679602622985840e-01 4.701900109648704529e-02
4.710551500320434570e-01 4.730758070945739746e-02
4.512578547000885010e-01 4.835671186447143555e-02
4.407984912395477295e-01 4.885178804397583008e-02
4.338907897472381592e-01 4.915596544742584229e-02
4.261323809623718262e-01 4.947578907012939453e-02
4.081426560878753662e-01 5.012739449739456177e-02
4.003992080688476562e-01 5.036864802241325378e-02
3.849160671234130859e-01 5.077919363975524902e-02
3.768300116062164307e-01 5.095502361655235291e-02
3.626899123191833496e-01 5.119791999459266663e-02
3.550509512424468994e-01 5.129448324441909790e-02
3.456247746944427490e-01 5.137968808412551880e-02
3.217155039310455322e-01 5.142397433519363403e-02
3.113805055618286133e-01 5.136491730809211731e-02
3.036667406558990479e-01 5.128927901387214661e-02
2.906464636325836182e-01 5.109899491071701050e-02
2.870562672615051270e-01 5.103246122598648071e-02
2.759619653224945068e-01 5.078743398189544678e-02
2.689805626869201660e-01 5.060211196541786194e-02
2.597996294498443604e-01 5.032085627317428589e-02
2.383490949869155884e-01 4.949022829532623291e-02
2.282050102949142456e-01 4.900837689638137817e-02
2.134910821914672852e-01 4.820097982883453369e-02
2.001233249902725220e-01 4.734901338815689087e-02
1.910442709922790527e-01 4.670162498950958252e-02
1.780424565076828003e-01 4.567049071192741394e-02
1.604904979467391968e-01 4.406603053212165833e-02
1.483178287744522095e-01 4.279375821352005005e-02
1.330657601356506348e-01 4.099024087190628052e-02
1.214224249124526978e-01 3.943608328700065613e-02
1.154508367180824280e-01 3.857227042317390442e-02
9.907876700162887573e-02 3.593929857015609741e-02
8.044084161520004272e-02 3.237576037645339966e-02
7.017903029918670654e-02 3.009159862995147705e-02
6.226747110486030579e-02 2.813763543963432312e-02
5.263097584247589111e-02 2.548285387456417084e-02
4.361814260482788086e-02 2.266079559922218323e-02
3.633099421858787537e-02 2.007037587463855743e-02
3.096163459122180939e-02 1.793246529996395111e-02
2.557438239455223083e-02 1.553007494658231735e-02
2.017144672572612762e-02 1.276337914168834686e-02
1.421416178345680237e-02 9.049226529896259308e-03
1.099814660847187042e-02 6.518252659589052200e-03
8.550039492547512054e-03 4.065904766321182251e-03
7.493413984775543213e-03 2.715133363381028175e-03
6.110531743615865707e-03 1.995656057260930538e-04
5.640420131385326385e-03 -1.472217147238552570e-03
5.585225299000740051e-03 -3.422856796532869339e-03
6.234283559024333954e-03 -5.644370801746845245e-03
7.926783524453639984e-03 -8.075640536844730377e-03
8.959683589637279510e-03 -9.078057482838630676e-03
1.263606827706098557e-02 -1.165166869759559631e-02
1.770699024200439453e-02 -1.409474760293960571e-02
2.197221666574478149e-02 -1.567888632416725159e-02
2.929687500000000000e-02 -1.784662343561649323e-02
4.333071783185005188e-02 -2.091350406408309937e-02
5.716742575168609619e-02 -2.315452881157398224e-02
8.700139075517654419e-02 -2.659574337303638458e-02
9.442437440156936646e-02 -2.726577594876289368e-02
1.019093245267868042e-01 -2.788912877440452576e-02
1.156492233276367188e-01 -2.892215363681316376e-02
1.241439878940582275e-01 -2.950258925557136536e-02
1.389125436544418335e-01 -3.043048083782196045e-02
1.455769538879394531e-01 -3.082207031548023224e-02
1.615340709686279297e-01 -3.170780465006828308e-02
1.714167296886444092e-01 -3.222770243883132935e-02
1.789580732583999634e-01 -3.261311724781990051e-02
1.878848671913146973e-01 -3.305906429886817932e-02
1.932259500026702881e-01 -3.332140296697616577e-02
2.031851708889007568e-01 -3.380313515663146973e-02
2.086657881736755371e-01 -3.406471386551856995e-02
2.160837203264236450e-01 -3.441534936428070068e-02
2.283338606357574463e-01 -3.498711809515953064e-02
2.418467104434967041e-01 -3.560889512300491333e-02
2.537551820278167725e-01 -3.614998236298561096e-02
2.733648717403411865e-01 -3.702742978930473328e-02
2.765957415103912354e-01 -3.717032074928283691e-02
2.826927900314331055e-01 -3.743858635425567627e-02
2.892931103706359863e-01 -3.772688284516334534e-02
3.056984841823577881e-01 -3.843299299478530884e-02
3.125107884407043457e-01 -3.872137516736984253e-02
3.249815404415130615e-01 -3.924104571342468262e-02
3.389749228954315186e-01 -3.981005772948265076e-02
3.527135550975799561e-01 -4.035238549113273621e-02
3.588972985744476318e-01 -4.059068113565444946e-02
3.864145874977111816e-01 -4.160219430923461914e-02
3.937709629535675049e-01 -4.185778647661209106e-02
4.003530144691467285e-01 -4.208076372742652893e-02
4.284108281135559082e-01 -4.296596348285675049e-02
4.329100549221038818e-01 -4.309748858213424683e-02
4.463739097118377686e-01 -4.347278550267219543e-02
4.550474584102630615e-01 -4.369958862662315369e-02
4.647336602210998535e-01 -4.393854364752769470e-02
4.844368696212768555e-01 -4.437635466456413269e-02
4.888134598731994629e-01 -4.446455836296081543e-02
4.993356764316558838e-01 -4.466293379664421082e-02
5.144496560096740723e-01 -4.491323605179786682e-02
5.296648144721984863e-01 -4.512307047843933105e-02
5.406171679496765137e-01 -4.524739459156990051e-02
5.510417819023132324e-01 -4.534461349248886108e-02
5.566291213035583496e-01 -4.538812860846519470e-02
5.737196207046508789e-01 -4.548344761133193970e-02
5.859737396240234375e-01 -4.551604017615318298e-02
6.010763049125671387e-01 -4.551397264003753662e-02
6.115834712982177734e-01 -4.548417031764984131e-02
6.230547428131103516e-01 -4.542413726449012756e-02
6.353867650032043457e-01 -4.532631859183311462e-02
6.523691415786743164e-01 -4.513201117515563965e-02
6.603586077690124512e-01 -4.501531273126602173e-02
6.759421825408935547e-01 -4.473767802119255066e-02
6.870566010475158691e-01 -4.449647665023803711e-02
7.097538113594055176e-01 -4.387976229190826416e-02
7.153368592262268066e-01 -4.370015114545822144e-02
7.317475676536560059e-01 -4.310121759772300720e-02
7.455436587333679199e-01 -4.250824078917503357e-02
7.550336718559265137e-01 -4.204797372221946716e-02
7.649956345558166504e-01 -4.151488095521926880e-02
7.706741094589233398e-01 -4.118664190173149109e-02
7.791725397109985352e-01 -4.066020622849464417e-02
7.884820699691772461e-01 -4.003217071294784546e-02
7.978082299232482910e-01 -3.934531658887863159e-02
8.043251633644104004e-01 -3.882881253957748413e-02
8.117946982383728027e-01 -3.819761425256729126e-02
8.206351399421691895e-01 -3.739317506551742554e-02
8.323805928230285645e-01 -3.622103855013847351e-02
8.392688035964965820e-01 -3.547473624348640442e-02
8.487193584442138672e-01 -3.437467664480209351e-02
8.657926321029663086e-01 -3.214374184608459473e-02
8.706592321395874023e-01 -3.144555911421775818e-02
8.883968591690063477e-01 -2.864209935069084167e-02
8.942767977714538574e-01 -2.761674858629703522e-02
9.034509658813476562e-01 -2.591420337557792664e-02
9.077470898628234863e-01 -2.507231198251247406e-02
9.133649468421936035e-01 -2.392733097076416016e-02
9.172821640968322754e-01 -2.309900894761085510e-02
9.238778352737426758e-01 -2.164863236248493195e-02
9.312009215354919434e-01 -1.995782740414142609e-02
9.434229135513305664e-01 -1.696131564676761627e-02
9.556129574775695801e-01 -1.379362028092145920e-02
9.581130146980285645e-01 -1.312672346830368042e-02
9.606317281723022461e-01 -1.244990620762109756e-02
