9.539221525192260742e-01 -4.757296759635210037e-03
9.525257349014282227e-01 -4.722484387457370758e-03
9.473506808280944824e-01 -4.554588347673416138e-03
9.363040328025817871e-01 -4.049001261591911316e-03
9.258616566658020020e-01 -3.444764530286192894e-03
9.115660190582275391e-01 -2.479260088875889778e-03
8.922114372253417969e-01 -9.884517639875411987e-04
8.846870660781860352e-01 -3.649402642622590065e-04
8.710095286369323730e-01 8.186803315766155720e-04
8.589902520179748535e-01 1.903558499179780483e-03
8.354571461677551270e-01 4.120377823710441589e-03
8.300008177757263184e-01 4.647988360375165939e-03
8.179137706756591797e-01 5.830334965139627457e-03
8.033809661865234375e-01 7.270469795912504196e-03
7.852377891540527344e-01 9.084168821573257446e-03
7.790562510490417480e-01 9.703450836241245270e-03
7.583293914794921875e-01 1.177397742867469788e-02
7.500851750373840332e-01 1.259140484035015106e-02
7.400255203247070312e-01 1.358117070049047470e-02
7.289089560508728027e-01 1.466237194836139679e-02
7.188479900360107422e-01 1.562702469527721405e-02
7.100827693939208984e-01 1.645487174391746521e-02
6.963617801666259766e-01 1.772394590079784393e-02
6.856861114501953125e-01 1.868593692779541016e-02
6.694248318672180176e-01 2.010351978242397308e-02
6.615008711814880371e-01 2.077171020209789276e-02
6.427089571952819824e-01 2.229283563792705536e-02
6.312234401702880859e-01 2.317633107304573059e-02
6.226283907890319824e-01 2.381371706724166870e-02
6.107390522956848145e-01 2.466125972568988800e-02
5.966991186141967773e-01 2.561039477586746216e-02
5.786524415016174316e-01 2.674796991050243378e-02
5.733185410499572754e-01 2.706657163798809052e-02
5.623020529747009277e-01 2.769941650331020355e-02
5.517725348472595215e-01 2.827308326959609985e-02
5.407379269599914551e-01 2.884224057197570801e-02
5.264156460762023926e-01 2.953364141285419464e-02
5.138488411903381348e-01 3.009784035384654999e-02
4.961959421634674072e-01 3.082671575248241425e-02
4.818103015422821045e-01 3.136874362826347351e-02
4.758190214633941650e-01 3.158144652843475342e-02
4.671631753444671631e-01 3.187577426433563232e-02
4.551911950111389160e-01 3.225859254598617554e-02
4.480686783790588379e-01 3.247353062033653259e-02
4.377411007881164551e-01 3.276903182268142700e-02
4.274072051048278809e-01 3.304631263017654419e-02
4.124946594238281250e-01 3.341573104262351990e-02
4.056609272956848145e-01 3.357342630624771118e-02
3.941014111042022705e-01 3.382427990436553955e-02
3.881888091564178467e-01 3.394505381584167480e-02
3.780193626880645752e-01 3.414113074541091919e-02
3.599724471569061279e-01 3.445350751280784607e-02
3.513750433921813965e-01 3.458635509014129639e-02
3.384958803653717041e-01 3.476585447788238525e-02
3.256986737251281738e-01 3.492027521133422852e-02
3.179068267345428467e-01 3.500206395983695984e-02
3.086792230606079102e-01 3.508632257580757141e-02
2.993588447570800781e-01 3.515674918889999390e-02
2.917809784412384033e-01 3.520245105028152466e-02
2.747411727905273438e-01 3.526369109749794006e-02
2.650037109851837158e-01 3.527019917964935303e-02
2.564982771873474121e-01 3.525700420141220093e-02
2.471734434366226196e-01 3.522045910358428955e-02
2.403186112642288208e-01 3.517765924334526062e-02
2.345805466175079346e-01 3.513063490390777588e-02
2.203836739063262939e-01 3.496649488806724548e-02
2.074705809354782104e-01 3.475112468004226685e-02
2.016693949699401855e-01 3.463150933384895325e-02
1.789987683296203613e-01 3.400788828730583191e-02
1.686638593673706055e-01 3.362958505749702454e-02
1.620920002460479736e-01 3.335413709282875061e-02
1.533620357513427734e-01 3.294251114130020142e-02
1.491175591945648193e-01 3.272224217653274536e-02
1.347775310277938843e-01 3.187113255262374878e-02
1.193353682756423950e-01 3.074665181338787079e-02
1.109435334801673889e-01 3.003204427659511566e-02
1.014454811811447144e-01 2.912374213337898254e-02
9.261520206928253174e-02 2.817417494952678680e-02
8.408784121274948120e-02 2.714978531002998352e-02
8.049099892377853394e-02 2.668305672705173492e-02
7.237862795591354370e-02 2.554745972156524658e-02
6.105069816112518311e-02 2.374529838562011719e-02
5.368361622095108032e-02 2.241568267345428467e-02
4.479408636689186096e-02 2.061305567622184753e-02
3.792337700724601746e-02 1.904148608446121216e-02
3.064067848026752472e-02 1.716383546590805054e-02
2.138327807188034058e-02 1.435317471623420715e-02
1.629848219454288483e-02 1.251908484846353531e-02
1.038121245801448822e-02 9.963667020201683044e-03
6.640376057475805283e-03 7.948312908411026001e-03
3.839660901576280594e-03 6.038312800228595734e-03
1.531301066279411316e-03 3.857679432258009911e-03
1.057930858223699033e-04 1.481022918596863747e-03
-1.973924227058887482e-04 9.393541404278948903e-05
5.877565854461863637e-05 -1.935493084602057934e-03
6.767490995116531849e-04 -3.274233313277363777e-03
2.314007841050624847e-03 -5.342835094779729843e-03
3.995659761130809784e-03 -6.838719360530376434e-03
5.617005284875631332e-03 -8.027215488255023956e-03
7.346066646277904510e-03 -9.134341031312942505e-03
1.035478059202432632e-02 -1.081349700689315796e-02
1.447586994618177414e-02 -1.279506552964448929e-02
1.747732050716876984e-02 -1.408576872199773788e-02
2.141324058175086975e-02 -1.564072258770465851e-02
2.900153771042823792e-02 -1.832336746156215668e-02
3.844515606760978699e-02 -2.125892601907253265e-02
4.675919562578201294e-02 -2.357772737741470337e-02
5.377143248915672302e-02 -2.538168989121913910e-02
6.404090672731399536e-02 -2.781604975461959839e-02
7.906336337327957153e-02 -3.100679442286491394e-02
9.026031941175460815e-02 -3.314207121729850769e-02
1.005706414580345154e-01 -3.494739904999732971e-02
1.070931404829025269e-01 -3.601628169417381287e-02
1.173131763935089111e-01 -3.758486360311508179e-02
1.389644593000411987e-01 -4.051515832543373108e-02
1.496574729681015015e-01 -4.178172349929809570e-02
1.573337465524673462e-01 -4.262250661849975586e-02
1.727286428213119507e-01 -4.414557665586471558e-02
1.863030493259429932e-01 -4.531769081950187683e-02
2.007413506507873535e-01 -4.639926925301551819e-02
2.097878903150558472e-01 -4.699441045522689819e-02
2.225344777107238770e-01 -4.772993922233581543e-02
2.349056750535964966e-01 -4.833321645855903625e-02
2.431866675615310669e-01 -4.867851734161376953e-02
2.547427415847778320e-01 -4.908471181988716125e-02
2.595029473304748535e-01 -4.922709241509437561e-02
2.732887268066406250e-01 -4.955985397100448608e-02
2.817231714725494385e-01 -4.970671236515045166e-02
2.899943292140960693e-01 -4.981014505028724670e-02
2.951512336730957031e-01 -4.985473677515983582e-02
3.068196475505828857e-01 -4.990052804350852966e-02
3.134849667549133301e-01 -4.989310353994369507e-02
3.333674967288970947e-01 -4.973085969686508179e-02
3.390183150768280029e-01 -4.964750260114669800e-02
3.506019115447998047e-01 -4.942668229341506958e-02
3.580764234066009521e-01 -4.924930632114410400e-02
3.714516758918762207e-01 -4.886531084775924683e-02
3.786015510559082031e-01 -4.862580820918083191e-02
3.845153152942657471e-01 -4.841009899973869324e-02
3.994411230087280273e-01 -4.779621213674545288e-02
4.075802564620971680e-01 -4.742057994008064270e-02
4.163317680358886719e-01 -4.698538780212402344e-02
4.255475401878356934e-01 -4.649284482002258301e-02
4.401241838932037354e-01 -4.564424604177474976e-02
4.496271312236785889e-01 -4.504670575261116028e-02
4.602486789226531982e-01 -4.433908313512802124e-02
4.696537852287292480e-01 -4.367874562740325928e-02
4.787711799144744873e-01 -4.300960525870323181e-02
4.900317490100860596e-01 -4.214560985565185547e-02
4.960211515426635742e-01 -4.166993126273155212e-02
5.011369585990905762e-01 -4.125514626502990723e-02
5.077693462371826172e-01 -4.070623219013214111e-02
5.203735828399658203e-01 -3.963030874729156494e-02
5.308277010917663574e-01 -3.870793059468269348e-02
5.414951443672180176e-01 -3.774162381887435913e-02
5.515577793121337891e-01 -3.680954873561859131e-02
5.614863038063049316e-01 -3.587292507290840149e-02
5.679565668106079102e-01 -3.525469452142715454e-02
5.803455114364624023e-01 -3.405673801898956299e-02
5.874765515327453613e-01 -3.336035460233688354e-02
5.933690667152404785e-01 -3.278204053640365601e-02
6.104710102081298828e-01 -3.109416551887989044e-02
6.203461289405822754e-01 -3.011700138449668884e-02
6.244900226593017578e-01 -2.970716357231140137e-02
6.419610381126403809e-01 -2.798531949520111084e-02
6.511163115501403809e-01 -2.708975411951541901e-02
6.646738052368164062e-01 -2.577628567814826965e-02
6.807988286018371582e-01 -2.423945441842079163e-02
6.905830502510070801e-01 -2.332307584583759308e-02
7.006858587265014648e-01 -2.239136397838592529e-02
7.150486707687377930e-01 -2.109467983245849609e-02
7.236604690551757812e-01 -2.033417858183383942e-02
7.329505681991577148e-01 -1.952901296317577362e-02
7.402911782264709473e-01 -1.890453137457370758e-02
7.519094347953796387e-01 -1.793835684657096863e-02
7.585917115211486816e-01 -1.739555411040782928e-02
7.746145129203796387e-01 -1.613472774624824524e-02
7.816810011863708496e-01 -1.559790968894958496e-02
7.945444583892822266e-01 -1.465311925858259201e-02
8.053959608078002930e-01 -1.389078702777624130e-02
8.206473588943481445e-01 -1.287814322859048843e-02
8.252598643302917480e-01 -1.258654519915580750e-02
8.375597596168518066e-01 -1.184543967247009277e-02
8.456407785415649414e-01 -1.138986367732286453e-02
8.587583303451538086e-01 -1.070990320295095444e-02
8.670529127120971680e-01 -1.032260060310363770e-02
8.879029750823974609e-01 -9.524574503302574158e-03
9.081848859786987305e-01 -9.053956717252731323e-03
9.249598979949951172e-01 -8.963312953710556030e-03
9.441415667533874512e-01 -9.251631796360015869e-03
9.492790699005126953e-01 -9.396927431225776672e-03
9.540894627571105957e-01 -9.553953073918819427e-03
