9.635021686553955078e-01 -7.443836424499750137e-03
9.629396796226501465e-01 -7.393669802695512772e-03
9.595706462860107422e-01 -7.086579222232103348e-03
9.470216035842895508e-01 -5.878360476344823837e-03
9.178192019462585449e-01 -2.897026017308235168e-03
9.084377884864807129e-01 -1.919414615258574486e-03
8.882952928543090820e-01 1.853360590757802129e-04
8.791141510009765625e-01 1.142279477789998055e-03
8.644339442253112793e-01 2.663434715941548347e-03
8.529196381568908691e-01 3.845647443085908890e-03
8.404490947723388672e-01 5.112182814627885818e-03
8.317372798919677734e-01 5.987067706882953644e-03
8.239871263504028320e-01 6.757840514183044434e-03
8.154930472373962402e-01 7.593730464577674866e-03
7.917664647102355957e-01 9.874784387648105621e-03
7.870496511459350586e-01 1.031809207051992416e-02
7.722056508064270020e-01 1.168978214263916016e-02
7.614067196846008301e-01 1.266458816826343536e-02
7.528450489044189453e-01 1.342318113893270493e-02
7.420323491096496582e-01 1.436290610581636429e-02
7.227965593338012695e-01 1.598354429006576538e-02
7.163981199264526367e-01 1.650812849402427673e-02
6.845921874046325684e-01 1.901093497872352600e-02
6.813228726387023926e-01 1.925867237150669098e-02
6.652181744575500488e-01 2.045467309653759003e-02
6.487749218940734863e-01 2.163686975836753845e-02
6.377858519554138184e-01 2.240710891783237457e-02
6.235315799713134766e-01 2.338533289730548859e-02
6.113428473472595215e-01 2.420551329851150513e-02
6.009567379951477051e-01 2.489432878792285919e-02
5.887400507926940918e-01 2.569477260112762451e-02
5.793498158454895020e-01 2.630420401692390442e-02
5.668045282363891602e-01 2.711245603859424591e-02
5.580316781997680664e-01 2.767476439476013184e-02
5.418331623077392578e-01 2.870949730277061462e-02
5.340729951858520508e-01 2.920459583401679993e-02
5.207039713859558105e-01 3.005809336900711060e-02
5.120512843132019043e-01 3.061156533658504486e-02
5.077344179153442383e-01 3.088812716305255890e-02
4.995782375335693359e-01 3.141166269779205322e-02
4.915816485881805420e-01 3.192637488245964050e-02
4.765578806400299072e-01 3.289739787578582764e-02
4.683794081211090088e-01 3.342823311686515808e-02
4.615771472454071045e-01 3.387089818716049194e-02
4.549726545810699463e-01 3.430157154798507690e-02
4.454930722713470459e-01 3.492093831300735474e-02
4.357720911502838135e-01 3.555714711546897888e-02
4.281093776226043701e-01 3.605890274047851562e-02
4.171889126300811768e-01 3.677353262901306152e-02
4.014443755149841309e-01 3.780007362365722656e-02
3.918722569942474365e-01 3.842002525925636292e-02
3.886114358901977539e-01 3.863019496202468872e-02
3.770936429500579834e-01 3.936715424060821533e-02
3.671917319297790527e-01 3.999236598610877991e-02
3.616104722023010254e-01 4.034057259559631348e-02
3.593301177024841309e-01 4.048184305429458618e-02
3.460692763328552246e-01 4.129040986299514771e-02
3.367895483970642090e-01 4.184082522988319397e-02
3.270514309406280518e-01 4.240223020315170288e-02
3.173846900463104248e-01 4.294047504663467407e-02
3.057356774806976318e-01 4.356002435088157654e-02
3.025830090045928955e-01 4.372160136699676514e-02
2.926590144634246826e-01 4.421152547001838684e-02
2.818621098995208740e-01 4.470904171466827393e-02
2.772976160049438477e-01 4.490713402628898621e-02
2.561199069023132324e-01 4.571758210659027100e-02
2.501151263713836670e-01 4.591112211346626282e-02
2.434459179639816284e-01 4.610511288046836853e-02
2.163880467414855957e-01 4.663512110710144043e-02
2.071988880634307861e-01 4.670801758766174316e-02
1.961284875869750977e-01 4.671286791563034058e-02
1.867281794548034668e-01 4.663919657468795776e-02
1.730688363313674927e-01 4.639110714197158813e-02
1.698426157236099243e-01 4.630613327026367188e-02
1.631099134683609009e-01 4.609390348196029663e-02
1.554610729217529297e-01 4.579236730933189392e-02
1.472084820270538330e-01 4.538958147168159485e-02
1.284258812665939331e-01 4.413726553320884705e-02
1.230470836162567139e-01 4.368283227086067200e-02
1.085682436823844910e-01 4.221633076667785645e-02
1.014358922839164734e-01 4.134936258196830750e-02
9.472141414880752563e-02 4.043548554182052612e-02
8.500328660011291504e-02 3.892673924565315247e-02
7.366733253002166748e-02 3.684948012232780457e-02
6.636863201856613159e-02 3.530250489711761475e-02
6.255091726779937744e-02 3.441905230283737183e-02
4.305320233106613159e-02 2.892252244055271149e-02
3.246138989925384521e-02 2.501312084496021271e-02
2.657209709286689758e-02 2.242632769048213959e-02
2.142710797488689423e-02 1.982976309955120087e-02
1.428903918713331223e-02 1.543635129928588867e-02
8.934842422604560852e-03 1.096930075436830521e-02
7.869264110922813416e-03 9.816895239055156708e-03
5.876609589904546738e-03 7.039306685328483582e-03
4.678849596530199051e-03 2.985286293551325798e-03
5.471051670610904694e-03 1.611649931874126196e-04
6.470672320574522018e-03 -1.120056957006454468e-03
7.170486263930797577e-03 -1.759304432198405266e-03
8.113680407404899597e-03 -2.451240550726652145e-03
8.775758557021617889e-03 -2.859070198610424995e-03
1.020028721541166306e-02 -3.589516971260309219e-03
1.338676363229751587e-02 -4.771950654685497284e-03
1.734727062284946442e-02 -5.747580900788307190e-03
2.174171246588230133e-02 -6.462243851274251938e-03
2.707757614552974701e-02 -7.009002380073070526e-03
3.531060367822647095e-02 -7.431829813867807388e-03
3.964776918292045593e-02 -7.524876389652490616e-03
4.665059968829154968e-02 -7.562599144876003265e-03
5.225345492362976074e-02 -7.533001247793436050e-03
6.252837926149368286e-02 -7.426678668707609177e-03
7.210305333137512207e-02 -7.334740366786718369e-03
7.993577420711517334e-02 -7.293566595762968063e-03
8.501645922660827637e-02 -7.288509979844093323e-03
1.023270040750503540e-01 -7.410414051264524460e-03
1.107281073927879333e-01 -7.545216009020805359e-03
1.146349385380744934e-01 -7.623577956110239029e-03
1.256479471921920776e-01 -7.894114591181278229e-03
1.351358294486999512e-01 -8.180910721421241760e-03
1.500182002782821655e-01 -8.718168362975120544e-03
1.558435559272766113e-01 -8.954215794801712036e-03
1.638006418943405151e-01 -9.297506883740425110e-03
1.708462536334991455e-01 -9.619936347007751465e-03
1.760651171207427979e-01 -9.869079105556011200e-03
1.811323463916778564e-01 -1.011879183351993561e-02
2.000956088304519653e-01 -1.111396495252847672e-02
2.052606791257858276e-01 -1.139969844371080399e-02
2.134601920843124390e-01 -1.186451874673366547e-02
2.246783822774887085e-01 -1.252046413719654083e-02
2.411154657602310181e-01 -1.351685263216495514e-02
2.578652203083038330e-01 -1.456648483872413635e-02
2.741571664810180664e-01 -1.561197545379400253e-02
2.778675556182861328e-01 -1.585263572633266449e-02
2.907930910587310791e-01 -1.669638417661190033e-02
2.958937287330627441e-01 -1.703107729554176331e-02
3.086641728878021240e-01 -1.787150092422962189e-02
3.161863982677459717e-01 -1.836711354553699493e-02
3.275691568851470947e-01 -1.911616697907447815e-02
3.389475643634796143e-01 -1.986178755760192871e-02
3.463588953018188477e-01 -2.034466899931430817e-02
3.561678826808929443e-01 -2.097921259701251984e-02
3.659896552562713623e-01 -2.160803787410259247e-02
3.738454878330230713e-01 -2.210531570017337799e-02
3.937748968601226807e-01 -2.333901822566986084e-02
3.995464444160461426e-01 -2.368757128715515137e-02
4.085097014904022217e-01 -2.421997673809528351e-02
4.176067411899566650e-01 -2.474827691912651062e-02
4.267545342445373535e-01 -2.526613883674144745e-02
4.432407021522521973e-01 -2.616198174655437469e-02
4.565497338771820068e-01 -2.684637345373630524e-02
4.656212925910949707e-01 -2.729118242859840393e-02
4.897770881652832031e-01 -2.838192693889141083e-02
4.978029727935791016e-01 -2.871209383010864258e-02
5.150551795959472656e-01 -2.936368249356746674e-02
5.200233459472656250e-01 -2.953611128032207489e-02
5.394386053085327148e-01 -3.014236874878406525e-02
5.531293153762817383e-01 -3.050358965992927551e-02
5.593109726905822754e-01 -3.064842335879802704e-02
5.697715878486633301e-01 -3.086740523576736450e-02
5.803116559982299805e-01 -3.105477802455425262e-02
5.883073806762695312e-01 -3.117464296519756317e-02
5.953647494316101074e-01 -3.126450628042221069e-02
6.065562367439270020e-01 -3.137654438614845276e-02
6.143580079078674316e-01 -3.143267706036567688e-02
6.178191900253295898e-01 -3.145183622837066650e-02
6.362643241882324219e-01 -3.149501606822013855e-02
6.454960703849792480e-01 -3.147974610328674316e-02
6.668862700462341309e-01 -3.135128319263458252e-02
6.737980842590332031e-01 -3.128224238753318787e-02
6.834754347801208496e-01 -3.116311877965927124e-02
6.979722976684570312e-01 -3.093574382364749908e-02
7.090660929679870605e-01 -3.072200156748294830e-02
7.217282056808471680e-01 -3.043556027114391327e-02
7.316225171089172363e-01 -3.017979115247726440e-02
7.359253168106079102e-01 -3.005969710648059845e-02
7.502115964889526367e-01 -2.962162159383296967e-02
7.625793814659118652e-01 -2.919225767254829407e-02
7.772120237350463867e-01 -2.862151712179183960e-02
7.833896875381469727e-01 -2.835928648710250854e-02
8.065893054008483887e-01 -2.725393697619438171e-02
8.200462460517883301e-01 -2.651856094598770142e-02
8.381837606430053711e-01 -2.540459856390953064e-02
8.440179824829101562e-01 -2.501343563199043274e-02
8.624976873397827148e-01 -2.365550398826599121e-02
8.685896992683410645e-01 -2.316422574222087860e-02
8.861635923385620117e-01 -2.160626091063022614e-02
8.902667164802551270e-01 -2.120893634855747223e-02
9.090571403503417969e-01 -1.919599808752536774e-02
9.199899435043334961e-01 -1.785381324589252472e-02
9.407048225402832031e-01 -1.488163322210311890e-02
9.600515961647033691e-01 -1.156530715525150299e-02
9.612435102462768555e-01 -1.134720724076032639e-02
9.626702070236206055e-01 -1.108470279723405838e-02
