9.563076496124267578e-01 -2.773651387542486191e-03
9.551864266395568848e-01 -2.735329559072852135e-03
9.436444044113159180e-01 -2.323220483958721161e-03
9.277479052543640137e-01 -1.716342289000749588e-03
8.910331130027770996e-01 -2.155891561415046453e-04
8.780778646469116211e-01 3.328257298562675714e-04
8.324930667877197266e-01 2.294311067089438438e-03
8.238974809646606445e-01 2.666177460923790932e-03
8.076522350311279297e-01 3.368431003764271736e-03
7.944118976593017578e-01 3.939383197575807571e-03
7.763929963111877441e-01 4.713186994194984436e-03
7.637795209884643555e-01 5.252118688076734543e-03
7.523325085639953613e-01 5.739033687859773636e-03
7.261400222778320312e-01 6.845073774456977844e-03
7.008293271064758301e-01 7.903988473117351532e-03
6.945078372955322266e-01 8.167240768671035767e-03
6.799934506416320801e-01 8.770444430410861969e-03
6.678664088249206543e-01 9.273726493120193481e-03
6.600881218910217285e-01 9.596564806997776031e-03
6.489619612693786621e-01 1.005894783884286880e-02
6.339694261550903320e-01 1.068435050547122955e-02
6.158663034439086914e-01 1.144612301141023636e-02
6.028999686241149902e-01 1.199852582067251205e-02
5.984497070312500000e-01 1.218983624130487442e-02
5.799184441566467285e-01 1.299830526113510132e-02
5.691204071044921875e-01 1.348002813756465912e-02
5.524309277534484863e-01 1.424390356987714767e-02
5.446224212646484375e-01 1.461066957563161850e-02
5.202362537384033203e-01 1.580232568085193634e-02
5.135050415992736816e-01 1.614526100456714630e-02
5.008067488670349121e-01 1.681093499064445496e-02
4.829429388046264648e-01 1.779280975461006165e-02
4.701724350452423096e-01 1.853039860725402832e-02
4.607688486576080322e-01 1.909390464425086975e-02
4.499454498291015625e-01 1.976490207016468048e-02
4.368337988853454590e-01 2.061110176146030426e-02
4.299933016300201416e-01 2.106741629540920258e-02
4.196822345256805420e-01 2.177480049431324005e-02
4.114509522914886475e-01 2.235643938183784485e-02
4.072453677654266357e-01 2.265942282974720001e-02
3.976021707057952881e-01 2.336882241070270538e-02
3.881796598434448242e-01 2.408141084015369415e-02
3.775425553321838379e-01 2.490823529660701752e-02
3.668422400951385498e-01 2.576275169849395752e-02
3.546260893344879150e-01 2.676419354975223541e-02
3.518303334712982178e-01 2.699696831405162811e-02
3.403929471969604492e-01 2.796172723174095154e-02
3.345073759555816650e-01 2.846525236964225769e-02
3.258070647716522217e-01 2.921696752309799194e-02
3.143121004104614258e-01 3.022074885666370392e-02
3.038577437400817871e-01 3.114030323922634125e-02
3.006078302860260010e-01 3.142677247524261475e-02
2.947436571121215820e-01 3.194373473525047302e-02
2.854306399822235107e-01 3.276297450065612793e-02
2.814217209815979004e-01 3.311419114470481873e-02
2.780966758728027344e-01 3.340451419353485107e-02
2.679413259029388428e-01 3.428367152810096741e-02
2.567513585090637207e-01 3.523389250040054321e-02
2.493160218000411987e-01 3.585063293576240540e-02
2.367230504751205444e-01 3.686017170548439026e-02
2.271783053874969482e-01 3.758874908089637756e-02
2.240983694791793823e-01 3.781591728329658508e-02
2.143558859825134277e-01 3.850528970360755920e-02
2.044269889593124390e-01 3.915592655539512634e-02
1.982386857271194458e-01 3.953108936548233032e-02
1.886968612670898438e-01 4.005764424800872803e-02
1.815684437751770020e-01 4.040526226162910461e-02
1.756976246833801270e-01 4.065900295972824097e-02
1.684116721153259277e-01 4.092916473746299744e-02
1.656335592269897461e-01 4.101818799972534180e-02
1.561009436845779419e-01 4.125991463661193848e-02
1.466192007064819336e-01 4.139281436800956726e-02
1.387941539287567139e-01 4.141216352581977844e-02
1.308459490537643433e-01 4.133887961506843567e-02
1.129951402544975281e-01 4.077993705868721008e-02
1.014646738767623901e-01 4.007744789123535156e-02
9.732685238122940063e-02 3.974952176213264465e-02
9.289412200450897217e-02 3.934941813349723816e-02
8.876863867044448853e-02 3.892881050705909729e-02
8.311405032873153687e-02 3.827115893363952637e-02
7.715398818254470825e-02 3.746774792671203613e-02
7.040065526962280273e-02 3.640636801719665527e-02
6.073829904198646545e-02 3.456999734044075012e-02
4.873519018292427063e-02 3.166317194700241089e-02
4.212631657719612122e-02 2.970031835138797760e-02
3.347654268145561218e-02 2.664154209196567535e-02
2.631177753210067749e-02 2.357512526214122772e-02
2.385552041232585907e-02 2.238386683166027069e-02
1.975840888917446136e-02 2.019845508038997650e-02
1.554242521524429321e-02 1.762467995285987854e-02
1.272551156580448151e-02 1.565848290920257568e-02
8.904650807380676270e-03 1.251774001866579056e-02
5.172248464077711105e-03 8.448728360235691071e-03
3.137741703540086746e-03 4.986264277249574661e-03
2.550081815570592880e-03 3.224337240681052208e-03
2.442357828840613365e-03 -4.120409139432013035e-04
2.797222929075360298e-03 -1.668310724198818207e-03
3.243027254939079285e-03 -2.672645496204495430e-03
3.795478958636522293e-03 -3.607507096603512764e-03
4.447365645319223404e-03 -4.492884501814842224e-03
5.496601108461618423e-03 -5.648570135235786438e-03
8.029114454984664917e-03 -7.756824139505624771e-03
1.171661447733640671e-02 -1.002335920929908752e-02
1.537820603698492050e-02 -1.180626358836889267e-02
2.166271954774856567e-02 -1.427829917520284653e-02
2.907540090382099152e-02 -1.662582159042358398e-02
3.361304476857185364e-02 -1.785971969366073608e-02
3.589824214577674866e-02 -1.843514107167720795e-02
4.744247719645500183e-02 -2.096604369580745697e-02
5.316574871540069580e-02 -2.202968671917915344e-02
6.323590874671936035e-02 -2.365632541477680206e-02
7.153932005167007446e-02 -2.479830384254455566e-02
8.124023675918579102e-02 -2.594014443457126617e-02
9.410194307565689087e-02 -2.718412503600120544e-02
1.028221920132637024e-01 -2.787879109382629395e-02
1.081084161996841431e-01 -2.824880927801132202e-02
1.243302524089813232e-01 -2.917637117207050323e-02
1.300337165594100952e-01 -2.943713590502738953e-02
1.375355273485183716e-01 -2.973521128296852112e-02
1.521563977003097534e-01 -3.018753044307231903e-02
1.636202484369277954e-01 -3.044064901769161224e-02
1.716679930686950684e-01 -3.057300485670566559e-02
1.775963455438613892e-01 -3.064930811524391174e-02
1.845528483390808105e-01 -3.071805089712142944e-02
2.005558609962463379e-01 -3.080166690051555634e-02
2.051357179880142212e-01 -3.080880641937255859e-02
2.173437327146530151e-01 -3.079653717577457428e-02
2.271431237459182739e-01 -3.075763024389743805e-02
2.356832176446914673e-01 -3.070544637739658356e-02
2.478196918964385986e-01 -3.060596063733100891e-02
2.548450827598571777e-01 -3.053645789623260498e-02
2.592175900936126709e-01 -3.048926405608654022e-02
2.796335220336914062e-01 -3.023457340896129608e-02
2.890156507492065430e-01 -3.010147251188755035e-02
2.975035607814788818e-01 -2.997387200593948364e-02
3.032089471817016602e-01 -2.988469973206520081e-02
3.171222209930419922e-01 -2.965734526515007019e-02
3.294912278652191162e-01 -2.944525703787803650e-02
3.362466096878051758e-01 -2.932613715529441833e-02
3.411973714828491211e-01 -2.923754602670669556e-02
3.521642088890075684e-01 -2.903793565928936005e-02
3.626649379730224609e-01 -2.884309925138950348e-02
3.745493590831756592e-01 -2.861909754574298859e-02
3.828483819961547852e-01 -2.846091613173484802e-02
3.897704482078552246e-01 -2.832810021936893463e-02
4.052803218364715576e-01 -2.802831493318080902e-02
4.187346398830413818e-01 -2.776661887764930725e-02
4.303944408893585205e-01 -2.753917500376701355e-02
4.445760548114776611e-01 -2.726230770349502563e-02
4.504667520523071289e-01 -2.714734151959419250e-02
4.597602784633636475e-01 -2.696611918509006500e-02
4.654695093631744385e-01 -2.685490809381008148e-02
4.734404087066650391e-01 -2.669982053339481354e-02
4.759285151958465576e-01 -2.665145881474018097e-02
4.952073395252227783e-01 -2.627736702561378479e-02
5.053607225418090820e-01 -2.608069777488708496e-02
5.120012164115905762e-01 -2.595209702849388123e-02
5.265361070632934570e-01 -2.567026950418949127e-02
5.411533117294311523e-01 -2.538549341261386871e-02
5.585671067237854004e-01 -2.504250220954418182e-02
5.647768974304199219e-01 -2.491866983473300934e-02
5.761043429374694824e-01 -2.468994632363319397e-02
5.885195136070251465e-01 -2.443394064903259277e-02
5.998525619506835938e-01 -2.419407479465007782e-02
6.131120920181274414e-01 -2.390414476394653320e-02
6.230952143669128418e-01 -2.367797866463661194e-02
6.386802792549133301e-01 -2.330879680812358856e-02
6.422140598297119141e-01 -2.322203852236270905e-02
6.587995886802673340e-01 -2.279770001769065857e-02
6.706161499023437500e-01 -2.247635275125503540e-02
6.836202144622802734e-01 -2.210222929716110229e-02
6.904283165931701660e-01 -2.189710550010204315e-02
7.014271616935729980e-01 -2.155135013163089752e-02
7.073408365249633789e-01 -2.135774679481983185e-02
7.190614938735961914e-01 -2.095728181302547455e-02
7.284968495368957520e-01 -2.061795629560947418e-02
7.624731063842773438e-01 -1.926035061478614807e-02
7.749548554420471191e-01 -1.870451867580413818e-02
7.966507673263549805e-01 -1.766040921211242676e-02
8.169190287590026855e-01 -1.659239083528518677e-02
8.262413740158081055e-01 -1.607056520879268646e-02
8.322897553443908691e-01 -1.572170853614807129e-02
8.439003825187683105e-01 -1.502962410449981689e-02
8.525533080101013184e-01 -1.449516229331493378e-02
8.691649436950683594e-01 -1.342754438519477844e-02
8.780483007431030273e-01 -1.283684466034173965e-02
8.942466974258422852e-01 -1.173406839370727539e-02
9.117583632469177246e-01 -1.052939426153898239e-02
9.300163388252258301e-01 -9.308236651122570038e-03
9.504155516624450684e-01 -8.022620342671871185e-03
9.525255560874938965e-01 -7.890293374657630920e-03
9.562453627586364746e-01 -7.653736509382724762e-03
