9.599087238311767578e-01 -3.588393097743391991e-03
9.592901468276977539e-01 -3.635844914242625237e-03
9.531087875366210938e-01 -3.987183794379234314e-03
9.403815865516662598e-01 -4.288814496248960495e-03
9.243915677070617676e-01 -4.249694757163524628e-03
9.105387926101684570e-01 -3.999447450041770935e-03
8.915200829505920410e-01 -3.444002941250801086e-03
8.822012543678283691e-01 -3.104640636593103409e-03
8.644397258758544922e-01 -2.362100873142480850e-03
8.497977852821350098e-01 -1.670904224738478661e-03
8.234428763389587402e-01 -2.792378945741802454e-04
8.118686079978942871e-01 3.839870332740247250e-04
8.045054674148559570e-01 8.209152729250490665e-04
7.889390587806701660e-01 1.780926599167287350e-03
7.696694731712341309e-01 3.034072695299983025e-03
7.613137364387512207e-01 3.598850686103105545e-03
7.479196190834045410e-01 4.530558362603187561e-03
7.320684790611267090e-01 5.674684885889291763e-03
7.221828699111938477e-01 6.410990376025438309e-03
7.180924415588378906e-01 6.720799487084150314e-03
7.014886140823364258e-01 8.009509183466434479e-03
6.847789883613586426e-01 9.357780218124389648e-03
6.694484353065490723e-01 1.064137369394302368e-02
6.642434597015380859e-01 1.108754333108663559e-02
6.522442698478698730e-01 1.213659811764955521e-02
6.465129852294921875e-01 1.264793146401643753e-02
6.338248848915100098e-01 1.380385644733905792e-02
6.224495768547058105e-01 1.486879680305719376e-02
6.081612110137939453e-01 1.624532788991928101e-02
6.027577519416809082e-01 1.677727885544300079e-02
5.881963968276977539e-01 1.824204437434673309e-02
5.813454389572143555e-01 1.894690841436386108e-02
5.673082470893859863e-01 2.042213082313537598e-02
5.596930980682373047e-01 2.123952470719814301e-02
5.436360836029052734e-01 2.300098724663257599e-02
5.372614860534667969e-01 2.371391281485557556e-02
5.208753943443298340e-01 2.557933889329433441e-02
5.100312829017639160e-01 2.683753520250320435e-02
4.955655336380004883e-01 2.854103781282901764e-02
4.895485043525695801e-01 2.925683185458183289e-02
4.704484641551971436e-01 3.154998645186424255e-02
4.662424027919769287e-01 3.205812722444534302e-02
4.556570649147033691e-01 3.333964571356773376e-02
4.427380561828613281e-01 3.490499407052993774e-02
4.313666522502899170e-01 3.627930581569671631e-02
4.260042607784271240e-01 3.692487999796867371e-02
4.153081178665161133e-01 3.820521384477615356e-02
4.090183377265930176e-01 3.895224630832672119e-02
4.050409197807312012e-01 3.942188993096351624e-02
3.931911587715148926e-01 4.080618545413017273e-02
3.854643106460571289e-01 4.169474542140960693e-02
3.796689808368682861e-01 4.235272482037544250e-02
3.694348037242889404e-01 4.349451139569282532e-02
3.518522679805755615e-01 4.538618400692939758e-02
3.423187434673309326e-01 4.636894538998603821e-02
3.297280073165893555e-01 4.761371761560440063e-02
3.135973215103149414e-01 4.910889640450477600e-02
3.073030412197113037e-01 4.965883120894432068e-02
2.924625575542449951e-01 5.087365210056304932e-02
2.786601781845092773e-01 5.189129337668418884e-02
2.683827877044677734e-01 5.257244035601615906e-02
2.591585516929626465e-01 5.312408879399299622e-02
2.464855462312698364e-01 5.378361418843269348e-02
2.308961004018783569e-01 5.442674830555915833e-02
2.190047800540924072e-01 5.478242784738540649e-02
2.112464904785156250e-01 5.494711920619010925e-02
2.075964212417602539e-01 5.500533431768417358e-02
2.041084021329879761e-01 5.504912510514259338e-02
1.926648467779159546e-01 5.510819703340530396e-02
1.840482354164123535e-01 5.506282299757003784e-02
1.775785982608795166e-01 5.497504025697708130e-02
1.635304391384124756e-01 5.461496487259864807e-02
1.562074720859527588e-01 5.432887002825737000e-02
1.487797647714614868e-01 5.396461114287376404e-02
1.381078511476516724e-01 5.330114811658859253e-02
1.274256408214569092e-01 5.245680734515190125e-02
1.249529421329498291e-01 5.223366990685462952e-02
1.171165332198143005e-01 5.145251378417015076e-02
1.041084006428718567e-01 4.988487064838409424e-02
1.008021309971809387e-01 4.942702129483222961e-02
9.240816533565521240e-02 4.814413189888000488e-02
8.374632149934768677e-02 4.661986976861953735e-02
7.051724195480346680e-02 4.382747039198875427e-02
6.757741421461105347e-02 4.311819002032279968e-02
5.292613804340362549e-02 3.898112848401069641e-02
4.660511761903762817e-02 3.681512922048568726e-02
3.995836526155471802e-02 3.421106562018394470e-02
3.051668964326381683e-02 2.974077314138412476e-02
2.592207305133342743e-02 2.710861526429653168e-02
1.860729232430458069e-02 2.193089015781879425e-02
1.544524636119604111e-02 1.908850111067295074e-02
1.247968990355730057e-02 1.581422984600067139e-02
1.008543372154235840e-02 1.234071329236030579e-02
7.761631626635789871e-03 6.446384824812412262e-03
7.450730539858341217e-03 3.245041938498616219e-03
7.526871282607316971e-03 1.966164447367191315e-03
7.760823238641023636e-03 5.098910187371075153e-04
8.226601406931877136e-03 -1.145718153566122055e-03
1.005709916353225708e-02 -4.778133705258369446e-03
1.085136923938989639e-02 -5.880906712263822556e-03
1.253450848162174225e-02 -7.812301162630319595e-03
1.643842831254005432e-02 -1.118194870650768280e-02
1.805819198489189148e-02 -1.232040859758853912e-02
2.437393926084041595e-02 -1.597046293318271637e-02
3.000249154865741730e-02 -1.857279613614082336e-02
3.660059720277786255e-02 -2.115765959024429321e-02
4.525288566946983337e-02 -2.404491603374481201e-02
5.223625898361206055e-02 -2.608050778508186340e-02
6.124480068683624268e-02 -2.841644361615180969e-02
7.050223648548126221e-02 -3.054703772068023682e-02
8.335391432046890259e-02 -3.314159810543060303e-02
9.823250770568847656e-02 -3.571438789367675781e-02
1.117201671004295349e-01 -3.771218657493591309e-02
1.208272352814674377e-01 -3.890400007367134094e-02
1.268556118011474609e-01 -3.962940350174903870e-02
1.331828981637954712e-01 -4.033979028463363647e-02
1.503054648637771606e-01 -4.202196747064590454e-02
1.583935022354125977e-01 -4.270521178841590881e-02
1.666909903287887573e-01 -4.333881661295890808e-02
1.770637482404708862e-01 -4.404218122363090515e-02
1.942062079906463623e-01 -4.501013085246086121e-02
2.055861055850982666e-01 -4.553361609578132629e-02
2.155158668756484985e-01 -4.592138528823852539e-02
2.215314656496047974e-01 -4.612750187516212463e-02
2.372524887323379517e-01 -4.657306149601936340e-02
2.459130287170410156e-01 -4.676602035760879517e-02
2.585668563842773438e-01 -4.698797687888145447e-02
2.694796621799468994e-01 -4.712734743952751160e-02
2.858962714672088623e-01 -4.725598543882369995e-02
2.926787137985229492e-01 -4.728330671787261963e-02
2.984649837017059326e-01 -4.729556292295455933e-02
3.083254098892211914e-01 -4.729435592889785767e-02
3.200154006481170654e-01 -4.725924134254455566e-02
3.252079784870147705e-01 -4.723267257213592529e-02
3.403174579143524170e-01 -4.711977392435073853e-02
3.441648185253143311e-01 -4.708302021026611328e-02
3.588019013404846191e-01 -4.691564291715621948e-02
3.692550361156463623e-01 -4.677099734544754028e-02
3.823832273483276367e-01 -4.656197503209114075e-02
3.926352262496948242e-01 -4.637898504734039307e-02
3.996640145778656006e-01 -4.624409973621368408e-02
4.104139208793640137e-01 -4.602380469441413879e-02
4.170562624931335449e-01 -4.587959125638008118e-02
4.313186705112457275e-01 -4.555036872625350952e-02
4.429825246334075928e-01 -4.526245594024658203e-02
4.618436694145202637e-01 -4.476419091224670410e-02
4.752759635448455811e-01 -4.438658803701400757e-02
4.847389757633209229e-01 -4.410994052886962891e-02
4.978876709938049316e-01 -4.371164739131927490e-02
5.060991644859313965e-01 -4.345495998859405518e-02
5.113859176635742188e-01 -4.328652098774909973e-02
5.228903889656066895e-01 -4.291139170527458191e-02
5.289018750190734863e-01 -4.271069541573524475e-02
5.396493077278137207e-01 -4.234370589256286621e-02
5.551697611808776855e-01 -4.179448261857032776e-02
5.657777786254882812e-01 -4.140511527657508850e-02
5.804398655891418457e-01 -4.084642976522445679e-02
5.923379659652709961e-01 -4.037372022867202759e-02
6.020166277885437012e-01 -3.997500240802764893e-02
6.184864640235900879e-01 -3.926384449005126953e-02
6.309048533439636230e-01 -3.869716450572013855e-02
6.375033855438232422e-01 -3.838432580232620239e-02
6.476147174835205078e-01 -3.788787871599197388e-02
6.545441150665283203e-01 -3.753504157066345215e-02
6.652584671974182129e-01 -3.696792200207710266e-02
6.697965860366821289e-01 -3.671945258975028992e-02
6.836612820625305176e-01 -3.592799976468086243e-02
7.024175524711608887e-01 -3.477458655834197998e-02
7.104825377464294434e-01 -3.424747288227081299e-02
7.215635180473327637e-01 -3.349109366536140442e-02
7.367386221885681152e-01 -3.239250183105468750e-02
7.438063621520996094e-01 -3.185526281595230103e-02
7.544717192649841309e-01 -3.101295791566371918e-02
7.618063688278198242e-01 -3.041126579046249390e-02
7.677963376045227051e-01 -2.990614064037799835e-02
7.745042443275451660e-01 -2.932567894458770752e-02
7.944266796112060547e-01 -2.750866860151290894e-02
8.053215742111206055e-01 -2.645587734878063202e-02
8.203561305999755859e-01 -2.493491955101490021e-02
8.300652503967285156e-01 -2.391151152551174164e-02
8.362946510314941406e-01 -2.323834598064422607e-02
8.424891829490661621e-01 -2.255649305880069733e-02
8.601852655410766602e-01 -2.054453268647193909e-02
8.684797286987304688e-01 -1.957201398909091949e-02
8.815217614173889160e-01 -1.801221817731857300e-02
8.891144990921020508e-01 -1.709133386611938477e-02
9.090139865875244141e-01 -1.466435566544532776e-02
9.227740168571472168e-01 -1.301096845418214798e-02
9.373382925987243652e-01 -1.131703332066535950e-02
9.512155055999755859e-01 -9.729891084134578705e-03
9.538755416870117188e-01 -9.418400004506111145e-03
9.597803354263305664e-01 -8.703898638486862183e-03
