9.593320488929748535e-01 -8.209875784814357758e-03
9.588094949722290039e-01 -8.222532458603382111e-03
9.551644325256347656e-01 -8.281891234219074249e-03
9.486856460571289062e-01 -8.295885287225246429e-03
9.290570616722106934e-01 -7.952462881803512573e-03
9.208806157112121582e-01 -7.711774203926324844e-03
9.099965691566467285e-01 -7.337565999478101730e-03
9.068558216094970703e-01 -7.220563013106584549e-03
8.936308026313781738e-01 -6.693812552839517593e-03
8.813089728355407715e-01 -6.164461839944124222e-03
8.705792427062988281e-01 -5.681421142071485519e-03
8.604885935783386230e-01 -5.213014315813779831e-03
8.478339910507202148e-01 -4.611127078533172607e-03
8.325334787368774414e-01 -3.868333064019680023e-03
8.094219565391540527e-01 -2.728520892560482025e-03
8.020172119140625000e-01 -2.361186314374208450e-03
7.921844720840454102e-01 -1.873009023256599903e-03
7.787238955497741699e-01 -1.205413020215928555e-03
7.678260803222656250e-01 -6.665803375653922558e-04
7.600966095924377441e-01 -2.857612853404134512e-04
7.525652647018432617e-01 8.400406659347936511e-05
7.383722662925720215e-01 7.767933420836925507e-04
7.232218384742736816e-01 1.509931986220180988e-03
7.214838862419128418e-01 1.593595603480935097e-03
7.081576585769653320e-01 2.232104539871215820e-03
6.998033523559570312e-01 2.629812108352780342e-03
6.863698363304138184e-01 3.265559207648038864e-03
6.746928095817565918e-01 3.815077943727374077e-03
6.540988087654113770e-01 4.780144896358251572e-03
6.467910408973693848e-01 5.122371949255466461e-03
6.371291279792785645e-01 5.575610790401697159e-03
6.241851449012756348e-01 6.185773294419050217e-03
6.077927947044372559e-01 6.967144086956977844e-03
6.000999808311462402e-01 7.338710129261016846e-03
5.781458020210266113e-01 8.423371240496635437e-03
5.686896443367004395e-01 8.904537186026573181e-03
5.589385032653808594e-01 9.411370381712913513e-03
5.482888221740722656e-01 9.978783316910266876e-03
5.327201485633850098e-01 1.083737239241600037e-02
5.274252295494079590e-01 1.113788224756717682e-02
5.138443112373352051e-01 1.192953996360301971e-02
5.050932168960571289e-01 1.245609577745199203e-02
4.954037070274353027e-01 1.305441744625568390e-02
4.852300882339477539e-01 1.369986496865749359e-02
4.753597676753997803e-01 1.434257812798023224e-02
4.718946218490600586e-01 1.457195263355970383e-02
4.507274031639099121e-01 1.601200737059116364e-02
4.366453886032104492e-01 1.700241863727569580e-02
4.248766303062438965e-01 1.784548535943031311e-02
4.178286194801330566e-01 1.835539750754833221e-02
4.021511077880859375e-01 1.949790120124816895e-02
3.998919129371643066e-01 1.966300420463085175e-02
3.813582658767700195e-01 2.101484499871730804e-02
3.711907267570495605e-01 2.174978516995906830e-02
3.609888553619384766e-01 2.247807942330837250e-02
3.473432064056396484e-01 2.343180216848850250e-02
3.333135247230529785e-01 2.437984012067317963e-02
3.216054737567901611e-01 2.513924986124038696e-02
3.093431591987609863e-01 2.589763887226581573e-02
3.041510879993438721e-01 2.620596997439861298e-02
2.955647110939025879e-01 2.669756487011909485e-02
2.864401042461395264e-01 2.719317935407161713e-02
2.702938616275787354e-01 2.799577265977859497e-02
2.593580782413482666e-01 2.848031185567378998e-02
2.531716823577880859e-01 2.873166836798191071e-02
2.437126040458679199e-01 2.908244729042053223e-02
2.325143218040466309e-01 2.944253571331501007e-02
2.307855486869812012e-01 2.949256636202335358e-02
2.219674885272979736e-01 2.972374297678470612e-02
2.142247557640075684e-01 2.989251725375652313e-02
1.935504227876663208e-01 3.017614968121051788e-02
1.780728548765182495e-01 3.021696582436561584e-02
1.747958362102508545e-01 3.020543977618217468e-02
1.669788807630538940e-01 3.014805354177951813e-02
1.542195379734039307e-01 2.995967119932174683e-02
1.453519314527511597e-01 2.975527942180633545e-02
1.357466429471969604e-01 2.946109138429164886e-02
1.212623193860054016e-01 2.886237762868404388e-02
1.137110218405723572e-01 2.846974879503250122e-02
1.025965735316276550e-01 2.778104878962039948e-02
9.023326635360717773e-02 2.684252522885799408e-02
8.357305824756622314e-02 2.625246532261371613e-02
7.291842252016067505e-02 2.516845986247062683e-02
5.997742339968681335e-02 2.358062192797660828e-02
4.960466921329498291e-02 2.204388007521629333e-02
3.935712575912475586e-02 2.022968977689743042e-02
3.144071996212005615e-02 1.856580935418605804e-02
1.976459473371505737e-02 1.550790481269359589e-02
1.350000873208045959e-02 1.340911164879798889e-02
6.423673592507839203e-03 1.031955238431692123e-02
3.802597522735595703e-03 8.811554871499538422e-03
1.326283556409180164e-03 6.997711490839719772e-03
4.503289237618446350e-04 6.184715777635574341e-03
-1.085845637135207653e-03 4.198562819510698318e-03
-1.747095026075839996e-03 2.282375004142522812e-03
-1.727823866531252861e-03 1.015141489915549755e-03
-1.463547116145491600e-03 6.004713213769719005e-05
-1.294722082093358040e-03 -3.243323008064180613e-04
-8.606383344158530235e-04 -1.072167651727795601e-03
1.291092194151133299e-04 -2.263517584651708603e-03
1.214521238580346107e-03 -3.230437170714139938e-03
2.313958015292882919e-03 -4.030763637274503708e-03
4.550707060843706131e-03 -5.352205131202936172e-03
8.564107120037078857e-03 -7.174791768193244934e-03
1.235587429255247116e-02 -8.544969372451305389e-03
2.047000080347061157e-02 -1.086342334747314453e-02
3.015942312777042389e-02 -1.300992071628570557e-02
4.757219925522804260e-02 -1.594050414860248566e-02
5.360540002584457397e-02 -1.677121035754680634e-02
6.928750127553939819e-02 -1.861275732517242432e-02
8.394396305084228516e-02 -2.000359632074832916e-02
9.716782718896865845e-02 -2.104185149073600769e-02
1.051080226898193359e-01 -2.158238925039768219e-02
1.218886002898216248e-01 -2.255363203585147858e-02
1.267755925655364990e-01 -2.279859595000743866e-02
1.377491950988769531e-01 -2.329570986330509186e-02
1.467810422182083130e-01 -2.365640737116336823e-02
1.572415083646774292e-01 -2.402755431830883026e-02
1.685278117656707764e-01 -2.438051253557205200e-02
1.868036538362503052e-01 -2.486819773912429810e-02
1.950918287038803101e-01 -2.506182342767715454e-02
2.044405043125152588e-01 -2.526348270475864410e-02
2.141571491956710815e-01 -2.545696869492530823e-02
2.180301547050476074e-01 -2.553007937967777252e-02
2.247541695833206177e-01 -2.565214037895202637e-02
2.363382726907730103e-01 -2.584955096244812012e-02
2.473459094762802124e-01 -2.602412551641464233e-02
2.623955011367797852e-01 -2.624557912349700928e-02
2.762522399425506592e-01 -2.643445134162902832e-02
2.859251201152801514e-01 -2.655876241624355316e-02
2.918083071708679199e-01 -2.663154713809490204e-02
2.980179190635681152e-01 -2.670613676309585571e-02
3.132076561450958252e-01 -2.687922120094299316e-02
3.230561912059783936e-01 -2.698444202542304993e-02
3.356938660144805908e-01 -2.711132168769836426e-02
3.407869040966033936e-01 -2.715981565415859222e-02
3.543234169483184814e-01 -2.728105708956718445e-02
3.634889423847198486e-01 -2.735657244920730591e-02
3.792282342910766602e-01 -2.747305296361446381e-02
3.949010372161865234e-01 -2.757114917039871216e-02
4.041604399681091309e-01 -2.762002497911453247e-02
4.176903963088989258e-01 -2.767839655280113220e-02
4.268272221088409424e-01 -2.770847827196121216e-02
4.458439946174621582e-01 -2.774508856236934662e-02
4.533644318580627441e-01 -2.774924784898757935e-02
4.587560296058654785e-01 -2.774843387305736542e-02
4.811375439167022705e-01 -2.770937979221343994e-02
4.906415641307830811e-01 -2.767449989914894104e-02
5.017232894897460938e-01 -2.761934325098991394e-02
5.136934518814086914e-01 -2.754167653620243073e-02
5.276369452476501465e-01 -2.742683514952659607e-02
5.351952910423278809e-01 -2.735338918864727020e-02
5.490697026252746582e-01 -2.719782106578350067e-02
5.634450912475585938e-01 -2.700817957520484924e-02
5.739700198173522949e-01 -2.685101702809333801e-02
5.861241221427917480e-01 -2.665052190423011780e-02
5.910277366638183594e-01 -2.656395733356475830e-02
6.052737236022949219e-01 -2.629433758556842804e-02
6.154451370239257812e-01 -2.608579397201538086e-02
6.357061266899108887e-01 -2.563253603875637054e-02
6.416733860969543457e-01 -2.548988163471221924e-02
6.477101445198059082e-01 -2.534151263535022736e-02
6.616663932800292969e-01 -2.498349547386169434e-02
6.755571961402893066e-01 -2.460737526416778564e-02
6.850171685218811035e-01 -2.434056438505649567e-02
6.955851316452026367e-01 -2.403277717530727386e-02
7.245644927024841309e-01 -2.313933148980140686e-02
7.351963520050048828e-01 -2.279441244900226593e-02
7.440876364707946777e-01 -2.249920740723609924e-02
7.531620860099792480e-01 -2.219173684716224670e-02
7.640020847320556641e-01 -2.181641943752765656e-02
7.768850922584533691e-01 -2.135923877358436584e-02
7.903701663017272949e-01 -2.086804434657096863e-02
7.965887784957885742e-01 -2.063726633787155151e-02
8.078399896621704102e-01 -2.021306380629539490e-02
8.147200345993041992e-01 -1.994951628148555756e-02
8.289867043495178223e-01 -1.939333602786064148e-02
8.404446840286254883e-01 -1.893762499094009399e-02
8.481843471527099609e-01 -1.862550154328346252e-02
8.526586294174194336e-01 -1.844356209039688110e-02
8.572164773941040039e-01 -1.825712621212005615e-02
8.609208464622497559e-01 -1.810482144355773926e-02
8.751652836799621582e-01 -1.751278340816497803e-02
8.824207186698913574e-01 -1.720742136240005493e-02
8.908995985984802246e-01 -1.684707216918468475e-02
8.975828289985656738e-01 -1.655987277626991272e-02
9.054631590843200684e-01 -1.621636934578418732e-02
9.162786006927490234e-01 -1.573108322918415070e-02
9.260078072547912598e-01 -1.526934374123811722e-02
9.489779472351074219e-01 -1.393664442002773285e-02
9.504653215408325195e-01 -1.383004989475011826e-02
9.567672014236450195e-01 -1.333974488079547882e-02
