9.685819745063781738e-01 -6.691987626254558563e-03
9.681460261344909668e-01 -6.687362678349018097e-03
9.661512970924377441e-01 -6.651945412158966064e-03
9.574236273765563965e-01 -6.302945781499147415e-03
9.480329751968383789e-01 -5.709684919565916061e-03
9.425686001777648926e-01 -5.297518335282802582e-03
9.297022223472595215e-01 -4.190468229353427887e-03
9.247440099716186523e-01 -3.723383415490388870e-03
9.170008301734924316e-01 -2.957385266199707985e-03
9.095182418823242188e-01 -2.180267823860049248e-03
8.968706727027893066e-01 -7.962625240907073021e-04
8.918387889862060547e-01 -2.238456509076058865e-04
8.868393898010253906e-01 3.560445329640060663e-04
8.764013051986694336e-01 1.600045943632721901e-03
8.662649989128112793e-01 2.847882919013500214e-03
8.630147576332092285e-01 3.255771007388830185e-03
8.404616117477416992e-01 6.181724369525909424e-03
8.245860338211059570e-01 8.334438316524028778e-03
8.198576569557189941e-01 8.989524096250534058e-03
8.099760413169860840e-01 1.037856005132198334e-02
7.735754847526550293e-01 1.571921259164810181e-02
7.599881887435913086e-01 1.779994554817676544e-02
7.540110945701599121e-01 1.872993074357509613e-02
7.499393224716186523e-01 1.936857961118221283e-02
7.338023185729980469e-01 2.194004133343696594e-02
7.255250215530395508e-01 2.328378893435001373e-02
7.073135375976562500e-01 2.629853785037994385e-02
7.026724219322204590e-01 2.707950398325920105e-02
6.961281895637512207e-01 2.818924747407436371e-02
6.857706308364868164e-01 2.996584400534629822e-02
6.697221994400024414e-01 3.276594728231430054e-02
6.595565080642700195e-01 3.456816077232360840e-02
6.467594504356384277e-01 3.686639666557312012e-02
6.265228390693664551e-01 4.056158289313316345e-02
6.132301092147827148e-01 4.302403330802917480e-02
6.105000376701354980e-01 4.353269189596176147e-02
5.980713367462158203e-01 4.585925489664077759e-02
5.887079238891601562e-01 4.762180522084236145e-02
5.799530148506164551e-01 4.927532747387886047e-02
5.722330212593078613e-01 5.073634907603263855e-02
5.671401023864746094e-01 5.170100554823875427e-02
5.498550534248352051e-01 5.497414991259574890e-02
5.380908250808715820e-01 5.719466879963874817e-02
5.250134468078613281e-01 5.964834988117218018e-02
5.096083283424377441e-01 6.250818818807601929e-02
5.068486928939819336e-01 6.301599740982055664e-02
4.902157485485076904e-01 6.604029238224029541e-02
4.819878041744232178e-01 6.750939041376113892e-02
4.588771462440490723e-01 7.151543349027633667e-02
4.523156285285949707e-01 7.261499762535095215e-02
4.424270987510681152e-01 7.423558831214904785e-02
4.355032742023468018e-01 7.534202933311462402e-02
4.300386905670166016e-01 7.619760930538177490e-02
4.239943027496337891e-01 7.712481170892715454e-02
4.060392677783966064e-01 7.974980771541595459e-02
4.039520025253295898e-01 8.004146814346313477e-02
3.816632926464080811e-01 8.296170830726623535e-02
3.716516196727752686e-01 8.414796739816665649e-02
3.645426332950592041e-01 8.493880182504653931e-02
3.486697971820831299e-01 8.653958141803741455e-02
3.406319916248321533e-01 8.725793659687042236e-02
3.324429988861083984e-01 8.792212605476379395e-02
3.279235661029815674e-01 8.825834840536117554e-02
3.177576363086700439e-01 8.893274515867233276e-02
3.112265467643737793e-01 8.930405974388122559e-02
2.971147000789642334e-01 8.993274718523025513e-02
2.850923240184783936e-01 9.027175605297088623e-02
2.648341655731201172e-01 9.040626138448715210e-02
2.397775202989578247e-01 8.975486457347869873e-02
2.356662452220916748e-01 8.955614268779754639e-02
2.323114722967147827e-01 8.937405049800872803e-02
2.158202081918716431e-01 8.821076154708862305e-02
2.107494175434112549e-01 8.776081353425979614e-02
1.988934427499771118e-01 8.653261512517929077e-02
1.855581700801849365e-01 8.484549820423126221e-02
1.676524132490158081e-01 8.204331994056701660e-02
1.565607488155364990e-01 7.998161017894744873e-02
1.492411643266677856e-01 7.847753912210464478e-02
1.356265097856521606e-01 7.536168396472930908e-02
1.261461228132247925e-01 7.293529063463211060e-02
1.182923018932342529e-01 7.075674831867218018e-02
1.049629077315330505e-01 6.668828427791595459e-02
8.536434173583984375e-02 5.977520346641540527e-02
7.265269756317138672e-02 5.461933836340904236e-02
6.738352775573730469e-02 5.230639874935150146e-02
5.326102301478385925e-02 4.552280157804489136e-02
4.293531179428100586e-02 3.992534056305885315e-02
4.077156633138656616e-02 3.867040202021598816e-02
3.403196111321449280e-02 3.454465791583061218e-02
2.975008450448513031e-02 3.172494843602180481e-02
2.596903033554553986e-02 2.907794341444969177e-02
2.147937007248401642e-02 2.569619938731193542e-02
1.152459532022476196e-02 1.668133400380611420e-02
1.005078013986349106e-02 1.502190809696912766e-02
6.666991394013166428e-03 1.041890960186719894e-02
5.433745682239532471e-03 8.141751401126384735e-03
4.508791491389274597e-03 5.737484898418188095e-03
4.040372557938098907e-03 3.385390387848019600e-03
3.996066749095916748e-03 2.043019747361540794e-03
4.230517894029617310e-03 2.340141945751383901e-04
4.750098101794719696e-03 -1.349754515103995800e-03
5.166544113308191299e-03 -2.202884526923298836e-03
7.153082638978958130e-03 -4.838970489799976349e-03
1.191260106861591339e-02 -8.395120501518249512e-03
1.810870133340358734e-02 -1.128084305673837662e-02
2.014523930847644806e-02 -1.202999148517847061e-02
2.511841058731079102e-02 -1.360896974802017212e-02
2.742219343781471252e-02 -1.424891036003828049e-02
5.092648416757583618e-02 -1.900884136557579041e-02
6.468409299850463867e-02 -2.100026421248912811e-02
7.311662286520004272e-02 -2.206750400364398956e-02
1.109076291322708130e-01 -2.603618428111076355e-02
1.278033554553985596e-01 -2.755131013691425323e-02
1.537688523530960083e-01 -2.969957329332828522e-02
1.643053740262985229e-01 -3.052408434450626373e-02
1.930691748857498169e-01 -3.266677632927894592e-02
2.082153111696243286e-01 -3.373958915472030640e-02
2.266464084386825562e-01 -3.499795123934745789e-02
2.439690828323364258e-01 -3.613445162773132324e-02
2.623981535434722900e-01 -3.729372844099998474e-02
2.727632522583007812e-01 -3.792238980531692505e-02
2.762194573879241943e-01 -3.812816366553306580e-02
2.807573676109313965e-01 -3.839533776044845581e-02
2.909710407257080078e-01 -3.898397088050842285e-02
3.058669269084930420e-01 -3.980964422225952148e-02
3.097769320011138916e-01 -4.001965746283531189e-02
3.181500136852264404e-01 -4.045963659882545471e-02
3.258813917636871338e-01 -4.085375368595123291e-02
3.371125757694244385e-01 -4.140466079115867615e-02
3.449630737304687500e-01 -4.177393764257431030e-02
3.557514548301696777e-01 -4.225927963852882385e-02
3.593065738677978516e-01 -4.241343215107917786e-02
3.701250851154327393e-01 -4.286428913474082947e-02
3.760769069194793701e-01 -4.310030117630958557e-02
3.836590051651000977e-01 -4.338820651173591614e-02
3.908383548259735107e-01 -4.364731162786483765e-02
4.067355692386627197e-01 -4.417264088988304138e-02
4.339775145053863525e-01 -4.490954428911209106e-02
4.411086738109588623e-01 -4.506684467196464539e-02
4.491290450096130371e-01 -4.522560164332389832e-02
4.612822234630584717e-01 -4.542890563607215881e-02
4.746237099170684814e-01 -4.559973999857902527e-02
4.914996325969696045e-01 -4.573665931820869446e-02
4.935643076896667480e-01 -4.574733972549438477e-02
5.172141790390014648e-01 -4.577610641717910767e-02
5.243455767631530762e-01 -4.575156047940254211e-02
5.315437316894531250e-01 -4.571159183979034424e-02
5.506595373153686523e-01 -4.553387314081192017e-02
5.660030841827392578e-01 -4.532006755471229553e-02
5.708959102630615234e-01 -4.523940011858940125e-02
5.798668861389160156e-01 -4.507668688893318176e-02
5.910663604736328125e-01 -4.484811797738075256e-02
5.957157611846923828e-01 -4.474540054798126221e-02
5.968054533004760742e-01 -4.472069814801216125e-02
6.088531613349914551e-01 -4.443222284317016602e-02
6.249012947082519531e-01 -4.400770366191864014e-02
6.343806982040405273e-01 -4.373760148882865906e-02
6.448091864585876465e-01 -4.342549666762351990e-02
6.578756570816040039e-01 -4.301410168409347534e-02
6.615831255912780762e-01 -4.289349168539047241e-02
6.693741083145141602e-01 -4.263469204306602478e-02
6.809279322624206543e-01 -4.223774746060371399e-02
6.928704977035522461e-01 -4.181105270981788635e-02
6.937351822853088379e-01 -4.177950695157051086e-02
7.197654247283935547e-01 -4.078472778201103210e-02
7.283563017845153809e-01 -4.043528065085411072e-02
7.373097538948059082e-01 -4.005814716219902039e-02
7.454590797424316406e-01 -3.970212489366531372e-02
7.500170469284057617e-01 -3.949720412492752075e-02
7.540939450263977051e-01 -3.931011632084846497e-02
7.845211029052734375e-01 -3.777971491217613220e-02
7.886191606521606445e-01 -3.755224868655204773e-02
7.970631718635559082e-01 -3.706442192196846008e-02
7.991866469383239746e-01 -3.693743795156478882e-02
8.093402981758117676e-01 -3.630407154560089111e-02
8.129932284355163574e-01 -3.606489300727844238e-02
8.306478857994079590e-01 -3.481245040893554688e-02
8.373810052871704102e-01 -3.428728878498077393e-02
8.549165129661560059e-01 -3.277179971337318420e-02
8.635680079460144043e-01 -3.193277120590209961e-02
8.798137307167053223e-01 -3.015761636197566986e-02
8.827001452445983887e-01 -2.981087379157543182e-02
8.923696279525756836e-01 -2.856884151697158813e-02
8.967747688293457031e-01 -2.795772254467010498e-02
9.095398783683776855e-01 -2.599817328155040741e-02
9.156426191329956055e-01 -2.494585327804088593e-02
9.285686612129211426e-01 -2.240811474621295929e-02
9.469504356384277344e-01 -1.783468574285507202e-02
9.580084681510925293e-01 -1.436292286962270737e-02
9.640012383460998535e-01 -1.224398240447044373e-02
9.653428792953491211e-01 -1.175099890679121017e-02
9.661693572998046875e-01 -1.144459098577499390e-02
