9.728715419769287109e-01 -5.233607254922389984e-03
9.726759195327758789e-01 -5.204844754189252853e-03
9.712851047515869141e-01 -4.988029133528470993e-03
9.682509899139404297e-01 -4.457130096852779388e-03
9.340055584907531738e-01 3.274003509432077408e-03
9.223658442497253418e-01 6.094758398830890656e-03
9.154711365699768066e-01 7.770229130983352661e-03
9.134181141853332520e-01 8.268957026302814484e-03
9.030361175537109375e-01 1.078562438488006592e-02
8.934437036514282227e-01 1.309795491397380829e-02
8.865445852279663086e-01 1.475061662495136261e-02
8.763254284858703613e-01 1.717954687774181366e-02
8.490738272666931152e-01 2.352523803710937500e-02
8.433078527450561523e-01 2.484089136123657227e-02
8.358802795410156250e-01 2.652087807655334473e-02
8.327621817588806152e-01 2.722112275660037994e-02
8.215312361717224121e-01 2.971803955733776093e-02
8.186770677566528320e-01 3.034622222185134888e-02
8.045931458473205566e-01 3.340754657983779907e-02
7.973045706748962402e-01 3.496646881103515625e-02
7.836327552795410156e-01 3.784326091408729553e-02
7.641956210136413574e-01 4.182588309049606323e-02
7.564134001731872559e-01 4.338486492633819580e-02
7.527203559875488281e-01 4.411755129694938660e-02
7.292622327804565430e-01 4.866349697113037109e-02
7.223278880119323730e-01 4.997147247195243835e-02
7.112899422645568848e-01 5.201937630772590637e-02
7.054121494293212891e-01 5.309276282787322998e-02
6.945266127586364746e-01 5.504876002669334412e-02
6.857907772064208984e-01 5.658823624253273010e-02
6.756224632263183594e-01 5.834564566612243652e-02
6.662925481796264648e-01 5.992467701435089111e-02
6.571890711784362793e-01 6.143379956483840942e-02
6.513804197311401367e-01 6.237999722361564636e-02
6.377294659614562988e-01 6.455057114362716675e-02
6.303032636642456055e-01 6.569896638393402100e-02
6.230570077896118164e-01 6.679664552211761475e-02
6.207565665245056152e-01 6.714026629924774170e-02
6.123366951942443848e-01 6.837749481201171875e-02
6.069473624229431152e-01 6.915210932493209839e-02
5.950025916099548340e-01 7.081881910562515259e-02
5.862744450569152832e-01 7.199116051197052002e-02
5.813901424407958984e-01 7.262978702783584595e-02
5.711916685104370117e-01 7.392129302024841309e-02
5.504186749458312988e-01 7.636727392673492432e-02
5.436899065971374512e-01 7.710359990596771240e-02
5.332142114639282227e-01 7.819267362356185913e-02
5.133922696113586426e-01 8.005452901124954224e-02
5.012860894203186035e-01 8.105789124965667725e-02
4.937980473041534424e-01 8.162594586610794067e-02
4.848047792911529541e-01 8.225379884243011475e-02
4.800111353397369385e-01 8.256391435861587524e-02
4.739205241203308105e-01 8.293292671442031860e-02
4.689543247222900391e-01 8.321294933557510376e-02
4.609519541263580322e-01 8.362428843975067139e-02
4.580605030059814453e-01 8.376070857048034668e-02
4.481616020202636719e-01 8.417832851409912109e-02
4.353173673152923584e-01 8.460494875907897949e-02
4.290031790733337402e-01 8.476648479700088501e-02
4.208358824253082275e-01 8.492791652679443359e-02
4.184976816177368164e-01 8.496423810720443726e-02
3.921358287334442139e-01 8.506684750318527222e-02
3.860802352428436279e-01 8.501038700342178345e-02
3.745910823345184326e-01 8.482071757316589355e-02
3.726981878280639648e-01 8.477905392646789551e-02
3.638629615306854248e-01 8.454582840204238892e-02
3.343338668346405029e-01 8.330044895410537720e-02
3.191443085670471191e-01 8.238010108470916748e-02
3.177828788757324219e-01 8.228833973407745361e-02
3.068240284919738770e-01 8.149375766515731812e-02
2.960107624530792236e-01 8.061238378286361694e-02
2.713586986064910889e-01 7.823982834815979004e-02
2.668890655040740967e-01 7.775525003671646118e-02
2.511590421199798584e-01 7.591604441404342651e-02
2.464969754219055176e-01 7.533055543899536133e-02
2.380628585815429688e-01 7.422409206628799438e-02
2.259231805801391602e-01 7.252339273691177368e-02
1.932221502065658569e-01 6.728959828615188599e-02
1.859393119812011719e-01 6.598959863185882568e-02
1.773787289857864380e-01 6.439618766307830811e-02
1.634040027856826782e-01 6.163816154003143311e-02
1.560259163379669189e-01 6.010042503476142883e-02
1.175620108842849731e-01 5.107097700238227844e-02
7.548147439956665039e-02 3.874109685420989990e-02
7.011548429727554321e-02 3.691973909735679626e-02
6.491531431674957275e-02 3.508562594652175903e-02
4.894148185849189758e-02 2.894507162272930145e-02
4.381770268082618713e-02 2.677815221250057220e-02
3.506906703114509583e-02 2.278945222496986389e-02
3.192213922739028931e-02 2.124758064746856689e-02
2.812705002725124359e-02 1.929658092558383942e-02
2.369683608412742615e-02 1.686894148588180542e-02
1.640771143138408661e-02 1.240597106516361237e-02
1.349001284688711166e-02 1.039140392094850540e-02
6.167241837829351425e-03 4.285611212253570557e-03
4.462434910237789154e-03 2.461422467604279518e-03
3.351227380335330963e-03 1.101886038668453693e-03
5.763433291576802731e-04 -3.848833730444312096e-03
4.403501225169748068e-04 -4.269541241228580475e-03
3.537485827109776437e-05 -6.186749320477247238e-03
3.716638093465007842e-05 -8.506661280989646912e-03
8.483093115501105785e-04 -1.143703050911426544e-02
4.871177021414041519e-03 -1.693384535610675812e-02
7.316520903259515762e-03 -1.908385008573532104e-02
1.100778114050626755e-02 -2.175732515752315521e-02
1.909860596060752869e-02 -2.643292769789695740e-02
2.696405909955501556e-02 -3.016573935747146606e-02
4.772453755140304565e-02 -3.812310844659805298e-02
5.774919688701629639e-02 -4.135924950242042542e-02
6.286437064409255981e-02 -4.290094971656799316e-02
6.585203111171722412e-02 -4.377117380499839783e-02
8.315750211477279663e-02 -4.843107983469963074e-02
9.476956725120544434e-02 -5.124608427286148071e-02
1.066287681460380554e-01 -5.390340462327003479e-02
1.151844412088394165e-01 -5.569882318377494812e-02
1.656770259141921997e-01 -6.460025906562805176e-02
1.793122142553329468e-01 -6.658825278282165527e-02
1.840426623821258545e-01 -6.724229454994201660e-02
2.158428281545639038e-01 -7.120158523321151733e-02
2.417194843292236328e-01 -7.390990853309631348e-02
2.511221170425415039e-01 -7.478911429643630981e-02
2.671808302402496338e-01 -7.616799324750900269e-02
3.031048774719238281e-01 -7.871858030557632446e-02
3.211337327957153320e-01 -7.973185926675796509e-02
3.268401920795440674e-01 -8.001635968685150146e-02
3.359516263008117676e-01 -8.043486624956130981e-02
3.461025059223175049e-01 -8.084959536790847778e-02
3.491818904876708984e-01 -8.096468448638916016e-02
3.630462288856506348e-01 -8.142130821943283081e-02
3.749849498271942139e-01 -8.173371106386184692e-02
3.812725841999053955e-01 -8.186814934015274048e-02
3.875822722911834717e-01 -8.198212087154388428e-02
4.090056717395782471e-01 -8.221158385276794434e-02
4.190306067466735840e-01 -8.223461359739303589e-02
4.291072189807891846e-01 -8.220291882753372192e-02
4.407178461551666260e-01 -8.209743350744247437e-02
4.634387195110321045e-01 -8.167341351509094238e-02
4.645120799541473389e-01 -8.164615184068679810e-02
4.788887202739715576e-01 -8.121696114540100098e-02
4.882370531558990479e-01 -8.087315410375595093e-02
4.994817972183227539e-01 -8.039096742868423462e-02
5.080765485763549805e-01 -7.997114211320877075e-02
5.164712071418762207e-01 -7.951769977807998657e-02
5.278576612472534180e-01 -7.883321493864059448e-02
5.317400693893432617e-01 -7.858139276504516602e-02
5.341427326202392578e-01 -7.842083275318145752e-02
5.522392392158508301e-01 -7.709456980228424072e-02
5.619493126869201660e-01 -7.629729807376861572e-02
5.721988677978515625e-01 -7.539053261280059814e-02
5.875107049942016602e-01 -7.391151040792465210e-02
6.061854362487792969e-01 -7.190850377082824707e-02
6.132133007049560547e-01 -7.109931856393814087e-02
6.325762271881103516e-01 -6.872009485960006714e-02
6.344228386878967285e-01 -6.848213076591491699e-02
6.399391293525695801e-01 -6.776037812232971191e-02
6.623781323432922363e-01 -6.466610729694366455e-02
6.685594916343688965e-01 -6.377305835485458374e-02
6.730391979217529297e-01 -6.311600655317306519e-02
6.792721152305603027e-01 -6.218897551298141479e-02
6.863023638725280762e-01 -6.112667173147201538e-02
6.882719993591308594e-01 -6.082609295845031738e-02
7.100303173065185547e-01 -5.743272602558135986e-02
7.129667997360229492e-01 -5.696598812937736511e-02
7.201430797576904297e-01 -5.581833422183990479e-02
7.314877510070800781e-01 -5.398648232221603394e-02
7.642127871513366699e-01 -4.861792922019958496e-02
7.759763002395629883e-01 -4.666639491915702820e-02
7.800488471984863281e-01 -4.598842561244964600e-02
7.883737087249755859e-01 -4.459903016686439514e-02
7.986236810684204102e-01 -4.288120567798614502e-02
8.103886246681213379e-01 -4.089904576539993286e-02
8.200159072875976562e-01 -3.926787897944450378e-02
8.290721774101257324e-01 -3.772521018981933594e-02
8.342878222465515137e-01 -3.683292120695114136e-02
8.446474075317382812e-01 -3.505194187164306641e-02
8.479726910591125488e-01 -3.447775542736053467e-02
8.615208864212036133e-01 -3.212582692503929138e-02
8.646205067634582520e-01 -3.158499300479888916e-02
8.703821301460266113e-01 -3.057708591222763062e-02
8.737787604331970215e-01 -2.998141944408416748e-02
8.837322592735290527e-01 -2.823031321167945862e-02
8.892241120338439941e-01 -2.726128324866294861e-02
8.976929187774658203e-01 -2.576458081603050232e-02
9.008808135986328125e-01 -2.520094998180866241e-02
9.224676489830017090e-01 -2.140108309686183929e-02
9.288921356201171875e-01 -2.028496377170085907e-02
9.365836977958679199e-01 -1.896616071462631226e-02
9.522198438644409180e-01 -1.637356914579868317e-02
9.628568291664123535e-01 -1.469209138303995132e-02
9.685423970222473145e-01 -1.380898430943489075e-02
9.726926684379577637e-01 -1.315802987664937973e-02
9.745703339576721191e-01 -1.285822037607431412e-02
