9.559736251831054688e-01 1.467694237362593412e-04
9.549848437309265137e-01 1.586034195497632027e-04
9.507771730422973633e-01 2.261695626657456160e-04
9.368703961372375488e-01 6.006906623952090740e-04
9.092887043952941895e-01 1.766247558407485485e-03
8.956344127655029297e-01 2.472970401868224144e-03
8.739531040191650391e-01 3.711661091074347496e-03
8.609916567802429199e-01 4.504911601543426514e-03
8.487737774848937988e-01 5.281533580273389816e-03
8.318420052528381348e-01 6.396529264748096466e-03
8.167060613632202148e-01 7.425281219184398651e-03
8.064121603965759277e-01 8.139689452946186066e-03
7.948951721191406250e-01 8.951458148658275604e-03
7.788976430892944336e-01 1.009831391274929047e-02
7.616289854049682617e-01 1.135824527591466904e-02
7.564485073089599609e-01 1.174015458673238754e-02
7.207012772560119629e-01 1.441818661987781525e-02
7.106940150260925293e-01 1.517965737730264664e-02
7.023927569389343262e-01 1.581476442515850067e-02
6.902674436569213867e-01 1.674773544073104858e-02
6.734218597412109375e-01 1.805367134511470795e-02
6.563514471054077148e-01 1.938785612583160400e-02
6.440604925155639648e-01 2.035481482744216919e-02
6.326445341110229492e-01 2.125751599669456482e-02
6.164661645889282227e-01 2.254395745694637299e-02
6.084610223770141602e-01 2.318349294364452362e-02
5.939228534698486328e-01 2.434976026415824890e-02
5.876818895339965820e-01 2.485221996903419495e-02
5.786495208740234375e-01 2.558124065399169922e-02
5.634649991989135742e-01 2.681122533977031708e-02
5.506702065467834473e-01 2.785128355026245117e-02
5.322057008743286133e-01 2.935640141367912292e-02
5.222414135932922363e-01 3.016971610486507416e-02
5.100185871124267578e-01 3.116724081337451935e-02
4.963228404521942139e-01 3.228316083550453186e-02
4.921574592590332031e-01 3.262184932827949524e-02
4.733508825302124023e-01 3.414410352706909180e-02
4.634799957275390625e-01 3.493671491742134094e-02
4.555416703224182129e-01 3.556982800364494324e-02
4.476630389690399170e-01 3.619359061121940613e-02
4.440302848815917969e-01 3.647942841053009033e-02
4.313949346542358398e-01 3.746371716260910034e-02
4.216178655624389648e-01 3.821296989917755127e-02
4.129406511783599854e-01 3.886733204126358032e-02
3.978338241577148438e-01 3.997871279716491699e-02
3.941042125225067139e-01 4.024694859981536865e-02
3.856988251209259033e-01 4.084151610732078552e-02
3.788591027259826660e-01 4.131438583135604858e-02
3.619178235530853271e-01 4.243792966008186340e-02
3.549565374851226807e-01 4.287775605916976929e-02
3.467559516429901123e-01 4.337773472070693970e-02
3.382864892482757568e-01 4.387199506163597107e-02
3.282562494277954102e-01 4.442588984966278076e-02
3.222942352294921875e-01 4.473784565925598145e-02
3.131054043769836426e-01 4.519157111644744873e-02
3.111190199851989746e-01 4.528515413403511047e-02
3.000152707099914551e-01 4.577699676156044006e-02
2.938167154788970947e-01 4.602738469839096069e-02
2.852812707424163818e-01 4.634197428822517395e-02
2.731789052486419678e-01 4.672421514987945557e-02
2.657795250415802002e-01 4.691861942410469055e-02
2.590920627117156982e-01 4.706709086894989014e-02
2.551355659961700439e-01 4.714230448007583618e-02
2.504150569438934326e-01 4.721929877996444702e-02
2.464269548654556274e-01 4.727327078580856323e-02
2.347807437181472778e-01 4.737016558647155762e-02
2.274273037910461426e-01 4.738241061568260193e-02
2.213865518569946289e-01 4.736257717013359070e-02
2.092530578374862671e-01 4.723670706152915955e-02
2.054166197776794434e-01 4.717185720801353455e-02
2.005943208932876587e-01 4.707249626517295837e-02
1.915636509656906128e-01 4.683082550764083862e-02
1.872277259826660156e-01 4.668797925114631653e-02
1.698565036058425903e-01 4.592877998948097229e-02
1.567414551973342896e-01 4.514069482684135437e-02
1.396999955177307129e-01 4.380675405263900757e-02
1.277014911174774170e-01 4.263330250978469849e-02
1.238699555397033691e-01 4.221399500966072083e-02
1.172945126891136169e-01 4.144069552421569824e-02
1.078884974122047424e-01 4.020907357335090637e-02
9.997224062681198120e-02 3.904872387647628784e-02
8.969538658857345581e-02 3.735596314072608948e-02
7.522775977849960327e-02 3.456454351544380188e-02
6.437668949365615845e-02 3.209826350212097168e-02
5.902543663978576660e-02 3.074144385755062103e-02
4.701290279626846313e-02 2.727656438946723938e-02
3.972000256180763245e-02 2.481186389923095703e-02
3.585373610258102417e-02 2.335800975561141968e-02
2.519920654594898224e-02 1.855945214629173279e-02
2.066821977496147156e-02 1.593214459717273712e-02
1.878994889557361603e-02 1.465412415564060211e-02
1.594865135848522186e-02 1.235548220574855804e-02
1.280737202614545822e-02 8.591975085437297821e-03
1.227226480841636658e-02 7.539316080510616302e-03
1.162986643612384796e-02 5.100096110254526138e-03
1.171838492155075073e-02 3.255119780078530312e-03
1.203421689569950104e-02 2.107981126755475998e-03
1.300638169050216675e-02 2.289296971866860986e-04
1.347681321203708649e-02 -4.165070422459393740e-04
1.402878202497959137e-02 -1.071352395229041576e-03
1.582596451044082642e-02 -2.767022466287016869e-03
1.749964058399200439e-02 -4.006502684205770493e-03
2.000167220830917358e-02 -5.521575454622507095e-03
2.547334320843219757e-02 -8.051631040871143341e-03
3.287958353757858276e-02 -1.055737864226102829e-02
3.675360977649688721e-02 -1.161343790590763092e-02
4.287424683570861816e-02 -1.303851976990699768e-02
4.516531527042388916e-02 -1.351042650640010834e-02
5.885322019457817078e-02 -1.582244597375392914e-02
7.037948071956634521e-02 -1.728534698486328125e-02
7.850448042154312134e-02 -1.813114434480667114e-02
9.335715323686599731e-02 -1.938633620738983154e-02
1.051461398601531982e-01 -2.017928287386894226e-02
1.177852377295494080e-01 -2.087878994643688202e-02
1.391629725694656372e-01 -2.179586142301559448e-02
1.583658456802368164e-01 -2.240827679634094238e-02
1.683789044618606567e-01 -2.266639098525047302e-02
1.833571046590805054e-01 -2.298823744058609009e-02
1.919078826904296875e-01 -2.314173243939876556e-02
2.120366990566253662e-01 -2.342851459980010986e-02
2.236118465662002563e-01 -2.355140633881092072e-02
2.305922508239746094e-01 -2.361209318041801453e-02
2.392121851444244385e-01 -2.367389388382434845e-02
2.491999417543411255e-01 -2.372816950082778931e-02
2.581896483898162842e-01 -2.376178838312625885e-02
2.622338533401489258e-01 -2.377234585583209991e-02
2.758093476295471191e-01 -2.378764562308788300e-02
2.815879583358764648e-01 -2.378493733704090118e-02
2.908896803855895996e-01 -2.376922219991683960e-02
2.965726852416992188e-01 -2.375281415879726410e-02
3.080700933933258057e-01 -2.370396628975868225e-02
3.124024868011474609e-01 -2.368016727268695831e-02
3.248257040977478027e-01 -2.359564229846000671e-02
3.329563140869140625e-01 -2.352729253470897675e-02
3.393844962120056152e-01 -2.346599660813808441e-02
3.463315069675445557e-01 -2.339255809783935547e-02
3.552016615867614746e-01 -2.328795380890369415e-02
3.668378591537475586e-01 -2.313243784010410309e-02
3.705190122127532959e-01 -2.307894267141819000e-02
3.808274865150451660e-01 -2.291829884052276611e-02
3.907882869243621826e-01 -2.274810336530208588e-02
4.020445942878723145e-01 -2.253852784633636475e-02
4.117331504821777344e-01 -2.234400063753128052e-02
4.169225692749023438e-01 -2.223465219140052795e-02
4.300359785556793213e-01 -2.194316871464252472e-02
4.390705525875091553e-01 -2.173058129847049713e-02
4.471250176429748535e-01 -2.153377979993820190e-02
4.585158228874206543e-01 -2.124514617025852203e-02
4.746060371398925781e-01 -2.082103118300437927e-02
4.814072549343109131e-01 -2.063760720193386078e-02
4.842966198921203613e-01 -2.055918425321578979e-02
4.933878481388092041e-01 -2.031118981540203094e-02
4.996054172515869141e-01 -2.014115266501903534e-02
5.027129054069519043e-01 -2.005624957382678986e-02
5.100755691528320312e-01 -1.985579915344715118e-02
5.343495011329650879e-01 -1.921273581683635712e-02
5.445741415023803711e-01 -1.895585097372531891e-02
5.495631694793701172e-01 -1.883462443947792053e-02
5.639091134071350098e-01 -1.850372925400733948e-02
5.696108341217041016e-01 -1.838029548525810242e-02
5.744460225105285645e-01 -1.827951334416866302e-02
5.900397300720214844e-01 -1.798017695546150208e-02
6.039757132530212402e-01 -1.774705573916435242e-02
6.060120463371276855e-01 -1.771572791039943695e-02
6.247158050537109375e-01 -1.745944656431674957e-02
6.338756680488586426e-01 -1.735340431332588196e-02
6.448104381561279297e-01 -1.724159158766269684e-02
6.562557220458984375e-01 -1.713931933045387268e-02
6.634178161621093750e-01 -1.708162762224674225e-02
6.673868894577026367e-01 -1.705136522650718689e-02
6.892942190170288086e-01 -1.689844019711017609e-02
6.955323815345764160e-01 -1.685681194067001343e-02
7.077802419662475586e-01 -1.677341759204864502e-02
7.131670117378234863e-01 -1.673500053584575653e-02
7.259278893470764160e-01 -1.663649827241897583e-02
7.315759062767028809e-01 -1.658839173614978790e-02
7.450400590896606445e-01 -1.645874790847301483e-02
7.519524693489074707e-01 -1.638231985270977020e-02
7.676125764846801758e-01 -1.617850922048091888e-02
7.847431302070617676e-01 -1.589653268456459045e-02
8.027923107147216797e-01 -1.551749557256698608e-02
8.069596886634826660e-01 -1.541625428944826126e-02
8.176478147506713867e-01 -1.513040252029895782e-02
8.265966773033142090e-01 -1.485981885343790054e-02
8.484454154968261719e-01 -1.406339555978775024e-02
8.592168688774108887e-01 -1.359052397310733795e-02
8.833920359611511230e-01 -1.230101101100444794e-02
9.105490446090698242e-01 -1.040075533092021942e-02
9.275941252708435059e-01 -8.920506574213504791e-03
9.447333812713623047e-01 -7.210326846688985825e-03
9.507648348808288574e-01 -6.571000907570123672e-03
9.559559822082519531e-01 -6.016033235937356949e-03
