9.686299562454223633e-01 -2.913605188950896263e-03
9.681248068809509277e-01 -2.871689619496464729e-03
9.647868275642395020e-01 -2.565444214269518852e-03
9.532452821731567383e-01 -1.272520865313708782e-03
9.342497587203979492e-01 1.222821534611284733e-03
9.291955828666687012e-01 1.927854144014418125e-03
9.129251837730407715e-01 4.266955889761447906e-03
9.076998233795166016e-01 5.034777335822582245e-03
9.027115106582641602e-01 5.773288663476705551e-03
8.968250751495361328e-01 6.650544237345457077e-03
8.907518982887268066e-01 7.560877595096826553e-03
8.835021257400512695e-01 8.653002791106700897e-03
8.712475895881652832e-01 1.050773356109857559e-02
8.604251146316528320e-01 1.214980240911245346e-02
8.474746942520141602e-01 1.411331538110971451e-02
8.403986096382141113e-01 1.518326066434383392e-02
8.324943780899047852e-01 1.637443155050277710e-02
8.253811597824096680e-01 1.744166389107704163e-02
8.150112032890319824e-01 1.898759044706821442e-02
8.069392442703247070e-01 2.018116600811481476e-02
7.874988913536071777e-01 2.301237732172012329e-02
7.812014222145080566e-01 2.391431480646133423e-02
7.661383152008056641e-01 2.603668347001075745e-02
7.631649374961853027e-01 2.644936181604862213e-02
7.509460449218750000e-01 2.812170609831809998e-02
7.479527592658996582e-01 2.852536924183368683e-02
7.336197495460510254e-01 3.042317740619182587e-02
7.248125672340393066e-01 3.155926242470741272e-02
7.159574031829833984e-01 3.267725929617881775e-02
7.058227658271789551e-01 3.392586484551429749e-02
7.004658579826354980e-01 3.457216918468475342e-02
6.945810317993164062e-01 3.527105599641799927e-02
6.801719069480895996e-01 3.693229705095291138e-02
6.728218793869018555e-01 3.775193542242050171e-02
6.643066406250000000e-01 3.867794573307037354e-02
6.541043519973754883e-01 3.975388035178184509e-02
6.451797485351562500e-01 4.066510498523712158e-02
6.330461502075195312e-01 4.185941815376281738e-02
6.183877587318420410e-01 4.323442280292510986e-02
6.127304434776306152e-01 4.374552890658378601e-02
6.033173203468322754e-01 4.457214847207069397e-02
5.803738236427307129e-01 4.646488279104232788e-02
5.642797350883483887e-01 4.769214987754821777e-02
5.554604530334472656e-01 4.833045601844787598e-02
5.510950684547424316e-01 4.863756895065307617e-02
5.409265160560607910e-01 4.933049157261848450e-02
5.225554108619689941e-01 5.050365999341011047e-02
5.161913633346557617e-01 5.088664218783378601e-02
4.996093213558197021e-01 5.182831734418869019e-02
4.833099246025085449e-01 5.267465859651565552e-02
4.634096324443817139e-01 5.360054969787597656e-02
4.604965448379516602e-01 5.372605472803115845e-02
4.501745700836181641e-01 5.414980649948120117e-02
4.424681961536407471e-01 5.444467812776565552e-02
4.221028685569763184e-01 5.513322725892066956e-02
4.156907498836517334e-01 5.532212182879447937e-02
4.097576439380645752e-01 5.548470839858055115e-02
3.957850039005279541e-01 5.582010746002197266e-02
3.744533061981201172e-01 5.619859322905540466e-02
3.696022927761077881e-01 5.626121163368225098e-02
3.671380281448364258e-01 5.628959462046623230e-02
3.571439683437347412e-01 5.638055503368377686e-02
3.398383259773254395e-01 5.644324794411659241e-02
3.290472924709320068e-01 5.641864240169525146e-02
3.221589028835296631e-01 5.637622997164726257e-02
3.143679201602935791e-01 5.630236491560935974e-02
2.949391305446624756e-01 5.599267780780792236e-02
2.839219570159912109e-01 5.573319643735885620e-02
2.758955955505371094e-01 5.550370365381240845e-02
2.619318962097167969e-01 5.501915514469146729e-02
2.448661476373672485e-01 5.427028983831405640e-02
2.404390275478363037e-01 5.404617264866828918e-02
2.191579192876815796e-01 5.278367921710014343e-02
2.119041979312896729e-01 5.227879062294960022e-02
2.046263515949249268e-01 5.173133686184883118e-02
1.913378089666366577e-01 5.061963945627212524e-02
1.659710705280303955e-01 4.804952070116996765e-02
1.520170718431472778e-01 4.634862393140792847e-02
1.455058008432388306e-01 4.547549411654472351e-02
1.282835900783538818e-01 4.289009049534797668e-02
1.198642179369926453e-01 4.146201908588409424e-02
1.087252199649810791e-01 3.937987238168716431e-02
9.742791950702667236e-02 3.700810298323631287e-02
8.823655545711517334e-02 3.484884276986122131e-02
8.276595920324325562e-02 3.344867378473281860e-02
7.395341247320175171e-02 3.097901865839958191e-02
6.629578024148941040e-02 2.857401221990585327e-02
5.668896809220314026e-02 2.511084452271461487e-02
4.767597466707229614e-02 2.121964655816555023e-02
4.139798134565353394e-02 1.793544180691242218e-02
3.497136384248733521e-02 1.369666494429111481e-02
3.189117833971977234e-02 1.105298195034265518e-02
2.782895043492317200e-02 5.607476923614740372e-03
2.716010995209217072e-02 3.631078405305743217e-03
2.695945836603641510e-02 1.811227528378367424e-03
2.724455110728740692e-02 -2.197043650085106492e-04
2.761322446167469025e-02 -1.255693263374269009e-03
2.803090587258338928e-02 -2.096407348290085793e-03
2.863981015980243683e-02 -3.049936145544052124e-03
2.952641621232032776e-02 -4.145331215113401413e-03
3.261910378932952881e-02 -6.826681550592184067e-03
3.690879046916961670e-02 -9.369038045406341553e-03
4.048883542418479919e-02 -1.101968251168727875e-02
4.414894059300422668e-02 -1.245151180773973465e-02
5.194418504834175110e-02 -1.496630441397428513e-02
6.085982546210289001e-02 -1.728323101997375488e-02
6.858568638563156128e-02 -1.897396333515644073e-02
8.557418733835220337e-02 -2.199411578476428986e-02
9.216789156198501587e-02 -2.297266200184822083e-02
1.037194356322288513e-01 -2.448733523488044739e-02
1.132287308573722839e-01 -2.557495981454849243e-02
1.206836551427841187e-01 -2.634320408105850220e-02
1.258791089057922363e-01 -2.684003114700317383e-02
1.377219259738922119e-01 -2.786906436085700989e-02
1.447650194168090820e-01 -2.842109464108943939e-02
1.527099311351776123e-01 -2.899718470871448517e-02
1.683389097452163696e-01 -3.000663407146930695e-02
1.836527138948440552e-01 -3.086376003921031952e-02
1.999913603067398071e-01 -3.166272863745689392e-02
2.069980651140213013e-01 -3.197469189763069153e-02
2.231444418430328369e-01 -3.263433650135993958e-02
2.304354310035705566e-01 -3.290828317403793335e-02
2.431951165199279785e-01 -3.335656970739364624e-02
2.495373189449310303e-01 -3.356601670384407043e-02
2.555949985980987549e-01 -3.375847265124320984e-02
2.622776925563812256e-01 -3.396271541714668274e-02
2.717820405960083008e-01 -3.423958271741867065e-02
2.789332270622253418e-01 -3.443807363510131836e-02
3.040441572666168213e-01 -3.507513180375099182e-02
3.138375282287597656e-01 -3.530061990022659302e-02
3.217991590499877930e-01 -3.547519072890281677e-02
3.408004939556121826e-01 -3.586180508136749268e-02
3.640627861022949219e-01 -3.628028556704521179e-02
3.739612400531768799e-01 -3.644059225916862488e-02
3.824591636657714844e-01 -3.656980767846107483e-02
3.900331854820251465e-01 -3.667840734124183655e-02
4.003898203372955322e-01 -3.681679069995880127e-02
4.064770638942718506e-01 -3.689259663224220276e-02
4.154101014137268066e-01 -3.699633851647377014e-02
4.349920153617858887e-01 -3.719152882695198059e-02
4.465869069099426270e-01 -3.728543221950531006e-02
4.590710699558258057e-01 -3.736761584877967834e-02
4.857638478279113770e-01 -3.747327625751495361e-02
4.949069917201995850e-01 -3.748610243201255798e-02
5.070061087608337402e-01 -3.748353943228721619e-02
5.117065310478210449e-01 -3.747632727026939392e-02
5.240964889526367188e-01 -3.744005784392356873e-02
5.425328016281127930e-01 -3.733749687671661377e-02
5.474756956100463867e-01 -3.729968518018722534e-02
5.615529417991638184e-01 -3.716708347201347351e-02
5.728039145469665527e-01 -3.703371435403823853e-02
5.829118490219116211e-01 -3.689244389533996582e-02
6.029945015907287598e-01 -3.654956072568893433e-02
6.109486818313598633e-01 -3.639031201601028442e-02
6.283707022666931152e-01 -3.599417209625244141e-02
6.349124908447265625e-01 -3.582850843667984009e-02
6.389923691749572754e-01 -3.572051972150802612e-02
6.465992927551269531e-01 -3.550957888364791870e-02
6.545615792274475098e-01 -3.527545928955078125e-02
6.622387170791625977e-01 -3.503689169883728027e-02
6.750450134277343750e-01 -3.461121767759323120e-02
6.879858374595642090e-01 -3.414644300937652588e-02
7.034823894500732422e-01 -3.354500234127044678e-02
7.108384370803833008e-01 -3.324266150593757629e-02
7.240462303161621094e-01 -3.267281502485275269e-02
7.288153767585754395e-01 -3.245852515101432800e-02
7.444241642951965332e-01 -3.172517567873001099e-02
7.518388032913208008e-01 -3.135923296213150024e-02
7.719371914863586426e-01 -3.030702657997608185e-02
7.781513333320617676e-01 -2.996274083852767944e-02
7.867537736892700195e-01 -2.947014570236206055e-02
8.101027011871337891e-01 -2.802944369614124298e-02
8.151136040687561035e-01 -2.769826166331768036e-02
8.205383419990539551e-01 -2.732999622821807861e-02
8.285186290740966797e-01 -2.676871791481971741e-02
8.439225554466247559e-01 -2.561274357140064240e-02
8.494905829429626465e-01 -2.516885101795196533e-02
8.554580807685852051e-01 -2.467615716159343719e-02
8.671203851699829102e-01 -2.365799434483051300e-02
8.713486790657043457e-01 -2.326912805438041687e-02
8.847771883010864258e-01 -2.195538766682147980e-02
8.891182541847229004e-01 -2.150244265794754028e-02
8.995332121849060059e-01 -2.035142667591571808e-02
9.091498851776123047e-01 -1.919719018042087555e-02
9.132894873619079590e-01 -1.866953261196613312e-02
9.169313311576843262e-01 -1.818838715553283691e-02
9.317945837974548340e-01 -1.603489555418491364e-02
9.488242268562316895e-01 -1.309086009860038757e-02
9.575023055076599121e-01 -1.133782602846622467e-02
9.653047323226928711e-01 -9.596625342965126038e-03
9.678440093994140625e-01 -8.998008444905281067e-03
9.692929387092590332e-01 -8.650362491607666016e-03
