9.563962221145629883e-01 8.139841957017779350e-04
9.553572535514831543e-01 6.939307204447686672e-04
9.485950469970703125e-01 4.034481389680877328e-05
9.346693158149719238e-01 -8.044825517572462559e-04
9.190302491188049316e-01 -1.238902681507170200e-03
9.074720144271850586e-01 -1.325469813309609890e-03
8.783353567123413086e-01 -9.438052657060325146e-04
8.704479336738586426e-01 -7.272066432051360607e-04
8.470944762229919434e-01 1.332307874690741301e-04
8.333517313003540039e-01 7.720380672253668308e-04
8.056436777114868164e-01 2.313399920240044594e-03
7.988250851631164551e-01 2.740020165219902992e-03
7.881554365158081055e-01 3.442531451582908630e-03
7.663540840148925781e-01 5.005059763789176941e-03
7.481033205986022949e-01 6.438981276005506516e-03
7.398923039436340332e-01 7.120515685528516769e-03
7.209848761558532715e-01 8.774804882705211639e-03
7.111361622810363770e-01 9.683262556791305542e-03
7.000417709350585938e-01 1.074502244591712952e-02
6.893054246902465820e-01 1.181148737668991089e-02
6.769518256187438965e-01 1.308639533817768097e-02
6.660588979721069336e-01 1.425345800817012787e-02
6.542506814002990723e-01 1.556454971432685852e-02
6.476607918739318848e-01 1.631719432771205902e-02
6.240344643592834473e-01 1.914098858833312988e-02
6.168417930603027344e-01 2.003994025290012360e-02
6.012567877769470215e-01 2.205118909478187561e-02
5.917888879776000977e-01 2.331538125872612000e-02
5.825915336608886719e-01 2.457397617399692535e-02
5.752019286155700684e-01 2.560683712363243103e-02
5.645107030868530273e-01 2.713472582399845123e-02
5.497552752494812012e-01 2.930716611444950104e-02
5.410152077674865723e-01 3.062755614519119263e-02
5.352144837379455566e-01 3.151714429259300232e-02
5.265970826148986816e-01 3.285747021436691284e-02
5.207701325416564941e-01 3.377591818571090698e-02
5.039422512054443359e-01 3.647929430007934570e-02
4.919569194316864014e-01 3.844574466347694397e-02
4.780198931694030762e-01 4.076775908470153809e-02
4.716579020023345947e-01 4.183793440461158752e-02
4.652789831161499023e-01 4.291607812047004700e-02
4.583783745765686035e-01 4.408685490489006042e-02
4.474499821662902832e-01 4.594707489013671875e-02
4.410861730575561523e-01 4.703163728117942810e-02
4.345071315765380859e-01 4.815216735005378723e-02
4.246706664562225342e-01 4.982285201549530029e-02
4.119094610214233398e-01 5.197396129369735718e-02
4.058129489421844482e-01 5.299172922968864441e-02
4.002159833908081055e-01 5.391875654458999634e-02
3.936918675899505615e-01 5.498882755637168884e-02
3.807314932346343994e-01 5.707373842597007751e-02
3.587774634361267090e-01 6.044233217835426331e-02
3.513718247413635254e-01 6.152063980698585510e-02
3.407363593578338623e-01 6.300792843103408813e-02
3.323971331119537354e-01 6.411791592836380005e-02
3.271277844905853271e-01 6.479147821664810181e-02
3.199963867664337158e-01 6.566623598337173462e-02
3.142088651657104492e-01 6.634323298931121826e-02
3.090463876724243164e-01 6.692077964544296265e-02
2.936810851097106934e-01 6.848200410604476929e-02
2.830530107021331787e-01 6.941232830286026001e-02
2.724846601486206055e-01 7.020559161901473999e-02
2.644617855548858643e-01 7.071454077959060669e-02
2.585310339927673340e-01 7.103656232357025146e-02
2.540216743946075439e-01 7.124949991703033447e-02
2.422036975622177124e-01 7.167182117700576782e-02
2.375488728284835815e-01 7.178238034248352051e-02
2.281264066696166992e-01 7.190570235252380371e-02
2.157559245824813843e-01 7.185550034046173096e-02
2.042435854673385620e-01 7.158235460519790649e-02
1.976589411497116089e-01 7.132396101951599121e-02
1.881442368030548096e-01 7.081455737352371216e-02
1.840220242738723755e-01 7.054262608289718628e-02
1.625308394432067871e-01 6.860031187534332275e-02
1.503543406724929810e-01 6.708920001983642578e-02
1.417140662670135498e-01 6.582598388195037842e-02
1.357975602149963379e-01 6.486587971448898315e-02
1.253881007432937622e-01 6.298132985830307007e-02
1.158670485019683838e-01 6.102943792939186096e-02
1.117318272590637207e-01 6.011063978075981140e-02
1.023215427994728088e-01 5.785146728157997131e-02
8.980736881494522095e-02 5.446170642971992493e-02
7.830166071653366089e-02 5.091957375407218933e-02
7.021622359752655029e-02 4.815947264432907104e-02
6.081927195191383362e-02 4.463589936494827271e-02
5.065608769655227661e-02 4.038555175065994263e-02
4.247104376554489136e-02 3.656581416726112366e-02
3.596941009163856506e-02 3.322188183665275574e-02
2.848361991345882416e-02 2.893659658730030060e-02
2.301438339054584503e-02 2.541142515838146210e-02
1.784182526171207428e-02 2.163308858871459961e-02
1.258922368288040161e-02 1.707803271710872650e-02
9.250968694686889648e-03 1.347466465085744858e-02
7.551599759608507156e-03 1.120503898710012436e-02
5.653416272252798080e-03 7.822785526514053345e-03
4.614101722836494446e-03 4.547654185444116592e-03
4.406217020004987717e-03 2.154811518266797066e-03
5.423212889581918716e-03 -2.322144107893109322e-03
6.229768041521310806e-03 -3.849099623039364815e-03
7.071903441101312637e-03 -5.091334693133831024e-03
8.226769044995307922e-03 -6.488419137895107269e-03
1.049404777586460114e-02 -8.672685362398624420e-03
1.290975417941808701e-02 -1.054526492953300476e-02
1.758086867630481720e-02 -1.345176808536052704e-02
2.384421974420547485e-02 -1.652712002396583557e-02
2.979164198040962219e-02 -1.893536560237407684e-02
3.624380752444267273e-02 -2.117794007062911987e-02
4.260931536555290222e-02 -2.311593107879161835e-02
5.482230708003044128e-02 -2.628026157617568970e-02
6.877583265304565430e-02 -2.924850769340991974e-02
8.142283558845520020e-02 -3.149930387735366821e-02
9.166105836629867554e-02 -3.307923674583435059e-02
1.021205335855484009e-01 -3.450623154640197754e-02
1.129604652523994446e-01 -3.581315279006958008e-02
1.284285038709640503e-01 -3.741830214858055115e-02
1.411857306957244873e-01 -3.854394331574440002e-02
1.556331962347030640e-01 -3.963196650147438049e-02
1.703112274408340454e-01 -4.055905714631080627e-02
1.781959533691406250e-01 -4.099042713642120361e-02
1.960728764533996582e-01 -4.181339591741561890e-02
2.071555703878402710e-01 -4.222484678030014038e-02
2.179227322340011597e-01 -4.255849868059158325e-02
2.276507318019866943e-01 -4.280758649110794067e-02
2.350420951843261719e-01 -4.296539351344108582e-02
2.494010329246520996e-01 -4.319879040122032166e-02
2.587909698486328125e-01 -4.330195486545562744e-02
2.766558229923248291e-01 -4.339730739593505859e-02
2.838344573974609375e-01 -4.340023919939994812e-02
2.935281097888946533e-01 -4.337356612086296082e-02
2.998796701431274414e-01 -4.333756491541862488e-02
3.091365396976470947e-01 -4.325968772172927856e-02
3.166172504425048828e-01 -4.317533969879150391e-02
3.320125937461853027e-01 -4.294370859861373901e-02
3.349558413028717041e-01 -4.289077222347259521e-02
3.497848212718963623e-01 -4.258339479565620422e-02
3.572088181972503662e-01 -4.240465909242630005e-02
3.735014796257019043e-01 -4.195659607648849487e-02
3.809178173542022705e-01 -4.172808676958084106e-02
3.871186971664428711e-01 -4.152560234069824219e-02
3.991517424583435059e-01 -4.110391065478324890e-02
4.110472798347473145e-01 -4.065105691552162170e-02
4.170826673507690430e-01 -4.040814936161041260e-02
4.255814850330352783e-01 -4.005167633295059204e-02
4.334345757961273193e-01 -3.970784321427345276e-02
4.440132081508636475e-01 -3.922374546527862549e-02
4.540495872497558594e-01 -3.874352946877479553e-02
4.670177996158599854e-01 -3.809514641761779785e-02
4.795489311218261719e-01 -3.744163736701011658e-02
4.886930286884307861e-01 -3.694992512464523315e-02
4.972546994686126709e-01 -3.647955134510993958e-02
5.020326972007751465e-01 -3.621328994631767273e-02
5.100121498107910156e-01 -3.576336055994033813e-02
5.180626511573791504e-01 -3.530363738536834717e-02
5.269896984100341797e-01 -3.478836640715599060e-02
5.377729535102844238e-01 -3.416033834218978882e-02
5.501516461372375488e-01 -3.343504294753074646e-02
5.663390755653381348e-01 -3.248585015535354614e-02
5.721127390861511230e-01 -3.214850649237632751e-02
5.817264318466186523e-01 -3.158960118889808655e-02
5.897873640060424805e-01 -3.112455643713474274e-02
5.947561860084533691e-01 -3.083985485136508942e-02
6.121829748153686523e-01 -2.985549718141555786e-02
6.235371828079223633e-01 -2.922741509974002838e-02
6.265637874603271484e-01 -2.906187437474727631e-02
6.409179568290710449e-01 -2.828766591846942902e-02
6.482349634170532227e-01 -2.789978496730327606e-02
6.594750881195068359e-01 -2.731226198375225067e-02
6.792128086090087891e-01 -2.630138769745826721e-02
6.858309507369995117e-01 -2.596702240407466888e-02
6.969045400619506836e-01 -2.541085891425609589e-02
7.086332440376281738e-01 -2.482396923005580902e-02
7.148723006248474121e-01 -2.451163716614246368e-02
7.271957397460937500e-01 -2.389207854866981506e-02
7.368029952049255371e-01 -2.340447157621383667e-02
7.490981817245483398e-01 -2.277103252708911896e-02
7.553096413612365723e-01 -2.244571596384048462e-02
7.710736989974975586e-01 -2.159919589757919312e-02
7.764804959297180176e-01 -2.130058035254478455e-02
7.896930575370788574e-01 -2.054926194250583649e-02
8.023036122322082520e-01 -1.979869976639747620e-02
8.177626132965087891e-01 -1.882472448050975800e-02
8.223065137863159180e-01 -1.852549053728580475e-02
8.322792649269104004e-01 -1.784542948007583618e-02
8.376894593238830566e-01 -1.746198162436485291e-02
8.603415489196777344e-01 -1.572703942656517029e-02
8.706682920455932617e-01 -1.485494710505008698e-02
8.879434466361999512e-01 -1.325558871030807495e-02
9.142386913299560547e-01 -1.038717292249202728e-02
9.300693869590759277e-01 -8.323945105075836182e-03
9.470081329345703125e-01 -5.755028221756219864e-03
9.512334465980529785e-01 -5.051195621490478516e-03
9.547401070594787598e-01 -4.448805935680866241e-03
