9.551001191139221191e-01 1.637648325413465500e-03
9.539664387702941895e-01 1.626251265406608582e-03
9.467391371726989746e-01 1.607237965799868107e-03
9.338379502296447754e-01 1.739933388307690620e-03
8.904331922531127930e-01 2.994138048961758614e-03
8.741552829742431641e-01 3.644040552899241447e-03
8.528541922569274902e-01 4.585846327245235443e-03
8.481982946395874023e-01 4.803168121725320816e-03
8.251436948776245117e-01 5.930003244429826736e-03
8.029150366783142090e-01 7.085659075528383255e-03
7.815856337547302246e-01 8.249141275882720947e-03
7.720101475715637207e-01 8.787298575043678284e-03
7.528903484344482422e-01 9.889530949294567108e-03
7.341955304145812988e-01 1.100162602961063385e-02
7.177524566650390625e-01 1.200730819255113602e-02
7.075669765472412109e-01 1.264320313930511475e-02
6.976402997970581055e-01 1.327256485819816589e-02
6.876786351203918457e-01 1.391384564340114594e-02
6.702738404273986816e-01 1.505804527550935745e-02
6.613885164260864258e-01 1.565419696271419525e-02
6.464704275131225586e-01 1.667397655546665192e-02
6.195672154426574707e-01 1.857554912567138672e-02
6.068192124366760254e-01 1.950597390532493591e-02
5.982706546783447266e-01 2.014080435037612915e-02
5.769429802894592285e-01 2.176361717283725739e-02
5.692687630653381348e-01 2.236121892929077148e-02
5.586523413658142090e-01 2.319983765482902527e-02
5.533626675605773926e-01 2.362275868654251099e-02
5.377141833305358887e-01 2.489311061799526215e-02
5.238059163093566895e-01 2.604520879685878754e-02
5.139682888984680176e-01 2.687210962176322937e-02
4.955332279205322266e-01 2.844500169157981873e-02
4.832782447338104248e-01 2.950438484549522400e-02
4.738569557666778564e-01 3.032433241605758667e-02
4.623484313488006592e-01 3.133017569780349731e-02
4.533680379390716553e-01 3.211660683155059814e-02
4.468519985675811768e-01 3.268713876605033875e-02
4.436859190464019775e-01 3.296411782503128052e-02
4.322681725025177002e-01 3.396042436361312866e-02
4.281760454177856445e-01 3.431605175137519836e-02
4.206970334053039551e-01 3.496320173144340515e-02
4.098253250122070312e-01 3.589556366205215454e-02
4.019903242588043213e-01 3.655967488884925842e-02
3.945385217666625977e-01 3.718385472893714905e-02
3.762336671352386475e-01 3.867876157164573669e-02
3.719857931137084961e-01 3.901649266481399536e-02
3.624770045280456543e-01 3.975780680775642395e-02
3.567274212837219238e-01 4.019537940621376038e-02
3.474163413047790527e-01 4.088509827852249146e-02
3.365315496921539307e-01 4.165879637002944946e-02
3.273492157459259033e-01 4.228125885128974915e-02
3.219167292118072510e-01 4.263541102409362793e-02
3.130870163440704346e-01 4.318703338503837585e-02
3.047748208045959473e-01 4.367734119296073914e-02
3.023522794246673584e-01 4.381467774510383606e-02
2.976245880126953125e-01 4.407513141632080078e-02
2.917980551719665527e-01 4.438195005059242249e-02
2.771700322628021240e-01 4.507881775498390198e-02
2.684170007705688477e-01 4.544202983379364014e-02
2.610682845115661621e-01 4.571365192532539368e-02
2.565970718860626221e-01 4.586334526538848877e-02
2.454183399677276611e-01 4.618341848254203796e-02
2.351098507642745972e-01 4.640614613890647888e-02
2.303982377052307129e-01 4.648349806666374207e-02
2.232336550951004028e-01 4.657036811113357544e-02
2.149252146482467651e-01 4.662258177995681763e-02
2.088493704795837402e-01 4.662628844380378723e-02
2.047363668680191040e-01 4.661159962415695190e-02
2.028360664844512939e-01 4.660001024603843689e-02
1.969980448484420776e-01 4.654488340020179749e-02
1.876878142356872559e-01 4.639377072453498840e-02
1.748820543289184570e-01 4.605072364211082458e-02
1.715590208768844604e-01 4.593455791473388672e-02
1.561495214700698853e-01 4.523804411292076111e-02
1.473874598741531372e-01 4.471756145358085632e-02
1.360410898923873901e-01 4.389562457799911499e-02
1.286312341690063477e-01 4.326096177101135254e-02
1.216933280229568481e-01 4.259052872657775879e-02
1.192229837179183960e-01 4.233295843005180359e-02
1.088749915361404419e-01 4.113829135894775391e-02
1.009273305535316467e-01 4.008285701274871826e-02
9.338137507438659668e-02 3.895694389939308167e-02
7.958588749170303345e-02 3.653860837221145630e-02
6.545301526784896851e-02 3.346981108188629150e-02
6.220339238643646240e-02 3.266055881977081299e-02
5.458487942814826965e-02 3.057872690260410309e-02
4.517200589179992676e-02 2.757091261446475983e-02
4.074056446552276611e-02 2.594206295907497406e-02
3.028906136751174927e-02 2.131370082497596741e-02
2.805123850703239441e-02 2.011807449162006378e-02
2.539380826056003571e-02 1.855711266398429871e-02
2.126971632242202759e-02 1.569159515202045441e-02
1.705130189657211304e-02 1.159158814698457718e-02
1.637265644967556000e-02 1.065359450876712799e-02
1.490113232284784317e-02 7.352565415203571320e-03
1.476608309894800186e-02 5.406887270510196686e-03
1.507377903908491135e-02 3.929229453206062317e-03
1.587776653468608856e-02 2.291908254846930504e-03
1.608183421194553375e-02 1.992751844227313995e-03
1.630814559757709503e-02 1.689095282927155495e-03
1.761639490723609924e-02 2.881720429286360741e-04
2.013656124472618103e-02 -1.595532754436135292e-03
2.169800922274589539e-02 -2.499250695109367371e-03
2.479154430329799652e-02 -3.966097254306077957e-03
3.010760433971881866e-02 -5.901821423321962357e-03
4.102711006999015808e-02 -8.716487325727939606e-03
4.584002494812011719e-02 -9.674336761236190796e-03
5.339108034968376160e-02 -1.095637772232294083e-02
6.258637458086013794e-02 -1.225079596042633057e-02
6.782442331314086914e-02 -1.288850326091051102e-02
7.297319173812866211e-02 -1.345825660973787308e-02
8.294250071048736572e-02 -1.442827470600605011e-02
9.654213488101959229e-02 -1.552799437195062637e-02
1.105225533246994019e-01 -1.645520143210887909e-02
1.219636499881744385e-01 -1.709639839828014374e-02
1.437039524316787720e-01 -1.809581555426120758e-02
1.532931029796600342e-01 -1.846513524651527405e-02
1.593033373355865479e-01 -1.867837458848953247e-02
1.672744452953338623e-01 -1.894188486039638519e-02
1.796729862689971924e-01 -1.931296661496162415e-02
1.876440346240997314e-01 -1.952942088246345520e-02
2.073986530303955078e-01 -2.000156044960021973e-02
2.167378962039947510e-01 -2.019635774195194244e-02
2.256270200014114380e-01 -2.036638930439949036e-02
2.381500452756881714e-01 -2.058189176023006439e-02
2.450971007347106934e-01 -2.068980410695075989e-02
2.609242796897888184e-01 -2.090553939342498779e-02
2.637614607810974121e-01 -2.093984559178352356e-02
2.728397846221923828e-01 -2.104073204100131989e-02
2.838393747806549072e-01 -2.114480361342430115e-02
2.898175716400146484e-01 -2.119294181466102600e-02
3.000395596027374268e-01 -2.126133069396018982e-02
3.093174695968627930e-01 -2.130797319114208221e-02
3.186441957950592041e-01 -2.133974805474281311e-02
3.299259543418884277e-01 -2.135748788714408875e-02
3.367964327335357666e-01 -2.135697752237319946e-02
3.503245711326599121e-01 -2.133035659790039062e-02
3.544659614562988281e-01 -2.131531201303005219e-02
3.595375120639801025e-01 -2.129243128001689911e-02
3.688359260559082031e-01 -2.123761549592018127e-02
3.816494941711425781e-01 -2.113457024097442627e-02
3.946828842163085938e-01 -2.099691145122051239e-02
4.075771570205688477e-01 -2.082829549908638000e-02
4.161630868911743164e-01 -2.069842815399169922e-02
4.207239747047424316e-01 -2.062385343015193939e-02
4.276928007602691650e-01 -2.050256542861461639e-02
4.354034662246704102e-01 -2.035832405090332031e-02
4.419753849506378174e-01 -2.022736892104148865e-02
4.532615542411804199e-01 -1.998624950647354126e-02
4.738171696662902832e-01 -1.950030028820037842e-02
4.780723750591278076e-01 -1.939323544502258301e-02
4.879494011402130127e-01 -1.913773640990257263e-02
5.028738975524902344e-01 -1.873714849352836609e-02
5.079094767570495605e-01 -1.859922893345355988e-02
5.141429305076599121e-01 -1.842735148966312408e-02
5.312238335609436035e-01 -1.795466616749763489e-02
5.388077497482299805e-01 -1.774649322032928467e-02
5.427033305168151855e-01 -1.764052547514438629e-02
5.523307323455810547e-01 -1.738254353404045105e-02
5.618212819099426270e-01 -1.713532768189907074e-02
5.662109255790710449e-01 -1.702390052378177643e-02
5.872815251350402832e-01 -1.652058772742748260e-02
5.912035107612609863e-01 -1.643343642354011536e-02
6.018353700637817383e-01 -1.620863378047943115e-02
6.121651530265808105e-01 -1.600696332752704620e-02
6.252502799034118652e-01 -1.577591709792613983e-02
6.416142582893371582e-01 -1.552516967058181763e-02
6.468529105186462402e-01 -1.545355934649705887e-02
6.611612439155578613e-01 -1.527785789221525192e-02
6.715384125709533691e-01 -1.516707427799701691e-02
6.820098757743835449e-01 -1.506755966693162918e-02
6.886793971061706543e-01 -1.500968728214502335e-02
7.118269801139831543e-01 -1.483305171132087708e-02
7.226889729499816895e-01 -1.475771144032478333e-02
7.320915460586547852e-01 -1.469317916780710220e-02
7.382528185844421387e-01 -1.465020328760147095e-02
7.545545101165771484e-01 -1.452883705496788025e-02
7.630128860473632812e-01 -1.445857807993888855e-02
7.746657133102416992e-01 -1.434960402548313141e-02
7.861176133155822754e-01 -1.422458235174417496e-02
7.988933920860290527e-01 -1.405817829072475433e-02
8.028931617736816406e-01 -1.399915572255849838e-02
8.223698735237121582e-01 -1.365401316434144974e-02
8.336203098297119141e-01 -1.340239681303501129e-02
8.527818322181701660e-01 -1.286118570715188980e-02
8.672502040863037109e-01 -1.233518775552511215e-02
8.849165439605712891e-01 -1.151509117335081100e-02
9.161005020141601562e-01 -9.377278387546539307e-03
9.260888695716857910e-01 -8.421586826443672180e-03
9.410489201545715332e-01 -6.624058820307254791e-03
9.491625428199768066e-01 -5.412677768617868423e-03
9.555783271789550781e-01 -4.309624433517456055e-03
