9.674840569496154785e-01 -4.657056182622909546e-03
9.665676951408386230e-01 -4.685852676630020142e-03
9.645572304725646973e-01 -4.715536255389451981e-03
9.572487473487854004e-01 -4.556630738079547882e-03
9.487251043319702148e-01 -4.043525084853172302e-03
9.369571208953857422e-01 -2.988121937960386276e-03
9.264660477638244629e-01 -1.818239572457969189e-03
9.210494756698608398e-01 -1.149894669651985168e-03
9.090990424156188965e-01 4.498123598750680685e-04
8.992974758148193359e-01 1.870003179647028446e-03
8.897802829742431641e-01 3.327261423692107201e-03
8.841449022293090820e-01 4.222285002470016479e-03
8.742727637290954590e-01 5.841702222824096680e-03
8.663207292556762695e-01 7.189441006630659103e-03
8.476064801216125488e-01 1.049358583986759186e-02
8.435713648796081543e-01 1.122781168669462204e-02
8.337954282760620117e-01 1.303527876734733582e-02
8.272415399551391602e-01 1.426815520972013474e-02
8.180118203163146973e-01 1.603064127266407013e-02
8.034256100654602051e-01 1.887255720794200897e-02
7.894008755683898926e-01 2.166194282472133636e-02
7.724945545196533203e-01 2.508624456822872162e-02
7.636198401451110840e-01 2.690633013844490051e-02
7.573527097702026367e-01 2.819954417645931244e-02
7.379070520401000977e-01 3.224544227123260498e-02
7.304374575614929199e-01 3.380988910794258118e-02
7.149769663810729980e-01 3.705895692110061646e-02
7.068187594413757324e-01 3.877665102481842041e-02
6.951499581336975098e-01 4.123342037200927734e-02
6.861398220062255859e-01 4.312787577509880066e-02
6.728681921958923340e-01 4.590955004096031189e-02
6.623303890228271484e-01 4.810697957873344421e-02
6.549955606460571289e-01 4.962864145636558533e-02
6.416226625442504883e-01 5.238243564963340759e-02
6.363006830215454102e-01 5.346974357962608337e-02
6.296468377113342285e-01 5.482141673564910889e-02
6.106380820274353027e-01 5.862819403409957886e-02
6.014852523803710938e-01 6.042825058102607727e-02
5.884745717048645020e-01 6.294480711221694946e-02
5.775139927864074707e-01 6.502243876457214355e-02
5.639160275459289551e-01 6.754051893949508667e-02
5.539438724517822266e-01 6.934162229299545288e-02
5.420868396759033203e-01 7.142889499664306641e-02
5.327188372611999512e-01 7.303352653980255127e-02
5.227705836296081543e-01 7.469178736209869385e-02
5.104828476905822754e-01 7.667105644941329956e-02
4.947136044502258301e-01 7.909176498651504517e-02
4.827320277690887451e-01 8.083518594503402710e-02
4.674405157566070557e-01 8.293169736862182617e-02
4.608573019504547119e-01 8.378768712282180786e-02
4.547771811485290527e-01 8.455231040716171265e-02
4.513176679611206055e-01 8.497600257396697998e-02
4.400710165500640869e-01 8.629492670297622681e-02
4.262390136718750000e-01 8.778975903987884521e-02
4.174219965934753418e-01 8.866621553897857666e-02
4.120422601699829102e-01 8.917083591222763062e-02
3.956313431262969971e-01 9.056381136178970337e-02
3.801093399524688721e-01 9.167011082172393799e-02
3.741480410099029541e-01 9.203824400901794434e-02
3.598169088363647461e-01 9.278963506221771240e-02
3.545314967632293701e-01 9.301792085170745850e-02
3.429387807846069336e-01 9.342381358146667480e-02
3.322726190090179443e-01 9.367921948432922363e-02
3.249375820159912109e-01 9.378735721111297607e-02
3.208396732807159424e-01 9.382338821887969971e-02
3.112186193466186523e-01 9.383792430162429810e-02
2.878935933113098145e-01 9.345182776451110840e-02
2.549352943897247314e-01 9.182780981063842773e-02
2.491002678871154785e-01 9.140110015869140625e-02
2.374383211135864258e-01 9.041661024093627930e-02
2.325211316347122192e-01 8.994771540164947510e-02
2.100639790296554565e-01 8.738331496715545654e-02
2.034178674221038818e-01 8.648608624935150146e-02
1.911123543977737427e-01 8.464938402175903320e-02
1.854720115661621094e-01 8.372880518436431885e-02
1.732990145683288574e-01 8.156585693359375000e-02
1.597629040479660034e-01 7.886348664760589600e-02
1.500089317560195923e-01 7.670966535806655884e-02
1.386826932430267334e-01 7.397611439228057861e-02
1.206590682268142700e-01 6.906191259622573853e-02
1.123906075954437256e-01 6.655110418796539307e-02
1.011200696229934692e-01 6.283660978078842163e-02
9.267470240592956543e-02 5.980839207768440247e-02
7.495734840631484985e-02 5.264981091022491455e-02
7.101385295391082764e-02 5.088250711560249329e-02
6.671306490898132324e-02 4.887055605649948120e-02
4.769492149353027344e-02 3.865255415439605713e-02
4.138317704200744629e-02 3.462212160229682922e-02
3.816220909357070923e-02 3.239262476563453674e-02
3.490221127867698669e-02 2.999034523963928223e-02
3.229492902755737305e-02 2.794368751347064972e-02
2.845473587512969971e-02 2.467728592455387115e-02
2.123258821666240692e-02 1.730193383991718292e-02
1.947524584829807281e-02 1.510525960475206375e-02
1.670262776315212250e-02 1.101412717252969742e-02
1.446184050291776657e-02 6.552423816174268723e-03
1.336286403238773346e-02 3.201713319867849350e-03
1.292760763317346573e-02 9.091339888982474804e-04
1.278288755565881729e-02 -8.544117445126175880e-04
1.286338735371828079e-02 -3.156260820105671883e-03
1.344026625156402588e-02 -6.047912873327732086e-03
1.447530649602413177e-02 -8.667961694300174713e-03
1.695315353572368622e-02 -1.244717836380004883e-02
2.029047161340713501e-02 -1.581578515470027924e-02
2.314781583845615387e-02 -1.803494244813919067e-02
2.763697877526283264e-02 -2.086710371077060699e-02
3.236491978168487549e-02 -2.332437224686145782e-02
3.963641822338104248e-02 -2.646383456885814667e-02
4.752539098262786865e-02 -2.930874563753604889e-02
6.463659554719924927e-02 -3.428122773766517639e-02
7.108001410961151123e-02 -3.586778044700622559e-02
8.981537818908691406e-02 -3.988711163401603699e-02
9.973682463169097900e-02 -4.174008592963218689e-02
1.157468855381011963e-01 -4.442603513598442078e-02
1.204217448830604553e-01 -4.515006020665168762e-02
1.429303139448165894e-01 -4.832192137837409973e-02
1.549879014492034912e-01 -4.983703047037124634e-02
1.742811352014541626e-01 -5.203839018940925598e-02
1.819689571857452393e-01 -5.284718424081802368e-02
2.072918415069580078e-01 -5.526855587959289551e-02
2.166355848312377930e-01 -5.607590079307556152e-02
2.317753136157989502e-01 -5.729402601718902588e-02
2.472919970750808716e-01 -5.843372642993927002e-02
2.709464430809020996e-01 -5.997342988848686218e-02
2.772673368453979492e-01 -6.034636870026588440e-02
2.906144261360168457e-01 -6.108248978853225708e-02
3.023719489574432373e-01 -6.167453527450561523e-02
3.057037889957427979e-01 -6.183287501335144043e-02
3.248856961727142334e-01 -6.266490370035171509e-02
3.302461206912994385e-01 -6.287349760532379150e-02
3.401550948619842529e-01 -6.323190033435821533e-02
3.443936109542846680e-01 -6.337450444698333740e-02
3.708553910255432129e-01 -6.412138789892196655e-02
3.771975338459014893e-01 -6.426391005516052246e-02
3.895415365695953369e-01 -6.450103968381881714e-02
4.019694328308105469e-01 -6.468621641397476196e-02
4.250981509685516357e-01 -6.488802284002304077e-02
4.296926259994506836e-01 -6.490600109100341797e-02
4.385647475719451904e-01 -6.491997092962265015e-02
4.448013603687286377e-01 -6.491348147392272949e-02
4.661248028278350830e-01 -6.478936970233917236e-02
4.733980000019073486e-01 -6.471106410026550293e-02
4.788798093795776367e-01 -6.463997811079025269e-02
5.001685619354248047e-01 -6.426607817411422729e-02
5.094636678695678711e-01 -6.405436247587203979e-02
5.170984268188476562e-01 -6.385865807533264160e-02
5.325854420661926270e-01 -6.340207904577255249e-02
5.442795753479003906e-01 -6.300529837608337402e-02
5.566265583038330078e-01 -6.253895908594131470e-02
5.676352381706237793e-01 -6.208318099379539490e-02
5.841265320777893066e-01 -6.133241951465606689e-02
5.902733206748962402e-01 -6.103245541453361511e-02
5.985867977142333984e-01 -6.060997396707534790e-02
6.037368178367614746e-01 -6.033878028392791748e-02
6.156367659568786621e-01 -5.968534946441650391e-02
6.268159151077270508e-01 -5.903857573866844177e-02
6.372448205947875977e-01 -5.840751156210899353e-02
6.484552621841430664e-01 -5.770027637481689453e-02
6.617935299873352051e-01 -5.682065710425376892e-02
6.685111522674560547e-01 -5.636205524206161499e-02
6.776724457740783691e-01 -5.571961030364036560e-02
6.828768253326416016e-01 -5.534576252102851868e-02
6.941623687744140625e-01 -5.451228469610214233e-02
7.014223933219909668e-01 -5.395887792110443115e-02
7.113447189331054688e-01 -5.317941680550575256e-02
7.218302488327026367e-01 -5.232458561658859253e-02
7.303715944290161133e-01 -5.160264298319816589e-02
7.406313419342041016e-01 -5.070225521922111511e-02
7.481193542480468750e-01 -5.002033710479736328e-02
7.540540099143981934e-01 -4.946387186646461487e-02
7.628380060195922852e-01 -4.861239716410636902e-02
7.725046873092651367e-01 -4.763399437069892883e-02
7.786740660667419434e-01 -4.698517173528671265e-02
7.836834192276000977e-01 -4.644344002008438110e-02
8.013666868209838867e-01 -4.441524296998977661e-02
8.065941929817199707e-01 -4.377826675772666931e-02
8.261876106262207031e-01 -4.122044518589973450e-02
8.289730548858642578e-01 -4.083330184221267700e-02
8.439996242523193359e-01 -3.863367438316345215e-02
8.525499105453491211e-01 -3.729217872023582458e-02
8.650997281074523926e-01 -3.519309312105178833e-02
8.752691149711608887e-01 -3.336826339364051819e-02
8.900607228279113770e-01 -3.049250319600105286e-02
8.963652849197387695e-01 -2.917870320379734039e-02
9.105653762817382812e-01 -2.600148320198059082e-02
9.175516366958618164e-01 -2.431537024676799774e-02
9.314459562301635742e-01 -2.068356983363628387e-02
9.510057568550109863e-01 -1.481944136321544647e-02
9.598039388656616211e-01 -1.184281613677740097e-02
9.640654921531677246e-01 -1.031948346644639969e-02
9.669334888458251953e-01 -9.264435619115829468e-03
9.682105779647827148e-01 -8.787213824689388275e-03
