9.631822705268859863e-01 -3.245311090722680092e-03
9.618849754333496094e-01 -3.392538288608193398e-03
9.587962627410888672e-01 -3.677475033327937126e-03
9.491462707519531250e-01 -4.133811686187982559e-03
9.336247444152832031e-01 -4.007072653621435165e-03
9.208127856254577637e-01 -3.404848510399460793e-03
9.048265814781188965e-01 -2.230660058557987213e-03
8.979773521423339844e-01 -1.616396242752671242e-03
8.797279596328735352e-01 2.752267173491418362e-04
8.733026981353759766e-01 1.015942310914397240e-03
8.595557212829589844e-01 2.709062770009040833e-03
8.531736731529235840e-01 3.539464669302105904e-03
8.446183800697326660e-01 4.691545851528644562e-03
8.341836333274841309e-01 6.150616332888603210e-03
8.069046139717102051e-01 1.019418146461248398e-02
8.016378879547119141e-01 1.100618764758110046e-02
7.903258800506591797e-01 1.277776341885328293e-02
7.822031974792480469e-01 1.407007034868001938e-02
7.675929069519042969e-01 1.642923802137374878e-02
7.545634508132934570e-01 1.856231875717639923e-02
7.375423908233642578e-01 2.137641049921512604e-02
7.238286137580871582e-01 2.365586161613464355e-02
7.153240442276000977e-01 2.507098019123077393e-02
7.118381857872009277e-01 2.565077692270278931e-02
6.943249702453613281e-01 2.855686470866203308e-02
6.824474334716796875e-01 3.051603771746158600e-02
6.713228821754455566e-01 3.233818709850311279e-02
6.573798656463623047e-01 3.459963202476501465e-02
6.396824121475219727e-01 3.742626309394836426e-02
6.310303807258605957e-01 3.878777101635932922e-02
6.131929755210876465e-01 4.154689982533454895e-02
6.054602265357971191e-01 4.272155836224555969e-02
5.912092328071594238e-01 4.485004767775535583e-02
5.814803242683410645e-01 4.627468809485435486e-02
5.720463395118713379e-01 4.763318598270416260e-02
5.665859580039978027e-01 4.840882867574691772e-02
5.459741950035095215e-01 5.126335844397544861e-02
5.326468944549560547e-01 5.304464697837829590e-02
5.211714506149291992e-01 5.453576147556304932e-02
5.027163028717041016e-01 5.684705451130867004e-02
4.963388741016387939e-01 5.761975795030593872e-02
4.862284362316131592e-01 5.881618708372116089e-02
4.725492596626281738e-01 6.037694960832595825e-02
4.624106585979461670e-01 6.148872524499893188e-02
4.470672011375427246e-01 6.309419870376586914e-02
4.417511224746704102e-01 6.362789124250411987e-02
4.306981265544891357e-01 6.469840556383132935e-02
4.202900230884552002e-01 6.565628200769424438e-02
4.068625569343566895e-01 6.681628525257110596e-02
3.975055217742919922e-01 6.757152825593948364e-02
3.882097601890563965e-01 6.827640533447265625e-02
3.842034637928009033e-01 6.856574118137359619e-02
3.794990181922912598e-01 6.889408081769943237e-02
3.618383109569549561e-01 7.001180946826934814e-02
3.590147495269775391e-01 7.017304003238677979e-02
3.539904952049255371e-01 7.044745236635208130e-02
3.291577696800231934e-01 7.155825197696685791e-02
3.223893046379089355e-01 7.178591936826705933e-02
3.160430490970611572e-01 7.196839898824691772e-02
3.032658994197845459e-01 7.224097847938537598e-02
2.909087240695953369e-01 7.237794995307922363e-02
2.826074063777923584e-01 7.239618897438049316e-02
2.673651278018951416e-01 7.226604223251342773e-02
2.576628625392913818e-01 7.206670939922332764e-02
2.543425261974334717e-01 7.197668403387069702e-02
2.366720438003540039e-01 7.130041718482971191e-02
2.254535406827926636e-01 7.068891823291778564e-02
2.119502574205398560e-01 6.975045055150985718e-02
2.005434185266494751e-01 6.877336651086807251e-02
1.887904554605484009e-01 6.757694482803344727e-02
1.845809221267700195e-01 6.709896773099899292e-02
1.747754514217376709e-01 6.587861478328704834e-02
1.679548621177673340e-01 6.493736058473587036e-02
1.636873036623001099e-01 6.430797278881072998e-02
1.539709568023681641e-01 6.275290995836257935e-02
1.458596587181091309e-01 6.131734699010848999e-02
1.374046653509140015e-01 5.967827513813972473e-02
1.270184665918350220e-01 5.744960904121398926e-02
1.136006191372871399e-01 5.418208613991737366e-02
1.016220748424530029e-01 5.084680765867233276e-02
9.114184975624084473e-02 4.755679145455360413e-02
8.282779902219772339e-02 4.466387629508972168e-02
7.195675373077392578e-02 4.044108465313911438e-02
6.405760347843170166e-02 3.700419887900352478e-02
5.767103284597396851e-02 3.395438939332962036e-02
4.928917065262794495e-02 2.950342558324337006e-02
3.885975107550621033e-02 2.301591075956821442e-02
3.518398851156234741e-02 2.037921175360679626e-02
3.299401327967643738e-02 1.868908666074275970e-02
2.968832850456237793e-02 1.592121273279190063e-02
2.791272662580013275e-02 1.429636590182781219e-02
2.187148667871952057e-02 7.425644900649785995e-03
2.082066051661968231e-02 5.763523746281862259e-03
1.996183395385742188e-02 4.084792453795671463e-03
1.920913718640804291e-02 1.886562909930944443e-03
1.900211535394191742e-02 -1.479629136156290770e-04
1.920261420309543610e-02 -1.435718266293406487e-03
1.981323957443237305e-02 -2.814000006765127182e-03
2.045679651200771332e-02 -3.656970104202628136e-03
2.114494889974594116e-02 -4.314804915338754654e-03
2.191686443984508514e-02 -4.893570672720670700e-03
2.333564870059490204e-02 -5.709538236260414124e-03
2.496632374823093414e-02 -6.419213954359292984e-03
2.857732400298118591e-02 -7.550206966698169708e-03
3.342045843601226807e-02 -8.611977100372314453e-03
4.125929251313209534e-02 -9.872558526694774628e-03
4.745742678642272949e-02 -1.068915426731109619e-02
5.385172739624977112e-02 -1.144806854426860809e-02
6.630804389715194702e-02 -1.279339101165533066e-02
7.993315160274505615e-02 -1.415028888732194901e-02
9.308950603008270264e-02 -1.538829691708087921e-02
1.016490831971168518e-01 -1.616404950618743896e-02
1.143813505768775940e-01 -1.728061586618423462e-02
1.277365833520889282e-01 -1.840821281075477600e-02
1.400128304958343506e-01 -1.940815150737762451e-02
1.461182236671447754e-01 -1.989297382533550262e-02
1.523467302322387695e-01 -2.037924900650978088e-02
1.691256165504455566e-01 -2.164834551513195038e-02
1.827760338783264160e-01 -2.263777144253253937e-02
1.959046423435211182e-01 -2.355354838073253632e-02
2.098863571882247925e-01 -2.449054084718227386e-02
2.292010635137557983e-01 -2.572008781135082245e-02
2.365605384111404419e-01 -2.616873383522033691e-02
2.476444691419601440e-01 -2.682363800704479218e-02
2.565899789333343506e-01 -2.733382768929004669e-02
2.668497264385223389e-01 -2.789860963821411133e-02
2.786018252372741699e-01 -2.851851284503936768e-02
2.891395092010498047e-01 -2.904948033392429352e-02
3.107751011848449707e-01 -3.006445989012718201e-02
3.215195834636688232e-01 -3.053013235330581665e-02
3.289973437786102295e-01 -3.083886764943599701e-02
3.347327411174774170e-01 -3.106702491641044617e-02
3.560206294059753418e-01 -3.184698522090911865e-02
3.594005405902862549e-01 -3.196095675230026245e-02
3.707737922668457031e-01 -3.232425451278686523e-02
3.774071335792541504e-01 -3.252159059047698975e-02
3.939701318740844727e-01 -3.296661004424095154e-02
4.040503501892089844e-01 -3.320357203483581543e-02
4.126346409320831299e-01 -3.338485956192016602e-02
4.207599163055419922e-01 -3.353887423872947693e-02
4.293356239795684814e-01 -3.368274122476577759e-02
4.366648793220520020e-01 -3.379039466381072998e-02
4.462040960788726807e-01 -3.390925377607345581e-02
4.582991898059844971e-01 -3.402533009648323059e-02
4.776550233364105225e-01 -3.413061797618865967e-02
4.918282032012939453e-01 -3.414561972022056580e-02
5.051884651184082031e-01 -3.411285579204559326e-02
5.207566022872924805e-01 -3.401941433548927307e-02
5.345295667648315430e-01 -3.388986364006996155e-02
5.399461388587951660e-01 -3.382757678627967834e-02
5.467151403427124023e-01 -3.374123573303222656e-02
5.532386302947998047e-01 -3.364952281117439270e-02
5.645487904548645020e-01 -3.347217291593551636e-02
5.675947070121765137e-01 -3.342073038220405579e-02
5.893892049789428711e-01 -3.301360830664634705e-02
5.948421359062194824e-01 -3.290269523859024048e-02
6.036304831504821777e-01 -3.271805495023727417e-02
6.094026565551757812e-01 -3.259347379207611084e-02
6.142177581787109375e-01 -3.248790651559829712e-02
6.184713244438171387e-01 -3.239362686872482300e-02
6.313840746879577637e-01 -3.210327774286270142e-02
6.392636299133300781e-01 -3.192441165447235107e-02
6.526880860328674316e-01 -3.161954507231712341e-02
6.619554758071899414e-01 -3.141041100025177002e-02
6.732495427131652832e-01 -3.115820884704589844e-02
6.817710995674133301e-01 -3.097014874219894409e-02
6.985639333724975586e-01 -3.060457855463027954e-02
7.060556411743164062e-01 -3.044279105961322784e-02
7.129614949226379395e-01 -3.029363229870796204e-02
7.270764112472534180e-01 -2.998581528663635254e-02
7.400366067886352539e-01 -2.969451621174812317e-02
7.461651563644409180e-01 -2.955187857151031494e-02
7.528266906738281250e-01 -2.939193509519100189e-02
7.577537298202514648e-01 -2.926969528198242188e-02
7.723973393440246582e-01 -2.888114936649799347e-02
7.777540087699890137e-01 -2.872748486697673798e-02
7.948485016822814941e-01 -2.818351797759532928e-02
7.984445095062255859e-01 -2.805685065686702728e-02
8.167930841445922852e-01 -2.732782810926437378e-02
8.330383896827697754e-01 -2.654110640287399292e-02
8.493046164512634277e-01 -2.558301575481891632e-02
8.586461544036865234e-01 -2.493907697498798370e-02
8.769418001174926758e-01 -2.343436703085899353e-02
8.795272707939147949e-01 -2.319173514842987061e-02
9.075929522514343262e-01 -1.994793862104415894e-02
9.135859608650207520e-01 -1.908062025904655457e-02
9.258814454078674316e-01 -1.705804653465747833e-02
9.399594664573669434e-01 -1.427638903260231018e-02
9.521088600158691406e-01 -1.144245639443397522e-02
9.584041833877563477e-01 -9.843927808105945587e-03
9.598413705825805664e-01 -9.472041390836238861e-03
9.616780877113342285e-01 -8.995390497148036957e-03
