9.666776657104492188e-01 8.511417545378208160e-04
9.660468101501464844e-01 9.130918770097196102e-04
9.634487628936767578e-01 1.176084042526781559e-03
9.554739594459533691e-01 2.037256723269820213e-03
9.328050017356872559e-01 4.698211327195167542e-03
9.213259816169738770e-01 6.104988045990467072e-03
9.081650376319885254e-01 7.744775619357824326e-03
9.025457501411437988e-01 8.451302535831928253e-03
8.905749320983886719e-01 9.965975768864154816e-03
8.827777504920959473e-01 1.095810439437627792e-02
8.620525598526000977e-01 1.360932830721139908e-02
8.557996153831481934e-01 1.441191323101520538e-02
8.466137647628784180e-01 1.559221092611551285e-02
8.391175866127014160e-01 1.655601151287555695e-02
8.288661241531372070e-01 1.787413656711578369e-02
8.232846856117248535e-01 1.859152130782604218e-02
8.136357069015502930e-01 1.983073726296424866e-02
8.036161661148071289e-01 2.111538127064704895e-02
7.979482412338256836e-01 2.184082753956317902e-02
7.906317114830017090e-01 2.277566678822040558e-02
7.668249607086181641e-01 2.580046094954013824e-02
7.568054199218750000e-01 2.706372365355491638e-02
7.465329170227050781e-01 2.835157886147499084e-02
7.431536912918090820e-01 2.877342142164707184e-02
7.326173186302185059e-01 3.008256666362285614e-02
7.266634702682495117e-01 3.081790171563625336e-02
7.151376008987426758e-01 3.223148733377456665e-02
7.122838497161865234e-01 3.257935121655464172e-02
7.014509439468383789e-01 3.389155864715576172e-02
6.920685172080993652e-01 3.501694649457931519e-02
6.825671195983886719e-01 3.614539280533790588e-02
6.767985224723815918e-01 3.682473301887512207e-02
6.593862771987915039e-01 3.884735703468322754e-02
6.556189060211181641e-01 3.927918896079063416e-02
6.465749740600585938e-01 4.030729457736015320e-02
6.398486495018005371e-01 4.106381163001060486e-02
6.349266171455383301e-01 4.161294922232627869e-02
6.235342025756835938e-01 4.286912083625793457e-02
6.092164516448974609e-01 4.441784694790840149e-02
6.059926748275756836e-01 4.476183652877807617e-02
5.852277874946594238e-01 4.693539440631866455e-02
5.781985521316528320e-01 4.765428975224494934e-02
5.612600445747375488e-01 4.935094341635704041e-02
5.462332367897033691e-01 5.081290751695632935e-02
5.393836498260498047e-01 5.146554484963417053e-02
5.359011888504028320e-01 5.179399251937866211e-02
5.154212713241577148e-01 5.367894098162651062e-02
5.081149935722351074e-01 5.433161556720733643e-02
4.934668540954589844e-01 5.560754239559173584e-02
4.806632697582244873e-01 5.668599531054496765e-02
4.717819094657897949e-01 5.741303414106369019e-02
4.684206843376159668e-01 5.768357217311859131e-02
4.598373174667358398e-01 5.836255103349685669e-02
4.527378082275390625e-01 5.891100317239761353e-02
4.369306266307830811e-01 6.008727476000785828e-02
4.269855022430419922e-01 6.079407781362533569e-02
4.179475009441375732e-01 6.141292303800582886e-02
4.000821709632873535e-01 6.256637722253799438e-02
3.904573619365692139e-01 6.314696371555328369e-02
3.844348490238189697e-01 6.349488347768783569e-02
3.744079768657684326e-01 6.404665112495422363e-02
3.590031564235687256e-01 6.482373178005218506e-02
3.451885581016540527e-01 6.544241309165954590e-02
3.214190602302551270e-01 6.631615757942199707e-02
3.142083287239074707e-01 6.652925908565521240e-02
3.050342500209808350e-01 6.676266342401504517e-02
2.902164459228515625e-01 6.704454123973846436e-02
2.653675675392150879e-01 6.722531467676162720e-02
2.600051760673522949e-01 6.721150130033493042e-02
2.496145367622375488e-01 6.712628901004791260e-02
2.375264167785644531e-01 6.692364811897277832e-02
2.178939133882522583e-01 6.633127480745315552e-02
2.106009572744369507e-01 6.601940095424652100e-02
1.937487125396728516e-01 6.508409231901168823e-02
1.837742477655410767e-01 6.437425315380096436e-02
1.694090813398361206e-01 6.311928480863571167e-02
1.613343358039855957e-01 6.227902695536613464e-02
1.514711827039718628e-01 6.110439822077751160e-02
1.310557425022125244e-01 5.806533247232437134e-02
1.259331405162811279e-01 5.715204775333404541e-02
1.217372044920921326e-01 5.635196715593338013e-02
1.076538115739822388e-01 5.327630415558815002e-02
1.002533212304115295e-01 5.137860029935836792e-02
9.634225815534591675e-02 5.028329044580459595e-02
7.994968444108963013e-02 4.482971876859664917e-02
6.963399052619934082e-02 4.045227915048599243e-02
6.477113068103790283e-02 3.803640604019165039e-02
6.197464838624000549e-02 3.651865571737289429e-02
5.191349238157272339e-02 3.002028353512287140e-02
4.796943813562393188e-02 2.685355022549629211e-02
4.122162610292434692e-02 2.003058791160583496e-02
3.954118862748146057e-02 1.788918487727642059e-02
3.741063550114631653e-02 1.473373826593160629e-02
3.549310564994812012e-02 1.120922062546014786e-02
3.415821120142936707e-02 8.012408390641212463e-03
3.295869007706642151e-02 3.734863596037030220e-03
3.250515088438987732e-02 6.063698092475533485e-04
3.244887292385101318e-02 -3.265321487560868263e-03
3.262533992528915405e-02 -5.117133259773254395e-03
3.363970667123794556e-02 -9.645034559071063995e-03
3.486914560198783875e-02 -1.280751638114452362e-02
3.801120817661285400e-02 -1.813615858554840088e-02
4.350089281797409058e-02 -2.424170076847076416e-02
5.262802541255950928e-02 -3.111436963081359863e-02
5.788514390587806702e-02 -3.415488824248313904e-02
6.457063555717468262e-02 -3.743307292461395264e-02
7.068225741386413574e-02 -4.000705108046531677e-02
7.664924860000610352e-02 -4.222132265567779541e-02
8.668245375156402588e-02 -4.542807117104530334e-02
9.742747992277145386e-02 -4.830583184957504272e-02
1.029832810163497925e-01 -4.961239174008369446e-02
1.132166981697082520e-01 -5.175056681036949158e-02
1.259011179208755493e-01 -5.399440973997116089e-02
1.402190923690795898e-01 -5.608448386192321777e-02
1.447967588901519775e-01 -5.666774511337280273e-02
1.543498635292053223e-01 -5.776790902018547058e-02
1.724853515625000000e-01 -5.947300419211387634e-02
1.795890778303146362e-01 -6.002062931656837463e-02
1.871824562549591064e-01 -6.053930893540382385e-02
2.010317891836166382e-01 -6.132344901561737061e-02
2.134784609079360962e-01 -6.186743080615997314e-02
2.168047279119491577e-01 -6.198919564485549927e-02
2.268570065498352051e-01 -6.230099126696586609e-02
2.338517159223556519e-01 -6.247074902057647705e-02
2.444981038570404053e-01 -6.265999376773834229e-02
2.492912411689758301e-01 -6.271947920322418213e-02
2.643917500972747803e-01 -6.280980259180068970e-02
2.926221489906311035e-01 -6.262408941984176636e-02
3.001803755760192871e-01 -6.250403076410293579e-02
3.064730167388916016e-01 -6.238324567675590515e-02
3.150519430637359619e-01 -6.218934431672096252e-02
3.194776177406311035e-01 -6.207658350467681885e-02
3.370252251625061035e-01 -6.154829636216163635e-02
3.446958959102630615e-01 -6.127854809165000916e-02
3.553385734558105469e-01 -6.086719781160354614e-02
3.626802563667297363e-01 -6.055917590856552124e-02
3.923073112964630127e-01 -5.912634357810020447e-02
3.981769382953643799e-01 -5.880800262093544006e-02
4.119627475738525391e-01 -5.801764875650405884e-02
4.141008555889129639e-01 -5.788979679346084595e-02
4.407853782176971436e-01 -5.617882311344146729e-02
4.502249956130981445e-01 -5.552372336387634277e-02
4.601798951625823975e-01 -5.480539798736572266e-02
4.691862165927886963e-01 -5.413158237934112549e-02
4.872291088104248047e-01 -5.271462351083755493e-02
4.917022883892059326e-01 -5.234972760081291199e-02
5.032622218132019043e-01 -5.138212814927101135e-02
5.178936719894409180e-01 -5.010754987597465515e-02
5.283794999122619629e-01 -4.916068539023399353e-02
5.329846143722534180e-01 -4.873627424240112305e-02
5.500476956367492676e-01 -4.711940139532089233e-02
5.573763251304626465e-01 -4.640430584549903870e-02
5.685837268829345703e-01 -4.528805240988731384e-02
5.782034397125244141e-01 -4.430921375751495361e-02
6.052033305168151855e-01 -4.147115722298622131e-02
6.093860864639282227e-01 -4.102110862731933594e-02
6.172190308570861816e-01 -4.017196223139762878e-02
6.341925859451293945e-01 -3.830825164914131165e-02
6.521359682083129883e-01 -3.631346672773361206e-02
6.748940348625183105e-01 -3.376934677362442017e-02
6.822755932807922363e-01 -3.294516727328300476e-02
6.899429559707641602e-01 -3.209133073687553406e-02
7.098336219787597656e-01 -2.989352121949195862e-02
7.267701625823974609e-01 -2.804992347955703735e-02
7.396392822265625000e-01 -2.667063847184181213e-02
7.423992156982421875e-01 -2.637750282883644104e-02
7.572389245033264160e-01 -2.481842227280139923e-02
7.633975744247436523e-01 -2.418012730777263641e-02
7.661574482917785645e-01 -2.389578707516193390e-02
7.758629322052001953e-01 -2.290435321629047394e-02
7.888426780700683594e-01 -2.159921452403068542e-02
7.949398159980773926e-01 -2.099440060555934906e-02
8.014732003211975098e-01 -2.035219222307205200e-02
8.067368268966674805e-01 -1.983920671045780182e-02
8.132373690605163574e-01 -1.921114511787891388e-02
8.260051608085632324e-01 -1.799517497420310974e-02
8.349922895431518555e-01 -1.715339347720146179e-02
8.415521979331970215e-01 -1.654647104442119598e-02
8.559122085571289062e-01 -1.524063013494014740e-02
8.628177046775817871e-01 -1.462425570935010910e-02
8.738318085670471191e-01 -1.365774590522050858e-02
8.793153762817382812e-01 -1.318458467721939087e-02
8.888307809829711914e-01 -1.237730123102664948e-02
8.959101438522338867e-01 -1.178887113928794861e-02
9.036775827407836914e-01 -1.115639414638280869e-02
9.112638235092163086e-01 -1.055319514125585556e-02
9.229133725166320801e-01 -9.658120572566986084e-03
9.306648969650268555e-01 -9.085546247661113739e-03
9.513110518455505371e-01 -7.646714802831411362e-03
9.619002342224121094e-01 -6.916480138897895813e-03
9.643004536628723145e-01 -6.741512566804885864e-03
9.673644304275512695e-01 -6.507677957415580750e-03
