9.727069139480590820e-01 -1.490364782512187958e-03
9.722216725349426270e-01 -1.388110336847603321e-03
9.685570597648620605e-01 -6.031887023709714413e-04
9.625869989395141602e-01 7.107712444849312305e-04
9.337650537490844727e-01 7.330688647925853729e-03
9.192297458648681641e-01 1.073868852108716965e-02
9.038838744163513184e-01 1.434525288641452789e-02
8.955299854278564453e-01 1.630564965307712555e-02
8.851337432861328125e-01 1.873797550797462463e-02
8.731418251991271973e-01 2.152878046035766602e-02
8.636845946311950684e-01 2.371543273329734802e-02
8.564218282699584961e-01 2.538477815687656403e-02
8.424724340438842773e-01 2.856326475739479065e-02
8.328042030334472656e-01 3.074240311980247498e-02
8.154318928718566895e-01 3.460348024964332581e-02
8.103757500648498535e-01 3.571302816271781921e-02
8.008427023887634277e-01 3.778657689690589905e-02
7.953271269798278809e-01 3.897478431463241577e-02
7.788388729095458984e-01 4.247474297881126404e-02
7.684368491172790527e-01 4.464079812169075012e-02
7.552793025970458984e-01 4.733176901936531067e-02
7.389839887619018555e-01 5.058628320693969727e-02
7.225700616836547852e-01 5.377351492643356323e-02
7.167810201644897461e-01 5.487529560923576355e-02
6.957018971443176270e-01 5.878621339797973633e-02
6.865434646606445312e-01 6.043509766459465027e-02
6.728569269180297852e-01 6.284127384424209595e-02
6.626525521278381348e-01 6.458922475576400757e-02
6.439637541770935059e-01 6.768672913312911987e-02
6.345731019973754883e-01 6.919140368700027466e-02
6.250318884849548340e-01 7.068406045436859131e-02
6.122894883155822754e-01 7.261979579925537109e-02
5.997467637062072754e-01 7.445918768644332886e-02
5.916494131088256836e-01 7.561120390892028809e-02
5.786811709403991699e-01 7.739685475826263428e-02
5.701365470886230469e-01 7.853254675865173340e-02
5.591201782226562500e-01 7.994773238897323608e-02
5.557048320770263672e-01 8.037505298852920532e-02
5.488552451133728027e-01 8.121550083160400391e-02
5.402817726135253906e-01 8.223579823970794678e-02
5.345932245254516602e-01 8.289302140474319458e-02
5.222894549369812012e-01 8.425936102867126465e-02
5.134136080741882324e-01 8.519707620143890381e-02
5.030808448791503906e-01 8.623676747083663940e-02
4.941010177135467529e-01 8.709376305341720581e-02
4.854297041893005371e-01 8.787922561168670654e-02
4.748677909374237061e-01 8.877866715192794800e-02
4.647019505500793457e-01 8.958354592323303223e-02
4.555426239967346191e-01 9.025626629590988159e-02
4.420405924320220947e-01 9.115477651357650757e-02
4.344030916690826416e-01 9.161267429590225220e-02
4.303495585918426514e-01 9.184060245752334595e-02
4.145530462265014648e-01 9.262681007385253906e-02
4.072161912918090820e-01 9.293559193611145020e-02
3.976593315601348877e-01 9.328281134366989136e-02
3.950066268444061279e-01 9.336796402931213379e-02
3.891199827194213867e-01 9.353944659233093262e-02
3.670471608638763428e-01 9.396148473024368286e-02
3.460710346698760986e-01 9.402794390916824341e-02
3.408637046813964844e-01 9.399222582578659058e-02
3.374097049236297607e-01 9.395680576562881470e-02
3.278544545173645020e-01 9.380963444709777832e-02
3.219681680202484131e-01 9.368247538805007935e-02
3.136259317398071289e-01 9.345383942127227783e-02
3.053244650363922119e-01 9.316898137331008911e-02
2.993441522121429443e-01 9.292775392532348633e-02
2.932747304439544678e-01 9.265165030956268311e-02
2.700736522674560547e-01 9.129728376865386963e-02
2.644302248954772949e-01 9.089416265487670898e-02
2.457446753978729248e-01 8.934482187032699585e-02
2.307096719741821289e-01 8.784963190555572510e-02
2.202882915735244751e-01 8.667697012424468994e-02
2.068537026643753052e-01 8.499277383089065552e-02
1.984450668096542358e-01 8.383551239967346191e-02
1.825365722179412842e-01 8.141648024320602417e-02
1.737137883901596069e-01 7.993812859058380127e-02
1.669506430625915527e-01 7.873491197824478149e-02
1.464699059724807739e-01 7.469200342893600464e-02
1.406686305999755859e-01 7.342901080846786499e-02
1.325810849666595459e-01 7.157346606254577637e-02
1.193457469344139099e-01 6.827864050865173340e-02
1.125697642564773560e-01 6.645590811967849731e-02
1.003463044762611389e-01 6.290576606988906860e-02
8.468038588762283325e-02 5.778415128588676453e-02
7.988008856773376465e-02 5.606462061405181885e-02
7.457686960697174072e-02 5.407086759805679321e-02
6.087798625230789185e-02 4.838944599032402039e-02
5.290284007787704468e-02 4.465428739786148071e-02
3.795293346047401428e-02 3.648975491523742676e-02
3.311209008097648621e-02 3.341066092252731323e-02
2.797534503042697906e-02 2.982408180832862854e-02
2.014386840164661407e-02 2.349675446748733521e-02
1.536398287862539291e-02 1.888303458690643311e-02
1.147480122745037079e-02 1.444616075605154037e-02
5.713618826121091843e-03 5.486903246492147446e-03
4.487461410462856293e-03 2.637380734086036682e-03
3.752001328393816948e-03 4.289119679015129805e-04
2.798975910991430283e-03 -6.985900923609733582e-03
2.903244458138942719e-03 -8.317837491631507874e-03
3.109291894361376762e-03 -9.693550877273082733e-03
3.620113711804151535e-03 -1.176787540316581726e-02
6.413459777832031250e-03 -1.747068017721176147e-02
8.839642629027366638e-03 -2.049924992024898529e-02
1.286697480827569962e-02 -2.423608303070068359e-02
1.889838837087154388e-02 -2.843073941767215729e-02
2.654363401234149933e-02 -3.255280107259750366e-02
3.289344534277915955e-02 -3.539556637406349182e-02
4.185010492801666260e-02 -3.883676230907440186e-02
4.807394742965698242e-02 -4.094559699296951294e-02
5.908191204071044922e-02 -4.426112025976181030e-02
7.160911709070205688e-02 -4.754801467061042786e-02
8.501546829938888550e-02 -5.063538253307342529e-02
8.948389440774917603e-02 -5.158369243144989014e-02
1.070049703121185303e-01 -5.498188361525535583e-02
1.227492094039916992e-01 -5.767136439681053162e-02
1.405172795057296753e-01 -6.037159264087677002e-02
1.512663364410400391e-01 -6.185787171125411987e-02
1.580624878406524658e-01 -6.274633109569549561e-02
1.742751002311706543e-01 -6.471975892782211304e-02
1.783402711153030396e-01 -6.518441438674926758e-02
1.836160123348236084e-01 -6.577047705650329590e-02
1.965389996767044067e-01 -6.712867319583892822e-02
2.153116166591644287e-01 -6.891906261444091797e-02
2.242486625909805298e-01 -6.970035284757614136e-02
2.372038364410400391e-01 -7.075608521699905396e-02
2.451369762420654297e-01 -7.135925441980361938e-02
2.527762651443481445e-01 -7.190989702939987183e-02
2.550812661647796631e-01 -7.207034528255462646e-02
2.732161283493041992e-01 -7.324226945638656616e-02
2.802670598030090332e-01 -7.365548610687255859e-02
2.907650768756866455e-01 -7.422761619091033936e-02
3.013279139995574951e-01 -7.475192099809646606e-02
3.325376510620117188e-01 -7.600518316030502319e-02
3.393487036228179932e-01 -7.622054964303970337e-02
3.518899083137512207e-01 -7.656294852495193481e-02
3.594318628311157227e-01 -7.673507928848266602e-02
3.723045587539672852e-01 -7.697033137083053589e-02
3.748640418052673340e-01 -7.700829207897186279e-02
3.851338326930999756e-01 -7.713118940591812134e-02
3.924193978309631348e-01 -7.718985527753829956e-02
4.021099805831909180e-01 -7.723100483417510986e-02
4.104073941707611084e-01 -7.723283767700195312e-02
4.311755597591400146e-01 -7.710205763578414917e-02
4.441612362861633301e-01 -7.692203670740127563e-02
4.508384168148040771e-01 -7.680011540651321411e-02
4.565146267414093018e-01 -7.668085396289825439e-02
4.692495167255401611e-01 -7.636129856109619141e-02
4.781703948974609375e-01 -7.609491795301437378e-02
4.872491359710693359e-01 -7.578827440738677979e-02
5.179439187049865723e-01 -7.449253648519515991e-02
5.304153561592102051e-01 -7.385626435279846191e-02
5.367411971092224121e-01 -7.351045310497283936e-02
5.472713708877563477e-01 -7.290157675743103027e-02
5.565033555030822754e-01 -7.233487814664840698e-02
5.655458569526672363e-01 -7.175142318010330200e-02
5.878870487213134766e-01 -7.019826769828796387e-02
5.951219797134399414e-01 -6.966398656368255615e-02
6.041887998580932617e-01 -6.897465884685516357e-02
6.092203855514526367e-01 -6.858317553997039795e-02
6.216657757759094238e-01 -6.758920103311538696e-02
6.281701922416687012e-01 -6.705605983734130859e-02
6.562453508377075195e-01 -6.465900689363479614e-02
6.600531339645385742e-01 -6.432278454303741455e-02
6.704429984092712402e-01 -6.339267641305923462e-02
6.871657371520996094e-01 -6.185670942068099976e-02
6.977009177207946777e-01 -6.086368858814239502e-02
7.069784402847290039e-01 -5.997190997004508972e-02
7.150499224662780762e-01 -5.918187648057937622e-02
7.251673936843872070e-01 -5.817126855254173279e-02
7.407871484756469727e-01 -5.656089633703231812e-02
7.472165822982788086e-01 -5.587806925177574158e-02
7.587369084358215332e-01 -5.462137982249259949e-02
7.737686634063720703e-01 -5.290866643190383911e-02
7.790778279304504395e-01 -5.228143557906150818e-02
7.907281517982482910e-01 -5.085888877511024475e-02
7.975573539733886719e-01 -4.999286308884620667e-02
8.059232831001281738e-01 -4.889621958136558533e-02
8.126237392425537109e-01 -4.798719659447669983e-02
8.296310901641845703e-01 -4.554226994514465332e-02
8.382959961891174316e-01 -4.421153292059898376e-02
8.520045876502990723e-01 -4.197113588452339172e-02
8.620710372924804688e-01 -4.020741954445838928e-02
8.756229877471923828e-01 -3.765044733881950378e-02
8.859834671020507812e-01 -3.553379699587821960e-02
9.025623798370361328e-01 -3.179907053709030151e-02
9.086329340934753418e-01 -3.030670434236526489e-02
9.315696954727172852e-01 -2.389685809612274170e-02
9.409286975860595703e-01 -2.084057405591011047e-02
9.563993215560913086e-01 -1.503125857561826706e-02
9.647916555404663086e-01 -1.140565332025289536e-02
9.705144166946411133e-01 -8.728287182748317719e-03
9.719202518463134766e-01 -8.046329021453857422e-03
