9.689761996269226074e-01 1.387601718306541443e-03
9.684250354766845703e-01 1.445150934159755707e-03
9.606947898864746094e-01 2.196214627474546432e-03
9.488885402679443359e-01 3.257394069805741310e-03
9.184808731079101562e-01 5.924700293689966202e-03
8.997949957847595215e-01 7.609909866005182266e-03
8.846201896667480469e-01 9.025492705404758453e-03
8.741605281829833984e-01 1.003002561628818512e-02
8.599948883056640625e-01 1.143192034214735031e-02
8.487735390663146973e-01 1.257886458188295364e-02
8.310899734497070312e-01 1.445656362920999527e-02
8.226349949836730957e-01 1.538644824177026749e-02
8.108566999435424805e-01 1.671824604272842407e-02
7.990007996559143066e-01 1.810321770608425140e-02
7.874842882156372070e-01 1.949281804263591766e-02
7.817925214767456055e-01 2.019611001014709473e-02
7.714557647705078125e-01 2.150199934840202332e-02
7.568603754043579102e-01 2.340999245643615723e-02
7.374255657196044922e-01 2.606953307986259460e-02
7.339933514595031738e-01 2.655351534485816956e-02
7.177290916442871094e-01 2.890502847731113434e-02
6.957804560661315918e-01 3.222915157675743103e-02
6.745876073837280273e-01 3.559668362140655518e-02
6.709526777267456055e-01 3.618905320763587952e-02
6.552399992942810059e-01 3.879646956920623779e-02
6.483094096183776855e-01 3.996939957141876221e-02
6.359006166458129883e-01 4.210162907838821411e-02
6.282182931900024414e-01 4.344081878662109375e-02
6.113141179084777832e-01 4.643267020583152771e-02
6.017267107963562012e-01 4.815335199236869812e-02
5.869801044464111328e-01 5.082679539918899536e-02
5.753090381622314453e-01 5.296039208769798279e-02
5.674511194229125977e-01 5.440323799848556519e-02
5.618432164192199707e-01 5.543505772948265076e-02
5.409092903137207031e-01 5.929326638579368591e-02
5.338358283042907715e-01 6.059593334794044495e-02
5.258171558380126953e-01 6.206995248794555664e-02
5.208439826965332031e-01 6.298204511404037476e-02
5.079443454742431641e-01 6.533747166395187378e-02
5.036510229110717773e-01 6.611725687980651855e-02
4.935021698474884033e-01 6.795053929090499878e-02
4.883457422256469727e-01 6.887581944465637207e-02
4.810314476490020752e-01 7.018017023801803589e-02
4.671996831893920898e-01 7.261691242456436157e-02
4.568562507629394531e-01 7.440993189811706543e-02
4.495938420295715332e-01 7.565190643072128296e-02
4.436193108558654785e-01 7.666230201721191406e-02
4.301243126392364502e-01 7.890333235263824463e-02
4.251179397106170654e-01 7.971908152103424072e-02
4.138223826885223389e-01 8.152576535940170288e-02
4.063564538955688477e-01 8.269239217042922974e-02
4.026804268360137939e-01 8.325830847024917603e-02
3.857034444808959961e-01 8.579371869564056396e-02
3.699934482574462891e-01 8.801519125699996948e-02
3.624769747257232666e-01 8.903168886899948120e-02
3.511908650398254395e-01 9.049727022647857666e-02
3.347464799880981445e-01 9.249230474233627319e-02
3.227985501289367676e-01 9.382874518632888794e-02
3.118923902511596680e-01 9.495887905359268188e-02
3.075575828552246094e-01 9.538300335407257080e-02
2.945701181888580322e-01 9.656374901533126831e-02
2.805151939392089844e-01 9.768021106719970703e-02
2.769776284694671631e-01 9.793324768543243408e-02
2.576319277286529541e-01 9.910407662391662598e-02
2.452978789806365967e-01 9.964976459741592407e-02
2.300198525190353394e-01 1.000891700387001038e-01
2.230036854743957520e-01 1.001973077654838562e-01
2.186882644891738892e-01 1.002330183982849121e-01
2.167206853628158569e-01 1.002413108944892883e-01
2.012079954147338867e-01 1.001235470175743103e-01
1.968906819820404053e-01 1.000303626060485840e-01
1.820321381092071533e-01 9.949351847171783447e-02
1.644581258296966553e-01 9.838965535163879395e-02
1.501726061105728149e-01 9.707491099834442139e-02
1.367686390876770020e-01 9.545962512493133545e-02
1.204451918601989746e-01 9.292803704738616943e-02
1.166451871395111084e-01 9.224019199609756470e-02
1.060708835721015930e-01 9.010923653841018677e-02
9.731639176607131958e-02 8.808204531669616699e-02
9.166833013296127319e-02 8.663478493690490723e-02
8.310043811798095703e-02 8.420883119106292725e-02
7.946794480085372925e-02 8.308918774127960205e-02
6.853597611188888550e-02 7.935116440057754517e-02
5.786673724651336670e-02 7.508585602045059204e-02
5.148763954639434814e-02 7.218731194734573364e-02
4.752375185489654541e-02 7.023327797651290894e-02
4.149184748530387878e-02 6.700246036052703857e-02
3.273010998964309692e-02 6.164775416254997253e-02
2.320704795420169830e-02 5.465782806277275085e-02
1.710410974919795990e-02 4.928241670131683350e-02
1.195717509835958481e-02 4.396728426218032837e-02
8.265424519777297974e-03 3.953640908002853394e-02
4.496238660067319870e-03 3.423759341239929199e-02
3.646189288701862097e-04 2.696579508483409882e-02
-2.805961295962333679e-03 1.926094852387905121e-02
-4.141659941524267197e-03 1.463451050221920013e-02
-4.615473095327615738e-03 1.250162534415721893e-02
-5.363463424146175385e-03 7.572615984827280045e-03
-5.606232676655054092e-03 2.094852738082408905e-03
-5.289528053253889084e-03 -2.567342715337872505e-03
-3.967720549553632736e-03 -8.994837291538715363e-03
-7.898170733824372292e-04 -1.666232943534851074e-02
1.374883926473557949e-03 -2.017434500157833099e-02
6.274428218603134155e-03 -2.607831545174121857e-02
1.308596320450305939e-02 -3.190663829445838928e-02
2.189164422452449799e-02 -3.734876587986946106e-02
2.534968778491020203e-02 -3.907750919461250305e-02
2.953344583511352539e-02 -4.094126820564270020e-02
3.970830142498016357e-02 -4.466159269213676453e-02
4.560154303908348083e-02 -4.640337452292442322e-02
5.406096205115318298e-02 -4.849113523960113525e-02
6.209128350019454956e-02 -5.010183528065681458e-02
7.403334975242614746e-02 -5.195813626050949097e-02
8.805637061595916748e-02 -5.348529294133186340e-02
9.520161896944046021e-02 -5.404529348015785217e-02
1.057158708572387695e-01 -5.465100705623626709e-02
1.260647475719451904e-01 -5.524371564388275146e-02
1.339987963438034058e-01 -5.531564727425575256e-02
1.423357427120208740e-01 -5.531743168830871582e-02
1.520421355962753296e-01 -5.524104461073875427e-02
1.607722640037536621e-01 -5.511386319994926453e-02
1.714650243520736694e-01 -5.489879474043846130e-02
1.795198023319244385e-01 -5.470289289951324463e-02
1.899572163820266724e-01 -5.441621690988540649e-02
2.038849145174026489e-01 -5.399234592914581299e-02
2.230203151702880859e-01 -5.336447432637214661e-02
2.385712116956710815e-01 -5.283742398023605347e-02
2.432351708412170410e-01 -5.267875269055366516e-02
2.493289262056350708e-01 -5.247183889150619507e-02
2.585873901844024658e-01 -5.215944349765777588e-02
2.654639482498168945e-01 -5.192980542778968811e-02
2.763658463954925537e-01 -5.157132819294929504e-02
2.902643680572509766e-01 -5.112668499350547791e-02
3.038038015365600586e-01 -5.070909112691879272e-02
3.240342140197753906e-01 -5.011744052171707153e-02
3.313170373439788818e-01 -4.991450905799865723e-02
3.468507528305053711e-01 -4.950010776519775391e-02
3.525481820106506348e-01 -4.935450851917266846e-02
3.654583394527435303e-01 -4.903729632496833801e-02
3.860341310501098633e-01 -4.856821149587631226e-02
3.966612219810485840e-01 -4.834328964352607727e-02
4.013116657733917236e-01 -4.824851080775260925e-02
4.106709063053131104e-01 -4.806442186236381531e-02
4.224283695220947266e-01 -4.784548655152320862e-02
4.305683374404907227e-01 -4.770176112651824951e-02
4.376520216464996338e-01 -4.758176952600479126e-02
4.485273361206054688e-01 -4.740643873810768127e-02
4.567596316337585449e-01 -4.728062078356742859e-02
4.777820110321044922e-01 -4.698442667722702026e-02
4.952898621559143066e-01 -4.676238819956779480e-02
5.046796202659606934e-01 -4.665118083357810974e-02
5.094713568687438965e-01 -4.659627750515937805e-02
5.227201581001281738e-01 -4.644999280571937561e-02
5.319942831993103027e-01 -4.635145142674446106e-02
5.496279001235961914e-01 -4.616928100585937500e-02
5.588256716728210449e-01 -4.607501253485679626e-02
5.679788589477539062e-01 -4.598028212785720825e-02
5.802565217018127441e-01 -4.584955796599388123e-02
5.886442065238952637e-01 -4.575632885098457336e-02
6.033926010131835938e-01 -4.558080062270164490e-02
6.142160892486572266e-01 -4.543928802013397217e-02
6.274966001510620117e-01 -4.524631053209304810e-02
6.379989981651306152e-01 -4.507517442107200623e-02
6.416087746620178223e-01 -4.501198604702949524e-02
6.610173583030700684e-01 -4.462745413184165955e-02
6.736769676208496094e-01 -4.432939738035202026e-02
6.794758439064025879e-01 -4.417853057384490967e-02
6.958664059638977051e-01 -4.369738325476646423e-02
7.122876048088073730e-01 -4.312415048480033875e-02
7.190978527069091797e-01 -4.285655915737152100e-02
7.257416844367980957e-01 -4.257730394601821899e-02
7.343484759330749512e-01 -4.218734055757522583e-02
7.481142878532409668e-01 -4.149290919303894043e-02
7.588242292404174805e-01 -4.088785499334335327e-02
7.673799395561218262e-01 -4.036086425185203552e-02
7.776486277580261230e-01 -3.967396542429924011e-02
7.885774374008178711e-01 -3.887367993593215942e-02
7.977749109268188477e-01 -3.814138099551200867e-02
8.129599690437316895e-01 -3.680599853396415710e-02
8.232650160789489746e-01 -3.580339252948760986e-02
8.304442167282104492e-01 -3.505548089742660522e-02
8.387529850006103516e-01 -3.413616865873336792e-02
8.507040739059448242e-01 -3.270582854747772217e-02
8.616275191307067871e-01 -3.127757459878921509e-02
8.812574744224548340e-01 -2.838234417140483856e-02
8.915834426879882812e-01 -2.666523866355419159e-02
9.056848287582397461e-01 -2.406384609639644623e-02
9.173284173011779785e-01 -2.165173180401325226e-02
9.497985243797302246e-01 -1.311454642564058304e-02
9.597820639610290527e-01 -9.690635837614536285e-03
9.659913778305053711e-01 -7.291579153388738632e-03
9.697681069374084473e-01 -5.720470566302537918e-03
