9.595652222633361816e-01 2.528530079871416092e-03
9.582049250602722168e-01 2.595271915197372437e-03
9.520024061203002930e-01 2.899941289797425270e-03
9.359381198883056641e-01 3.690788289532065392e-03
9.148542284965515137e-01 4.735663998872041702e-03
9.031720161437988281e-01 5.321087781339883804e-03
8.709360361099243164e-01 6.976544391363859177e-03
8.619198203086853027e-01 7.453408557921648026e-03
8.417625427246093750e-01 8.547454141080379486e-03
8.277962207794189453e-01 9.331636130809783936e-03
8.171119093894958496e-01 9.948116727173328400e-03
8.082558512687683105e-01 1.047108788043260574e-02
7.991549372673034668e-01 1.102075539529323578e-02
7.855215072631835938e-01 1.186942309141159058e-02
7.486848235130310059e-01 1.433931756764650345e-02
7.386543154716491699e-01 1.506374869495630264e-02
7.316241264343261719e-01 1.558655500411987305e-02
7.153245806694030762e-01 1.685023307800292969e-02
7.051725983619689941e-01 1.767662912607192993e-02
6.903848648071289062e-01 1.893964596092700958e-02
6.792577505111694336e-01 1.994005776941776276e-02
6.706127524375915527e-01 2.074921131134033203e-02
6.542544364929199219e-01 2.236218191683292389e-02
6.501201987266540527e-01 2.278774231672286987e-02
6.384019851684570312e-01 2.403541095554828644e-02
6.282907724380493164e-01 2.516333386301994324e-02
6.151147484779357910e-01 2.670810185372829437e-02
5.965341329574584961e-01 2.903744578361511230e-02
5.853515863418579102e-01 3.052736446261405945e-02
5.793565511703491211e-01 3.135376051068305969e-02
5.719271302223205566e-01 3.240468725562095642e-02
5.580196380615234375e-01 3.445094823837280273e-02
5.439342856407165527e-01 3.662556409835815430e-02
5.381693840026855469e-01 3.754398599267005920e-02
5.310720801353454590e-01 3.869614750146865845e-02
5.258778929710388184e-01 3.955380246043205261e-02
5.162638425827026367e-01 4.117143526673316956e-02
5.050852298736572266e-01 4.309724643826484680e-02
4.931355714797973633e-01 4.520180821418762207e-02
4.856227934360504150e-01 4.654515907168388367e-02
4.793810248374938965e-01 4.767102003097534180e-02
4.673246443271636963e-01 4.986477643251419067e-02
4.589329361915588379e-01 5.140171572566032410e-02
4.491216540336608887e-01 5.320309475064277649e-02
4.420672655105590820e-01 5.449795350432395935e-02
4.302672445774078369e-01 5.665604025125503540e-02
4.184470772743225098e-01 5.879840254783630371e-02
4.109995663166046143e-01 6.013336405158042908e-02
4.001345038414001465e-01 6.205369159579277039e-02
3.906168639659881592e-01 6.370353698730468750e-02
3.739308118820190430e-01 6.650583446025848389e-02
3.634634017944335938e-01 6.819438934326171875e-02
3.536609709262847900e-01 6.971968710422515869e-02
3.476783931255340576e-01 7.062147557735443115e-02
3.327130079269409180e-01 7.277091592550277710e-02
3.283025026321411133e-01 7.337322086095809937e-02
3.209767937660217285e-01 7.433995604515075684e-02
3.079054653644561768e-01 7.595375180244445801e-02
2.965732514858245850e-01 7.722856104373931885e-02
2.876449227333068848e-01 7.814532518386840820e-02
2.794572412967681885e-01 7.891383022069931030e-02
2.748301327228546143e-01 7.931616157293319702e-02
2.663458287715911865e-01 7.999116927385330200e-02
2.611421942710876465e-01 8.036347478628158569e-02
2.507934570312500000e-01 8.100501447916030884e-02
2.453118860721588135e-01 8.128916472196578979e-02
2.379693537950515747e-01 8.160652220249176025e-02
2.285279333591461182e-01 8.190318197011947632e-02
2.165289968252182007e-01 8.208825439214706421e-02
2.052069157361984253e-01 8.205201476812362671e-02
1.954961121082305908e-01 8.184581995010375977e-02
1.891493946313858032e-01 8.161828666925430298e-02
1.822330653667449951e-01 8.128233999013900757e-02
1.745192259550094604e-01 8.079394698143005371e-02
1.682646125555038452e-01 8.030528575181961060e-02
1.611461639404296875e-01 7.964272052049636841e-02
1.503022164106369019e-01 7.840122282505035400e-02
1.375328451395034790e-01 7.654733210802078247e-02
1.301204711198806763e-01 7.525777816772460938e-02
1.203462034463882446e-01 7.329310476779937744e-02
1.149317249655723572e-01 7.206465303897857666e-02
1.106212362647056580e-01 7.100981473922729492e-02
1.001765504479408264e-01 6.814683228731155396e-02
9.300012141466140747e-02 6.590161472558975220e-02
8.652669191360473633e-02 6.365768611431121826e-02
7.768499106168746948e-02 6.021269783377647400e-02
6.836847960948944092e-02 5.602545291185379028e-02
5.599269643425941467e-02 4.933405667543411255e-02
4.895791783928871155e-02 4.476026445627212524e-02
4.424513503909111023e-02 4.126588627696037292e-02
3.514172136783599854e-02 3.301748260855674744e-02
3.020287305116653442e-02 2.702812850475311279e-02
2.818658761680126190e-02 2.390032075345516205e-02
2.680221572518348694e-02 2.125896327197551727e-02
2.541503868997097015e-02 1.762238703668117523e-02
2.478540316224098206e-02 1.465955004096031189e-02
2.465495467185974121e-02 1.251430157572031021e-02
2.486033923923969269e-02 1.027880888432264328e-02
2.528646215796470642e-02 8.591108024120330811e-03
2.548981644213199615e-02 8.023472502827644348e-03
2.651395276188850403e-02 5.979304201900959015e-03
2.909899130463600159e-02 2.956190844997763634e-03
3.225327655673027039e-02 7.018977194093167782e-04
3.549801930785179138e-02 -8.936373633332550526e-04
3.949110954999923706e-02 -2.298321109265089035e-03
4.375423863530158997e-02 -3.370720194652676582e-03
4.724711179733276367e-02 -4.024212714284658432e-03
5.573146417737007141e-02 -5.050932522863149643e-03
5.859914422035217285e-02 -5.269182845950126648e-03
7.003651559352874756e-02 -5.725770257413387299e-03
8.835193514823913574e-02 -5.673361942172050476e-03
9.594947099685668945e-02 -5.514865275472402573e-03
1.022083163261413574e-01 -5.356205627322196960e-03
1.151773110032081604e-01 -4.991139285266399384e-03
1.203274950385093689e-01 -4.842797294259071350e-03
1.282039880752563477e-01 -4.620053339749574661e-03
1.451244801282882690e-01 -4.178395960479974747e-03
1.608453840017318726e-01 -3.828659188002347946e-03
1.695265918970108032e-01 -3.662362927570939064e-03
1.739926338195800781e-01 -3.584121586754918098e-03
1.892570108175277710e-01 -3.352456958964467049e-03
2.018001973628997803e-01 -3.200605046004056931e-03
2.088681161403656006e-01 -3.129000542685389519e-03
2.178457826375961304e-01 -3.051427192986011505e-03
2.274227589368820190e-01 -2.983962185680866241e-03
2.404199093580245972e-01 -2.915349090471863747e-03
2.459145784378051758e-01 -2.893636003136634827e-03
2.544675171375274658e-01 -2.867749892175197601e-03
2.718613743782043457e-01 -2.842122688889503479e-03
2.807723283767700195e-01 -2.841618377715349197e-03
2.880024909973144531e-01 -2.846861025318503380e-03
2.991262078285217285e-01 -2.864063251763582230e-03
3.086685538291931152e-01 -2.886935370042920113e-03
3.139362931251525879e-01 -2.902521984651684761e-03
3.313293755054473877e-01 -2.967636566609144211e-03
3.409592807292938232e-01 -3.011888358741998672e-03
3.506616950035095215e-01 -3.061776515096426010e-03
3.559382259845733643e-01 -3.090999554842710495e-03
3.652001321315765381e-01 -3.145605325698852539e-03
3.732274174690246582e-01 -3.196143079549074173e-03
3.887908160686492920e-01 -3.301918273791670799e-03
3.958131968975067139e-01 -3.352744271978735924e-03
4.126900136470794678e-01 -3.482052590698003769e-03
4.184370040893554688e-01 -3.528244793415069580e-03
4.278430044651031494e-01 -3.606047714129090309e-03
4.351222217082977295e-01 -3.668070537969470024e-03
4.505857825279235840e-01 -3.804788459092378616e-03
4.630131125450134277e-01 -3.919351845979690552e-03
4.677114784717559814e-01 -3.963718190789222717e-03
4.910974800586700439e-01 -4.193058703094720840e-03
5.002312064170837402e-01 -4.286466166377067566e-03
5.121031999588012695e-01 -4.411136731505393982e-03
5.246141552925109863e-01 -4.546576179563999176e-03
5.360516905784606934e-01 -4.674081224948167801e-03
5.429955720901489258e-01 -4.753230605274438858e-03
5.545730590820312500e-01 -4.888118244707584381e-03
5.616064667701721191e-01 -4.971820395439863205e-03
5.719149112701416016e-01 -5.096838809549808502e-03
5.786592960357666016e-01 -5.180072505027055740e-03
5.863882303237915039e-01 -5.276768002659082413e-03
5.929012298583984375e-01 -5.359253380447626114e-03
6.022575497627258301e-01 -5.479172803461551666e-03
6.124464273452758789e-01 -5.611328873783349991e-03
6.153426766395568848e-01 -5.649121943861246109e-03
6.327596902847290039e-01 -5.877561401575803757e-03
6.377283930778503418e-01 -5.942786578088998795e-03
6.622605323791503906e-01 -6.261006928980350494e-03
6.825976371765136719e-01 -6.513453088700771332e-03
6.900191903114318848e-01 -6.601345725357532501e-03
6.963040828704833984e-01 -6.673530675470829010e-03
7.096861004829406738e-01 -6.819164846092462540e-03
7.230314612388610840e-01 -6.951511371880769730e-03
7.339955568313598633e-01 -7.048915140330791473e-03
7.373685240745544434e-01 -7.076601497828960419e-03
7.549471259117126465e-01 -7.201536558568477631e-03
7.628156542778015137e-01 -7.245954126119613647e-03
7.686648368835449219e-01 -7.273927796632051468e-03
7.749636173248291016e-01 -7.298960350453853607e-03
7.925623655319213867e-01 -7.338614203035831451e-03
8.017179965972900391e-01 -7.339987438172101974e-03
8.172610402107238770e-01 -7.308522704988718033e-03
8.265368342399597168e-01 -7.267466746270656586e-03
8.396925330162048340e-01 -7.177230902016162872e-03
8.462947010993957520e-01 -7.116387598216533661e-03
8.589172363281250000e-01 -6.967502180486917496e-03
8.652361035346984863e-01 -6.875154562294483185e-03
8.793678879737854004e-01 -6.618541199713945389e-03
9.117442369461059570e-01 -5.669744685292243958e-03
9.362310767173767090e-01 -4.347425419837236404e-03
9.555779099464416504e-01 -2.425503451377153397e-03
9.575138688087463379e-01 -2.154904417693614960e-03
9.594095349311828613e-01 -1.871015294454991817e-03
