9.688913822174072266e-01 8.591883670305833220e-05
9.683641791343688965e-01 2.194084954680874944e-04
9.653682112693786621e-01 9.655026369728147984e-04
9.601500630378723145e-01 2.230784855782985687e-03
9.505149126052856445e-01 4.506803583353757858e-03
9.436186552047729492e-01 6.108856294304132462e-03
9.361822605133056641e-01 7.818557322025299072e-03
9.339044094085693359e-01 8.338840678334236145e-03
9.275702238082885742e-01 9.777268394827842712e-03
9.233552813529968262e-01 1.072736084461212158e-02
9.135983586311340332e-01 1.290384214371442795e-02
9.116072654724121094e-01 1.334386505186557770e-02
9.029871225357055664e-01 1.523109432309865952e-02
8.975452184677124023e-01 1.640700921416282654e-02
8.888407349586486816e-01 1.826096512377262115e-02
8.853027224540710449e-01 1.900454796850681305e-02
8.757043480873107910e-01 2.099097333848476410e-02
8.685598969459533691e-01 2.243878878653049469e-02
8.628768324851989746e-01 2.357075735926628113e-02
8.576155900955200195e-01 2.460260316729545593e-02
8.458098769187927246e-01 2.685891464352607727e-02
8.391072750091552734e-01 2.810217812657356262e-02
8.273365497589111328e-01 3.021636977791786194e-02
8.205708265304565430e-01 3.139040619134902954e-02
8.131153583526611328e-01 3.264829143881797791e-02
8.018880486488342285e-01 3.446996957063674927e-02
7.932245135307312012e-01 3.581479564309120178e-02
7.885025739669799805e-01 3.652514144778251648e-02
7.782840728759765625e-01 3.800705820322036743e-02
7.635002732276916504e-01 4.001618549227714539e-02
7.507045269012451172e-01 4.162617400288581848e-02
7.250437736511230469e-01 4.449936375021934509e-02
7.166803479194641113e-01 4.533586278557777405e-02
7.125862836837768555e-01 4.572799801826477051e-02
7.009328007698059082e-01 4.678311571478843689e-02
6.923673152923583984e-01 4.750260710716247559e-02
6.744619011878967285e-01 4.886071383953094482e-02
6.565951108932495117e-01 5.003167316317558289e-02
6.453778743743896484e-01 5.067982897162437439e-02
6.352338194847106934e-01 5.121215432882308960e-02
6.294261813163757324e-01 5.149506032466888428e-02
6.138864159584045410e-01 5.217849835753440857e-02
5.977680683135986328e-01 5.278241634368896484e-02
5.922562479972839355e-01 5.296620726585388184e-02
5.826328396797180176e-01 5.326110869646072388e-02
5.648774504661560059e-01 5.372403189539909363e-02
5.532280802726745605e-01 5.397491902112960815e-02
5.317271351814270020e-01 5.433848500251770020e-02
5.160182118415832520e-01 5.452955886721611023e-02
5.068042278289794922e-01 5.461458861827850342e-02
4.851258993148803711e-01 5.474119260907173157e-02
4.758483469486236572e-01 5.476550757884979248e-02
4.659324884414672852e-01 5.477261915802955627e-02
4.600079357624053955e-01 5.476778745651245117e-02
4.357298314571380615e-01 5.467892810702323914e-02
4.289773702621459961e-01 5.463486537337303162e-02
4.144210815429687500e-01 5.451157689094543457e-02
4.036537706851959229e-01 5.439551547169685364e-02
3.930860161781311035e-01 5.426084250211715698e-02
3.844150006771087646e-01 5.413484200835227966e-02
3.765248358249664307e-01 5.400780960917472839e-02
3.648338317871093750e-01 5.379745736718177795e-02
3.543654084205627441e-01 5.358605459332466125e-02
3.298725783824920654e-01 5.300172418355941772e-02
3.228645026683807373e-01 5.281008407473564148e-02
3.076666593551635742e-01 5.235432088375091553e-02
2.950094640254974365e-01 5.193027481436729431e-02
2.823894619941711426e-01 5.146414041519165039e-02
2.671516835689544678e-01 5.083880946040153503e-02
2.518829107284545898e-01 5.013713240623474121e-02
2.353640347719192505e-01 4.928388446569442749e-02
2.252814173698425293e-01 4.871003702282905579e-02
2.152345478534698486e-01 4.809440672397613525e-02
2.031727582216262817e-01 4.729256406426429749e-02
1.880217939615249634e-01 4.617792740464210510e-02
1.781225949525833130e-01 4.537797346711158752e-02
1.663133054971694946e-01 4.434104636311531067e-02
1.504119187593460083e-01 4.278503730893135071e-02
1.369917988777160645e-01 4.130839183926582336e-02
1.237920597195625305e-01 3.968642279505729675e-02
1.149583756923675537e-01 3.849349915981292725e-02
1.073575466871261597e-01 3.738927841186523438e-02
9.488279372453689575e-02 3.539954870939254761e-02
7.725970447063446045e-02 3.213457763195037842e-02
6.558013707399368286e-02 2.959875017404556274e-02
5.815229564905166626e-02 2.778904326260089874e-02
5.018844082951545715e-02 2.563682757318019867e-02
4.647104814648628235e-02 2.454220131039619446e-02
3.464091941714286804e-02 2.055411040782928467e-02
2.804217487573623657e-02 1.786124706268310547e-02
2.410925365984439850e-02 1.601146906614303589e-02
1.919593103229999542e-02 1.330445334315299988e-02
1.494270097464323044e-02 1.034635677933692932e-02
1.275127381086349487e-02 8.374353870749473572e-03
1.051568519324064255e-02 5.531860515475273132e-03
9.869100525975227356e-03 4.234979860484600067e-03
9.314497001469135284e-03 1.441151602193713188e-03
9.829568676650524139e-03 -9.902830934152007103e-04
1.014979183673858643e-02 -1.665308838710188866e-03
1.127094682306051254e-02 -3.304436570033431053e-03
1.465990487486124039e-02 -6.275303196161985397e-03
1.683557219803333282e-02 -7.619882468134164810e-03
2.443917840719223022e-02 -1.102179381996393204e-02
2.778985910117626190e-02 -1.217240747064352036e-02
3.605028614401817322e-02 -1.451484300196170807e-02
4.281045123934745789e-02 -1.608296111226081848e-02
5.911278352141380310e-02 -1.909108087420463562e-02
7.753702253103256226e-02 -2.169177867472171783e-02
9.954334050416946411e-02 -2.414359524846076965e-02
1.148787885904312134e-01 -2.557265199720859528e-02
1.218711733818054199e-01 -2.616643905639648438e-02
1.344818323850631714e-01 -2.716127969324588776e-02
1.401968896389007568e-01 -2.758364565670490265e-02
1.548699587583541870e-01 -2.859769016504287720e-02
1.688604652881622314e-01 -2.948248200118541718e-02
1.806051582098007202e-01 -3.017196990549564362e-02
1.905959248542785645e-01 -3.072456456720829010e-02
1.990803033113479614e-01 -3.117149509489536285e-02
2.117457687854766846e-01 -3.180366382002830505e-02
2.186123579740524292e-01 -3.213007003068923950e-02
2.284935116767883301e-01 -3.258099406957626343e-02
2.325663566589355469e-01 -3.276068717241287231e-02
2.519424557685852051e-01 -3.356926143169403076e-02
2.611666321754455566e-01 -3.392875194549560547e-02
2.761333882808685303e-01 -3.447925671935081482e-02
2.830876111984252930e-01 -3.472173213958740234e-02
2.939120829105377197e-01 -3.508283942937850952e-02
3.003896474838256836e-01 -3.528963029384613037e-02
3.113544285297393799e-01 -3.562401980161666870e-02
3.234665095806121826e-01 -3.597079217433929443e-02
3.393400311470031738e-01 -3.638960048556327820e-02
3.458631336688995361e-01 -3.654997423291206360e-02
3.592409491539001465e-01 -3.685732930898666382e-02
3.655205070972442627e-01 -3.699151799082756042e-02
3.832797110080718994e-01 -3.733543679118156433e-02
3.902049958705902100e-01 -3.745499998331069946e-02
4.166111350059509277e-01 -3.783272579312324524e-02
4.209962487220764160e-01 -3.788299113512039185e-02
4.318135976791381836e-01 -3.799114003777503967e-02
4.484339654445648193e-01 -3.811148926615715027e-02
4.563328623771667480e-01 -3.814832866191864014e-02
4.723677933216094971e-01 -3.818045184016227722e-02
4.819384813308715820e-01 -3.817105665802955627e-02
4.878015518188476562e-01 -3.815422952175140381e-02
5.122720003128051758e-01 -3.798766806721687317e-02
5.162456035614013672e-01 -3.794514015316963196e-02
5.304497480392456055e-01 -3.775537014007568359e-02
5.483017563819885254e-01 -3.742827475070953369e-02
5.553701519966125488e-01 -3.726982325315475464e-02
5.649479031562805176e-01 -3.702750802040100098e-02
5.790432095527648926e-01 -3.661047667264938354e-02
5.872459411621093750e-01 -3.633313253521919250e-02
6.074112057685852051e-01 -3.553670644760131836e-02
6.161066889762878418e-01 -3.514067828655242920e-02
6.307908296585083008e-01 -3.439650684595108032e-02
6.459419727325439453e-01 -3.352601826190948486e-02
6.550115942955017090e-01 -3.295367956161499023e-02
6.595616936683654785e-01 -3.265189751982688904e-02
6.684500575065612793e-01 -3.203392401337623596e-02
6.759796142578125000e-01 -3.148094192147254944e-02
6.847303509712219238e-01 -3.080432489514350891e-02
7.013146281242370605e-01 -2.942311018705368042e-02
7.108572721481323242e-01 -2.857105992734432220e-02
7.180553674697875977e-01 -2.790161781013011932e-02
7.370551228523254395e-01 -2.603019028902053833e-02
7.617750167846679688e-01 -2.339315228164196014e-02
7.699599266052246094e-01 -2.247724495828151703e-02
7.870746254920959473e-01 -2.050734311342239380e-02
7.921891808509826660e-01 -1.990674994885921478e-02
8.023668527603149414e-01 -1.869918219745159149e-02
8.147329092025756836e-01 -1.721589453518390656e-02
8.217347860336303711e-01 -1.637160591781139374e-02
8.280628323554992676e-01 -1.560779474675655365e-02
8.329955339431762695e-01 -1.501278486102819443e-02
8.409399390220642090e-01 -1.405719388276338577e-02
8.451986908912658691e-01 -1.354717276990413666e-02
8.551656603813171387e-01 -1.236312184482812881e-02
8.617683053016662598e-01 -1.158872433006763458e-02
8.779596686363220215e-01 -9.738793596625328064e-03
8.848744034767150879e-01 -8.976871147751808167e-03
8.982492685317993164e-01 -7.567898370325565338e-03
9.041916131973266602e-01 -6.975576747208833694e-03
9.126676321029663086e-01 -6.175001151859760284e-03
9.195269346237182617e-01 -5.572087131440639496e-03
9.278222918510437012e-01 -4.907583352178335190e-03
9.306038618087768555e-01 -4.703016951680183411e-03
9.364227056503295898e-01 -4.309073556214570999e-03
9.459101557731628418e-01 -3.781350096687674522e-03
9.540615677833557129e-01 -3.465089248493313789e-03
9.637639522552490234e-01 -3.289049724116921425e-03
9.682185053825378418e-01 -3.288812702521681786e-03
9.697034358978271484e-01 -3.300098236650228500e-03
