9.514986276626586914e-01 -2.053918875753879547e-02
9.501335024833679199e-01 -2.046288177371025085e-02
9.453210234642028809e-01 -2.008879370987415314e-02
9.270544052124023438e-01 -1.803970709443092346e-02
8.987266421318054199e-01 -1.404881943017244339e-02
8.753772377967834473e-01 -1.034730300307273865e-02
8.589767813682556152e-01 -7.586342282593250275e-03
8.528525233268737793e-01 -6.527153775095939636e-03
8.447398543357849121e-01 -5.103677976876497269e-03
8.335903286933898926e-01 -3.114600433036684990e-03
8.125840425491333008e-01 7.069494458846747875e-04
8.058921098709106445e-01 1.935867941938340664e-03
7.923007011413574219e-01 4.433216992765665054e-03
7.851809859275817871e-01 5.736032035201787949e-03
7.708169817924499512e-01 8.336201310157775879e-03
7.630595564842224121e-01 9.716876782476902008e-03
7.547113895416259766e-01 1.117804460227489471e-02
7.488093972206115723e-01 1.219314802438020706e-02
7.394381165504455566e-01 1.377030182629823685e-02
7.330761551856994629e-01 1.481434796005487442e-02
7.185841202735900879e-01 1.710460335016250610e-02
7.076747417449951172e-01 1.874232664704322815e-02
6.893597841262817383e-01 2.131722494959831238e-02
6.821705102920532227e-01 2.226741053164005280e-02
6.562905907630920410e-01 2.541025355458259583e-02
6.501404047012329102e-01 2.609507925808429718e-02
6.383612155914306641e-01 2.734318375587463379e-02
6.320737004280090332e-01 2.797611430287361145e-02
6.160916686058044434e-01 2.948525361716747284e-02
5.976415872573852539e-01 3.105873614549636841e-02
5.855177640914916992e-01 3.200019523501396179e-02
5.738816857337951660e-01 3.283861652016639709e-02
5.621465444564819336e-01 3.362240642309188843e-02
5.531842112541198730e-01 3.418086841702461243e-02
5.431159734725952148e-01 3.476838022470474243e-02
5.368698835372924805e-01 3.511222079396247864e-02
5.240423083305358887e-01 3.577052429318428040e-02
5.182386636734008789e-01 3.604777157306671143e-02
5.044612288475036621e-01 3.665626049041748047e-02
4.980989992618560791e-01 3.691427782177925110e-02
4.906727075576782227e-01 3.719755262136459351e-02
4.836781620979309082e-01 3.744708001613616943e-02
4.671161770820617676e-01 3.797301650047302246e-02
4.620908498764038086e-01 3.811499103903770447e-02
4.544927477836608887e-01 3.831449896097183228e-02
4.440403878688812256e-01 3.855970874428749084e-02
4.315741062164306641e-01 3.880904987454414368e-02
4.229083061218261719e-01 3.895552083849906921e-02
4.114057421684265137e-01 3.911693766713142395e-02
3.952753543853759766e-01 3.928204625844955444e-02
3.837251961231231689e-01 3.935815393924713135e-02
3.804989159107208252e-01 3.937335684895515442e-02
3.682242333889007568e-01 3.940784186124801636e-02
3.583810627460479736e-01 3.940971940755844116e-02
3.513711392879486084e-01 3.939768299460411072e-02
3.484638631343841553e-01 3.938953578472137451e-02
3.400000035762786865e-01 3.935568034648895264e-02
3.231037855148315430e-01 3.924542665481567383e-02
3.176538944244384766e-01 3.919859230518341064e-02
3.132360577583312988e-01 3.915687650442123413e-02
3.054929971694946289e-01 3.907603397965431213e-02
2.901294529438018799e-01 3.888910636305809021e-02
2.814121842384338379e-01 3.876905515789985657e-02
2.758102416992187500e-01 3.868718445301055908e-02
2.659782171249389648e-01 3.853540867567062378e-02
2.485843598842620850e-01 3.824519366025924683e-02
2.414651215076446533e-01 3.811950236558914185e-02
2.310861647129058838e-01 3.792986273765563965e-02
2.275005429983139038e-01 3.786263242363929749e-02
2.210071682929992676e-01 3.773866593837738037e-02
2.168271988630294800e-01 3.765727952122688293e-02
2.008842825889587402e-01 3.733409196138381958e-02
1.913969516754150391e-01 3.713001683354377747e-02
1.841707974672317505e-01 3.696685284376144409e-02
1.759006977081298828e-01 3.676976263523101807e-02
1.683749854564666748e-01 3.657843172550201416e-02
1.606374084949493408e-01 3.636678308248519897e-02
1.523017585277557373e-01 3.611759468913078308e-02
1.446236371994018555e-01 3.586386144161224365e-02
1.263802349567413330e-01 3.513408079743385315e-02
1.172589957714080811e-01 3.467874601483345032e-02
1.068005561828613281e-01 3.405555710196495056e-02
9.824949502944946289e-02 3.344516083598136902e-02
8.756524324417114258e-02 3.252031654119491577e-02
8.358276635408401489e-02 3.212001547217369080e-02
7.746846973896026611e-02 3.143581002950668335e-02
6.126445159316062927e-02 2.910926006734371185e-02
5.157573893666267395e-02 2.724265679717063904e-02
4.238159209489822388e-02 2.500985749065876007e-02
3.817801177501678467e-02 2.379689738154411316e-02
2.994983084499835968e-02 2.096488699316978455e-02
2.162176929414272308e-02 1.724864542484283447e-02
1.156008988618850708e-02 1.075918972492218018e-02
8.365102112293243408e-03 7.806008681654930115e-03
4.613819532096385956e-03 2.940075006335973740e-03
3.190393792465329170e-03 1.994990634557325393e-05
2.308442257344722748e-03 -3.268166445195674896e-03
2.173118060454726219e-03 -4.571004770696163177e-03
2.163930796086788177e-03 -5.900683812797069550e-03
2.391351154074072838e-03 -7.836713455617427826e-03
3.594456240534782410e-03 -1.137727685272693634e-02
6.189284846186637878e-03 -1.522887870669364929e-02
8.147822692990303040e-03 -1.724479161202907562e-02
1.009356603026390076e-02 -1.889951899647712708e-02
1.441681943833827972e-02 -2.187450975179672241e-02
2.808696217834949493e-02 -2.844926156103610992e-02
3.161536902189254761e-02 -2.979228645563125610e-02
3.793554753065109253e-02 -3.198721632361412048e-02
5.083946883678436279e-02 -3.587155789136886597e-02
5.638875812292098999e-02 -3.736132383346557617e-02
6.598680466413497925e-02 -3.974433615803718567e-02
7.383383065462112427e-02 -4.154105111956596375e-02
8.235100656747817993e-02 -4.336270689964294434e-02
9.758489578962326050e-02 -4.634485021233558655e-02
1.104871481657028198e-01 -4.864224046468734741e-02
1.256595700979232788e-01 -5.112461373209953308e-02
1.374564766883850098e-01 -5.291534587740898132e-02
1.441071480512619019e-01 -5.387732386589050293e-02
1.529258191585540771e-01 -5.510447546839714050e-02
1.636197715997695923e-01 -5.652397498488426208e-02
1.744585335254669189e-01 -5.789189413189888000e-02
1.871426999568939209e-01 -5.940917134284973145e-02
1.940986216068267822e-01 -6.020529940724372864e-02
2.098623067140579224e-01 -6.192106381058692932e-02
2.221083492040634155e-01 -6.317346543073654175e-02
2.300995886325836182e-01 -6.395446509122848511e-02
2.404382675886154175e-01 -6.492365896701812744e-02
2.451099753379821777e-01 -6.534663587808609009e-02
2.562161386013031006e-01 -6.631550192832946777e-02
2.640998363494873047e-01 -6.697230786085128784e-02
2.746071517467498779e-01 -6.780824810266494751e-02
2.859838604927062988e-01 -6.866303831338882446e-02
2.925991714000701904e-01 -6.913614273071289062e-02
3.003500103950500488e-01 -6.966815888881683350e-02
3.159799277782440186e-01 -7.066781818866729736e-02
3.278324604034423828e-01 -7.136058807373046875e-02
3.365733623504638672e-01 -7.183526456356048584e-02
3.396000564098358154e-01 -7.199243456125259399e-02
3.466843664646148682e-01 -7.234583050012588501e-02
3.632802963256835938e-01 -7.309388369321823120e-02
3.746661543846130371e-01 -7.354206591844558716e-02
3.839250504970550537e-01 -7.386729866266250610e-02
3.947302401065826416e-01 -7.420234382152557373e-02
4.043410420417785645e-01 -7.446003705263137817e-02
4.148889780044555664e-01 -7.469931244850158691e-02
4.226307272911071777e-01 -7.484604418277740479e-02
4.289938509464263916e-01 -7.494846731424331665e-02
4.384450316429138184e-01 -7.507062703371047974e-02
4.565953612327575684e-01 -7.520641386508941650e-02
4.681748747825622559e-01 -7.522702217102050781e-02
4.785612821578979492e-01 -7.520334422588348389e-02
4.845966100692749023e-01 -7.517185807228088379e-02
4.973865151405334473e-01 -7.506368309259414673e-02
5.055074691772460938e-01 -7.496697455644607544e-02
5.228925347328186035e-01 -7.469147443771362305e-02
5.345662832260131836e-01 -7.445794343948364258e-02
5.555921196937561035e-01 -7.394951581954956055e-02
5.636323094367980957e-01 -7.372816652059555054e-02
5.759184956550598145e-01 -7.336423546075820923e-02
5.896046757698059082e-01 -7.292547076940536499e-02
6.054050922393798828e-01 -7.237984985113143921e-02
6.282545328140258789e-01 -7.152552902698516846e-02
6.355680227279663086e-01 -7.123719900846481323e-02
6.487479805946350098e-01 -7.070033252239227295e-02
6.611400246620178223e-01 -7.017564773559570312e-02
6.688129305839538574e-01 -6.984106451272964478e-02
6.777885556221008301e-01 -6.944004446268081665e-02
6.827170252799987793e-01 -6.921531260013580322e-02
6.946117281913757324e-01 -6.865902990102767944e-02
7.103805541992187500e-01 -6.788902729749679565e-02
7.170870900154113770e-01 -6.754922866821289062e-02
7.323227524757385254e-01 -6.674672663211822510e-02
7.443395853042602539e-01 -6.608018279075622559e-02
7.541387081146240234e-01 -6.551168113946914673e-02
7.694636583328247070e-01 -6.457083672285079956e-02
7.785263657569885254e-01 -6.398051232099533081e-02
7.866612672805786133e-01 -6.342615932226181030e-02
7.911420464515686035e-01 -6.310998648405075073e-02
8.018175959587097168e-01 -6.232256814837455750e-02
8.109222650527954102e-01 -6.160870939493179321e-02
8.184002637863159180e-01 -6.098954752087593079e-02
8.262676000595092773e-01 -6.030240282416343689e-02
8.430620431900024414e-01 -5.869301408529281616e-02
8.557451963424682617e-01 -5.732427909970283508e-02
8.718754649162292480e-01 -5.535044893622398376e-02
8.795197606086730957e-01 -5.431186407804489136e-02
8.975829482078552246e-01 -5.160066485404968262e-02
9.076688289642333984e-01 -5.000316724181175232e-02
9.204358458518981934e-01 -4.813426360487937927e-02
9.338251352310180664e-01 -4.668930917978286743e-02
9.429706931114196777e-01 -4.606761410832405090e-02
9.462083578109741211e-01 -4.590886831283569336e-02
