9.691473841667175293e-01 4.823166818823665380e-04
9.680950045585632324e-01 5.675368593074381351e-04
9.656913280487060547e-01 7.888142718002200127e-04
9.551758170127868652e-01 2.053428208455443382e-03
9.333956241607666016e-01 5.452030804008245468e-03
9.129244685173034668e-01 9.083170443773269653e-03
8.972259163856506348e-01 1.201115176081657410e-02
8.938490748405456543e-01 1.265159528702497482e-02
8.680387139320373535e-01 1.762640662491321564e-02
8.626073002815246582e-01 1.868558116257190704e-02
8.302639722824096680e-01 2.502833679318428040e-02
8.263681530952453613e-01 2.579354494810104370e-02
7.991908788681030273e-01 3.111818432807922363e-02
7.886332869529724121e-01 3.317534923553466797e-02
7.685749530792236328e-01 3.705717250704765320e-02
7.609572410583496094e-01 3.852059319615364075e-02
7.386515140533447266e-01 4.276524856686592102e-02
7.305667996406555176e-01 4.428729414939880371e-02
7.156761884689331055e-01 4.706557840108871460e-02
6.975296735763549805e-01 5.040445923805236816e-02
6.755517125129699707e-01 5.437399819493293762e-02
6.670627593994140625e-01 5.588418990373611450e-02
6.607742309570312500e-01 5.699433013796806335e-02
6.538960337638854980e-01 5.820005759596824646e-02
6.300532817840576172e-01 6.230766698718070984e-02
6.252623796463012695e-01 6.311908364295959473e-02
6.153669953346252441e-01 6.477940082550048828e-02
6.101301312446594238e-01 6.564934551715850830e-02
5.930380821228027344e-01 6.844489276409149170e-02
5.852854251861572266e-01 6.968960165977478027e-02
5.749163031578063965e-01 7.133024185895919800e-02
5.645885467529296875e-01 7.293519377708435059e-02
5.468526482582092285e-01 7.561808079481124878e-02
5.435915589332580566e-01 7.610055804252624512e-02
5.381990671157836914e-01 7.689059525728225708e-02
5.335712432861328125e-01 7.756059616804122925e-02
5.207523703575134277e-01 7.937585562467575073e-02
5.160671472549438477e-01 8.002363145351409912e-02
5.037990808486938477e-01 8.167720586061477661e-02
4.981731772422790527e-01 8.241384476423263550e-02
4.885153770446777344e-01 8.364458382129669189e-02
4.858697950839996338e-01 8.397399634122848511e-02
4.730016589164733887e-01 8.552590757608413696e-02
4.644315838813781738e-01 8.651091158390045166e-02
4.603985548019409180e-01 8.696024864912033081e-02
4.536368250846862793e-01 8.769258856773376465e-02
4.368736147880554199e-01 8.938779681921005249e-02
4.335600733757019043e-01 8.970158547163009644e-02
4.274300932884216309e-01 9.026261419057846069e-02
4.212394654750823975e-01 9.080290049314498901e-02
4.117264747619628906e-01 9.157978743314743042e-02
4.028257727622985840e-01 9.224574267864227295e-02
3.978183865547180176e-01 9.259355068206787109e-02
3.891679346561431885e-01 9.314726293087005615e-02
3.854876756668090820e-01 9.336429089307785034e-02
3.758584558963775635e-01 9.387813508510589600e-02
3.719326257705688477e-01 9.406471997499465942e-02
3.593518733978271484e-01 9.456980973482131958e-02
3.572566509246826172e-01 9.463987499475479126e-02
3.519931137561798096e-01 9.479776769876480103e-02
3.428151309490203857e-01 9.500978142023086548e-02
3.265100121498107910e-01 9.518101811408996582e-02
3.144511580467224121e-01 9.513141214847564697e-02
3.114986717700958252e-01 9.509565681219100952e-02
3.056129515171051025e-01 9.499617666006088257e-02
2.969796657562255859e-01 9.478091448545455933e-02
2.872357368469238281e-01 9.443664550781250000e-02
2.815682888031005859e-01 9.418586641550064087e-02
2.770199179649353027e-01 9.395724534988403320e-02
2.583595812320709229e-01 9.275742620229721069e-02
2.487613111734390259e-01 9.197153896093368530e-02
2.317394912242889404e-01 9.028496593236923218e-02
2.238910496234893799e-01 8.937737345695495605e-02
2.161386758089065552e-01 8.839815855026245117e-02
2.114147394895553589e-01 8.776045590639114380e-02
2.069577127695083618e-01 8.712984621524810791e-02
1.899266093969345093e-01 8.445563912391662598e-02
1.741448938846588135e-01 8.159015327692031860e-02
1.598050445318222046e-01 7.864809036254882812e-02
1.526215672492980957e-01 7.704824209213256836e-02
1.377558261156082153e-01 7.345865666866302490e-02
1.228541657328605652e-01 6.946387141942977905e-02
1.148793920874595642e-01 6.715334206819534302e-02
1.001747027039527893e-01 6.255512684583663940e-02
9.152064472436904907e-02 5.962991341948509216e-02
7.310922443866729736e-02 5.280186235904693604e-02
6.455893069505691528e-02 4.931422322988510132e-02
5.385651066899299622e-02 4.461278021335601807e-02
4.748705774545669556e-02 4.160740971565246582e-02
4.556115716695785522e-02 4.066364839673042297e-02
3.124053217470645905e-02 3.300146758556365967e-02
2.724743075668811798e-02 3.059998340904712677e-02
2.235949784517288208e-02 2.742766961455345154e-02
1.972200348973274231e-02 2.557615563273429871e-02
1.469285599887371063e-02 2.164345979690551758e-02
1.109398994594812393e-02 1.829887926578521729e-02
9.535480290651321411e-03 1.660456322133541107e-02
7.270088419318199158e-03 1.362315658479928970e-02
5.756464786827564240e-03 1.084085367619991302e-02
5.106649361550807953e-03 9.016613475978374481e-03
4.726979881525039673e-03 7.013795897364616394e-03
4.883276764303445816e-03 3.842250211164355278e-03
7.505678106099367142e-03 -1.666913740336894989e-03
8.573910221457481384e-03 -2.965775318443775177e-03
1.050809770822525024e-02 -4.920030944049358368e-03
1.788564026355743408e-02 -1.032737083733081818e-02
2.240818738937377930e-02 -1.289832405745983124e-02
2.896022424101829529e-02 -1.612289249897003174e-02
3.913039341568946838e-02 -2.042093314230442047e-02
4.586211219429969788e-02 -2.295910567045211792e-02
5.729529261589050293e-02 -2.689112350344657898e-02
6.198291480541229248e-02 -2.839550934731960297e-02
6.675312668085098267e-02 -2.987301163375377655e-02
7.487573474645614624e-02 -3.227948397397994995e-02
1.198295429348945618e-01 -4.369803890585899353e-02
1.408191025257110596e-01 -4.815120995044708252e-02
1.542427837848663330e-01 -5.074829980731010437e-02
1.657425314188003540e-01 -5.282668396830558777e-02
1.757541000843048096e-01 -5.453037098050117493e-02
1.830264180898666382e-01 -5.570811405777931213e-02
1.942967921495437622e-01 -5.743664875626564026e-02
2.042578160762786865e-01 -5.886912718415260315e-02
2.073285877704620361e-01 -5.929310619831085205e-02
2.161721736192703247e-01 -6.046862900257110596e-02
2.311612367630004883e-01 -6.231008470058441162e-02
2.363881915807723999e-01 -6.290861219167709351e-02
2.530890405178070068e-01 -6.467393785715103149e-02
2.561724781990051270e-01 -6.497580558061599731e-02
2.614889740943908691e-01 -6.547896564006805420e-02
2.661800682544708252e-01 -6.590487062931060791e-02
2.836029529571533203e-01 -6.734099239110946655e-02
2.944510877132415771e-01 -6.812133640050888062e-02
3.045834302902221680e-01 -6.877287477254867554e-02
3.077450394630432129e-01 -6.896103918552398682e-02
3.324937522411346436e-01 -7.018987834453582764e-02
3.541041612625122070e-01 -7.091519981622695923e-02
3.623102605342864990e-01 -7.110723108053207397e-02
3.653531074523925781e-01 -7.116688787937164307e-02
3.714292347431182861e-01 -7.126740366220474243e-02
3.862044513225555420e-01 -7.140891999006271362e-02
3.987225890159606934e-01 -7.141557335853576660e-02
4.049477577209472656e-01 -7.138048857450485229e-02
4.155936837196350098e-01 -7.126177847385406494e-02
4.331200420856475830e-01 -7.090602070093154907e-02
4.417583644390106201e-01 -7.065787166357040405e-02
4.439702033996582031e-01 -7.058665156364440918e-02
4.483183920383453369e-01 -7.043754309415817261e-02
4.551775753498077393e-01 -7.017790526151657104e-02
4.670989811420440674e-01 -6.965593993663787842e-02
4.798973202705383301e-01 -6.899664551019668579e-02
4.873546361923217773e-01 -6.856577098369598389e-02
4.977591037750244141e-01 -6.790794432163238525e-02
5.105578303337097168e-01 -6.700938194990158081e-02
5.141583085060119629e-01 -6.673913449048995972e-02
5.286231040954589844e-01 -6.557750701904296875e-02
5.309607386589050293e-01 -6.537853181362152100e-02
5.533476471900939941e-01 -6.332039088010787964e-02
5.599113106727600098e-01 -6.266617774963378906e-02
5.699408054351806641e-01 -6.162415444850921631e-02
5.861408114433288574e-01 -5.983792245388031006e-02
5.968436002731323242e-01 -5.859227478504180908e-02
6.275988221168518066e-01 -5.475642532110214233e-02
6.402729153633117676e-01 -5.308014154434204102e-02
6.489819288253784180e-01 -5.190118029713630676e-02
6.621700525283813477e-01 -5.007933080196380615e-02
6.663142442703247070e-01 -4.949876293540000916e-02
6.754285097122192383e-01 -4.821015149354934692e-02
6.795384883880615234e-01 -4.762421175837516785e-02
6.869165897369384766e-01 -4.656573757529258728e-02
7.020468115806579590e-01 -4.437280073761940002e-02
7.114480137825012207e-01 -4.299835488200187683e-02
7.193751335144042969e-01 -4.183416813611984253e-02
7.280340790748596191e-01 -4.055827111005783081e-02
7.322396636009216309e-01 -3.993732109665870667e-02
7.751559019088745117e-01 -3.357806801795959473e-02
7.881736755371093750e-01 -3.164576739072799683e-02
7.917411923408508301e-01 -3.111604601144790649e-02
7.966293692588806152e-01 -3.039002791047096252e-02
8.076367974281311035e-01 -2.875413931906223297e-02
8.156249523162841797e-01 -2.756562456488609314e-02
8.201761245727539062e-01 -2.688780426979064941e-02
8.231087923049926758e-01 -2.645071037113666534e-02
8.461337089538574219e-01 -2.300722338259220123e-02
8.541338443756103516e-01 -2.180431969463825226e-02
8.800790905952453613e-01 -1.787121966481208801e-02
8.875166773796081543e-01 -1.673339121043682098e-02
9.027625322341918945e-01 -1.438610535115003586e-02
9.282588362693786621e-01 -1.043375954031944275e-02
9.360764026641845703e-01 -9.228380396962165833e-03
9.611302018165588379e-01 -5.568240769207477570e-03
9.683517217636108398e-01 -4.675189964473247528e-03
9.699175953865051270e-01 -4.501695279031991959e-03
