9.672317504882812500e-01 3.932556137442588806e-03
9.664955735206604004e-01 4.072289913892745972e-03
9.614051580429077148e-01 5.000156350433826447e-03
9.465101361274719238e-01 7.465585600584745407e-03
9.175576567649841309e-01 1.171854976564645767e-02
8.922138214111328125e-01 1.513992156833410263e-02
8.834601640701293945e-01 1.628028228878974915e-02
8.813091516494750977e-01 1.655788905918598175e-02
8.505824208259582520e-01 2.043303102254867554e-02
8.403775095939636230e-01 2.169014886021614075e-02
8.168841600418090820e-01 2.454441040754318237e-02
8.100960850715637207e-01 2.536099962890148163e-02
7.865681052207946777e-01 2.817220985889434814e-02
7.637456655502319336e-01 3.088210336863994598e-02
7.462305426597595215e-01 3.295878693461418152e-02
7.356997728347778320e-01 3.420858830213546753e-02
7.274059057235717773e-01 3.519442677497863770e-02
7.206829786300659180e-01 3.599486500024795532e-02
7.090359330177307129e-01 3.738519176840782166e-02
7.048532366752624512e-01 3.788580372929573059e-02
6.927957534790039062e-01 3.933332115411758423e-02
6.805373430252075195e-01 4.081258550286293030e-02
6.709425449371337891e-01 4.197631403803825378e-02
6.617895960807800293e-01 4.309170693159103394e-02
6.291608810424804688e-01 4.711111634969711304e-02
6.247874498367309570e-01 4.765501618385314941e-02
6.163112521171569824e-01 4.871235042810440063e-02
6.122448444366455078e-01 4.922109469771385193e-02
5.963793992996215820e-01 5.121420323848724365e-02
5.815202593803405762e-01 5.309091880917549133e-02
5.664236545562744141e-01 5.500422045588493347e-02
5.614244341850280762e-01 5.563864111900329590e-02
5.485377311706542969e-01 5.727404728531837463e-02
5.380697250366210938e-01 5.860090255737304688e-02
5.300531387329101562e-01 5.961479991674423218e-02
5.244635343551635742e-01 6.032005697488784790e-02
5.176078677177429199e-01 6.118268519639968872e-02
5.129113793373107910e-01 6.177175790071487427e-02
5.000166893005371094e-01 6.337965279817581177e-02
4.977090656757354736e-01 6.366569548845291138e-02
4.866153299808502197e-01 6.503211706876754761e-02
4.801743626594543457e-01 6.581807136535644531e-02
4.689412117004394531e-01 6.717366725206375122e-02
4.640605449676513672e-01 6.775598227977752686e-02
4.400301277637481689e-01 7.055262476205825806e-02
4.309070408344268799e-01 7.157891988754272461e-02
4.255868494510650635e-01 7.216716557741165161e-02
4.145400822162628174e-01 7.336232066154479980e-02
4.018893241882324219e-01 7.468356192111968994e-02
3.925333619117736816e-01 7.562486827373504639e-02
3.776841163635253906e-01 7.705005258321762085e-02
3.719254434108734131e-01 7.757819443941116333e-02
3.646360933780670166e-01 7.822576910257339478e-02
3.534930050373077393e-01 7.916759699583053589e-02
3.513423204421997070e-01 7.934235036373138428e-02
3.421849310398101807e-01 8.005993068218231201e-02
3.375832140445709229e-01 8.040362596511840820e-02
3.315741717815399170e-01 8.083467185497283936e-02
3.198444247245788574e-01 8.161544054746627808e-02
3.133434653282165527e-01 8.201188594102859497e-02
3.058464527130126953e-01 8.243512362241744995e-02
3.004651665687561035e-01 8.271566033363342285e-02
2.865487635135650635e-01 8.334603905677795410e-02
2.662403583526611328e-01 8.399964869022369385e-02
2.578769326210021973e-01 8.416898548603057861e-02
2.449188679456710815e-01 8.430671691894531250e-02
2.352634519338607788e-01 8.430463075637817383e-02
2.321276813745498657e-01 8.428373187780380249e-02
2.303871810436248779e-01 8.426772058010101318e-02
2.241047322750091553e-01 8.418311923742294312e-02
2.210536003112792969e-01 8.412664383649826050e-02
2.089403569698333740e-01 8.379802852869033813e-02
2.038658857345581055e-01 8.360879868268966675e-02
1.786395311355590820e-01 8.217281103134155273e-02
1.715954989194869995e-01 8.161184936761856079e-02
1.633300185203552246e-01 8.085580915212631226e-02
1.525014638900756836e-01 7.969487458467483521e-02
1.419383883476257324e-01 7.836120575666427612e-02
1.375308483839035034e-01 7.774171978235244751e-02
1.264711320400238037e-01 7.601093500852584839e-02
1.098052561283111572e-01 7.287527620792388916e-02
1.017813161015510559e-01 7.110971957445144653e-02
9.148284047842025757e-02 6.856480985879898071e-02
7.949831336736679077e-02 6.515174359083175659e-02
7.524087280035018921e-02 6.380613893270492554e-02
7.071138173341751099e-02 6.228870898485183716e-02
6.140631437301635742e-02 5.886053666472434998e-02
5.187342315912246704e-02 5.483617261052131653e-02
3.579515963792800903e-02 4.644021764397621155e-02
3.061108291149139404e-02 4.312081262469291687e-02
2.618876285851001740e-02 3.994428738951683044e-02
1.919083483517169952e-02 3.398143500089645386e-02
1.262861862778663635e-02 2.649286575615406036e-02
1.165977772325277328e-02 2.508337423205375671e-02
7.490833289921283722e-03 1.615730114281177521e-02
7.117410656064748764e-03 1.457121036946773529e-02
6.852178368717432022e-03 1.291116978973150253e-02
6.710089277476072311e-03 1.094328146427869797e-02
6.872359663248062134e-03 7.946438156068325043e-03
7.182886824011802673e-03 6.236249115318059921e-03
8.559279143810272217e-03 2.300686668604612350e-03
9.889663197100162506e-03 -8.125176827888935804e-05
1.469154283404350281e-02 -5.585057195276021957e-03
1.691948808729648590e-02 -7.407806813716888428e-03
1.999027468264102936e-02 -9.521066211163997650e-03
2.630799263715744019e-02 -1.293753366917371750e-02
2.944677323102951050e-02 -1.431712321937084198e-02
3.412254527211189270e-02 -1.609421707689762115e-02
4.455294832587242126e-02 -1.919233426451683044e-02
4.947306215763092041e-02 -2.034746855497360229e-02
5.081635341048240662e-02 -2.063558436930179596e-02
5.837892368435859680e-02 -2.207091078162193298e-02
7.238917052745819092e-02 -2.406087517738342285e-02
8.077874779701232910e-02 -2.493619546294212341e-02
8.660835772752761841e-02 -2.543466910719871521e-02
9.892058372497558594e-02 -2.624660171568393707e-02
1.166212633252143860e-01 -2.697279863059520721e-02
1.191149204969406128e-01 -2.704224921762943268e-02
1.282165646553039551e-01 -2.724015340209007263e-02
1.373551040887832642e-01 -2.736311778426170349e-02
1.573850363492965698e-01 -2.743051573634147644e-02
1.725897639989852905e-01 -2.734799310564994812e-02
1.740052551031112671e-01 -2.733593620359897614e-02
1.946730911731719971e-01 -2.709699980914592743e-02
2.131725251674652100e-01 -2.681284956634044647e-02
2.195713371038436890e-01 -2.670492231845855713e-02
2.370351254940032959e-01 -2.639551647007465363e-02
2.412259727716445923e-01 -2.631925046443939209e-02
2.472275495529174805e-01 -2.620930783450603485e-02
2.528202235698699951e-01 -2.610647305846214294e-02
2.624022960662841797e-01 -2.593030966818332672e-02
2.675739824771881104e-01 -2.583565935492515564e-02
2.773315310478210449e-01 -2.565868198871612549e-02
2.849382162094116211e-01 -2.552273869514465332e-02
2.933498322963714600e-01 -2.537500113248825073e-02
2.979146242141723633e-01 -2.529613673686981201e-02
3.142924904823303223e-01 -2.502183057367801666e-02
3.172502815723419189e-01 -2.497384697198867798e-02
3.214173913002014160e-01 -2.490709163248538971e-02
3.628059327602386475e-01 -2.430182136595249176e-02
3.697922825813293457e-01 -2.421023510396480560e-02
3.852131664752960205e-01 -2.401872724294662476e-02
3.923892080783843994e-01 -2.393445000052452087e-02
4.078312814235687256e-01 -2.376296930015087128e-02
4.158322811126708984e-01 -2.367910929024219513e-02
4.232012629508972168e-01 -2.360468357801437378e-02
4.276737570762634277e-01 -2.356074564158916473e-02
4.368629753589630127e-01 -2.347320877015590668e-02
4.522784054279327393e-01 -2.333367057144641876e-02
4.788783490657806396e-01 -2.310896851122379303e-02
4.829086959362030029e-01 -2.307608164846897125e-02
4.884098172187805176e-01 -2.303145453333854675e-02
5.081067681312561035e-01 -2.287228964269161224e-02
5.103557109832763672e-01 -2.285398915410041809e-02
5.213860869407653809e-01 -2.276314049959182739e-02
5.273218750953674316e-01 -2.271319739520549774e-02
5.405069589614868164e-01 -2.259840257465839386e-02
5.504032969474792480e-01 -2.250761538743972778e-02
5.795912146568298340e-01 -2.220592834055423737e-02
5.870609879493713379e-01 -2.211814746260643005e-02
5.958278775215148926e-01 -2.200834825634956360e-02
6.245759129524230957e-01 -2.158713340759277344e-02
6.299986243247985840e-01 -2.149554342031478882e-02
6.367395520210266113e-01 -2.137562818825244904e-02
6.493191123008728027e-01 -2.113270573318004608e-02
6.603072285652160645e-01 -2.089857310056686401e-02
6.722440123558044434e-01 -2.061919122934341431e-02
6.815256476402282715e-01 -2.038278430700302124e-02
7.030448913574218750e-01 -1.976527273654937744e-02
7.155296802520751953e-01 -1.935966312885284424e-02
7.315549850463867188e-01 -1.878480426967144012e-02
7.376394867897033691e-01 -1.854997873306274414e-02
7.486169338226318359e-01 -1.810252852737903595e-02
7.652091383934020996e-01 -1.736658252775669098e-02
7.720292806625366211e-01 -1.704274676740169525e-02
7.777114510536193848e-01 -1.676330529153347015e-02
7.926143407821655273e-01 -1.598814316093921661e-02
7.975601553916931152e-01 -1.571722887456417084e-02
8.124316930770874023e-01 -1.486110407859086990e-02
8.258879184722900391e-01 -1.403236296027898788e-02
8.318604826927185059e-01 -1.364799588918685913e-02
8.352863192558288574e-01 -1.342293713241815567e-02
8.490316867828369141e-01 -1.248643454164266586e-02
8.592735528945922852e-01 -1.175405457615852356e-02
8.940380811691284180e-01 -9.058611467480659485e-03
9.043945670127868652e-01 -8.199867792427539825e-03
9.193528890609741211e-01 -6.927242036908864975e-03
9.337117671966552734e-01 -5.690972320735454559e-03
9.484761357307434082e-01 -4.452641122043132782e-03
9.607555270195007324e-01 -3.517820034176111221e-03
9.645802974700927734e-01 -3.259558230638504028e-03
9.673246145248413086e-01 -3.086995799094438553e-03
