9.448089003562927246e-01 -1.067968178540468216e-02
9.440736770629882812e-01 -1.072370167821645737e-02
9.415834546089172363e-01 -1.084355264902114868e-02
9.296675920486450195e-01 -1.102701947093009949e-02
9.039425849914550781e-01 -1.040849834680557251e-02
8.888805508613586426e-01 -9.727398864924907684e-03
8.561250567436218262e-01 -7.806128356605768204e-03
8.462747335433959961e-01 -7.147213909775018692e-03
8.244760632514953613e-01 -5.598235409706830978e-03
8.175736665725708008e-01 -5.087052937597036362e-03
7.983140349388122559e-01 -3.622454591095447540e-03
7.858760952949523926e-01 -2.654673065990209579e-03
7.741661071777343750e-01 -1.733795623295009136e-03
7.649580836296081543e-01 -1.005995087325572968e-03
7.373064756393432617e-01 1.176811056211590767e-03
7.195207476615905762e-01 2.559136366471648216e-03
7.096206545829772949e-01 3.314592642709612846e-03
7.026137113571166992e-01 3.841444617137312889e-03
6.851299405097961426e-01 5.121392197906970978e-03
6.760628223419189453e-01 5.762291606515645981e-03
6.669148206710815430e-01 6.390659138560295105e-03
6.559333801269531250e-01 7.118268404155969620e-03
6.292182207107543945e-01 8.750333450734615326e-03
6.255815625190734863e-01 8.956030011177062988e-03
6.120923757553100586e-01 9.682127274572849274e-03
5.980356931686401367e-01 1.037528552114963531e-02
5.922727584838867188e-01 1.064040232449769974e-02
5.862767100334167480e-01 1.090448722243309021e-02
5.771114826202392578e-01 1.128511969000101089e-02
5.734698772430419922e-01 1.142870541661977768e-02
5.560574531555175781e-01 1.205725036561489105e-02
5.449794530868530273e-01 1.240977179259061813e-02
5.307918787002563477e-01 1.281275134533643723e-02
5.234518647193908691e-01 1.300207711756229401e-02
5.129547119140625000e-01 1.325305644422769547e-02
5.048494338989257812e-01 1.343304850161075592e-02
4.895631372928619385e-01 1.374681014567613602e-02
4.825553894042968750e-01 1.388230640441179276e-02
4.763042330741882324e-01 1.400022115558385849e-02
4.653994441032409668e-01 1.420212257653474808e-02
4.485339224338531494e-01 1.451488677412271500e-02
4.399839639663696289e-01 1.467855088412761688e-02
4.326073527336120605e-01 1.482481136918067932e-02
4.248166084289550781e-01 1.498592458665370941e-02
4.162184298038482666e-01 1.517346873879432678e-02
4.106416106224060059e-01 1.530141197144985199e-02
3.952815830707550049e-01 1.568370498716831207e-02
3.918509483337402344e-01 1.577569358050823212e-02
3.853200078010559082e-01 1.595803536474704742e-02
3.749888837337493896e-01 1.626672409474849701e-02
3.588853776454925537e-01 1.679978892207145691e-02
3.548041284084320068e-01 1.694512739777565002e-02
3.500099182128906250e-01 1.712111011147499084e-02
3.435476422309875488e-01 1.736717484891414642e-02
3.409554362297058105e-01 1.746869273483753204e-02
3.329029679298400879e-01 1.779391430318355560e-02
3.239210546016693115e-01 1.817328296601772308e-02
3.203999400138854980e-01 1.832642592489719391e-02
3.125919699668884277e-01 1.867398805916309357e-02
3.061570227146148682e-01 1.896777562797069550e-02
3.005719482898712158e-01 1.922725327312946320e-02
2.962912917137145996e-01 1.942847110331058502e-02
2.728954255580902100e-01 2.054698765277862549e-02
2.666468620300292969e-01 2.084562741219997406e-02
2.601067423820495605e-01 2.115538530051708221e-02
2.487317323684692383e-01 2.168256603181362152e-02
2.458788752555847168e-01 2.181169576942920685e-02
2.376799583435058594e-01 2.217392809689044952e-02
2.277926951646804810e-01 2.258981950581073761e-02
2.203694880008697510e-01 2.288402058184146881e-02
2.094211578369140625e-01 2.328461594879627228e-02
2.049995362758636475e-01 2.343380078673362732e-02
1.982121616601943970e-01 2.364728972315788269e-02
1.954610049724578857e-01 2.372816763818264008e-02
1.921617537736892700e-01 2.382063306868076324e-02
1.882881969213485718e-01 2.392267994582653046e-02
1.814494729042053223e-01 2.408483251929283142e-02
1.613086611032485962e-01 2.441499195992946625e-02
1.525353640317916870e-01 2.448239549994468689e-02
1.452961415052413940e-01 2.449940703809261322e-02
1.376789361238479614e-01 2.447710745036602020e-02
1.295545250177383423e-01 2.440494671463966370e-02
1.227974519133567810e-01 2.430443651974201202e-02
1.026087924838066101e-01 2.376135066151618958e-02
9.492400288581848145e-02 2.344836667180061340e-02
8.734164386987686157e-02 2.307513915002346039e-02
7.191792875528335571e-02 2.209531143307685852e-02
6.036917865276336670e-02 2.113945595920085907e-02
5.449380725622177124e-02 2.056896127760410309e-02
3.683013096451759338e-02 1.844450645148754120e-02
1.476985774934291840e-02 1.463112235069274902e-02
5.978269837214611471e-05 1.094408240169286728e-02
-1.427047187462449074e-03 1.049240957945585251e-02
-8.952113799750804901e-03 7.869983091950416565e-03
-1.504730246961116791e-02 5.123174283653497696e-03
-1.859936304390430450e-02 3.033483633771538734e-03
-2.176853828132152557e-02 4.651082854252308607e-04
-2.371431328356266022e-02 -2.234396059066057205e-03
-2.422431483864784241e-02 -4.134595859795808792e-03
-2.420140430331230164e-02 -5.114583298563957214e-03
-2.393723465502262115e-02 -6.211842875927686691e-03
-2.184763737022876740e-02 -9.218010120093822479e-03
-1.920425705611705780e-02 -1.124904863536357880e-02
-1.423776522278785706e-02 -1.382270827889442444e-02
1.879133284091949463e-03 -1.886354014277458191e-02
1.594213023781776428e-02 -2.173861674964427948e-02
2.163242548704147339e-02 -2.269841171801090240e-02
3.546723350882530212e-02 -2.470754273235797882e-02
4.343933612108230591e-02 -2.570561878383159637e-02
6.426745653152465820e-02 -2.792285755276679993e-02
9.296930581331253052e-02 -3.034122847020626068e-02
1.066372916102409363e-01 -3.131415694952011108e-02
1.203572675585746765e-01 -3.220561891794204712e-02
1.377486884593963623e-01 -3.323901072144508362e-02
1.486273407936096191e-01 -3.384193778038024902e-02
1.527280658483505249e-01 -3.406204655766487122e-02
1.600992232561111450e-01 -3.444902226328849792e-02
1.696691066026687622e-01 -3.493689373135566711e-02
1.907230317592620850e-01 -3.596437722444534302e-02
1.963169425725936890e-01 -3.622898459434509277e-02
2.122602909803390503e-01 -3.696833550930023193e-02
2.225006818771362305e-01 -3.743360936641693115e-02
2.260712087154388428e-01 -3.759432211518287659e-02
2.364385277032852173e-01 -3.805695474147796631e-02
2.443832159042358398e-01 -3.840774670243263245e-02
2.516187429428100586e-01 -3.872455656528472900e-02
2.759564518928527832e-01 -3.977202624082565308e-02
2.901658117771148682e-01 -4.037006571888923645e-02
3.049943149089813232e-01 -4.098219051957130432e-02
3.171924054622650146e-01 -4.147532954812049866e-02
3.256021440029144287e-01 -4.180915653705596924e-02
3.337546885013580322e-01 -4.212748631834983826e-02
3.391509950160980225e-01 -4.233510047197341919e-02
3.431284427642822266e-01 -4.248645529150962830e-02
3.544778823852539062e-01 -4.291001707315444946e-02
3.604519069194793701e-01 -4.312762245535850525e-02
3.741739094257354736e-01 -4.361212253570556641e-02
3.838811516761779785e-01 -4.394071921706199646e-02
4.003034532070159912e-01 -4.446663334965705872e-02
4.131525456905364990e-01 -4.484886676073074341e-02
4.255033135414123535e-01 -4.518932476639747620e-02
4.365538358688354492e-01 -4.546951502561569214e-02
4.453857243061065674e-01 -4.567565396428108215e-02
4.566001296043395996e-01 -4.591308161616325378e-02
4.694489538669586182e-01 -4.614951834082603455e-02
4.787434637546539307e-01 -4.629549384117126465e-02
4.871115684509277344e-01 -4.640809446573257446e-02
4.974566102027893066e-01 -4.652174189686775208e-02
5.061909556388854980e-01 -4.659501835703849792e-02
5.215643048286437988e-01 -4.667223617434501648e-02
5.293549895286560059e-01 -4.668573290109634399e-02
5.354099869728088379e-01 -4.668422415852546692e-02
5.547866225242614746e-01 -4.660917446017265320e-02
5.626171231269836426e-01 -4.654892534017562866e-02
5.771789550781250000e-01 -4.639278724789619446e-02
5.840105414390563965e-01 -4.630048573017120361e-02
5.948509573936462402e-01 -4.613031446933746338e-02
6.010972261428833008e-01 -4.601968824863433838e-02
6.048668026924133301e-01 -4.594868421554565430e-02
6.219841241836547852e-01 -4.558867216110229492e-02
6.385226845741271973e-01 -4.518834501504898071e-02
6.450973153114318848e-01 -4.501663893461227417e-02
6.498342156410217285e-01 -4.488891363143920898e-02
6.552685499191284180e-01 -4.473847895860671997e-02
6.728878617286682129e-01 -4.422500729560852051e-02
6.877074241638183594e-01 -4.376682639122009277e-02
7.194240689277648926e-01 -4.272241145372390747e-02
7.326263189315795898e-01 -4.226629808545112610e-02
7.428759932518005371e-01 -4.190436005592346191e-02
7.633262276649475098e-01 -4.116181656718254089e-02
7.802323698997497559e-01 -4.052590206265449524e-02
7.862764596939086914e-01 -4.029311612248420715e-02
7.889533638954162598e-01 -4.018902033567428589e-02
7.936224937438964844e-01 -4.000591114163398743e-02
7.999362349510192871e-01 -3.975501656532287598e-02
8.078058362007141113e-01 -3.943657130002975464e-02
8.133156299591064453e-01 -3.920952230691909790e-02
8.177272677421569824e-01 -3.902511298656463623e-02
8.316776156425476074e-01 -3.842526674270629883e-02
8.386659622192382812e-01 -3.811445832252502441e-02
8.469412922859191895e-01 -3.773706778883934021e-02
8.496648073196411133e-01 -3.761067613959312439e-02
8.591237664222717285e-01 -3.716414049267768860e-02
8.659117817878723145e-01 -3.683844208717346191e-02
8.791082501411437988e-01 -3.621061891317367554e-02
8.821927309036254883e-01 -3.607043996453285217e-02
8.943935632705688477e-01 -3.559367731213569641e-02
9.066093564033508301e-01 -3.540571406483650208e-02
9.178597331047058105e-01 -3.574720397591590881e-02
9.302545189857482910e-01 -3.684951737523078918e-02
9.373671412467956543e-01 -3.777777776122093201e-02
9.408764243125915527e-01 -3.829616308212280273e-02
