9.715397953987121582e-01 1.350244157947599888e-03
9.708040952682495117e-01 1.537461183033883572e-03
9.663279652595520020e-01 2.622997853904962540e-03
9.565832018852233887e-01 4.822869319468736649e-03
9.426978826522827148e-01 7.825101725757122040e-03
9.345906376838684082e-01 9.559876285493373871e-03
9.203822612762451172e-01 1.260464824736118317e-02
9.147587418556213379e-01 1.381539646536111832e-02
9.001592993736267090e-01 1.697974093258380890e-02
8.922497034072875977e-01 1.870777085423469543e-02
8.802491426467895508e-01 2.134806476533412933e-02
8.772155642509460449e-01 2.201892063021659851e-02
8.730275034904479980e-01 2.294731885194778442e-02
8.657589554786682129e-01 2.456442825496196747e-02
8.541178703308105469e-01 2.716864645481109619e-02
8.497133851051330566e-01 2.815823443233966827e-02
8.397743701934814453e-01 3.039887174963951111e-02
8.244795203208923340e-01 3.386374190449714661e-02
8.163819313049316406e-01 3.570449352264404297e-02
8.094146847724914551e-01 3.729064390063285828e-02
7.862295508384704590e-01 4.257448762655258179e-02
7.812078595161437988e-01 4.371795430779457092e-02
7.672911882400512695e-01 4.687999561429023743e-02
7.598192691802978516e-01 4.857159778475761414e-02
7.479856014251708984e-01 5.123829841613769531e-02
7.413085103034973145e-01 5.273457989096641541e-02
7.287687659263610840e-01 5.552443861961364746e-02
7.218569517135620117e-01 5.704922229051589966e-02
7.139253616333007812e-01 5.878575891256332397e-02
7.072103619575500488e-01 6.024392321705818176e-02
6.968557834625244141e-01 6.246874108910560608e-02
6.870276331901550293e-01 6.455118954181671143e-02
6.736271977424621582e-01 6.733985245227813721e-02
6.704357862472534180e-01 6.799469888210296631e-02
6.561491489410400391e-01 7.087967544794082642e-02
6.530106663703918457e-01 7.150280475616455078e-02
6.436349749565124512e-01 7.334017008543014526e-02
6.339731216430664062e-01 7.519458979368209839e-02
6.248204112052917480e-01 7.691316306591033936e-02
6.198727488517761230e-01 7.782625406980514526e-02
6.027250289916992188e-01 8.090081810951232910e-02
5.965833663940429688e-01 8.196699619293212891e-02
5.884731411933898926e-01 8.334577828645706177e-02
5.713707804679870605e-01 8.614128082990646362e-02
5.630237460136413574e-01 8.744890242815017700e-02
5.557917356491088867e-01 8.855096995830535889e-02
5.475817918777465820e-01 8.976668119430541992e-02
5.348774194717407227e-01 9.157217293977737427e-02
5.249460935592651367e-01 9.291812777519226074e-02
5.127720236778259277e-01 9.448771923780441284e-02
4.987041950225830078e-01 9.618864953517913818e-02
4.918752312660217285e-01 9.696970880031585693e-02
4.867456257343292236e-01 9.753694385290145874e-02
4.786595106124877930e-01 9.839659929275512695e-02
4.624704420566558838e-01 9.998846799135208130e-02
4.560967385768890381e-01 1.005669757723808289e-01
4.384780228137969971e-01 1.020202040672302246e-01
4.219936728477478027e-01 1.031803265213966370e-01
4.160231947898864746e-01 1.035516038537025452e-01
4.078518450260162354e-01 1.040165796875953674e-01
3.975057899951934814e-01 1.045325249433517456e-01
3.912459015846252441e-01 1.048044189810752869e-01
3.836397528648376465e-01 1.050931960344314575e-01
3.590023815631866455e-01 1.057056263089179993e-01
3.453828990459442139e-01 1.058242321014404297e-01
3.350697755813598633e-01 1.058054193854331970e-01
3.245076239109039307e-01 1.056861206889152527e-01
3.111570477485656738e-01 1.053858175873756409e-01
3.017373979091644287e-01 1.050701513886451721e-01
2.766802310943603516e-01 1.037915423512458801e-01
2.711091339588165283e-01 1.034167110919952393e-01
2.581766247749328613e-01 1.024131923913955688e-01
2.452762126922607422e-01 1.012190580368041992e-01
2.394898533821105957e-01 1.006181910634040833e-01
2.311058342456817627e-01 9.967332333326339722e-02
2.202212512493133545e-01 9.831072390079498291e-02
2.078974992036819458e-01 9.657391905784606934e-02
1.890769749879837036e-01 9.349630028009414673e-02
1.666268110275268555e-01 8.908767998218536377e-02
1.396280527114868164e-01 8.257100731134414673e-02
1.337773948907852173e-01 8.096155524253845215e-02
1.289801150560379028e-01 7.958450168371200562e-02
1.220588758587837219e-01 7.750229537487030029e-02
1.167113706469535828e-01 7.581258565187454224e-02
1.073376610875129700e-01 7.266923040151596069e-02
9.850749373435974121e-02 6.948048621416091919e-02
8.966668695211410522e-02 6.604518741369247437e-02
7.681725919246673584e-02 6.056517735123634338e-02
6.489412486553192139e-02 5.488044396042823792e-02
5.886827036738395691e-02 5.174973607063293457e-02
3.533937782049179077e-02 3.728490695357322693e-02
2.943302504718303680e-02 3.285302966833114624e-02
2.477024681866168976e-02 2.899220772087574005e-02
1.950584352016448975e-02 2.408522926270961761e-02
1.525009889155626297e-02 1.945405639708042145e-02
1.139187533408403397e-02 1.429135724902153015e-02
9.842024184763431549e-03 1.170212961733341217e-02
8.156157098710536957e-03 8.093439973890781403e-03
7.257683668285608292e-03 5.267947446554899216e-03
6.742688827216625214e-03 2.158578252419829369e-03
6.949909962713718414e-03 -2.138724317774176598e-03
8.043082430958747864e-03 -5.697634536772966385e-03
1.370232924818992615e-02 -1.321346871554851532e-02
1.848162896931171417e-02 -1.687601767480373383e-02
2.486433833837509155e-02 -2.051251195371150970e-02
2.837249450385570526e-02 -2.215640805661678314e-02
3.203760087490081787e-02 -2.368835173547267914e-02
4.081818088889122009e-02 -2.679883502423763275e-02
5.257280170917510986e-02 -3.011839650571346283e-02
7.241010665893554688e-02 -3.436302766203880310e-02
8.117739111185073853e-02 -3.586870431900024414e-02
9.392879158258438110e-02 -3.776408731937408447e-02
1.049700751900672913e-01 -3.917651996016502380e-02
1.196308881044387817e-01 -4.078886657953262329e-02
1.303688436746597290e-01 -4.181233420968055725e-02
1.413171142339706421e-01 -4.274082928895950317e-02
1.581360846757888794e-01 -4.397620633244514465e-02
1.678910106420516968e-01 -4.460196942090988159e-02
1.849106550216674805e-01 -4.555886611342430115e-02
1.891535371541976929e-01 -4.577355086803436279e-02
2.012685239315032959e-01 -4.633980244398117065e-02
2.038671672344207764e-01 -4.645278304815292358e-02
2.105360925197601318e-01 -4.672990366816520691e-02
2.196529060602188110e-01 -4.708045348525047302e-02
2.412630915641784668e-01 -4.779383167624473572e-02
2.488909661769866943e-01 -4.800989106297492981e-02
2.552414536476135254e-01 -4.817671328783035278e-02
2.664767205715179443e-01 -4.844432696700096130e-02
2.823433279991149902e-01 -4.876612126827239990e-02
2.944621443748474121e-01 -4.897057637572288513e-02
3.169266581535339355e-01 -4.926152899861335754e-02
3.205397725105285645e-01 -4.929813370108604431e-02
3.289052844047546387e-01 -4.937236756086349487e-02
3.357382118701934814e-01 -4.942228272557258606e-02
3.453707396984100342e-01 -4.947656020522117615e-02
3.524067401885986328e-01 -4.950445517897605896e-02
3.791507780551910400e-01 -4.952131956815719604e-02
3.862744569778442383e-01 -4.950214549899101257e-02
4.057030081748962402e-01 -4.939927533268928528e-02
4.172863960266113281e-01 -4.930243641138076782e-02
4.350252747535705566e-01 -4.910201579332351685e-02
4.435806870460510254e-01 -4.898245260119438171e-02
4.634324908256530762e-01 -4.864644259214401245e-02
4.668466448783874512e-01 -4.858028143644332886e-02
4.880162477493286133e-01 -4.811377823352813721e-02
4.928995370864868164e-01 -4.799222946166992188e-02
5.084857344627380371e-01 -4.756854474544525146e-02
5.298092365264892578e-01 -4.689902067184448242e-02
5.388913750648498535e-01 -4.658171162009239197e-02
5.455119609832763672e-01 -4.633812978863716125e-02
5.562767982482910156e-01 -4.591979831457138062e-02
5.713525414466857910e-01 -4.528721421957015991e-02
5.950101017951965332e-01 -4.418365657329559326e-02
5.986284613609313965e-01 -4.400288313627243042e-02
6.107789874076843262e-01 -4.337257519364356995e-02
6.160721778869628906e-01 -4.308677464723587036e-02
6.255280971527099609e-01 -4.255934059619903564e-02
6.405075788497924805e-01 -4.167964309453964233e-02
6.493191719055175781e-01 -4.113697633147239685e-02
6.602190732955932617e-01 -4.044003039598464966e-02
6.780003309249877930e-01 -3.924245759844779968e-02
6.900222897529602051e-01 -3.839024901390075684e-02
7.106808423995971680e-01 -3.684544935822486877e-02
7.117308974266052246e-01 -3.676419705152511597e-02
7.324807643890380859e-01 -3.510332852602005005e-02
7.413567900657653809e-01 -3.436009585857391357e-02
7.512586116790771484e-01 -3.350704908370971680e-02
7.715051174163818359e-01 -3.168054297566413879e-02
7.756480574607849121e-01 -3.129254281520843506e-02
7.801542878150939941e-01 -3.086477145552635193e-02
7.960431575775146484e-01 -2.930648252367973328e-02
8.082233667373657227e-01 -2.805585414171218872e-02
8.186606168746948242e-01 -2.694220095872879028e-02
8.223341703414916992e-01 -2.654044888913631439e-02
8.341441154479980469e-01 -2.521218545734882355e-02
8.469442725181579590e-01 -2.370457164943218231e-02
8.528187870979309082e-01 -2.298696152865886688e-02
8.578760027885437012e-01 -2.235538884997367859e-02
8.776991367340087891e-01 -1.974424347281455994e-02
8.837658762931823730e-01 -1.889751479029655457e-02
8.943994641304016113e-01 -1.735249534249305725e-02
8.995303511619567871e-01 -1.657691784203052521e-02
9.114819169044494629e-01 -1.468576956540346146e-02
9.167630672454833984e-01 -1.380864530801773071e-02
9.228787422180175781e-01 -1.275774370878934860e-02
9.264485239982604980e-01 -1.212555635720491409e-02
9.324085116386413574e-01 -1.103681512176990509e-02
9.428678750991821289e-01 -9.014450013637542725e-03
9.564070701599121094e-01 -6.149252410978078842e-03
9.681458473205566406e-01 -3.406271804124116898e-03
9.702414870262145996e-01 -2.892150310799479485e-03
9.717529416084289551e-01 -2.517627086490392685e-03
