9.656057953834533691e-01 -1.711495919153094292e-03
9.648229479789733887e-01 -1.657749642618000507e-03
9.596651196479797363e-01 -1.306580612435936928e-03
9.500799775123596191e-01 -6.622511427849531174e-04
9.370175600051879883e-01 2.094607043545693159e-04
9.260374903678894043e-01 9.419912239536643028e-04
9.086366891860961914e-01 2.108126878738403320e-03
8.990465402603149414e-01 2.755003515630960464e-03
8.801597952842712402e-01 4.039895720779895782e-03
8.631758093833923340e-01 5.209640599787235260e-03
8.474085927009582520e-01 6.309429183602333069e-03
8.402131199836730957e-01 6.816195324063301086e-03
8.320912122726440430e-01 7.392171770334243774e-03
8.175105452537536621e-01 8.437486365437507629e-03
8.003734350204467773e-01 9.686623699963092804e-03
7.949973940849304199e-01 1.008352451026439667e-02
7.702972292900085449e-01 1.194229535758495331e-02
7.606256008148193359e-01 1.268775295466184616e-02
7.500064373016357422e-01 1.351926382631063461e-02
7.223631143569946289e-01 1.575816422700881958e-02
7.071761488914489746e-01 1.704239100217819214e-02
6.859414577484130859e-01 1.891747303307056427e-02
6.811144948005676270e-01 1.935852132737636566e-02
6.757921576499938965e-01 1.985186152160167694e-02
6.652515530586242676e-01 2.085233479738235474e-02
6.584148406982421875e-01 2.151917107403278351e-02
6.357694268226623535e-01 2.384319901466369629e-02
6.311339139938354492e-01 2.434325963258743286e-02
6.227265000343322754e-01 2.527379803359508514e-02
6.095686554908752441e-01 2.679598517715930939e-02
6.003450155258178711e-01 2.791528962552547455e-02
5.825861692428588867e-01 3.020489402115345001e-02
5.719503760337829590e-01 3.166834264993667603e-02
5.561667680740356445e-01 3.397811576724052429e-02
5.482950806617736816e-01 3.519466891884803772e-02
5.441052317619323730e-01 3.586024418473243713e-02
5.288272500038146973e-01 3.839489072561264038e-02
5.189705491065979004e-01 4.011998325586318970e-02
5.094031691551208496e-01 4.186095669865608215e-02
5.020687580108642578e-01 4.323870688676834106e-02
4.968597292900085449e-01 4.423920437693595886e-02
4.820396304130554199e-01 4.717988148331642151e-02
4.737383723258972168e-01 4.888313636183738708e-02
4.580752551555633545e-01 5.219084396958351135e-02
4.425754845142364502e-01 5.556012690067291260e-02
4.404758214950561523e-01 5.602208897471427917e-02
4.213230311870574951e-01 6.027305871248245239e-02
4.144928455352783203e-01 6.179655343294143677e-02
4.048010706901550293e-01 6.395489722490310669e-02
4.002859294414520264e-01 6.495656073093414307e-02
3.920332491397857666e-01 6.677655875682830811e-02
3.790162801742553711e-01 6.960514932870864868e-02
3.673340678215026855e-01 7.208173722028732300e-02
3.537458777427673340e-01 7.486362755298614502e-02
3.416705429553985596e-01 7.722514122724533081e-02
3.386755585670471191e-01 7.779232412576675415e-02
3.219306766986846924e-01 8.080994337797164917e-02
3.158016502857208252e-01 8.184304833412170410e-02
3.095006942749023438e-01 8.286152034997940063e-02
2.889174520969390869e-01 8.585197478532791138e-02
2.826962471008300781e-01 8.664625138044357300e-02
2.764934301376342773e-01 8.738394826650619507e-02
2.684417665004730225e-01 8.825767040252685547e-02
2.633568346500396729e-01 8.875891566276550293e-02
2.592836320400238037e-01 8.913142979145050049e-02
2.439400106668472290e-01 9.029401093721389771e-02
2.339465320110321045e-01 9.083764255046844482e-02
2.171256244182586670e-01 9.135004132986068726e-02
2.110641002655029297e-01 9.140548110008239746e-02
2.049398273229598999e-01 9.138935804367065430e-02
2.021387070417404175e-01 9.135732799768447876e-02
1.936678737401962280e-01 9.116435796022415161e-02
1.892134249210357666e-01 9.100369364023208618e-02
1.787655800580978394e-01 9.046160429716110229e-02
1.666538268327713013e-01 8.953194320201873779e-02
1.429066956043243408e-01 8.669953793287277222e-02
1.301411688327789307e-01 8.457349985837936401e-02
1.236066520214080811e-01 8.330655097961425781e-02
1.097946912050247192e-01 8.019570261240005493e-02
1.041123569011688232e-01 7.873187214136123657e-02
9.850116819143295288e-02 7.717219740152359009e-02
8.229805529117584229e-02 7.195962965488433838e-02
6.715363264083862305e-02 6.595370173454284668e-02
5.710371956229209900e-02 6.119763106107711792e-02
5.315518006682395935e-02 5.912072584033012390e-02
4.079748317599296570e-02 5.163771286606788635e-02
3.721348941326141357e-02 4.911253601312637329e-02
3.376927226781845093e-02 4.648689180612564087e-02
2.957480400800704956e-02 4.296377673745155334e-02
2.686594426631927490e-02 4.044923558831214905e-02
2.459643222391605377e-02 3.815830871462821960e-02
1.987161487340927124e-02 3.263194859027862549e-02
1.434574741870164871e-02 2.358851209282875061e-02
1.304558198899030685e-02 2.040181308984756470e-02
1.213275827467441559e-02 1.738645508885383606e-02
1.127345673739910126e-02 1.003700774163007736e-02
1.141021493822336197e-02 7.955763489007949829e-03
1.182143669575452805e-02 5.450875032693147659e-03
1.213067676872014999e-02 4.213738720864057541e-03
1.302351895719766617e-02 1.628025551326572895e-03
1.406957861036062241e-02 -5.683124181814491749e-04
1.595929637551307678e-02 -3.526641521602869034e-03
1.880333758890628815e-02 -6.780121475458145142e-03
2.424687333405017853e-02 -1.111571863293647766e-02
2.939753234386444092e-02 -1.403290033340454102e-02
3.127390518784523010e-02 -1.491644978523254395e-02
3.488197550177574158e-02 -1.641784235835075378e-02
3.673625364899635315e-02 -1.710523478686809540e-02
4.754057899117469788e-02 -2.029922604560852051e-02
7.330236583948135376e-02 -2.481496147811412811e-02
7.739470154047012329e-02 -2.530195564031600952e-02
8.982852101325988770e-02 -2.653568051755428314e-02
9.937596321105957031e-02 -2.728019841015338898e-02
1.073659285902976990e-01 -2.779486030340194702e-02
1.173841729760169983e-01 -2.832330018281936646e-02
1.247119456529617310e-01 -2.863876707851886749e-02
1.343100219964981079e-01 -2.897320687770843506e-02
1.494081765413284302e-01 -2.934384718537330627e-02
1.556026935577392578e-01 -2.944787964224815369e-02
1.844777613878250122e-01 -2.962838299572467804e-02
1.971721351146697998e-01 -2.957324124872684479e-02
2.062250971794128418e-01 -2.949134446680545807e-02
2.122889012098312378e-01 -2.941823750734329224e-02
2.298747450113296509e-01 -2.913075871765613556e-02
2.418908476829528809e-01 -2.887576818466186523e-02
2.470971345901489258e-01 -2.875185199081897736e-02
2.762914001941680908e-01 -2.792363055050373077e-02
2.834175527095794678e-01 -2.769065089523792267e-02
2.945482432842254639e-01 -2.730546519160270691e-02
3.016223609447479248e-01 -2.704810909926891327e-02
3.072918355464935303e-01 -2.683526277542114258e-02
3.099219501018524170e-01 -2.673461288213729858e-02
3.317447304725646973e-01 -2.585720643401145935e-02
3.357458412647247314e-01 -2.568888105452060699e-02
3.394027352333068848e-01 -2.553321048617362976e-02
3.473505675792694092e-01 -2.518922463059425354e-02
3.654836714267730713e-01 -2.437889948487281799e-02
3.773512542247772217e-01 -2.383260428905487061e-02
3.830017745494842529e-01 -2.356889657676219940e-02
3.849778175354003906e-01 -2.347620390355587006e-02
4.153010845184326172e-01 -2.203211374580860138e-02
4.221978485584259033e-01 -2.170049585402011871e-02
4.265968203544616699e-01 -2.148888260126113892e-02
4.363568425178527832e-01 -2.101986110210418701e-02
4.610033333301544189e-01 -1.984694600105285645e-02
4.761189520359039307e-01 -1.914336159825325012e-02
4.893625974655151367e-01 -1.854176260530948639e-02
5.134088993072509766e-01 -1.749587431550025940e-02
5.231467485427856445e-01 -1.709262095391750336e-02
5.261413455009460449e-01 -1.697121560573577881e-02
5.321444272994995117e-01 -1.673170737922191620e-02
5.382296442985534668e-01 -1.649432443082332611e-02
5.437766313552856445e-01 -1.628281548619270325e-02
5.464279055595397949e-01 -1.618339121341705322e-02
5.594495534896850586e-01 -1.571112126111984253e-02
5.665429234504699707e-01 -1.546523626893758774e-02
5.730023384094238281e-01 -1.524833962321281433e-02
5.782509446144104004e-01 -1.507701724767684937e-02
5.914014577865600586e-01 -1.466677151620388031e-02
5.961119532585144043e-01 -1.452626101672649384e-02
6.056540012359619141e-01 -1.425162702798843384e-02
6.217542290687561035e-01 -1.381645444780588150e-02
6.616010665893554688e-01 -1.285927928984165192e-02
6.657341718673706055e-01 -1.276683621108531952e-02
6.879175901412963867e-01 -1.228110492229461670e-02
6.948580741882324219e-01 -1.213071215897798538e-02
7.067538499832153320e-01 -1.187197212129831314e-02
7.166451811790466309e-01 -1.165417861193418503e-02
7.273094058036804199e-01 -1.141482498496770859e-02
7.323045730590820312e-01 -1.130061596632003784e-02
7.463081479072570801e-01 -1.097160577774047852e-02
7.515105605125427246e-01 -1.084561459720134735e-02
7.625654935836791992e-01 -1.057023089379072189e-02
7.680829763412475586e-01 -1.042862422764301300e-02
7.789851427078247070e-01 -1.014022529125213623e-02
7.806025147438049316e-01 -1.009643357247114182e-02
7.960300445556640625e-01 -9.665468707680702209e-03
7.988321781158447266e-01 -9.584604762494564056e-03
8.170842528343200684e-01 -9.039083495736122131e-03
8.266775608062744141e-01 -8.740206249058246613e-03
8.474698066711425781e-01 -8.070046082139015198e-03
8.519931435585021973e-01 -7.921512238681316376e-03
8.587582111358642578e-01 -7.698657922446727753e-03
8.639853596687316895e-01 -7.526511326432228088e-03
8.818461894989013672e-01 -6.948136724531650543e-03
8.936799764633178711e-01 -6.586518138647079468e-03
9.109286665916442871e-01 -6.128715816885232925e-03
9.377472400665283203e-01 -5.784240085631608963e-03
9.496822357177734375e-01 -5.917956586927175522e-03
9.590194225311279297e-01 -6.224549841135740280e-03
9.636473655700683594e-01 -6.451780907809734344e-03
9.656652212142944336e-01 -6.565400399267673492e-03
