9.734413623809814453e-01 -1.912845415063202381e-03
9.730010628700256348e-01 -1.847801962867379189e-03
9.703518748283386230e-01 -1.427911920472979546e-03
9.642931818962097168e-01 -3.374130174051970243e-04
9.517679810523986816e-01 2.230752026662230492e-03
9.401370286941528320e-01 4.811421036720275879e-03
9.292446374893188477e-01 7.320675067603588104e-03
9.239433407783508301e-01 8.563036099076271057e-03
9.153771400451660156e-01 1.059085689485073090e-02
9.059961438179016113e-01 1.283225789666175842e-02
8.896126747131347656e-01 1.677610166370868683e-02
8.821172714233398438e-01 1.858615688979625702e-02
8.675843477249145508e-01 2.209569327533245087e-02
8.500050902366638184e-01 2.632611803710460663e-02
8.304724693298339844e-01 3.098831884562969208e-02
8.242950439453125000e-01 3.245139867067337036e-02
8.108239769935607910e-01 3.561916202306747437e-02
8.037355542182922363e-01 3.727203980088233948e-02
7.821736931800842285e-01 4.223271459341049194e-02
7.731251716613769531e-01 4.428122937679290771e-02
7.647416591644287109e-01 4.616004228591918945e-02
7.469812035560607910e-01 5.007528141140937805e-02
7.358710169792175293e-01 5.247655138373374939e-02
7.298351526260375977e-01 5.376474931836128235e-02
7.132037878036499023e-01 5.725181475281715393e-02
7.056796550750732422e-01 5.879796668887138367e-02
6.902910470962524414e-01 6.189626082777976990e-02
6.778396964073181152e-01 6.433734297752380371e-02
6.617252826690673828e-01 6.740457564592361450e-02
6.544570922851562500e-01 6.875263154506683350e-02
6.465377807617187500e-01 7.019541412591934204e-02
6.276897788047790527e-01 7.351572066545486450e-02
6.189243197441101074e-01 7.500315457582473755e-02
6.079146265983581543e-01 7.681791484355926514e-02
6.004621982574462891e-01 7.801151275634765625e-02
5.887026190757751465e-01 7.983563095331192017e-02
5.794521570205688477e-01 8.121784031391143799e-02
5.729551315307617188e-01 8.215997368097305298e-02
5.634859204292297363e-01 8.348956704139709473e-02
5.540948510169982910e-01 8.475574851036071777e-02
5.472839474678039551e-01 8.564045280218124390e-02
5.310093164443969727e-01 8.763596415519714355e-02
5.244164466857910156e-01 8.839537948369979858e-02
5.166400074958801270e-01 8.925375342369079590e-02
5.092227458953857422e-01 9.003397077322006226e-02
4.973313808441162109e-01 9.120447933673858643e-02
4.796835482120513916e-01 9.275329858064651489e-02
4.718333780765533447e-01 9.336776286363601685e-02
4.584987759590148926e-01 9.430334717035293579e-02
4.450623095035552979e-01 9.510499984025955200e-02
4.367323517799377441e-01 9.552926570177078247e-02
4.277663230895996094e-01 9.592257440090179443e-02
4.153431355953216553e-01 9.635715186595916748e-02
4.054408669471740723e-01 9.661019593477249146e-02
3.961068093776702881e-01 9.677166491746902466e-02
3.886458277702331543e-01 9.684631973505020142e-02
3.812357485294342041e-01 9.687206894159317017e-02
3.722250759601593018e-01 9.683773666620254517e-02
3.639065325260162354e-01 9.674135595560073853e-02
3.537051975727081299e-01 9.653748571872711182e-02
3.505640029907226562e-01 9.645552933216094971e-02
3.368004262447357178e-01 9.598883241415023804e-02
3.204394578933715820e-01 9.520285576581954956e-02
3.133939504623413086e-01 9.478587657213211060e-02
3.035908937454223633e-01 9.412595629692077637e-02
2.922261059284210205e-01 9.324318170547485352e-02
2.874194681644439697e-01 9.283134341239929199e-02
2.653841674327850342e-01 9.064478427171707153e-02
2.585106194019317627e-01 8.986049890518188477e-02
2.406708449125289917e-01 8.759173005819320679e-02
2.225752621889114380e-01 8.493548631668090820e-02
2.130450308322906494e-01 8.338747918605804443e-02
2.077920138835906982e-01 8.248889446258544922e-02
2.013728916645050049e-01 8.134612441062927246e-02
1.877890974283218384e-01 7.876107841730117798e-02
1.760825663805007935e-01 7.634422928094863892e-02
1.681333631277084351e-01 7.459860295057296753e-02
1.502234786748886108e-01 7.033645361661911011e-02
1.355985850095748901e-01 6.649094074964523315e-02
1.296421289443969727e-01 6.482253968715667725e-02
1.113847717642784119e-01 5.930093675851821899e-02
1.009366139769554138e-01 5.583331361413002014e-02
9.241233021020889282e-02 5.281485244631767273e-02
8.075325936079025269e-02 4.837183281779289246e-02
7.588812708854675293e-02 4.639605805277824402e-02
6.726530194282531738e-02 4.269028827548027039e-02
5.794874206185340881e-02 3.834196925163269043e-02
5.075339600443840027e-02 3.468139469623565674e-02
4.162642732262611389e-02 2.953951805830001831e-02
3.523761779069900513e-02 2.548456564545631409e-02
3.005023114383220673e-02 2.178782597184181213e-02
2.408234588801860809e-02 1.681536063551902771e-02
1.985955052077770233e-02 1.242274232208728790e-02
1.793454214930534363e-02 9.908497333526611328e-03
1.570346020162105560e-02 5.897858645766973495e-03
1.497578807175159454e-02 3.713960759341716766e-03
1.461644005030393600e-02 1.040014321915805340e-03
1.592562720179557800e-02 -4.276172257959842682e-03
1.660823263227939606e-02 -5.424141883850097656e-03
1.725905202329158783e-02 -6.334412377327680588e-03
1.824117079377174377e-02 -7.503965869545936584e-03
2.153126336634159088e-02 -1.050559617578983307e-02
2.402184158563613892e-02 -1.229528523981571198e-02
2.750990726053714752e-02 -1.443964429199695587e-02
3.109921142458915710e-02 -1.637344993650913239e-02
4.499717429280281067e-02 -2.256325446069240570e-02
5.724228173494338989e-02 -2.717902138829231262e-02
6.923189759254455566e-02 -3.130603581666946411e-02
7.598708570003509521e-02 -3.351126611232757568e-02
9.378421306610107422e-02 -3.900618851184844971e-02
1.123755127191543579e-01 -4.435317963361740112e-02
1.267096251249313354e-01 -4.824586585164070129e-02
1.365192681550979614e-01 -5.080571025609970093e-02
1.533141732215881348e-01 -5.500537902116775513e-02
1.798407137393951416e-01 -6.119826436042785645e-02
1.953008025884628296e-01 -6.457203626632690430e-02
2.065688371658325195e-01 -6.692545861005783081e-02
2.187889814376831055e-01 -6.937892735004425049e-02
2.315649390220642090e-01 -7.183530926704406738e-02
2.414270788431167603e-01 -7.365607470273971558e-02
2.511512339115142822e-01 -7.538729161024093628e-02
2.681159973144531250e-01 -7.825549691915512085e-02
2.843579947948455811e-01 -8.081976324319839478e-02
2.931524515151977539e-01 -8.213359862565994263e-02
3.059001266956329346e-01 -8.394403010606765747e-02
3.120359778404235840e-01 -8.477547764778137207e-02
3.255215287208557129e-01 -8.651050180196762085e-02
3.294268846511840820e-01 -8.698902279138565063e-02
3.445386290550231934e-01 -8.873779326677322388e-02
3.522051274776458740e-01 -8.956162631511688232e-02
3.612794280052185059e-01 -9.048058092594146729e-02
3.702158629894256592e-01 -9.132519364356994629e-02
3.963421583175659180e-01 -9.344012290239334106e-02
4.002649188041687012e-01 -9.371073544025421143e-02
4.169964492321014404e-01 -9.472232311964035034e-02
4.252501726150512695e-01 -9.513402730226516724e-02
4.364880621433258057e-01 -9.559882432222366333e-02
4.403791129589080811e-01 -9.573343396186828613e-02
4.530249834060668945e-01 -9.607499092817306519e-02
4.599658250808715820e-01 -9.619865566492080688e-02
4.735998213291168213e-01 -9.630531072616577148e-02
4.856753349304199219e-01 -9.624385833740234375e-02
4.959950447082519531e-01 -9.607076644897460938e-02
5.084353089332580566e-01 -9.570882469415664673e-02
5.138881206512451172e-01 -9.549571573734283447e-02
5.232123136520385742e-01 -9.505218267440795898e-02
5.343118906021118164e-01 -9.439043700695037842e-02
5.403769016265869141e-01 -9.396569430828094482e-02
5.507106184959411621e-01 -9.313643723726272583e-02
5.658827424049377441e-01 -9.167047590017318726e-02
5.723614692687988281e-01 -9.095185250043869019e-02
5.802401900291442871e-01 -9.000154584646224976e-02
5.911808013916015625e-01 -8.854042738676071167e-02
6.025152802467346191e-01 -8.685036748647689819e-02
6.085755825042724609e-01 -8.587235957384109497e-02
6.223776340484619141e-01 -8.345036953687667847e-02
6.307215094566345215e-01 -8.185540139675140381e-02
6.360729932785034180e-01 -8.078103512525558472e-02
6.418621540069580078e-01 -7.957416027784347534e-02
6.555861830711364746e-01 -7.653202116489410400e-02
6.606925129890441895e-01 -7.533720880746841431e-02
6.822581291198730469e-01 -6.994380056858062744e-02
6.896097064018249512e-01 -6.798878312110900879e-02
6.974371075630187988e-01 -6.585066020488739014e-02
7.152270674705505371e-01 -6.080992892384529114e-02
7.247894406318664551e-01 -5.802040919661521912e-02
7.332744002342224121e-01 -5.551366508007049561e-02
7.426731586456298828e-01 -5.271553993225097656e-02
7.503674030303955078e-01 -5.041785538196563721e-02
7.725618481636047363e-01 -4.382723569869995117e-02
7.820109128952026367e-01 -4.106874391436576843e-02
7.882812023162841797e-01 -3.926279023289680481e-02
7.984362840652465820e-01 -3.638846427202224731e-02
8.027201294898986816e-01 -3.519722074270248413e-02
8.139704465866088867e-01 -3.213656693696975708e-02
8.186289072036743164e-01 -3.090038895606994629e-02
8.303376436233520508e-01 -2.788170985877513885e-02
8.357473611831665039e-01 -2.653224207460880280e-02
8.426817655563354492e-01 -2.484676986932754517e-02
8.533452749252319336e-01 -2.235695905983448029e-02
8.653120994567871094e-01 -1.971855387091636658e-02
8.740304112434387207e-01 -1.790606044232845306e-02
8.906551003456115723e-01 -1.472358964383602142e-02
8.993881344795227051e-01 -1.320528239011764526e-02
9.164945483207702637e-01 -1.056715287268161774e-02
9.226493835449218750e-01 -9.736245498061180115e-03
9.460532665252685547e-01 -7.244165986776351929e-03
9.555277228355407715e-01 -6.587549578398466110e-03
9.631087183952331543e-01 -6.233714520931243896e-03
9.710907936096191406e-01 -6.026417482644319534e-03
9.743145108222961426e-01 -5.979919806122779846e-03
9.754063487052917480e-01 -5.966482684016227722e-03
