9.642617106437683105e-01 1.934108324348926544e-03
9.631772637367248535e-01 2.057911595329642296e-03
9.596498608589172363e-01 2.464091172441840172e-03
9.462445378303527832e-01 4.053098615258932114e-03
9.294063448905944824e-01 6.134678144007921219e-03
9.131790995597839355e-01 8.210583589971065521e-03
8.971226811408996582e-01 1.031661313027143478e-02
8.895863890647888184e-01 1.131960656493902206e-02
8.737967014312744141e-01 1.344552263617515564e-02
8.647630214691162109e-01 1.467432919889688492e-02
8.501265645027160645e-01 1.668057963252067566e-02
8.411725759506225586e-01 1.791536249220371246e-02
8.293497562408447266e-01 1.955220662057399750e-02
8.188035488128662109e-01 2.101671509444713593e-02
8.085542917251586914e-01 2.244219183921813965e-02
8.000681996345520020e-01 2.362311258912086487e-02
7.921801805496215820e-01 2.472043037414550781e-02
7.771485447883605957e-01 2.680815197527408600e-02
7.636153697967529297e-01 2.868058346211910248e-02
7.588469982147216797e-01 2.933802269399166107e-02
7.455490827560424805e-01 3.116331249475479126e-02
7.284870147705078125e-01 3.348334878683090210e-02
6.976437568664550781e-01 3.759337961673736572e-02
6.876391172409057617e-01 3.889797627925872803e-02
6.709014177322387695e-01 4.104372859001159668e-02
6.631740927696228027e-01 4.201760143041610718e-02
6.534487605094909668e-01 4.322711005806922913e-02
6.499228477478027344e-01 4.366100952029228210e-02
6.383419632911682129e-01 4.506834968924522400e-02
6.259337663650512695e-01 4.654465615749359131e-02
6.137664914131164551e-01 4.795936122536659241e-02
5.993704795837402344e-01 4.958962276577949524e-02
5.934994816780090332e-01 5.024058744311332703e-02
5.785316824913024902e-01 5.186313390731811523e-02
5.659021735191345215e-01 5.319016054272651672e-02
5.609601140022277832e-01 5.369879305362701416e-02
5.510254502296447754e-01 5.470317229628562927e-02
5.434067845344543457e-01 5.545685440301895142e-02
5.286401510238647461e-01 5.687634646892547607e-02
5.174587965011596680e-01 5.791467800736427307e-02
5.124241709709167480e-01 5.837179720401763916e-02
5.016853213310241699e-01 5.932519584894180298e-02
4.902826249599456787e-01 6.030485406517982483e-02
4.852596521377563477e-01 6.072562560439109802e-02
4.726850688457489014e-01 6.174951419234275818e-02
4.658293128013610840e-01 6.228981912136077881e-02
4.550904333591461182e-01 6.311021000146865845e-02
4.489125907421112061e-01 6.356752663850784302e-02
4.402608871459960938e-01 6.418972462415695190e-02
4.263450503349304199e-01 6.514448672533035278e-02
4.112249612808227539e-01 6.611505150794982910e-02
4.043591618537902832e-01 6.653182953596115112e-02
3.853556215763092041e-01 6.760343164205551147e-02
3.756872117519378662e-01 6.810005754232406616e-02
3.703355789184570312e-01 6.836012005805969238e-02
3.654944896697998047e-01 6.858600676059722900e-02
3.561987578868865967e-01 6.899397075176239014e-02
3.486293852329254150e-01 6.930026412010192871e-02
3.379947841167449951e-01 6.968933343887329102e-02
3.313071131706237793e-01 6.990820169448852539e-02
3.214879035949707031e-01 7.019162923097610474e-02
3.164910674095153809e-01 7.031778991222381592e-02
3.036811351776123047e-01 7.058265060186386108e-02
2.935547828674316406e-01 7.072881609201431274e-02
2.831035852432250977e-01 7.081709057092666626e-02
2.752226293087005615e-01 7.083898037672042847e-02
2.671857476234436035e-01 7.081946730613708496e-02
2.619578838348388672e-01 7.078300416469573975e-02
2.509803771972656250e-01 7.064205408096313477e-02
2.412527799606323242e-01 7.043980807065963745e-02
2.323815524578094482e-01 7.018746435642242432e-02
2.202977538108825684e-01 6.973151862621307373e-02
2.030458301305770874e-01 6.883379071950912476e-02
1.944297552108764648e-01 6.826568394899368286e-02
1.848180592060089111e-01 6.752841919660568237e-02
1.758308261632919312e-01 6.673260778188705444e-02
1.694602817296981812e-01 6.610155850648880005e-02
1.605441421270370483e-01 6.511812657117843628e-02
1.491954773664474487e-01 6.368272751569747925e-02
1.340730935335159302e-01 6.141096726059913635e-02
1.250374168157577515e-01 5.983212590217590332e-02
1.175875887274742126e-01 5.839033052325248718e-02
1.006243154406547546e-01 5.456531792879104614e-02
8.755024522542953491e-02 5.100695043802261353e-02
8.223204314708709717e-02 4.937791824340820312e-02
7.759708166122436523e-02 4.786049202084541321e-02
6.565738469362258911e-02 4.346661642193794250e-02
5.483791604638099670e-02 3.873620554804801941e-02
4.710214585065841675e-02 3.476952016353607178e-02
3.631710633635520935e-02 2.802448906004428864e-02
3.235696256160736084e-02 2.499598264694213867e-02
2.653282508254051208e-02 1.951155625283718109e-02
2.504916489124298096e-02 1.775849238038063049e-02
2.293958142399787903e-02 1.470323838293552399e-02
2.175593376159667969e-02 1.231124997138977051e-02
2.121059782803058624e-02 1.064773183315992355e-02
2.090341597795486450e-02 8.540130220353603363e-03
2.095439843833446503e-02 7.330145686864852905e-03
2.144991420209407806e-02 5.420232191681861877e-03
2.177024632692337036e-02 4.745549056679010391e-03
2.298023924231529236e-02 3.074198495596647263e-03
2.418691106140613556e-02 1.975937047973275185e-03
2.561861090362071991e-02 1.008657854981720448e-03
2.916913479566574097e-02 -6.031461525708436966e-04
3.374011069536209106e-02 -1.844445941969752312e-03
4.741267487406730652e-02 -3.265741746872663498e-03
5.579159781336784363e-02 -3.350353566929697990e-03
6.489527225494384766e-02 -3.120674751698970795e-03
7.945533096790313721e-02 -2.401645760983228683e-03
8.650263398885726929e-02 -1.983684953302145004e-03
9.887918084859848022e-02 -1.227536122314631939e-03
1.060573831200599670e-01 -8.005299605429172516e-04
1.147409453988075256e-01 -3.117798478342592716e-04
1.319462805986404419e-01 5.329552222974598408e-04
1.421039700508117676e-01 9.432486258447170258e-04
1.495909243822097778e-01 1.201985869556665421e-03
1.584175676107406616e-01 1.459859544411301613e-03
1.636564880609512329e-01 1.589315244928002357e-03
1.690383255481719971e-01 1.704493653960525990e-03
1.725316792726516724e-01 1.769832218997180462e-03
1.885829567909240723e-01 1.979259541258215904e-03
1.986908912658691406e-01 2.039499813690781593e-03
2.057516276836395264e-01 2.051294781267642975e-03
2.217738926410675049e-01 1.993313897401094437e-03
2.369782924652099609e-01 1.840340439230203629e-03
2.485193312168121338e-01 1.667923876084387302e-03
2.636385858058929443e-01 1.377185108140110970e-03
2.678094208240509033e-01 1.285200007259845734e-03
2.747254073619842529e-01 1.122374669648706913e-03
2.838994860649108887e-01 8.877686341293156147e-04
2.967651188373565674e-01 5.262980703264474869e-04
3.107049763202667236e-01 9.685232362244278193e-05
3.194507062435150146e-01 -1.901945797726511955e-04
3.309745490550994873e-01 -5.866005085408687592e-04
3.410252630710601807e-01 -9.472282254137098789e-04
3.494194746017456055e-01 -1.257735420949757099e-03
3.628759980201721191e-01 -1.770683564245700836e-03
3.719281256198883057e-01 -2.124664140865206718e-03
3.782863020896911621e-01 -2.376921707764267921e-03
4.003636538982391357e-01 -3.270680317655205727e-03
4.038037955760955811e-01 -3.411840414628386497e-03
4.143770039081573486e-01 -3.847854444757103920e-03
4.279606342315673828e-01 -4.411015659570693970e-03
4.386751651763916016e-01 -4.855989944189786911e-03
4.542689621448516846e-01 -5.502045620232820511e-03
4.625296294689178467e-01 -5.842474754899740219e-03
4.693336784839630127e-01 -6.121465936303138733e-03
4.785180091857910156e-01 -6.495549809187650681e-03
4.941042363643646240e-01 -7.122181821614503860e-03
5.058901309967041016e-01 -7.587728556245565414e-03
5.179519057273864746e-01 -8.055472746491432190e-03
5.257791876792907715e-01 -8.353789336979389191e-03
5.404295325279235840e-01 -8.899938315153121948e-03
5.520080327987670898e-01 -9.319330565631389618e-03
5.681289434432983398e-01 -9.883510880172252655e-03
5.831325054168701172e-01 -1.038609445095062256e-02
5.954440236091613770e-01 -1.078091654926538467e-02
6.034250259399414062e-01 -1.102782133966684341e-02
6.143440008163452148e-01 -1.135340612381696701e-02
6.194396018981933594e-01 -1.150029432028532028e-02
6.349759101867675781e-01 -1.192703749984502792e-02
6.437878608703613281e-01 -1.215409673750400543e-02
6.543728113174438477e-01 -1.241145003587007523e-02
6.590439677238464355e-01 -1.251940988004207611e-02
6.726295948028564453e-01 -1.281264983117580414e-02
6.792241334915161133e-01 -1.294325757771730423e-02
6.914293766021728516e-01 -1.316334586590528488e-02
7.050313949584960938e-01 -1.337316818535327911e-02
7.134776711463928223e-01 -1.348327565938234329e-02
7.249973416328430176e-01 -1.360675506293773651e-02
7.362946867942810059e-01 -1.369601767510175705e-02
7.459638714790344238e-01 -1.374574843794107437e-02
7.551419734954833984e-01 -1.376885361969470978e-02
7.643196582794189453e-01 -1.376723498106002808e-02
7.726320028305053711e-01 -1.374336052685976028e-02
7.815442681312561035e-01 -1.369293872267007828e-02
7.889828681945800781e-01 -1.363030727952718735e-02
7.983957529067993164e-01 -1.352298073470592499e-02
8.174422383308410645e-01 -1.320351287722587585e-02
8.296031951904296875e-01 -1.292241271585226059e-02
8.505636453628540039e-01 -1.228216756135225296e-02
8.575410842895507812e-01 -1.202163100242614746e-02
8.708473443984985352e-01 -1.145300921052694321e-02
8.792006969451904297e-01 -1.104453112930059433e-02
8.899458050727844238e-01 -1.045554690062999725e-02
8.953723311424255371e-01 -1.012895442545413971e-02
9.173027873039245605e-01 -8.583233691751956940e-03
9.305111169815063477e-01 -7.447633426636457443e-03
9.496116638183593750e-01 -5.451706703752279282e-03
9.605581164360046387e-01 -4.062268882989883423e-03
9.627472758293151855e-01 -3.757817903533577919e-03
9.642944931983947754e-01 -3.536763135343790054e-03
