9.679610133171081543e-01 -2.259339205920696259e-03
9.671721458435058594e-01 -2.170554827898740768e-03
9.630026817321777344e-01 -1.644795294851064682e-03
9.556987881660461426e-01 -5.603847675956785679e-04
9.359019398689270020e-01 2.954411553218960762e-03
9.226032495498657227e-01 5.581355653703212738e-03
9.064072370529174805e-01 8.948780596256256104e-03
8.982321023941040039e-01 1.069815736263990402e-02
8.925338983535766602e-01 1.193272601813077927e-02
8.797562122344970703e-01 1.473729219287633896e-02
8.663369417190551758e-01 1.772331073880195618e-02
8.582664728164672852e-01 1.953330077230930328e-02
8.447679281234741211e-01 2.257584035396575928e-02
8.327593207359313965e-01 2.529099956154823303e-02
8.130922913551330566e-01 2.973680198192596436e-02
8.037062883377075195e-01 3.185135871171951294e-02
7.887300848960876465e-01 3.520681336522102356e-02
7.813460826873779297e-01 3.685009479522705078e-02
7.618120312690734863e-01 4.115064069628715515e-02
7.497301697731018066e-01 4.376928880810737610e-02
7.339825630187988281e-01 4.712547361850738525e-02
7.222920060157775879e-01 4.956981539726257324e-02
7.098008990287780762e-01 5.213196948170661926e-02
7.046365737915039062e-01 5.317525565624237061e-02
6.866009235382080078e-01 5.674019455909729004e-02
6.776206493377685547e-01 5.846706405282020569e-02
6.628518700599670410e-01 6.123325601220130920e-02
6.513403654098510742e-01 6.332311034202575684e-02
6.354538798332214355e-01 6.610819697380065918e-02
6.215631365776062012e-01 6.844653934240341187e-02
6.128636598587036133e-01 6.986404955387115479e-02
6.037079095840454102e-01 7.131624966859817505e-02
5.942209362983703613e-01 7.277779281139373779e-02
5.850648283958435059e-01 7.414621859788894653e-02
5.725595951080322266e-01 7.594766467809677124e-02
5.647161602973937988e-01 7.703754305839538574e-02
5.565539598464965820e-01 7.813872396945953369e-02
5.502427816390991211e-01 7.896691560745239258e-02
5.414386987686157227e-01 8.008810877799987793e-02
5.343795418739318848e-01 8.095820993185043335e-02
5.283427834510803223e-01 8.168171346187591553e-02
5.094445943832397461e-01 8.382230997085571289e-02
5.001999139785766602e-01 8.479972183704376221e-02
4.860941469669342041e-01 8.620078116655349731e-02
4.808050990104675293e-01 8.669747412204742432e-02
4.659371078014373779e-01 8.800826221704483032e-02
4.578826725482940674e-01 8.866463601589202881e-02
4.482542872428894043e-01 8.939850330352783203e-02
4.359401464462280273e-01 9.025456756353378296e-02
4.189512431621551514e-01 9.127862006425857544e-02
4.113667607307434082e-01 9.167516976594924927e-02
4.036586284637451172e-01 9.203872084617614746e-02
3.962966799736022949e-01 9.234801679849624634e-02
3.892830312252044678e-01 9.260752797126770020e-02
3.820582330226898193e-01 9.283826500177383423e-02
3.766518533229827881e-01 9.298620373010635376e-02
3.690444827079772949e-01 9.315782040357589722e-02
3.542146682739257812e-01 9.336620569229125977e-02
3.455094397068023682e-01 9.340855479240417480e-02
3.398457169532775879e-01 9.340341389179229736e-02
3.367602825164794922e-01 9.338956326246261597e-02
3.282483518123626709e-01 9.331038594245910645e-02
3.209370374679565430e-01 9.319338202476501465e-02
3.146054744720458984e-01 9.305465966463088989e-02
3.038884997367858887e-01 9.273882210254669189e-02
2.978099584579467773e-01 9.251327067613601685e-02
2.927224338054656982e-01 9.229812771081924438e-02
2.747604846954345703e-01 9.134005010128021240e-02
2.649944424629211426e-01 9.068460762500762939e-02
2.538642585277557373e-01 8.981691300868988037e-02
2.309594899415969849e-01 8.760508149862289429e-02
2.271928489208221436e-01 8.718378096818923950e-02
2.173223197460174561e-01 8.599877357482910156e-02
2.111124396324157715e-01 8.519151806831359863e-02
2.004963457584381104e-01 8.369664102792739868e-02
1.883335560560226440e-01 8.179765194654464722e-02
1.824738830327987671e-01 8.080837130546569824e-02
1.638993173837661743e-01 7.733087241649627686e-02
1.564851701259613037e-01 7.578855007886886597e-02
1.436301022768020630e-01 7.288778573274612427e-02
1.258541345596313477e-01 6.835708767175674438e-02
1.169632375240325928e-01 6.583917140960693359e-02
1.044665351510047913e-01 6.197952106595039368e-02
9.498200565576553345e-02 5.877092853188514709e-02
9.039127826690673828e-02 5.712171643972396851e-02
7.765700668096542358e-02 5.217559263110160828e-02
6.928725540637969971e-02 4.858428239822387695e-02
6.198843568563461304e-02 4.519118741154670715e-02
5.104828998446464539e-02 3.955012932419776917e-02
4.236382246017456055e-02 3.446470201015472412e-02
3.463756665587425232e-02 2.931428514420986176e-02
2.493361756205558777e-02 2.150641381740570068e-02
1.903954893350601196e-02 1.529844105243682861e-02
1.734945178031921387e-02 1.304430235177278519e-02
1.521274540573358536e-02 9.406239725649356842e-03
1.426521688699722290e-02 7.003000006079673767e-03
1.388508453965187073e-02 5.459949374198913574e-03
1.383496634662151337e-02 1.883801072835922241e-03
1.412204001098871231e-02 7.043241639621555805e-04
1.448709052056074142e-02 -2.554259262979030609e-04
1.523514557629823685e-02 -1.623592455871403217e-03
1.793673075735569000e-02 -4.582062363624572754e-03
2.016768977046012878e-02 -6.200402509421110153e-03
2.440145052969455719e-02 -8.480090647935867310e-03
2.988296747207641602e-02 -1.068591792136430740e-02
3.874875232577323914e-02 -1.342092175036668777e-02
5.090278014540672302e-02 -1.637217774987220764e-02
5.760029703378677368e-02 -1.778190396726131439e-02
6.485269963741302490e-02 -1.919632032513618469e-02
8.551141619682312012e-02 -2.280230261385440826e-02
9.989634901285171509e-02 -2.506544068455696106e-02
1.096261069178581238e-01 -2.651392482221126556e-02
1.152601018548011780e-01 -2.732708491384983063e-02
1.287261694669723511e-01 -2.920405194163322449e-02
1.597519218921661377e-01 -3.322742506861686707e-02
1.710055619478225708e-01 -3.459686040878295898e-02
1.850654780864715576e-01 -3.624684363603591919e-02
2.012931257486343384e-01 -3.807068243622779846e-02
2.201060354709625244e-01 -4.008032754063606262e-02
2.272408604621887207e-01 -4.081343114376068115e-02
2.355251312255859375e-01 -4.164460301399230957e-02
2.451115399599075317e-01 -4.257946461439132690e-02
2.674238681793212891e-01 -4.464181512594223022e-02
2.754664421081542969e-01 -4.534549266099929810e-02
2.845596075057983398e-01 -4.611510410904884338e-02
2.894366383552551270e-01 -4.651633277535438538e-02
3.009025752544403076e-01 -4.742724075913429260e-02
3.059076070785522461e-01 -4.781033843755722046e-02
3.215546607971191406e-01 -4.894939437508583069e-02
3.315234184265136719e-01 -4.962732642889022827e-02
3.482277393341064453e-01 -5.067622289061546326e-02
3.559196591377258301e-01 -5.112113058567047119e-02
3.812547028064727783e-01 -5.240674689412117004e-02
3.850418925285339355e-01 -5.257420241832733154e-02
3.968738615512847900e-01 -5.305381491780281067e-02
4.033156931400299072e-01 -5.328648537397384644e-02
4.124291241168975830e-01 -5.358029156923294067e-02
4.169036149978637695e-01 -5.370899662375450134e-02
4.284792840480804443e-01 -5.399310961365699768e-02
4.346582591533660889e-01 -5.411515384912490845e-02
4.451507627964019775e-01 -5.427372828125953674e-02
4.537649750709533691e-01 -5.435683205723762512e-02
4.760034084320068359e-01 -5.436683073639869690e-02
4.862797558307647705e-01 -5.426808074116706848e-02
4.915760755538940430e-01 -5.419087409973144531e-02
5.028964877128601074e-01 -5.396481230854988098e-02
5.113165378570556641e-01 -5.374198406934738159e-02
5.211468935012817383e-01 -5.342203006148338318e-02
5.274947881698608398e-01 -5.318101495504379272e-02
5.435131788253784180e-01 -5.245250463485717773e-02
5.507056117057800293e-01 -5.206960067152976990e-02
5.565782785415649414e-01 -5.173165723681449890e-02
5.649890899658203125e-01 -5.120849609375000000e-02
5.704897046089172363e-01 -5.084188282489776611e-02
5.788834691047668457e-01 -5.024609342217445374e-02
5.998106598854064941e-01 -4.857971519231796265e-02
6.044564247131347656e-01 -4.817712306976318359e-02
6.085941791534423828e-01 -4.780929535627365112e-02
6.157214641571044922e-01 -4.715625569224357605e-02
6.282071471214294434e-01 -4.595787823200225830e-02
6.348431110382080078e-01 -4.529576003551483154e-02
6.518553495407104492e-01 -4.353244230151176453e-02
6.606243848800659180e-01 -4.259381070733070374e-02
6.648927927017211914e-01 -4.213128611445426941e-02
6.875519752502441406e-01 -3.963547572493553162e-02
6.958547830581665039e-01 -3.871220350265502930e-02
7.077771425247192383e-01 -3.738676011562347412e-02
7.181081175804138184e-01 -3.624336794018745422e-02
7.285472750663757324e-01 -3.509693592786788940e-02
7.365387678146362305e-01 -3.422728553414344788e-02
7.450820803642272949e-01 -3.330651670694351196e-02
7.575218677520751953e-01 -3.198387473821640015e-02
7.719337940216064453e-01 -3.047959133982658386e-02
7.768409848213195801e-01 -2.997418120503425598e-02
7.882409691810607910e-01 -2.881260216236114502e-02
7.935812473297119141e-01 -2.827405743300914764e-02
8.010953664779663086e-01 -2.752168476581573486e-02
8.090385794639587402e-01 -2.673223242163658142e-02
8.297716379165649414e-01 -2.469085529446601868e-02
8.378524780273437500e-01 -2.389814332127571106e-02
8.542441129684448242e-01 -2.228337340056896210e-02
8.614056110382080078e-01 -2.157081477344036102e-02
8.767371177673339844e-01 -2.001824043691158295e-02
8.877142071723937988e-01 -1.887257583439350128e-02
8.994847536087036133e-01 -1.759745366871356964e-02
9.041754603385925293e-01 -1.707184314727783203e-02
9.260831475257873535e-01 -1.442499086260795593e-02
9.395112991333007812e-01 -1.256473455578088760e-02
9.507722258567810059e-01 -1.076786499470472336e-02
9.636492133140563965e-01 -8.259265683591365814e-03
9.678245782852172852e-01 -7.282743230462074280e-03
9.690914750099182129e-01 -6.965277716517448425e-03
