9.592945575714111328e-01 -1.351018203422427177e-03
9.580108523368835449e-01 -1.184453722089529037e-03
9.528961181640625000e-01 -5.224214983172714710e-04
9.347842335700988770e-01 1.797409728169441223e-03
9.025040864944458008e-01 5.822706967592239380e-03
8.837999105453491211e-01 8.086254820227622986e-03
8.719356060028076172e-01 9.495231322944164276e-03
8.668069839477539062e-01 1.009779237210750580e-02
8.519157767295837402e-01 1.182506792247295380e-02
8.430839776992797852e-01 1.283377036452293396e-02
8.285148739814758301e-01 1.447202265262603760e-02
8.167608976364135742e-01 1.577033661305904388e-02
7.998198270797729492e-01 1.760471425950527191e-02
7.795521020889282227e-01 1.974183693528175354e-02
7.537600398063659668e-01 2.237050980329513550e-02
7.423253059387207031e-01 2.350324392318725586e-02
7.230398654937744141e-01 2.536816522479057312e-02
7.168156504631042480e-01 2.595784887671470642e-02
7.083912491798400879e-01 2.674657665193080902e-02
7.014343738555908203e-01 2.738971263170242310e-02
6.825109720230102539e-01 2.910190261900424957e-02
6.687299609184265137e-01 3.031478822231292725e-02
6.514249444007873535e-01 3.179778158664703369e-02
6.489852070808410645e-01 3.200329467654228210e-02
6.308814883232116699e-01 3.350138291716575623e-02
6.164745092391967773e-01 3.466005250811576843e-02
6.115942597389221191e-01 3.504591062664985657e-02
6.000270247459411621e-01 3.594731166958808899e-02
5.809841156005859375e-01 3.739147260785102844e-02
5.727509260177612305e-01 3.800081461668014526e-02
5.489960908889770508e-01 3.970888629555702209e-02
5.433703660964965820e-01 4.010262712836265564e-02
5.334087014198303223e-01 4.078968986868858337e-02
5.259236097335815430e-01 4.129735752940177917e-02
5.159731507301330566e-01 4.196087643504142761e-02
5.115861296653747559e-01 4.224920272827148438e-02
5.004488825798034668e-01 4.296946525573730469e-02
4.928078353404998779e-01 4.345371574163436890e-02
4.834414422512054443e-01 4.403594881296157837e-02
4.627498984336853027e-01 4.527562484145164490e-02
4.508346021175384521e-01 4.595835506916046143e-02
4.474660456180572510e-01 4.614697769284248352e-02
4.384962022304534912e-01 4.663930088281631470e-02
4.332033693790435791e-01 4.692280292510986328e-02
4.119534194469451904e-01 4.800421744585037231e-02
4.082191884517669678e-01 4.818418622016906738e-02
3.960234820842742920e-01 4.874919727444648743e-02
3.845905661582946777e-01 4.924507811665534973e-02
3.779455721378326416e-01 4.951713234186172485e-02
3.668438792228698730e-01 4.994330927729606628e-02
3.426913917064666748e-01 5.073524639010429382e-02
3.381987810134887695e-01 5.086020007729530334e-02
3.337415456771850586e-01 5.097672343254089355e-02
3.227126300334930420e-01 5.123162269592285156e-02
3.209416866302490234e-01 5.126795917749404907e-02
3.022975325584411621e-01 5.156798288226127625e-02
2.882694005966186523e-01 5.168690904974937439e-02
2.799345552921295166e-01 5.171038582921028137e-02
2.749789059162139893e-01 5.170674622058868408e-02
2.634893357753753662e-01 5.164528265595436096e-02
2.565557658672332764e-01 5.157069861888885498e-02
2.521341145038604736e-01 5.150773003697395325e-02
2.299898117780685425e-01 5.099998414516448975e-02
2.207609862089157104e-01 5.068699643015861511e-02
2.187998294830322266e-01 5.061231553554534912e-02
2.052000015974044800e-01 5.001159757375717163e-02
1.922687292098999023e-01 4.929860308766365051e-02
1.886155903339385986e-01 4.907061159610748291e-02
1.809956133365631104e-01 4.855550080537796021e-02
1.753879338502883911e-01 4.814107716083526611e-02
1.693923473358154297e-01 4.766345024108886719e-02
1.617356240749359131e-01 4.699942842125892639e-02
1.569616049528121948e-01 4.655345156788825989e-02
1.538218110799789429e-01 4.624625667929649353e-02
1.503366529941558838e-01 4.589205980300903320e-02
1.486549079418182373e-01 4.571607708930969238e-02
1.378904581069946289e-01 4.450820758938789368e-02
1.212645992636680603e-01 4.234447702765464783e-02
1.141887977719306946e-01 4.130297526717185974e-02
1.060477048158645630e-01 4.000680521130561829e-02
9.753811359405517578e-02 3.853094577789306641e-02
9.236269444227218628e-02 3.756806626915931702e-02
8.460604399442672729e-02 3.602457791566848755e-02
6.870019435882568359e-02 3.243211284279823303e-02
6.067643687129020691e-02 3.036438114941120148e-02
4.755919426679611206e-02 2.652064338326454163e-02
3.489887341856956482e-02 2.208660729229450226e-02
2.748787961900234222e-02 1.900965534150600433e-02
2.025691419839859009e-02 1.545818243175745010e-02
1.770377904176712036e-02 1.400218997150659561e-02
1.538105495274066925e-02 1.253462769091129303e-02
9.240639396011829376e-03 7.118930108845233917e-03
8.941947482526302338e-03 6.688888184726238251e-03
8.033305406570434570e-03 4.796421620994806290e-03
7.848806679248809814e-03 3.376521170139312744e-03
7.961355149745941162e-03 2.597585320472717285e-03
8.462339639663696289e-03 1.430928474292159081e-03
8.985338732600212097e-03 7.286148611456155777e-04
9.496823884546756744e-03 2.076519158435985446e-04
1.040238142013549805e-02 -5.139858112670481205e-04
1.130557339638471603e-02 -1.086436328478157520e-03
1.335257571190595627e-02 -2.086588647216558456e-03
1.560589671134948730e-02 -2.915258286520838737e-03
1.857489533722400665e-02 -3.758617909625172615e-03
2.539242245256900787e-02 -5.109691061079502106e-03
3.746716678142547607e-02 -6.526269484311342239e-03
4.266401007771492004e-02 -6.929064169526100159e-03
5.684109032154083252e-02 -7.676908746361732483e-03
6.367669254541397095e-02 -7.914350368082523346e-03
7.215100526809692383e-02 -8.134487085044384003e-03
8.701834082603454590e-02 -8.380159735679626465e-03
9.499401599168777466e-02 -8.458989672362804413e-03
1.125390827655792236e-01 -8.542951196432113647e-03
1.214055567979812622e-01 -8.549998514354228973e-03
1.383555382490158081e-01 -8.514580316841602325e-03
1.469835937023162842e-01 -8.476287126541137695e-03
1.547687053680419922e-01 -8.431716822087764740e-03
1.598282456398010254e-01 -8.398069068789482117e-03
1.739739328622817993e-01 -8.285941556096076965e-03
1.832394599914550781e-01 -8.199058473110198975e-03
1.904155462980270386e-01 -8.124865591526031494e-03
2.096579819917678833e-01 -7.897427305579185486e-03
2.167097479104995728e-01 -7.803961634635925293e-03
2.283561378717422485e-01 -7.637917064130306244e-03
2.362436503171920776e-01 -7.517255842685699463e-03
2.454824894666671753e-01 -7.367521058768033981e-03
2.615343630313873291e-01 -7.085856515914201736e-03
2.753030359745025635e-01 -6.822512950748205185e-03
2.940075993537902832e-01 -6.432655733078718185e-03
3.017225563526153564e-01 -6.261129863560199738e-03
3.088810145854949951e-01 -6.096412893384695053e-03
3.187959194183349609e-01 -5.859487690031528473e-03
3.284354805946350098e-01 -5.619477014988660812e-03
3.309199512004852295e-01 -5.556091200560331345e-03
3.385799825191497803e-01 -5.356774199753999710e-03
3.443245589733123779e-01 -5.203478038311004639e-03
3.598993420600891113e-01 -4.771903157234191895e-03
3.668197095394134521e-01 -4.572881385684013367e-03
3.792313933372497559e-01 -4.205325152724981308e-03
3.934562802314758301e-01 -3.768358845263719559e-03
3.997620344161987305e-01 -3.569723339751362801e-03
4.052276015281677246e-01 -3.395286388695240021e-03
4.130305945873260498e-01 -3.142879344522953033e-03
4.278109073638916016e-01 -2.655355492606759071e-03
4.368968009948730469e-01 -2.350725699216127396e-03
4.422570168972015381e-01 -2.169702434912323952e-03
4.521892070770263672e-01 -1.832570414990186691e-03
4.627962112426757812e-01 -1.471526687964797020e-03
4.807065427303314209e-01 -8.653718978166580200e-04
4.891562163829803467e-01 -5.837343633174896240e-04
4.961790442466735840e-01 -3.531528636813163757e-04
5.018919110298156738e-01 -1.685804309090599418e-04
5.259283185005187988e-01 5.662100156769156456e-04
5.281743407249450684e-01 6.304737180471420288e-04
5.381423830986022949e-01 9.042976307682693005e-04
5.470399260520935059e-01 1.131026190705597401e-03
5.575242638587951660e-01 1.373462146148085594e-03
5.633383989334106445e-01 1.495056552812457085e-03
5.653013586997985840e-01 1.533886650577187538e-03
5.864733457565307617e-01 1.874270383268594742e-03
5.957656502723693848e-01 1.974164973944425583e-03
6.038403511047363281e-01 2.034392673522233963e-03
6.081280708312988281e-01 2.055997028946876526e-03
6.157057285308837891e-01 2.076177392154932022e-03
6.247360110282897949e-01 2.069768961519002914e-03
6.373128294944763184e-01 2.005286514759063721e-03
6.623019576072692871e-01 1.689640455879271030e-03
6.673807501792907715e-01 1.596496091224253178e-03
6.758873462677001953e-01 1.420091371983289719e-03
6.919018626213073730e-01 1.023858785629272461e-03
7.080169916152954102e-01 5.512212519533932209e-04
7.196885347366333008e-01 1.704840396996587515e-04
7.261977791786193848e-01 -5.348616105038672686e-05
7.299032807350158691e-01 -1.842117781052365899e-04
7.418649792671203613e-01 -6.196186295710504055e-04
7.505575418472290039e-01 -9.461925947107374668e-04
7.732824683189392090e-01 -1.821149955503642559e-03
7.777326107025146484e-01 -1.993364887312054634e-03
7.857755422592163086e-01 -2.303083660081028938e-03
7.975490689277648926e-01 -2.749282401055097580e-03
8.087772727012634277e-01 -3.161556087434291840e-03
8.117686510086059570e-01 -3.268453991040587425e-03
8.260454535484313965e-01 -3.756619291380047798e-03
8.309436440467834473e-01 -3.914159722626209259e-03
8.631598949432373047e-01 -4.773377906531095505e-03
8.732567429542541504e-01 -4.960584454238414764e-03
8.919596672058105469e-01 -5.167912691831588745e-03
9.263259768486022949e-01 -4.927909467369318008e-03
9.360989332199096680e-01 -4.686170723289251328e-03
9.485757350921630859e-01 -4.288050346076488495e-03
9.503652453422546387e-01 -4.227383527904748917e-03
9.557359814643859863e-01 -4.051340743899345398e-03
