9.679458737373352051e-01 -2.381813013926148415e-03
9.674603939056396484e-01 -2.313793171197175980e-03
9.645346403121948242e-01 -1.877391361631453037e-03
9.560435414314270020e-01 -4.347293579485267401e-04
9.350925087928771973e-01 3.687618300318717957e-03
9.163734316825866699e-01 7.701771799474954605e-03
9.040220975875854492e-01 1.044458895921707153e-02
9.002628922462463379e-01 1.128992717713117599e-02
8.904072642326354980e-01 1.352437213063240051e-02
8.792838454246520996e-01 1.607123576104640961e-02
8.629087805747985840e-01 1.985244266688823700e-02
8.548956513404846191e-01 2.171115018427371979e-02
8.416054248809814453e-01 2.479866892099380493e-02
8.275083303451538086e-01 2.807218953967094421e-02
8.057413101196289062e-01 3.310340642929077148e-02
7.858874201774597168e-01 3.764602541923522949e-02
7.751978039741516113e-01 4.006628319621086121e-02
7.648982405662536621e-01 4.237781092524528503e-02
7.428915500640869141e-01 4.723842814564704895e-02
7.355169653892517090e-01 4.884039610624313354e-02
7.275728583335876465e-01 5.054958537220954895e-02
7.019746899604797363e-01 5.592987686395645142e-02
6.813063025474548340e-01 6.011799350380897522e-02
6.768769621849060059e-01 6.099594384431838989e-02
6.584238409996032715e-01 6.457477062940597534e-02
6.518276929855346680e-01 6.582207977771759033e-02
6.421977877616882324e-01 6.761161237955093384e-02
6.370369195938110352e-01 6.855506449937820435e-02
6.105973720550537109e-01 7.320935279130935669e-02
6.059029698371887207e-01 7.400339096784591675e-02
5.944762229919433594e-01 7.589385658502578735e-02
5.862232446670532227e-01 7.722114771604537964e-02
5.734575986862182617e-01 7.920941710472106934e-02
5.596333146095275879e-01 8.127120882272720337e-02
5.500604510307312012e-01 8.264171332120895386e-02
5.398172140121459961e-01 8.405471593141555786e-02
5.264016985893249512e-01 8.581949770450592041e-02
5.205696821212768555e-01 8.655557036399841309e-02
5.027962923049926758e-01 8.867888897657394409e-02
4.918662309646606445e-01 8.989239484071731567e-02
4.836119115352630615e-01 9.076081216335296631e-02
4.699997305870056152e-01 9.209999442100524902e-02
4.605379998683929443e-01 9.296092391014099121e-02
4.471966028213500977e-01 9.407439827919006348e-02
4.406735301017761230e-01 9.457490593194961548e-02
4.363799989223480225e-01 9.488823264837265015e-02
4.189311265945434570e-01 9.602744132280349731e-02
4.145612418651580811e-01 9.627814590930938721e-02
4.058937430381774902e-01 9.673352539539337158e-02
3.884040117263793945e-01 9.747774899005889893e-02
3.774307072162628174e-01 9.782166779041290283e-02
3.721389770507812500e-01 9.795263409614562988e-02
3.635015487670898438e-01 9.811657667160034180e-02
3.458848893642425537e-01 9.825429320335388184e-02
3.423288166522979736e-01 9.824930131435394287e-02
3.316896259784698486e-01 9.816657751798629761e-02
3.254767060279846191e-01 9.807049483060836792e-02
3.190716207027435303e-01 9.793390333652496338e-02
3.105770051479339600e-01 9.769278019666671753e-02
3.069595396518707275e-01 9.756903350353240967e-02
3.008740246295928955e-01 9.733196347951889038e-02
2.882281839847564697e-01 9.672133624553680420e-02
2.767086029052734375e-01 9.602259844541549683e-02
2.719458341598510742e-01 9.569299221038818359e-02
2.629079520702362061e-01 9.500040858983993530e-02
2.519434094429016113e-01 9.403964132070541382e-02
2.484514415264129639e-01 9.370526671409606934e-02
2.409979552030563354e-01 9.294469654560089111e-02
2.346011847257614136e-01 9.224020689725875854e-02
2.136390358209609985e-01 8.958426862955093384e-02
1.992828994989395142e-01 8.744397759437561035e-02
1.913705617189407349e-01 8.614698052406311035e-02
1.817633211612701416e-01 8.445554971694946289e-02
1.783427596092224121e-01 8.382156491279602051e-02
1.709895133972167969e-01 8.240062743425369263e-02
1.646139323711395264e-01 8.110281080007553101e-02
1.560301184654235840e-01 7.925561070442199707e-02
1.452993005514144897e-01 7.677806168794631958e-02
1.365220397710800171e-01 7.460530847311019897e-02
1.297046840190887451e-01 7.282209396362304688e-02
1.176555827260017395e-01 6.945332139730453491e-02
1.038204506039619446e-01 6.521429866552352905e-02
8.887753635644912720e-02 6.013463437557220459e-02
7.372456043958663940e-02 5.436221882700920105e-02
6.806784123182296753e-02 5.202033743262290955e-02
6.158563122153282166e-02 4.919269308447837830e-02
5.537401512265205383e-02 4.632142186164855957e-02
4.914951696991920471e-02 4.326245933771133423e-02
4.123185202479362488e-02 3.905888274312019348e-02
3.140652179718017578e-02 3.321288153529167175e-02
2.591975405812263489e-02 2.953197434544563293e-02
2.169543132185935974e-02 2.641084045171737671e-02
1.949234306812286377e-02 2.465276978909969330e-02
1.331102009862661362e-02 1.900481060147285461e-02
8.912302553653717041e-03 1.379152387380599976e-02
7.226453162729740143e-03 1.116759609431028366e-02
5.548112560063600540e-03 7.525112014263868332e-03
4.785103257745504379e-03 4.245820455253124237e-03
4.792189691215753555e-03 1.421359716914594173e-03
4.913152195513248444e-03 6.620854255743324757e-04
5.324783269315958023e-03 -8.599598659202456474e-04
6.245772819966077805e-03 -2.860212232917547226e-03
8.462820202112197876e-03 -5.731568671762943268e-03
1.455236412584781647e-02 -1.009418722242116928e-02
2.246234007179737091e-02 -1.339758001267910004e-02
4.174511507153511047e-02 -1.795471459627151489e-02
5.277723073959350586e-02 -1.965367607772350311e-02
6.172019988298416138e-02 -2.081006392836570740e-02
6.860601902008056641e-02 -2.161700278520584106e-02
8.062045276165008545e-02 -2.291779592633247375e-02
1.066839173436164856e-01 -2.552315592765808105e-02
1.184869781136512756e-01 -2.666900120675563812e-02
1.285799592733383179e-01 -2.764489315450191498e-02
1.414982676506042480e-01 -2.889225259423255920e-02
1.583397686481475830e-01 -3.051510266959667206e-02
1.674102395772933960e-01 -3.138552606105804443e-02
1.788149625062942505e-01 -3.247341886162757874e-02
1.866205781698226929e-01 -3.321214392781257629e-02
2.095866352319717407e-01 -3.534576296806335449e-02
2.156189382076263428e-01 -3.589364886283874512e-02
2.231722474098205566e-01 -3.657081723213195801e-02
2.435729950666427612e-01 -3.834304586052894592e-02
2.533357739448547363e-01 -3.915775939822196960e-02
2.588950991630554199e-01 -3.961097821593284607e-02
2.733764052391052246e-01 -4.075216501951217651e-02
2.812146246433258057e-01 -4.134456813335418701e-02
2.986438870429992676e-01 -4.259295016527175903e-02
3.020091354846954346e-01 -4.282245412468910217e-02
3.298220634460449219e-01 -4.456481337547302246e-02
3.395624458789825439e-01 -4.510590434074401855e-02
3.494730293750762939e-01 -4.561728239059448242e-02
3.681627511978149414e-01 -4.646904394030570984e-02
3.787157535552978516e-01 -4.688201099634170532e-02
3.832858502864837646e-01 -4.704504832625389099e-02
4.022385478019714355e-01 -4.761569201946258545e-02
4.116555154323577881e-01 -4.783389717340469360e-02
4.196737110614776611e-01 -4.798430949449539185e-02
4.256254434585571289e-01 -4.807443916797637939e-02
4.341927170753479004e-01 -4.817138984799385071e-02
4.541277885437011719e-01 -4.824272915720939636e-02
4.591802358627319336e-01 -4.822563752532005310e-02
4.751075804233551025e-01 -4.807582870125770569e-02
4.830509126186370850e-01 -4.794572293758392334e-02
4.932298064231872559e-01 -4.772405326366424561e-02
4.990058541297912598e-01 -4.757053032517433167e-02
5.066768527030944824e-01 -4.733528196811676025e-02
5.122661590576171875e-01 -4.714123532176017761e-02
5.183233618736267090e-01 -4.690932109951972961e-02
5.287308692932128906e-01 -4.645818844437599182e-02
5.459953546524047852e-01 -4.556344076991081238e-02
5.524871945381164551e-01 -4.518022760748863220e-02
5.589511394500732422e-01 -4.477367177605628967e-02
5.710953474044799805e-01 -4.394384846091270447e-02
5.829871296882629395e-01 -4.305076971650123596e-02
5.945017933845520020e-01 -4.211429879069328308e-02
6.026617288589477539e-01 -4.141076654195785522e-02
6.152986288070678711e-01 -4.026174172759056091e-02
6.212142109870910645e-01 -3.970130160450935364e-02
6.275804042816162109e-01 -3.908379003405570984e-02
6.462960839271545410e-01 -3.719611093401908875e-02
6.551073789596557617e-01 -3.627863526344299316e-02
6.630204319953918457e-01 -3.544415906071662903e-02
6.687843203544616699e-01 -3.483206033706665039e-02
6.776353120803833008e-01 -3.388837352395057678e-02
6.896594166755676270e-01 -3.260651603341102600e-02
6.962794065475463867e-01 -3.190441057085990906e-02
7.079083323478698730e-01 -3.068360500037670135e-02
7.162377834320068359e-01 -2.982282266020774841e-02
7.285469174385070801e-01 -2.857760898768901825e-02
7.433596253395080566e-01 -2.712948806583881378e-02
7.546632289886474609e-01 -2.606557495892047882e-02
7.629034519195556641e-01 -2.531338483095169067e-02
7.743854522705078125e-01 -2.429804764688014984e-02
7.829822897911071777e-01 -2.356200665235519409e-02
7.983885407447814941e-01 -2.229052595794200897e-02
8.096796274185180664e-01 -2.139243483543395996e-02
8.210750818252563477e-01 -2.050899155437946320e-02
8.290717005729675293e-01 -1.989934779703617096e-02
8.395802378654479980e-01 -1.910625770688056946e-02
8.475127816200256348e-01 -1.851002313196659088e-02
8.542667627334594727e-01 -1.800150237977504730e-02
8.603969216346740723e-01 -1.753744855523109436e-02
8.785268068313598633e-01 -1.613436266779899597e-02
8.843199014663696289e-01 -1.567075587809085846e-02
9.002279043197631836e-01 -1.433864329010248184e-02
9.066157341003417969e-01 -1.377237960696220398e-02
9.269673824310302734e-01 -1.180255878716707230e-02
9.377470612525939941e-01 -1.063067559152841568e-02
9.501558542251586914e-01 -9.153435938060283661e-03
9.638443589210510254e-01 -7.407972123473882675e-03
9.671464562416076660e-01 -6.994225084781646729e-03
9.686755537986755371e-01 -6.808700039982795715e-03
