9.357902407646179199e-01 -2.334600314497947693e-02
9.342380166053771973e-01 -2.330557070672512054e-02
9.300635457038879395e-01 -2.318215742707252502e-02
9.170588850975036621e-01 -2.270060405135154724e-02
9.082491993904113770e-01 -2.231462299823760986e-02
8.938241600990295410e-01 -2.160479687154293060e-02
8.753112554550170898e-01 -2.057785540819168091e-02
8.685544133186340332e-01 -2.017468959093093872e-02
8.540393114089965820e-01 -1.926211453974246979e-02
8.438449501991271973e-01 -1.858557388186454773e-02
8.294230103492736816e-01 -1.758165471255779266e-02
8.230785131454467773e-01 -1.712353155016899109e-02
8.150977492332458496e-01 -1.653363555669784546e-02
7.992935776710510254e-01 -1.532318629324436188e-02
7.815182805061340332e-01 -1.390050351619720459e-02
7.749727368354797363e-01 -1.336200162768363953e-02
7.610487341880798340e-01 -1.219372451305389404e-02
7.522111535072326660e-01 -1.143836695700883865e-02
7.458193302154541016e-01 -1.088658254593610764e-02
7.340942025184631348e-01 -9.865160100162029266e-03
7.265720963478088379e-01 -9.205600246787071228e-03
7.216656208038330078e-01 -8.774479851126670837e-03
7.061120867729187012e-01 -7.408944889903068542e-03
7.018101215362548828e-01 -7.033092901110649109e-03
6.908293962478637695e-01 -6.081344094127416611e-03
6.826943159103393555e-01 -5.386324133723974228e-03
6.706753373146057129e-01 -4.381693433970212936e-03
6.629868149757385254e-01 -3.756664926186203957e-03
6.557269096374511719e-01 -3.181686624884605408e-03
6.492035984992980957e-01 -2.679312136024236679e-03
6.372545361518859863e-01 -1.798683428205549717e-03
6.219519376754760742e-01 -7.559594232589006424e-04
6.121166348457336426e-01 -1.417728344677016139e-04
6.068012714385986328e-01 1.707815681584179401e-04
5.975884199142456055e-01 6.792701897211372852e-04
5.889728665351867676e-01 1.115986844524741173e-03
5.752224922180175781e-01 1.734811696223914623e-03
5.509170293807983398e-01 2.600579755380749702e-03
5.354204177856445312e-01 3.012318164110183716e-03
5.290195941925048828e-01 3.153870347887277603e-03
5.193836688995361328e-01 3.338603070005774498e-03
5.057901144027709961e-01 3.547831205651164055e-03
4.938218891620635986e-01 3.690313082188367844e-03
4.849266707897186279e-01 3.775924444198608398e-03
4.732194244861602783e-01 3.868651110678911209e-03
4.644460678100585938e-01 3.927670419216156006e-03
4.491975903511047363e-01 4.019982181489467621e-03
4.436263740062713623e-01 4.053361248224973679e-03
4.353322684764862061e-01 4.105569794774055481e-03
4.286353290081024170e-01 4.151639994233846664e-03
4.072152078151702881e-01 4.340690560638904572e-03
3.945350348949432373e-01 4.496632609516382217e-03
3.832079470157623291e-01 4.672957118600606918e-03
3.725872039794921875e-01 4.875547718256711960e-03
3.495709300041198730e-01 5.458654835820198059e-03
3.424764871597290039e-01 5.682176910340785980e-03
3.309367597103118896e-01 6.092688534408807755e-03
3.254128098487854004e-01 6.310159806162118912e-03
3.149115443229675293e-01 6.761171855032444000e-03
2.926481962203979492e-01 7.876097224652767181e-03
2.840547561645507812e-01 8.360354229807853699e-03
2.789203524589538574e-01 8.662639185786247253e-03
2.616699337959289551e-01 9.740208275616168976e-03
2.473354488611221313e-01 1.069268677383661270e-02
2.425392866134643555e-01 1.101932208985090256e-02
2.301644533872604370e-01 1.187210902571678162e-02
2.193440049886703491e-01 1.261998154222965240e-02
2.133352011442184448e-01 1.303186081349849701e-02
1.901863366365432739e-01 1.455294340848922729e-02
1.787070631980895996e-01 1.524121221154928207e-02
1.687768399715423584e-01 1.578434370458126068e-02
1.612846255302429199e-01 1.615491323173046112e-02
1.569755226373672485e-01 1.635059528052806854e-02
1.495321393013000488e-01 1.665522344410419464e-02
1.413068026304244995e-01 1.693727076053619385e-02
1.317718774080276489e-01 1.718327961862087250e-02
1.217958629131317139e-01 1.733529381453990936e-02
1.051869168877601624e-01 1.731011085212230682e-02
9.067188948392868042e-02 1.695244945585727692e-02
8.472559601068496704e-02 1.670151203870773315e-02
7.860664278268814087e-02 1.637290418148040771e-02
6.556609272956848145e-02 1.540801953524351120e-02
5.738456919789314270e-02 1.459504850208759308e-02
5.059469863772392273e-02 1.378120947629213333e-02
3.815858811140060425e-02 1.190783642232418060e-02
3.284728527069091797e-02 1.092990487813949585e-02
2.335554175078868866e-02 8.849211968481540680e-03
1.579339802265167236e-02 6.797421257942914963e-03
9.915861301124095917e-03 4.861330613493919373e-03
5.198352038860321045e-03 2.987647894769906998e-03
-2.097287797369062901e-04 2.450883621349930763e-04
-4.602809902280569077e-03 -3.051154082641005516e-03
-6.495074369013309479e-03 -5.504954140633344650e-03
-7.012289483100175858e-03 -6.701205857098102570e-03
-7.307892665266990662e-03 -8.462530560791492462e-03
-6.802398245781660080e-03 -1.098323054611682892e-02
-5.649202037602663040e-03 -1.299763377755880356e-02
-4.322327207773923874e-03 -1.455594226717948914e-02
-3.673001192510128021e-03 -1.519428193569183350e-02
-1.883522607386112213e-03 -1.671666465699672699e-02
1.543854014016687870e-03 -1.907985471189022064e-02
5.052527412772178650e-03 -2.108791284263134003e-02
8.514421060681343079e-03 -2.282481826841831207e-02
1.308571081608533859e-02 -2.486933581531047821e-02
2.079287357628345490e-02 -2.788328938186168671e-02
2.551052719354629517e-02 -2.953540906310081482e-02
3.507255762815475464e-02 -3.255717828869819641e-02
4.643673449754714966e-02 -3.571322932839393616e-02
5.499519780278205872e-02 -3.784435987472534180e-02
8.235401660203933716e-02 -4.355958104133605957e-02
9.442877769470214844e-02 -4.563948512077331543e-02
1.146392747759819031e-01 -4.860536754131317139e-02
1.226902380585670471e-01 -4.962123930454254150e-02
1.325842887163162231e-01 -5.074885115027427673e-02
1.454365998506546021e-01 -5.202419310808181763e-02
1.528311818838119507e-01 -5.266533046960830688e-02
1.643491834402084351e-01 -5.353558063507080078e-02
1.759477406740188599e-01 -5.426115542650222778e-02
1.870659142732620239e-01 -5.482216551899909973e-02
1.997007429599761963e-01 -5.530914664268493652e-02
2.107982933521270752e-01 -5.561271682381629944e-02
2.179340571165084839e-01 -5.575014278292655945e-02
2.300474196672439575e-01 -5.588605999946594238e-02
2.371371537446975708e-01 -5.591197311878204346e-02
2.512734234333038330e-01 -5.585413426160812378e-02
2.572757899761199951e-01 -5.578837543725967407e-02
2.670599520206451416e-01 -5.563254654407501221e-02
2.909874022006988525e-01 -5.502457171678543091e-02
3.019821345806121826e-01 -5.465136468410491943e-02
3.126285374164581299e-01 -5.424194782972335815e-02
3.224113583564758301e-01 -5.382880568504333496e-02
3.281641304492950439e-01 -5.357101187109947205e-02
3.420470356941223145e-01 -5.290917307138442993e-02
3.463262021541595459e-01 -5.269504338502883911e-02
3.592279553413391113e-01 -5.202490091323852539e-02
3.642012178897857666e-01 -5.175786837935447693e-02
3.784144818782806396e-01 -5.097287148237228394e-02
3.882592320442199707e-01 -5.041362345218658447e-02
3.959237039089202881e-01 -4.997143149375915527e-02
4.013437032699584961e-01 -4.965584725141525269e-02
4.089956879615783691e-01 -4.920703172683715820e-02
4.227260053157806396e-01 -4.839496687054634094e-02
4.348929524421691895e-01 -4.767146706581115723e-02
4.447045624256134033e-01 -4.708742350339889526e-02
4.702869057655334473e-01 -4.557081684470176697e-02
4.825439155101776123e-01 -4.485046863555908203e-02
4.942111968994140625e-01 -4.416974261403083801e-02
5.031265020370483398e-01 -4.365308210253715515e-02
5.070078372955322266e-01 -4.342912137508392334e-02
5.127919316291809082e-01 -4.309643432497978210e-02
5.219221115112304688e-01 -4.257387667894363403e-02
5.357916951179504395e-01 -4.178598895668983459e-02
5.457732081413269043e-01 -4.122309386730194092e-02
5.561961531639099121e-01 -4.063880071043968201e-02
5.707375407218933105e-01 -3.982931002974510193e-02
5.791750550270080566e-01 -3.936255723237991333e-02
5.872926115989685059e-01 -3.891555592417716980e-02
5.928965210914611816e-01 -3.860815986990928650e-02
6.002737879753112793e-01 -3.820501267910003662e-02
6.068072319030761719e-01 -3.784953057765960693e-02
6.153053045272827148e-01 -3.738941624760627747e-02
6.275904774665832520e-01 -3.672920167446136475e-02
6.390441656112670898e-01 -3.611962497234344482e-02
6.428427100181579590e-01 -3.591883555054664612e-02
6.560974717140197754e-01 -3.522433713078498840e-02
6.656962037086486816e-01 -3.472792357206344604e-02
6.815753579139709473e-01 -3.392064198851585388e-02
6.974365115165710449e-01 -3.313450887799263000e-02
7.118946909904479980e-01 -3.243880346417427063e-02
7.191711664199829102e-01 -3.209732100367546082e-02
7.311816215515136719e-01 -3.154809027910232544e-02
7.393630743026733398e-01 -3.118536248803138733e-02
7.496524453163146973e-01 -3.074404224753379822e-02
7.541830539703369141e-01 -3.055548667907714844e-02
7.606724500656127930e-01 -3.029216080904006958e-02
7.650783061981201172e-01 -3.011824004352092743e-02
7.771016955375671387e-01 -2.966587059199810028e-02
7.836425304412841797e-01 -2.943515218794345856e-02
8.024707436561584473e-01 -2.884532697498798370e-02
8.128492236137390137e-01 -2.857889421284198761e-02
8.249093890190124512e-01 -2.833852171897888184e-02
8.292619585990905762e-01 -2.827413566410541534e-02
8.398631811141967773e-01 -2.817948162555694580e-02
8.440762162208557129e-01 -2.817096002399921417e-02
8.507436513900756836e-01 -2.819890528917312622e-02
8.554300665855407715e-01 -2.825408801436424255e-02
8.664505481719970703e-01 -2.853013202548027039e-02
8.815191388130187988e-01 -2.936729788780212402e-02
8.934851884841918945e-01 -3.055755421519279480e-02
9.164182543754577637e-01 -3.430880233645439148e-02
9.211773872375488281e-01 -3.528354316949844360e-02
9.258387088775634766e-01 -3.628295660018920898e-02
