9.617238044738769531e-01 -1.025738311000168324e-03
9.610657095909118652e-01 -9.654933237470686436e-04
9.567962884902954102e-01 -5.386552657000720501e-04
9.445190429687500000e-01 9.365763980895280838e-04
9.168704748153686523e-01 5.002085119485855103e-03
9.078279137611389160e-01 6.466940976679325104e-03
8.797226548194885254e-01 1.128717511892318726e-02
8.714812397956848145e-01 1.275963522493839264e-02
8.646111488342285156e-01 1.400324981659650803e-02
8.532385230064392090e-01 1.609021238982677460e-02
8.384429216384887695e-01 1.885006017982959747e-02
8.320873379707336426e-01 2.004881016910076141e-02
8.181366920471191406e-01 2.270288765430450439e-02
8.100290298461914062e-01 2.425753511488437653e-02
7.866250872611999512e-01 2.878232114017009735e-02
7.780833244323730469e-01 3.044334240257740021e-02
7.687845826148986816e-01 3.225491195917129517e-02
7.588716745376586914e-01 3.418818861246109009e-02
7.344536185264587402e-01 3.894756361842155457e-02
7.258388996124267578e-01 4.062168300151824951e-02
7.099688649177551270e-01 4.369294270873069763e-02
6.970584392547607422e-01 4.617473110556602478e-02
6.793608069419860840e-01 4.954468458890914917e-02
6.767348051071166992e-01 5.004098638892173767e-02
6.672175526618957520e-01 5.183066055178642273e-02
6.548734903335571289e-01 5.412861332297325134e-02
6.451120376586914062e-01 5.592511966824531555e-02
6.378675103187561035e-01 5.724552273750305176e-02
6.234867572784423828e-01 5.983125045895576477e-02
6.101734638214111328e-01 6.217930838465690613e-02
5.966374278068542480e-01 6.451724469661712646e-02
5.749629139900207520e-01 6.814627349376678467e-02
5.640900731086730957e-01 6.990911811590194702e-02
5.583878159523010254e-01 7.081720978021621704e-02
5.375621914863586426e-01 7.403171807527542114e-02
5.326092839241027832e-01 7.477153837680816650e-02
5.221678018569946289e-01 7.629840821027755737e-02
5.125329494476318359e-01 7.766658812761306763e-02
5.007894635200500488e-01 7.927898317575454712e-02
4.930053353309631348e-01 8.031306415796279907e-02
4.869581460952758789e-01 8.109664916992187500e-02
4.755338132381439209e-01 8.252850919961929321e-02
4.679038822650909424e-01 8.344832807779312134e-02
4.547586739063262939e-01 8.496204763650894165e-02
4.478448629379272461e-01 8.572085201740264893e-02
4.371234774589538574e-01 8.684497326612472534e-02
4.256295859813690186e-01 8.797673135995864868e-02
4.088318943977355957e-01 8.948796242475509644e-02
4.029693007469177246e-01 8.997401595115661621e-02
3.900449275970458984e-01 9.096696972846984863e-02
3.756522238254547119e-01 9.194080531597137451e-02
3.698583841323852539e-01 9.229218214750289917e-02
3.613795638084411621e-01 9.276297688484191895e-02
3.535139560699462891e-01 9.315250813961029053e-02
3.464653491973876953e-01 9.346197545528411865e-02
3.392759859561920166e-01 9.373818337917327881e-02
3.268163204193115234e-01 9.411948919296264648e-02
3.080184459686279297e-01 9.445085376501083374e-02
2.997864484786987305e-01 9.449934959411621094e-02
2.965157330036163330e-01 9.450168162584304810e-02
2.921383976936340332e-01 9.448942542076110840e-02
2.808824479579925537e-01 9.437531977891921997e-02
2.724006474018096924e-01 9.420832991600036621e-02
2.678610086441040039e-01 9.408942610025405884e-02
2.491746097803115845e-01 9.337401390075683594e-02
2.426196485757827759e-01 9.303326159715652466e-02
2.376622855663299561e-01 9.274321794509887695e-02
2.308473587036132812e-01 9.229779243469238281e-02
2.271730005741119385e-01 9.203468263149261475e-02
2.064860761165618896e-01 9.023737907409667969e-02
1.928363591432571411e-01 8.873810619115829468e-02
1.893125921487808228e-01 8.830776065587997437e-02
1.757182329893112183e-01 8.647089451551437378e-02
1.651114821434020996e-01 8.483135700225830078e-02
1.531060338020324707e-01 8.273922652006149292e-02
1.473907232284545898e-01 8.164897561073303223e-02
1.390046626329421997e-01 7.993166148662567139e-02
1.215137764811515808e-01 7.585845887660980225e-02
1.171082854270935059e-01 7.471796125173568726e-02
1.021161079406738281e-01 7.044719904661178589e-02
9.098629653453826904e-02 6.684054434299468994e-02
8.606634289026260376e-02 6.511211395263671875e-02
6.747492402791976929e-02 5.770716816186904907e-02
5.981669574975967407e-02 5.418170616030693054e-02
5.424275621771812439e-02 5.140441283583641052e-02
4.550851508975028992e-02 4.663168266415596008e-02
4.301626235246658325e-02 4.516159370541572571e-02
3.811994567513465881e-02 4.211067780852317810e-02
3.275642916560173035e-02 3.848377615213394165e-02
2.324999496340751648e-02 3.109952807426452637e-02
1.800837554037570953e-02 2.628654055297374725e-02
1.194892544299364090e-02 1.961807161569595337e-02
9.944891557097434998e-03 1.698154956102371216e-02
7.956397719681262970e-03 1.399344485253095627e-02
6.004664581269025803e-03 1.042188983410596848e-02
4.903976805508136749e-03 7.808887399733066559e-03
4.075315315276384354e-03 4.979673773050308228e-03
3.728552488610148430e-03 2.604545559734106064e-03
3.707031020894646645e-03 1.147418865002691746e-03
3.804286709055304527e-03 5.601682278211228549e-05
4.094833508133888245e-03 -1.336077344603836536e-03
4.786504432559013367e-03 -3.083569230511784554e-03
5.919273942708969116e-03 -4.773982800543308258e-03
7.793820463120937347e-03 -6.516841240227222443e-03
1.321455463767051697e-02 -9.123694151639938354e-03
2.115531079471111298e-02 -1.072969753295183182e-02
2.975334599614143372e-02 -1.138976216316223145e-02
3.637363016605377197e-02 -1.155225280672311783e-02
4.336575418710708618e-02 -1.155256945639848709e-02
5.615198612213134766e-02 -1.132708974182605743e-02
7.379455864429473877e-02 -1.085829455405473709e-02
8.084826171398162842e-02 -1.067061070352792740e-02
8.897224068641662598e-02 -1.046947203576564789e-02
1.042261198163032532e-01 -1.015438884496688843e-02
1.157624199986457825e-01 -9.979643858969211578e-03
1.273014098405838013e-01 -9.862479753792285919e-03
1.357266157865524292e-01 -9.813013486564159393e-03
1.497766375541687012e-01 -9.795669466257095337e-03
1.717533469200134277e-01 -9.919168427586555481e-03
1.781682968139648438e-01 -9.986645542085170746e-03
1.840811967849731445e-01 -1.006032712757587433e-02
1.945308148860931396e-01 -1.021571364253759384e-02
2.097264677286148071e-01 -1.049356628209352493e-02
2.159828096628189087e-01 -1.062395237386226654e-02
2.260384410619735718e-01 -1.085080672055482864e-02
2.381415814161300659e-01 -1.114892866462469101e-02
2.496402114629745483e-01 -1.145378313958644867e-02
2.534277737140655518e-01 -1.155817601829767227e-02
2.734582424163818359e-01 -1.213649660348892212e-02
2.865862846374511719e-01 -1.253343652933835983e-02
3.057258725166320801e-01 -1.312585175037384033e-02
3.161168694496154785e-01 -1.344972755759954453e-02
3.274878859519958496e-01 -1.380257308483123779e-02
3.330380916595458984e-01 -1.397334598004817963e-02
3.475569188594818115e-01 -1.441268716007471085e-02
3.596047461032867432e-01 -1.476594060659408569e-02
3.708410859107971191e-01 -1.508317235857248306e-02
3.767036199569702148e-01 -1.524314656853675842e-02
3.883386552333831787e-01 -1.554778683930635452e-02
4.064458310604095459e-01 -1.598272658884525299e-02
4.186914265155792236e-01 -1.624595746397972107e-02
4.248770773410797119e-01 -1.636849157512187958e-02
4.406137466430664062e-01 -1.664624921977519989e-02
4.511963725090026855e-01 -1.680401340126991272e-02
4.569965600967407227e-01 -1.688011363148689270e-02
4.637098610401153564e-01 -1.695878989994525909e-02
4.762960970401763916e-01 -1.707855984568595886e-02
4.847850799560546875e-01 -1.713862642645835876e-02
4.936182796955108643e-01 -1.718330942094326019e-02
5.082196593284606934e-01 -1.721761375665664673e-02
5.157296657562255859e-01 -1.721646264195442200e-02
5.220542550086975098e-01 -1.720589399337768555e-02
5.447518229484558105e-01 -1.710028201341629028e-02
5.511264801025390625e-01 -1.705320179462432861e-02
5.654501318931579590e-01 -1.692354865372180939e-02
5.792105793952941895e-01 -1.677290536463260651e-02
5.871197581291198730e-01 -1.667732745409011841e-02
5.914008021354675293e-01 -1.662345975637435913e-02
5.983255505561828613e-01 -1.653386652469635010e-02
6.110531091690063477e-01 -1.636406034231185913e-02
6.189250349998474121e-01 -1.625787280499935150e-02
6.323511004447937012e-01 -1.607924513518810272e-02
6.417636275291442871e-01 -1.595884747803211212e-02
6.466832756996154785e-01 -1.589832268655300140e-02
6.635789871215820312e-01 -1.570722460746765137e-02
6.761015057563781738e-01 -1.558618992567062378e-02
6.859503388404846191e-01 -1.550530269742012024e-02
6.991488337516784668e-01 -1.541810669004917145e-02
7.076640129089355469e-01 -1.537499297410249710e-02
7.171134352684020996e-01 -1.533900666981935501e-02
7.246708869934082031e-01 -1.531880814582109451e-02
7.415773272514343262e-01 -1.529825385659933090e-02
7.609380483627319336e-01 -1.530656870454549789e-02
7.679862380027770996e-01 -1.531455013900995255e-02
7.872550487518310547e-01 -1.533663365989923477e-02
7.970367074012756348e-01 -1.534084789454936981e-02
8.042473793029785156e-01 -1.533735729753971100e-02
8.137081861495971680e-01 -1.532038673758506775e-02
8.273465037345886230e-01 -1.526104193180799484e-02
8.397101759910583496e-01 -1.515766419470310211e-02
8.507071137428283691e-01 -1.501240395009517670e-02
8.583477139472961426e-01 -1.487439870834350586e-02
8.729575276374816895e-01 -1.450369972735643387e-02
8.854226469993591309e-01 -1.404691860079765320e-02
8.972924947738647461e-01 -1.345583517104387283e-02
9.037155508995056152e-01 -1.305780932307243347e-02
9.156275987625122070e-01 -1.213984657078981400e-02
9.286518096923828125e-01 -1.079914905130863190e-02
9.391368031501770020e-01 -9.386805817484855652e-03
9.540266990661621094e-01 -6.717682816088199615e-03
9.600529670715332031e-01 -5.391245707869529724e-03
9.614968895912170410e-01 -5.054579582065343857e-03
