9.676015973091125488e-01 -8.678290061652660370e-03
9.671482443809509277e-01 -8.630471304059028625e-03
9.647997617721557617e-01 -8.385923691093921661e-03
9.621518850326538086e-01 -8.115515112876892090e-03
9.449792504310607910e-01 -6.431618705391883850e-03
9.334313273429870605e-01 -5.324345082044601440e-03
9.252625107765197754e-01 -4.541759844869375229e-03
9.202702045440673828e-01 -4.062151536345481873e-03
9.117862582206726074e-01 -3.243217943236231804e-03
9.039152860641479492e-01 -2.477627247571945190e-03
8.976418375968933105e-01 -1.862729783169925213e-03
8.868755698204040527e-01 -7.961615337990224361e-04
8.661947250366210938e-01 1.298006041906774044e-03
8.562175035476684570e-01 2.332049887627363205e-03
8.442205786705017090e-01 3.597547067329287529e-03
8.373473286628723145e-01 4.333956167101860046e-03
8.346585631370544434e-01 4.624319262802600861e-03
8.276131153106689453e-01 5.391609854996204376e-03
8.191679120063781738e-01 6.323591805994510651e-03
8.145087361335754395e-01 6.843605544418096542e-03
7.950274944305419922e-01 9.064462967216968536e-03
7.827286124229431152e-01 1.050625462085008621e-02
7.697560787200927734e-01 1.206118147820234299e-02
7.684867382049560547e-01 1.221524644643068314e-02
7.559348940849304199e-01 1.375708542764186859e-02
7.508143186569213867e-01 1.439573615789413452e-02
7.410305142402648926e-01 1.563156396150588989e-02
7.251312732696533203e-01 1.768321543931961060e-02
7.062845826148986816e-01 2.018336206674575806e-02
7.011084556579589844e-01 2.088254131376743317e-02
6.888851523399353027e-01 2.255413308739662170e-02
6.705134510993957520e-01 2.511742897331714630e-02
6.595428586006164551e-01 2.667455747723579407e-02
6.443711519241333008e-01 2.885616011917591095e-02
6.395684480667114258e-01 2.955270186066627502e-02
6.258972287178039551e-01 3.154840320348739624e-02
6.154969334602355957e-01 3.307688608765602112e-02
6.081743240356445312e-01 3.415685147047042847e-02
5.885623693466186523e-01 3.705662861466407776e-02
5.824013352394104004e-01 3.796755895018577576e-02
5.738473534584045410e-01 3.923042491078376770e-02
5.638784170150756836e-01 4.069732129573822021e-02
5.395570397377014160e-01 4.423806443810462952e-02
5.338131785392761230e-01 4.506324231624603271e-02
5.283787846565246582e-01 4.583907499909400940e-02
5.243497490882873535e-01 4.641097411513328552e-02
4.877363145351409912e-01 5.144805088639259338e-02
4.816409051418304443e-01 5.225333571434020996e-02
4.664563238620758057e-01 5.421012639999389648e-02
4.547753036022186279e-01 5.566322803497314453e-02
4.462375938892364502e-01 5.669408291578292847e-02
4.448510110378265381e-01 5.685885623097419739e-02
4.368895590305328369e-01 5.779043212532997131e-02
4.195548295974731445e-01 5.972761288285255432e-02
4.109174311161041260e-01 6.064305081963539124e-02
4.018397331237792969e-01 6.156712025403976440e-02
3.727999627590179443e-01 6.424015015363693237e-02
3.531141281127929688e-01 6.578283756971359253e-02
3.512694239616394043e-01 6.591535359621047974e-02
3.418670296669006348e-01 6.655713915824890137e-02
3.282401561737060547e-01 6.738377362489700317e-02
3.147552609443664551e-01 6.807446479797363281e-02
2.916961908340454102e-01 6.893947720527648926e-02
2.874816358089447021e-01 6.905177980661392212e-02
2.803338766098022461e-01 6.920818984508514404e-02
2.665442526340484619e-01 6.938418745994567871e-02
2.457227259874343872e-01 6.931523233652114868e-02
2.419168502092361450e-01 6.925642490386962891e-02
2.362146079540252686e-01 6.914027780294418335e-02
2.316854596138000488e-01 6.902349740266799927e-02
2.178011685609817505e-01 6.852479279041290283e-02
1.987196654081344604e-01 6.747040897607803345e-02
1.936544179916381836e-01 6.711391359567642212e-02
1.876778304576873779e-01 6.664968281984329224e-02
1.777045428752899170e-01 6.576568633317947388e-02
1.654813438653945923e-01 6.448563188314437866e-02
1.557811647653579712e-01 6.330567598342895508e-02
1.525643169879913330e-01 6.288058310747146606e-02
1.473625451326370239e-01 6.215631589293479919e-02
1.258487254381179810e-01 5.864238366484642029e-02
1.064391583204269409e-01 5.467242375016212463e-02
8.857285976409912109e-02 5.023565888404846191e-02
7.482925057411193848e-02 4.622671753168106079e-02
6.340992450714111328e-02 4.243580624461174011e-02
6.039565056562423706e-02 4.135685041546821594e-02
5.096735060214996338e-02 3.774459287524223328e-02
2.911590971052646637e-02 2.762982808053493500e-02
1.858860626816749573e-02 2.145618572831153870e-02
1.668758317828178406e-02 2.019567601382732391e-02
9.142924100160598755e-03 1.444011181592941284e-02
8.034372702240943909e-03 1.343542151153087616e-02
6.335509940981864929e-03 1.175060588866472244e-02
3.778001526370644569e-03 8.582810871303081512e-03
2.606465481221675873e-03 6.293289363384246826e-03
2.333744196221232414e-03 5.246993154287338257e-03
2.307880437001585960e-03 3.988391719758510590e-03
2.745215315371751785e-03 2.736144000664353371e-03
2.904205117374658585e-03 2.492762403562664986e-03
3.205229993909597397e-03 2.123788697645068169e-03
4.023097921162843704e-03 1.428216346539556980e-03
5.023490637540817261e-03 8.678627200424671173e-04
6.192737258970737457e-03 4.144146514590829611e-04
7.467578630894422531e-03 6.393125659087672830e-05
8.702888153493404388e-03 -1.826720836106687784e-04
1.045479346066713333e-02 -4.258260305505245924e-04
1.768441312015056610e-02 -7.264200248755514622e-04
2.979047410190105438e-02 -2.277552994200959802e-04
3.651633858680725098e-02 2.423169207759201527e-04
4.672052711248397827e-02 1.043956610374152660e-03
5.524504929780960083e-02 1.739226863719522953e-03
8.683285862207412720e-02 4.203199408948421478e-03
9.748823195695877075e-02 4.957753699272871017e-03
1.081542447209358215e-01 5.669318605214357376e-03
1.151528358459472656e-01 6.112492643296718597e-03
1.174485757946968079e-01 6.253813393414020538e-03
1.338895708322525024e-01 7.208574097603559494e-03
1.514941751956939697e-01 8.123218081891536713e-03
1.572276800870895386e-01 8.398026227951049805e-03
1.661830246448516846e-01 8.805338293313980103e-03
2.094158381223678589e-01 1.041637361049652100e-02
2.181891351938247681e-01 1.067528128623962402e-02
2.315016239881515503e-01 1.102651003748178482e-02
2.447557896375656128e-01 1.132746227085590363e-02
2.485842853784561157e-01 1.140550523996353149e-02
2.558418214321136475e-01 1.154263224452733994e-02
2.638508677482604980e-01 1.167768798768520355e-02
2.711445391178131104e-01 1.178595703095197678e-02
2.803452908992767334e-01 1.190270204097032547e-02
2.861432135105133057e-01 1.196498330682516098e-02
2.957462370395660400e-01 1.204906776547431946e-02
3.058191835880279541e-01 1.211184822022914886e-02
3.168781399726867676e-01 1.215094048529863358e-02
3.292455673217773438e-01 1.215780526399612427e-02
3.396081030368804932e-01 1.213363185524940491e-02
3.650267124176025391e-01 1.195865217596292496e-02
3.773401677608489990e-01 1.181456632912158966e-02
3.850789666175842285e-01 1.170409470796585083e-02
3.921135365962982178e-01 1.159027591347694397e-02
4.007553160190582275e-01 1.143293734639883041e-02
4.083055853843688965e-01 1.127960719168186188e-02
4.177666902542114258e-01 1.106651034206151962e-02
4.280255138874053955e-01 1.080901548266410828e-02
4.306518435478210449e-01 1.073866523802280426e-02
4.643432497978210449e-01 9.675835259258747101e-03
4.743847846984863281e-01 9.301787242293357849e-03
4.850422441959381104e-01 8.876415900886058807e-03
5.043752789497375488e-01 8.031858131289482117e-03
5.134616494178771973e-01 7.603480014950037003e-03
5.198809504508972168e-01 7.289188914000988007e-03
5.233825445175170898e-01 7.113795727491378784e-03
5.435673594474792480e-01 6.051261443644762039e-03
5.500246882438659668e-01 5.694054532796144485e-03
5.555776357650756836e-01 5.380758084356784821e-03
5.643916726112365723e-01 4.872670862823724747e-03
5.813316106796264648e-01 3.863691585138440132e-03
5.923398733139038086e-01 3.189383773133158684e-03
6.051610708236694336e-01 2.390614477917551994e-03
6.096403002738952637e-01 2.109081018716096878e-03
6.140080094337463379e-01 1.833701389841735363e-03
6.417996287345886230e-01 7.543317769886925817e-05
6.471774578094482422e-01 -2.632165269460529089e-04
6.567085385322570801e-01 -8.597848936915397644e-04
6.677588224411010742e-01 -1.543590798974037170e-03
7.184975743293762207e-01 -4.512896295636892319e-03
7.306003570556640625e-01 -5.168531090021133423e-03
7.449374794960021973e-01 -5.915234331041574478e-03
7.513875365257263184e-01 -6.240240763872861862e-03
7.579640150070190430e-01 -6.564505863934755325e-03
7.693290710449218750e-01 -7.107757031917572021e-03
7.832096815109252930e-01 -7.741471752524375916e-03
7.890892028808593750e-01 -7.999937050044536591e-03
7.950257062911987305e-01 -8.254857733845710754e-03
8.005002737045288086e-01 -8.484522812068462372e-03
8.041980862617492676e-01 -8.636700920760631561e-03
8.112844228744506836e-01 -8.921649307012557983e-03
8.254127502441406250e-01 -9.463365189731121063e-03
8.522738218307495117e-01 -1.039413828402757645e-02
8.637662529945373535e-01 -1.075124926865100861e-02
8.723393678665161133e-01 -1.100087352097034454e-02
8.881636261940002441e-01 -1.142217405140399933e-02
8.913971781730651855e-01 -1.150169596076011658e-02
8.996556401252746582e-01 -1.169419195502996445e-02
9.233917593955993652e-01 -1.215696241706609726e-02
9.301105141639709473e-01 -1.226214878261089325e-02
9.356514215469360352e-01 -1.234030816704034805e-02
9.421600103378295898e-01 -1.242298074066638947e-02
9.485938549041748047e-01 -1.249714568257331848e-02
9.592301249504089355e-01 -1.261922344565391541e-02
9.630464911460876465e-01 -1.267244294285774231e-02
9.670569300651550293e-01 -1.274319365620613098e-02
9.680925011634826660e-01 -1.276515237987041473e-02
9.694786071777343750e-01 -1.279764436185359955e-02
