9.718848466873168945e-01 -5.902262055315077305e-04
9.716532230377197266e-01 -5.536375101655721664e-04
9.662843346595764160e-01 2.774754248093813658e-04
9.474709033966064453e-01 3.037525108084082603e-03
9.186062216758728027e-01 7.040447555482387543e-03
9.071075916290283203e-01 8.585168980062007904e-03
8.774695992469787598e-01 1.246331725269556046e-02
8.741220235824584961e-01 1.289268769323825836e-02
8.685440421104431152e-01 1.360442396253347397e-02
8.604480028152465820e-01 1.462920755147933960e-02
8.482092618942260742e-01 1.616019383072853088e-02
8.402577638626098633e-01 1.714329980313777924e-02
8.328267931938171387e-01 1.805383339524269104e-02
8.168485760688781738e-01 1.998496241867542267e-02
8.011823892593383789e-01 2.184305712580680847e-02
7.986443042755126953e-01 2.214078791439533234e-02
7.697749137878417969e-01 2.546240575611591339e-02
7.628040909767150879e-01 2.624652534723281860e-02
7.595767378807067871e-01 2.660715579986572266e-02
7.566762566566467285e-01 2.693002298474311829e-02
7.377586364746093750e-01 2.900591678917407990e-02
7.280940413475036621e-01 3.004653193056583405e-02
7.198628783226013184e-01 3.092219494283199310e-02
7.175841927528381348e-01 3.116288036108016968e-02
7.076984047889709473e-01 3.219847381114959717e-02
6.976697444915771484e-01 3.323476761579513550e-02
6.756671071052551270e-01 3.545854985713958740e-02
6.701139807701110840e-01 3.600911423563957214e-02
6.584917306900024414e-01 3.714777529239654541e-02
6.350210309028625488e-01 3.939224034547805786e-02
6.216745376586914062e-01 4.063684120774269104e-02
6.095761656761169434e-01 4.174607992172241211e-02
5.945719480514526367e-01 4.309767112135887146e-02
5.878812074661254883e-01 4.369209334254264832e-02
5.802390575408935547e-01 4.436504468321800232e-02
5.753010511398315430e-01 4.479655623435974121e-02
5.653226375579833984e-01 4.566074535250663757e-02
5.485603809356689453e-01 4.709007591009140015e-02
5.421697497367858887e-01 4.762794077396392822e-02
5.381731390953063965e-01 4.796237871050834656e-02
5.259626507759094238e-01 4.897528141736984253e-02
5.036064982414245605e-01 5.079638585448265076e-02
4.902392327785491943e-01 5.186534300446510315e-02
4.814763367176055908e-01 5.255809426307678223e-02
4.682614505290985107e-01 5.359086021780967712e-02
4.638075232505798340e-01 5.393562465906143188e-02
4.507829546928405762e-01 5.493409186601638794e-02
4.455515742301940918e-01 5.533086508512496948e-02
4.397742748260498047e-01 5.576612427830696106e-02
4.280510544776916504e-01 5.663955211639404297e-02
4.037982225418090820e-01 5.840036645531654358e-02
4.013173878192901611e-01 5.857659131288528442e-02
3.963995277881622314e-01 5.892366170883178711e-02
3.877221345901489258e-01 5.952815711498260498e-02
3.835455775260925293e-01 5.981533974409103394e-02
3.801440894603729248e-01 6.004732474684715271e-02
3.688813447952270508e-01 6.080232933163642883e-02
3.548750877380371094e-01 6.171052902936935425e-02
3.468903005123138428e-01 6.221122667193412781e-02
3.421252369880676270e-01 6.250359117984771729e-02
3.214195966720581055e-01 6.371118873357772827e-02
3.162132203578948975e-01 6.399700045585632324e-02
3.053331077098846436e-01 6.456805020570755005e-02
2.957104444503784180e-01 6.504083424806594849e-02
2.831782698631286621e-01 6.560584902763366699e-02
2.719944119453430176e-01 6.605577468872070312e-02
2.667662799358367920e-01 6.624677032232284546e-02
2.597379386425018311e-01 6.648252904415130615e-02
2.469739764928817749e-01 6.684377044439315796e-02
2.444000691175460815e-01 6.690533459186553955e-02
2.313429266214370728e-01 6.715366989374160767e-02
2.239005118608474731e-01 6.724352389574050903e-02
2.077938616275787354e-01 6.729276478290557861e-02
1.959599703550338745e-01 6.718644499778747559e-02
1.886357963085174561e-01 6.705264002084732056e-02
1.686484962701797485e-01 6.638539582490921021e-02
1.599590778350830078e-01 6.593947857618331909e-02
1.529936790466308594e-01 6.550501286983489990e-02
1.430099159479141235e-01 6.475175917148590088e-02
1.270825862884521484e-01 6.319261342287063599e-02
1.173489168286323547e-01 6.199426576495170593e-02
1.116141751408576965e-01 6.119076907634735107e-02
9.917339682579040527e-02 5.917245894670486450e-02
8.400805294513702393e-02 5.613389611244201660e-02
7.521497458219528198e-02 5.403691530227661133e-02
6.036255508661270142e-02 4.983725026249885559e-02
4.541074857115745544e-02 4.460416734218597412e-02
4.149386659264564514e-02 4.303253069519996643e-02
3.770112991333007812e-02 4.141855239868164062e-02
2.717462740838527679e-02 3.638549521565437317e-02
2.126530930399894714e-02 3.312198072671890259e-02
9.242136031389236450e-03 2.501559443771839142e-02
1.128445961512625217e-03 1.742248795926570892e-02
-1.980129629373550415e-03 1.331115793436765671e-02
-4.549882374703884125e-03 7.794132456183433533e-03
-5.028430838137865067e-03 4.815865773707628250e-03
-4.969581495970487595e-03 3.269309643656015396e-03
-4.860642366111278534e-03 2.553594065830111504e-03
-4.523000679910182953e-03 1.278013223782181740e-03
-1.661514397710561752e-03 -2.976180519908666611e-03
7.813055417500436306e-04 -4.791801329702138901e-03
3.264558967202901840e-03 -6.073726341128349304e-03
6.297466345131397247e-03 -7.202353328466415405e-03
1.085621304810047150e-02 -8.339849300682544708e-03
1.726161502301692963e-02 -9.233067743480205536e-03
2.295854501426219940e-02 -9.578285738825798035e-03
2.611588127911090851e-02 -9.638031944632530212e-03
2.985082566738128662e-02 -9.612290188670158386e-03
4.655715078115463257e-02 -8.596813306212425232e-03
5.464412271976470947e-02 -7.752755191177129745e-03
5.927370116114616394e-02 -7.202280219644308090e-03
6.902109831571578979e-02 -5.927769932895898819e-03
8.912626653909683228e-02 -3.013009903952479362e-03
1.070799455046653748e-01 -3.093876002822071314e-04
1.186293289065361023e-01 1.404633861966431141e-03
1.245004683732986450e-01 2.257860731333494186e-03
1.537617594003677368e-01 6.244092714041471481e-03
1.598830372095108032e-01 7.012130692601203918e-03
1.752338856458663940e-01 8.827911689877510071e-03
1.889594793319702148e-01 1.031513325870037079e-02
1.976012885570526123e-01 1.118531450629234314e-02
2.018663883209228516e-01 1.159607805311679840e-02
2.077316641807556152e-01 1.214098464697599411e-02
2.194583415985107422e-01 1.316208858042955399e-02
2.369453161954879761e-01 1.452055200934410095e-02
2.385323941707611084e-01 1.463442202657461166e-02
2.429073899984359741e-01 1.494035404175519943e-02
2.609516680240631104e-01 1.608269661664962769e-02
2.843751907348632812e-01 1.729494147002696991e-02
3.063685595989227295e-01 1.817780360579490662e-02
3.159721195697784424e-01 1.849164441227912903e-02
3.181655406951904297e-01 1.855750940740108490e-02
3.264963328838348389e-01 1.878857240080833435e-02
3.436822593212127686e-01 1.917359605431556702e-02
3.486908078193664551e-01 1.926364749670028687e-02
3.521871566772460938e-01 1.932080648839473724e-02
3.640636503696441650e-01 1.948113366961479187e-02
3.731781542301177979e-01 1.957003027200698853e-02
3.791433870792388916e-01 1.961285062134265900e-02
3.898278176784515381e-01 1.966040208935737610e-02
4.073154926300048828e-01 1.966189965605735779e-02
4.145243763923645020e-01 1.963651180267333984e-02
4.281423687934875488e-01 1.954973302781581879e-02
4.372245371341705322e-01 1.946504414081573486e-02
4.491589069366455078e-01 1.932303234934806824e-02
4.626877903938293457e-01 1.912231743335723877e-02
4.738268256187438965e-01 1.892733760178089142e-02
4.924917519092559814e-01 1.854485645890235901e-02
5.027076005935668945e-01 1.830792054533958435e-02
5.052195191383361816e-01 1.824683137238025665e-02
5.139067769050598145e-01 1.802724227309226990e-02
5.186216235160827637e-01 1.790280453860759735e-02
5.310610532760620117e-01 1.755742728710174561e-02
5.315656661987304688e-01 1.754291355609893799e-02
5.604014992713928223e-01 1.665125973522663116e-02
5.737230181694030762e-01 1.620033755898475647e-02
5.783106684684753418e-01 1.603962853550910950e-02
5.915420651435852051e-01 1.556102558970451355e-02
6.159470081329345703e-01 1.462111063301563263e-02
6.323897242546081543e-01 1.394726056605577469e-02
6.378866434097290039e-01 1.371483691036701202e-02
6.487212181091308594e-01 1.324632205069065094e-02
6.555479168891906738e-01 1.294409204274415970e-02
6.583837270736694336e-01 1.281695533543825150e-02
6.730353236198425293e-01 1.214536372572183609e-02
6.923595070838928223e-01 1.122237369418144226e-02
7.049803137779235840e-01 1.059721130877733231e-02
7.083311080932617188e-01 1.042833179235458374e-02
7.375596761703491211e-01 8.905468508601188660e-03
7.413268089294433594e-01 8.702939376235008240e-03
7.501372694969177246e-01 8.223950862884521484e-03
7.542945146560668945e-01 7.995416410267353058e-03
7.731352448463439941e-01 6.940449588000774384e-03
7.749243974685668945e-01 6.838696543127298355e-03
7.871183156967163086e-01 6.138419266790151596e-03
7.936723828315734863e-01 5.757368635386228561e-03
8.186353445053100586e-01 4.279469139873981476e-03
8.258555531501770020e-01 3.845090279355645180e-03
8.491483330726623535e-01 2.427021740004420280e-03
8.605995178222656250e-01 1.722535584121942520e-03
8.683916926383972168e-01 1.241171266883611679e-03
8.710006475448608398e-01 1.079726149328052998e-03
8.734799027442932129e-01 9.261907543987035751e-04
8.816576600074768066e-01 4.191248444840312004e-04
8.893865346908569336e-01 -6.077408761484548450e-05
8.967893719673156738e-01 -5.208330112509429455e-04
9.152890443801879883e-01 -1.672351500019431114e-03
9.305337667465209961e-01 -2.629016758874058723e-03
9.519951343536376953e-01 -4.052076023072004318e-03
9.686452150344848633e-01 -5.473087541759014130e-03
9.709018468856811523e-01 -5.726192146539688110e-03
9.722935557365417480e-01 -5.894278641790151596e-03
