9.676454663276672363e-01 -1.025559962727129459e-03
9.670706391334533691e-01 -9.480131557211279869e-04
9.586732983589172363e-01 1.430072006769478321e-04
9.502060413360595703e-01 1.173021504655480385e-03
9.239549040794372559e-01 4.034840967506170273e-03
9.098049998283386230e-01 5.426134914159774780e-03
8.990738987922668457e-01 6.429658271372318268e-03
8.917466402053833008e-01 7.093492895364761353e-03
8.790379166603088379e-01 8.209846913814544678e-03
8.734282851219177246e-01 8.690199814736843109e-03
8.590927720069885254e-01 9.888349100947380066e-03
8.531573414802551270e-01 1.037354115396738052e-02
8.351534605026245117e-01 1.181282941251993179e-02
8.286589384078979492e-01 1.232173759490251541e-02
8.110362291336059570e-01 1.368058100342750549e-02
8.043646812438964844e-01 1.418791897594928741e-02
7.943335175514221191e-01 1.494483649730682373e-02
7.777724266052246094e-01 1.618214882910251617e-02
7.738828063011169434e-01 1.647104881703853607e-02
7.701671123504638672e-01 1.674656197428703308e-02
7.536160349845886230e-01 1.796981319785118103e-02
7.427969574928283691e-01 1.876768656075000763e-02
7.240752577781677246e-01 2.014987356960773468e-02
7.215344905853271484e-01 2.033792808651924133e-02
7.031870484352111816e-01 2.170209959149360657e-02
6.830060482025146484e-01 2.322125993669033051e-02
6.710025668144226074e-01 2.413794212043285370e-02
6.648007631301879883e-01 2.461628802120685577e-02
6.584356427192687988e-01 2.511097118258476257e-02
6.435496211051940918e-01 2.628449909389019012e-02
6.314034461975097656e-01 2.726173028349876404e-02
6.241219639778137207e-01 2.785710804164409637e-02
5.901603102684020996e-01 3.074529208242893219e-02
5.850902199745178223e-01 3.119423612952232361e-02
5.586456060409545898e-01 3.362214192748069763e-02
5.558965802192687988e-01 3.388333320617675781e-02
5.437600016593933105e-01 3.505775332450866699e-02
5.219354033470153809e-01 3.725952655076980591e-02
5.172950625419616699e-01 3.774298727512359619e-02
5.120332241058349609e-01 3.829772025346755981e-02
4.964050054550170898e-01 3.998620063066482544e-02
4.895156919956207275e-01 4.074962437152862549e-02
4.773771166801452637e-01 4.212211072444915771e-02
4.737842381000518799e-01 4.253481328487396240e-02
4.561621844768524170e-01 4.459848254919052124e-02
4.518833458423614502e-01 4.510863870382308960e-02
4.408762454986572266e-01 4.643522575497627258e-02
4.319756031036376953e-01 4.752083122730255127e-02
4.177414178848266602e-01 4.927487671375274658e-02
4.125599563121795654e-01 4.991711676120758057e-02
3.959639668464660645e-01 5.197881162166595459e-02
3.900435268878936768e-01 5.271322280168533325e-02
3.815118074417114258e-01 5.376759171485900879e-02
3.761734068393707275e-01 5.442360043525695801e-02
3.638289272785186768e-01 5.592473223805427551e-02
3.576390445232391357e-01 5.666652321815490723e-02
3.477841615676879883e-01 5.782814323902130127e-02
3.318956792354583740e-01 5.963765457272529602e-02
3.223923444747924805e-01 6.067365035414695740e-02
3.080466687679290771e-01 6.215701252222061157e-02
2.956082224845886230e-01 6.335106492042541504e-02
2.918474078178405762e-01 6.369307637214660645e-02
2.737121880054473877e-01 6.520219147205352783e-02
2.436565458774566650e-01 6.709863990545272827e-02
2.414609938859939575e-01 6.720303744077682495e-02
2.350167036056518555e-01 6.747978925704956055e-02
2.265142947435379028e-01 6.777417659759521484e-02
2.228413522243499756e-01 6.787528842687606812e-02
2.161177992820739746e-01 6.801774352788925171e-02
2.118395864963531494e-01 6.807870417833328247e-02
2.034407556056976318e-01 6.812812387943267822e-02
1.895839571952819824e-01 6.799344718456268311e-02
1.867028176784515381e-01 6.792969256639480591e-02
1.627852320671081543e-01 6.688063591718673706e-02
1.588937938213348389e-01 6.661602109670639038e-02
1.542181074619293213e-01 6.626071780920028687e-02
1.324297785758972168e-01 6.402817368507385254e-02
1.223381236195564270e-01 6.264276057481765747e-02
1.150115579366683960e-01 6.148320063948631287e-02
1.081230267882347107e-01 6.026696786284446716e-02
9.955419600009918213e-02 5.857190862298011780e-02
9.373220056295394897e-02 5.729710683226585388e-02
7.919257134199142456e-02 5.363241210579872131e-02
7.063212990760803223e-02 5.111475288867950439e-02
6.238779053092002869e-02 4.839934408664703369e-02
4.863044619560241699e-02 4.311131313443183899e-02
4.207994416356086731e-02 4.018611088395118713e-02
3.601419553160667419e-02 3.718053176999092102e-02
2.686736360192298889e-02 3.193764388561248779e-02
2.063657902181148529e-02 2.765474654734134674e-02
1.557318959385156631e-02 2.346002683043479919e-02
1.159076206386089325e-02 1.930526271462440491e-02
1.045107562094926834e-02 1.784939318895339966e-02
9.119750931859016418e-03 1.585514843463897705e-02
6.915048230439424515e-03 9.711545892059803009e-03
6.872528698295354843e-03 8.782359771430492401e-03
7.312935311347246170e-03 6.004621274769306183e-03
7.635950110852718353e-03 5.167151335626840591e-03
7.871026173233985901e-03 4.678226076066493988e-03
8.573636412620544434e-03 3.526382613927125931e-03
9.235036559402942657e-03 2.682982012629508972e-03
1.020877528935670853e-02 1.678658532910048962e-03
1.423031929880380630e-02 -1.069642719812691212e-03
1.902723871171474457e-02 -3.036204259842634201e-03
2.113277278840541840e-02 -3.660823917016386986e-03
2.499131858348846436e-02 -4.553797189146280289e-03
3.186859562993049622e-02 -5.570364184677600861e-03
4.283907637000083923e-02 -6.204954814165830612e-03
5.222758650779724121e-02 -6.124751642346382141e-03
5.848793685436248779e-02 -5.850358400493860245e-03
6.145145744085311890e-02 -5.671961233019828796e-03
6.763812899589538574e-02 -5.216510035097599030e-03
8.452407270669937134e-02 -3.555729752406477928e-03
9.911771863698959351e-02 -1.820057514123618603e-03
1.056534275412559509e-01 -9.943345794454216957e-04
1.250146776437759399e-01 1.520563149824738503e-03
1.487489640712738037e-01 4.573124460875988007e-03
1.579739153385162354e-01 5.715539678931236267e-03
1.624818444252014160e-01 6.261549890041351318e-03
1.730892807245254517e-01 7.510890252888202667e-03
1.864819228649139404e-01 9.010662324726581573e-03
1.961545795202255249e-01 1.003613602370023727e-02
1.998990029096603394e-01 1.041963603347539902e-02
2.101585716009140015e-01 1.143098063766956329e-02
2.250613719224929810e-01 1.279547438025474548e-02
2.426884919404983521e-01 1.424752827733755112e-02
2.551913261413574219e-01 1.517089828848838806e-02
2.710045278072357178e-01 1.621278375387191772e-02
2.821323275566101074e-01 1.686240173876285553e-02
2.895647287368774414e-01 1.725822687149047852e-02
3.090961873531341553e-01 1.815499365329742432e-02
3.132645785808563232e-01 1.831979863345623016e-02
3.250484168529510498e-01 1.873585022985935211e-02
3.316311836242675781e-01 1.893652789294719696e-02
3.386206328868865967e-01 1.912499032914638519e-02
3.466650843620300293e-01 1.931085251271724701e-02
3.697557449340820312e-01 1.966351270675659180e-02
3.803992569446563721e-01 1.973793655633926392e-02
3.841241896152496338e-01 1.975116133689880371e-02
3.914231061935424805e-01 1.975810527801513672e-02
4.066716432571411133e-01 1.969316042959690094e-02
4.161968231201171875e-01 1.959957927465438843e-02
4.264351129531860352e-01 1.945503614842891693e-02
4.325383007526397705e-01 1.934781484305858612e-02
4.454146325588226318e-01 1.907184161245822906e-02
4.509059488773345947e-01 1.893427409231662750e-02
4.602330029010772705e-01 1.867452263832092285e-02
4.724611639976501465e-01 1.828643307089805603e-02
4.903175532817840576e-01 1.763005927205085754e-02
5.036360025405883789e-01 1.707784645259380341e-02
5.186680555343627930e-01 1.639810018241405487e-02
5.315211415290832520e-01 1.577557250857353210e-02
5.388236045837402344e-01 1.540713571012020111e-02
5.432651042938232422e-01 1.517837960273027420e-02
5.547877550125122070e-01 1.457030978053808212e-02
5.803950428962707520e-01 1.316012628376483917e-02
5.928345918655395508e-01 1.245520170778036118e-02
6.066827178001403809e-01 1.166207063943147659e-02
6.229425668716430664e-01 1.072612311691045761e-02
6.380292773246765137e-01 9.858935140073299408e-03
6.435214281082153320e-01 9.544475004076957703e-03
6.495760083198547363e-01 9.198924526572227478e-03
6.627311706542968750e-01 8.453092537820339203e-03
6.661320328712463379e-01 8.261559531092643738e-03
6.848650574684143066e-01 7.217394188046455383e-03
6.951028704643249512e-01 6.655171979218721390e-03
7.140374779701232910e-01 5.632042884826660156e-03
7.223272323608398438e-01 5.190993193536996841e-03
7.243582010269165039e-01 5.083563271909952164e-03
7.293437123298645020e-01 4.820912145078182220e-03
7.475908994674682617e-01 3.871874185279011726e-03
7.571246027946472168e-01 3.383314469829201698e-03
7.696722149848937988e-01 2.747314516454935074e-03
7.755885124206542969e-01 2.449996769428253174e-03
7.854930758476257324e-01 1.955616287887096405e-03
7.965919971466064453e-01 1.406134804710745811e-03
8.106077909469604492e-01 7.180158281698822975e-04
8.173170685768127441e-01 3.904890618287026882e-04
8.275213837623596191e-01 -1.058454508893191814e-04
8.431262373924255371e-01 -8.620891021564602852e-04
8.651471138000488281e-01 -1.928662299178540707e-03
8.676963448524475098e-01 -2.052473369985818863e-03
8.805733323097229004e-01 -2.680445788428187370e-03
8.823294639587402344e-01 -2.766524907201528549e-03
8.976778388023376465e-01 -3.525807056576013565e-03
9.052991867065429688e-01 -3.909314516931772232e-03
9.113084077835083008e-01 -4.216084722429513931e-03
9.321672916412353516e-01 -5.330538377165794373e-03
9.479176998138427734e-01 -6.274916697293519974e-03
9.639498591423034668e-01 -7.477992679923772812e-03
9.649276137351989746e-01 -7.566172163933515549e-03
9.676761031150817871e-01 -7.827360183000564575e-03
