9.578506350517272949e-01 -1.236791489645838737e-03
9.564501643180847168e-01 -1.127775292843580246e-03
9.524130821228027344e-01 -8.145266328938305378e-04
9.337871670722961426e-01 6.352841155603528023e-04
9.002549052238464355e-01 3.349307691678404808e-03
8.851900696754455566e-01 4.623826593160629272e-03
8.556316494941711426e-01 7.225906010717153549e-03
8.424056768417358398e-01 8.433040231466293335e-03
8.283923864364624023e-01 9.740525856614112854e-03
8.118946552276611328e-01 1.131719816476106644e-02
7.980277538299560547e-01 1.267366856336593628e-02
7.840124368667602539e-01 1.407377794384956360e-02
7.731725573539733887e-01 1.517696678638458252e-02
7.515647411346435547e-01 1.742984354496002197e-02
7.317521572113037109e-01 1.956036128103733063e-02
7.277114391326904297e-01 2.000271156430244446e-02
7.010924220085144043e-01 2.298607677221298218e-02
6.888679862022399902e-01 2.439801208674907684e-02
6.818209886550903320e-01 2.522447146475315094e-02
6.733912229537963867e-01 2.622544579207897186e-02
6.564603447914123535e-01 2.827802114188671112e-02
6.445136666297912598e-01 2.976148389279842377e-02
6.307733058929443359e-01 3.150517120957374573e-02
6.205216050148010254e-01 3.283316269516944885e-02
6.047354936599731445e-01 3.492473065853118896e-02
5.937545299530029297e-01 3.641390800476074219e-02
5.775818824768066406e-01 3.865946456789970398e-02
5.727264285087585449e-01 3.934591263532638550e-02
5.610337257385253906e-01 4.102228209376335144e-02
5.500441789627075195e-01 4.262769222259521484e-02
5.352559089660644531e-01 4.483281821012496948e-02
5.205445885658264160e-01 4.707540199160575867e-02
5.136110782623291016e-01 4.814832657575607300e-02
5.030144453048706055e-01 4.980665817856788635e-02
4.886743724346160889e-01 5.208306759595870972e-02
4.828567504882812500e-01 5.301605537533760071e-02
4.717828333377838135e-01 5.480454862117767334e-02
4.610897004604339600e-01 5.654449015855789185e-02
4.516152441501617432e-01 5.809362605214118958e-02
4.470615386962890625e-01 5.883981287479400635e-02
4.422471821308135986e-01 5.962932109832763672e-02
4.283661842346191406e-01 6.190532818436622620e-02
4.195411801338195801e-01 6.334806978702545166e-02
4.051722288131713867e-01 6.568055599927902222e-02
3.871318697929382324e-01 6.855896115303039551e-02
3.818022012710571289e-01 6.939423084259033203e-02
3.736522197723388672e-01 7.065465301275253296e-02
3.664388060569763184e-01 7.175081968307495117e-02
3.548066616058349609e-01 7.347346097230911255e-02
3.428983390331268311e-01 7.516921311616897583e-02
3.286823630332946777e-01 7.708652317523956299e-02
3.188079893589019775e-01 7.833851128816604614e-02
3.106440007686614990e-01 7.931793481111526489e-02
3.036754131317138672e-01 8.011027425527572632e-02
2.957927584648132324e-01 8.095432817935943604e-02
2.940326035022735596e-01 8.113481104373931885e-02
2.843441069126129150e-01 8.207289129495620728e-02
2.745793163776397705e-01 8.291757851839065552e-02
2.667987942695617676e-01 8.351247012615203857e-02
2.549085021018981934e-01 8.427709341049194336e-02
2.445805072784423828e-01 8.478859812021255493e-02
2.389942109584808350e-01 8.500212430953979492e-02
2.362791448831558228e-01 8.508926630020141602e-02
2.305290102958679199e-01 8.523657172918319702e-02
2.245433628559112549e-01 8.533456921577453613e-02
2.157273888587951660e-01 8.537165075540542603e-02
2.105491012334823608e-01 8.533129841089248657e-02
2.046262174844741821e-01 8.522655814886093140e-02
1.884770840406417847e-01 8.460527658462524414e-02
1.838369071483612061e-01 8.433108776807785034e-02
1.728252619504928589e-01 8.349857479333877563e-02
1.652903854846954346e-01 8.277462422847747803e-02
1.600048094987869263e-01 8.218839764595031738e-02
1.448002457618713379e-01 8.012002706527709961e-02
1.335847973823547363e-01 7.820542156696319580e-02
1.155851036310195923e-01 7.436666637659072876e-02
1.101758256554603577e-01 7.301122695207595825e-02
1.043371632695198059e-01 7.143430411815643311e-02
9.701661020517349243e-02 6.927968561649322510e-02
8.887972682714462280e-02 6.663460284471511841e-02
7.958634197711944580e-02 6.325710564851760864e-02
7.298256456851959229e-02 6.059858202934265137e-02
6.375480443239212036e-02 5.647022649645805359e-02
5.684523284435272217e-02 5.301200971007347107e-02
5.159255489706993103e-02 5.013433843851089478e-02
4.169478639960289001e-02 4.398342967033386230e-02
3.564608842134475708e-02 3.961094841361045837e-02
3.143165633082389832e-02 3.618437051773071289e-02
2.631007693707942963e-02 3.142938390374183655e-02
2.206156402826309204e-02 2.673887833952903748e-02
1.968456059694290161e-02 2.363247424364089966e-02
1.774701289832592010e-02 2.067030221223831177e-02
1.581700146198272705e-02 1.702051050961017609e-02
1.492439769208431244e-02 1.486008241772651672e-02
1.394075155258178711e-02 1.153018698096275330e-02
1.353673823177814484e-02 8.948991075158119202e-03
1.346151158213615417e-02 7.225907873362302780e-03
1.377906743437051773e-02 4.115840885788202286e-03
1.419035531580448151e-02 2.565195783972740173e-03
1.457040011882781982e-02 1.539897406473755836e-03
1.615784317255020142e-02 -1.288994797505438328e-03
1.791826635599136353e-02 -3.313739784061908722e-03
1.997926644980907440e-02 -5.026085767894983292e-03
2.506717108190059662e-02 -7.777255959808826447e-03
3.144372627139091492e-02 -9.745589457452297211e-03
3.392322361469268799e-02 -1.025402825325727463e-02
3.832805156707763672e-02 -1.091707684099674225e-02
4.003844782710075378e-02 -1.110753417015075684e-02
4.915675520896911621e-02 -1.166420709341764450e-02
6.129756197333335876e-02 -1.160947605967521667e-02
7.235214114189147949e-02 -1.109500322490930557e-02
8.518155664205551147e-02 -1.017460133880376816e-02
9.542916715145111084e-02 -9.288191795349121094e-03
1.051746681332588196e-01 -8.370367810130119324e-03
1.247060447931289673e-01 -6.421852856874465942e-03
1.360931098461151123e-01 -5.265126004815101624e-03
1.516149789094924927e-01 -3.705032635480165482e-03
1.624967753887176514e-01 -2.638008212670683861e-03
1.720795929431915283e-01 -1.723734196275472641e-03
1.855028569698333740e-01 -4.906300455331802368e-04
1.945044100284576416e-01 3.016847476828843355e-04
2.009045928716659546e-01 8.469283347949385643e-04
2.062389701604843140e-01 1.289463136345148087e-03
2.128910869359970093e-01 1.825746265240013599e-03
2.251562029123306274e-01 2.768008736893534660e-03
2.309552431106567383e-01 3.192081814631819725e-03
2.423801720142364502e-01 3.986596129834651947e-03
2.513349652290344238e-01 4.570952616631984711e-03
2.599701285362243652e-01 5.102319177240133286e-03
2.709633708000183105e-01 5.732987076044082642e-03
2.832236588001251221e-01 6.375945638865232468e-03
2.873116731643676758e-01 6.576222367584705353e-03
2.946497797966003418e-01 6.918113213032484055e-03
3.030807077884674072e-01 7.283166050910949707e-03
3.125544190406799316e-01 7.658232934772968292e-03
3.202005028724670410e-01 7.934127002954483032e-03
3.270707726478576660e-01 8.161820471286773682e-03
3.394553065299987793e-01 8.524618111550807953e-03
3.468483388423919678e-01 8.712423034012317657e-03
3.603888452053070068e-01 9.001861326396465302e-03
3.723763823509216309e-01 9.200610220432281494e-03
3.813624382019042969e-01 9.315163828432559967e-03
3.941971957683563232e-01 9.429147467017173767e-03
3.983562886714935303e-01 9.453878737986087799e-03
4.113979041576385498e-01 9.493812918663024902e-03
4.227142035961151123e-01 9.483728557825088501e-03
4.294548928737640381e-01 9.458677843213081360e-03
4.426241815090179443e-01 9.370302781462669373e-03
4.549341499805450439e-01 9.242479689419269562e-03
4.637812674045562744e-01 9.124895557761192322e-03
4.683084487915039062e-01 9.056708775460720062e-03
4.754492044448852539e-01 8.938455954194068909e-03
4.794449806213378906e-01 8.866703137755393982e-03
4.823094010353088379e-01 8.812854066491127014e-03
4.938331544399261475e-01 8.576410822570323944e-03
5.112261176109313965e-01 8.162342943251132965e-03
5.226541757583618164e-01 7.855098694562911987e-03
5.315383076667785645e-01 7.598075084388256073e-03
5.459396839141845703e-01 7.149441167712211609e-03
5.520446896553039551e-01 6.947848945856094360e-03
5.585168600082397461e-01 6.727033760398626328e-03
5.709451436996459961e-01 6.283302325755357742e-03
5.844920277595520020e-01 5.771695636212825775e-03
5.858494043350219727e-01 5.718904081732034683e-03
6.087374687194824219e-01 4.789623897522687912e-03
6.162861585617065430e-01 4.468010272830724716e-03
6.252263188362121582e-01 4.078271333128213882e-03
6.382188796997070312e-01 3.496102290228009224e-03
6.479670405387878418e-01 3.048212733119726181e-03
6.516537070274353027e-01 2.876573475077748299e-03
6.700282692909240723e-01 2.005037851631641388e-03
6.761903166770935059e-01 1.707583665847778320e-03
6.898964643478393555e-01 1.038732356391847134e-03
6.961331367492675781e-01 7.317665731534361839e-04
7.105400562286376953e-01 1.868351864686701447e-05
7.186631560325622559e-01 -3.846187319140881300e-04
7.333966493606567383e-01 -1.115332357585430145e-03
7.428478598594665527e-01 -1.581633463501930237e-03
7.615259885787963867e-01 -2.491352846845984459e-03
7.914669513702392578e-01 -3.890746040269732475e-03
8.058186173439025879e-01 -4.521645605564117432e-03
8.120030164718627930e-01 -4.782916046679019928e-03
8.214108943939208984e-01 -5.166035145521163940e-03
8.339623808860778809e-01 -5.646058358252048492e-03
8.566493988037109375e-01 -6.400676444172859192e-03
8.679440617561340332e-01 -6.708110217005014420e-03
8.838545083999633789e-01 -7.042433135211467743e-03
9.029294848442077637e-01 -7.248840294778347015e-03
9.219838380813598633e-01 -7.171389181166887283e-03
9.448223710060119629e-01 -6.575033068656921387e-03
9.512764811515808105e-01 -6.296751555055379868e-03
9.552636742591857910e-01 -6.105388514697551727e-03
