9.737226963043212891e-01 -2.069029957056045532e-03
9.731952548027038574e-01 -1.893708948045969009e-03
9.703808426856994629e-01 -9.750510216690599918e-04
9.578572511672973633e-01 2.910165116190910339e-03
9.402689933776855469e-01 8.088277652859687805e-03
9.226409792900085449e-01 1.309660356491804123e-02
9.034914374351501465e-01 1.838949508965015411e-02
8.974132537841796875e-01 2.004172839224338531e-02
8.887588381767272949e-01 2.237286604940891266e-02
8.821070790290832520e-01 2.414802461862564087e-02
8.669955134391784668e-01 2.812885493040084839e-02
8.594103455543518066e-01 3.010034933686256409e-02
8.448452949523925781e-01 3.383694961667060852e-02
8.370736241340637207e-01 3.580437973141670227e-02
8.219326138496398926e-01 3.958496823906898499e-02
8.148915767669677734e-01 4.131921380758285522e-02
8.069311976432800293e-01 4.326155409216880798e-02
7.976238131523132324e-01 4.550769552588462830e-02
7.738806009292602539e-01 5.111392587423324585e-02
7.629309892654418945e-01 5.363801494240760803e-02
7.503583431243896484e-01 5.648732185363769531e-02
7.292215824127197266e-01 6.115600466728210449e-02
7.023861408233642578e-01 6.685422360897064209e-02
6.969490051269531250e-01 6.797631084918975830e-02
6.775512695312500000e-01 7.188647240400314331e-02
6.705330014228820801e-01 7.326444983482360840e-02
6.614267826080322266e-01 7.502253353595733643e-02
6.541677713394165039e-01 7.639925181865692139e-02
6.372653841972351074e-01 7.951746135950088501e-02
6.324029564857482910e-01 8.039127290248870850e-02
6.105050444602966309e-01 8.419252187013626099e-02
6.005334258079528809e-01 8.584847301244735718e-02
5.945209860801696777e-01 8.682343363761901855e-02
5.853563547134399414e-01 8.827476203441619873e-02
5.784745216369628906e-01 8.933641761541366577e-02
5.730791091918945312e-01 9.015151858329772949e-02
5.567681789398193359e-01 9.252098947763442993e-02
5.505166649818420410e-01 9.339046478271484375e-02
5.404124259948730469e-01 9.474906325340270996e-02
5.238292813301086426e-01 9.684982895851135254e-02
5.174800753593444824e-01 9.761040657758712769e-02
5.127680301666259766e-01 9.815880656242370605e-02
4.897621273994445801e-01 1.006336137652397156e-01
4.804377853870391846e-01 1.015375107526779175e-01
4.726306796073913574e-01 1.022486686706542969e-01
4.659191966056823730e-01 1.028260588645935059e-01
4.458246529102325439e-01 1.043610349297523499e-01
4.408642053604125977e-01 1.046939045190811157e-01
4.370300471782684326e-01 1.049383804202079773e-01
4.247801303863525391e-01 1.056431978940963745e-01
4.119819402694702148e-01 1.062519326806068420e-01
4.023466706275939941e-01 1.066215112805366516e-01
3.955860137939453125e-01 1.068341061472892761e-01
3.823151886463165283e-01 1.071362420916557312e-01
3.789169788360595703e-01 1.071885824203491211e-01
3.700911104679107666e-01 1.072755232453346252e-01
3.531497120857238770e-01 1.072392761707305908e-01
3.472520411014556885e-01 1.071620956063270569e-01
3.422284126281738281e-01 1.070693880319595337e-01
3.374753594398498535e-01 1.069584265351295471e-01
3.308646976947784424e-01 1.067660078406333923e-01
3.135691285133361816e-01 1.060470566153526306e-01
3.084706664085388184e-01 1.057739034295082092e-01
3.014422655105590820e-01 1.053502783179283142e-01
2.859070301055908203e-01 1.042150408029556274e-01
2.762941122055053711e-01 1.033707335591316223e-01
2.708804905414581299e-01 1.028460115194320679e-01
2.647934257984161377e-01 1.022126078605651855e-01
2.519515156745910645e-01 1.007216349244117737e-01
2.113687694072723389e-01 9.452909231185913086e-02
2.026023864746093750e-01 9.287178516387939453e-02
1.966959834098815918e-01 9.168612957000732422e-02
1.861587464809417725e-01 8.942738920450210571e-02
1.833564341068267822e-01 8.879479020833969116e-02
1.718311011791229248e-01 8.604579418897628784e-02
1.671509593725204468e-01 8.485954254865646362e-02
1.638351231813430786e-01 8.399371802806854248e-02
1.587025821208953857e-01 8.261090517044067383e-02
1.510436534881591797e-01 8.044772595167160034e-02
1.456020027399063110e-01 7.883520424365997314e-02
1.370780467987060547e-01 7.617621123790740967e-02
1.191495954990386963e-01 7.000390440225601196e-02
1.099561676383018494e-01 6.649716198444366455e-02
1.050990149378776550e-01 6.453920155763626099e-02
9.770117700099945068e-02 6.140346080064773560e-02
8.977267146110534668e-02 5.781475827097892761e-02
7.675777375698089600e-02 5.131607130169868469e-02
6.951885670423507690e-02 4.729858040809631348e-02
6.161386147141456604e-02 4.248346015810966492e-02
5.405246466398239136e-02 3.732290491461753845e-02
4.804437234997749329e-02 3.267447650432586670e-02
4.266966879367828369e-02 2.789112366735935211e-02
4.062500596046447754e-02 2.584231272339820862e-02
3.252167254686355591e-02 1.492801588028669357e-02
3.161869943141937256e-02 1.300416421145200729e-02
3.015382960438728333e-02 8.318823762238025665e-03
2.981924079358577728e-02 5.675957072526216507e-03
3.024283796548843384e-02 7.528666756115853786e-04
3.245161101222038269e-02 -4.585607908666133881e-03
3.300333395600318909e-02 -5.449809599667787552e-03
3.445591405034065247e-02 -7.383336778730154037e-03
3.943776711821556091e-02 -1.211156137287616730e-02
4.096082597970962524e-02 -1.323466654866933823e-02
4.511639848351478577e-02 -1.586263440549373627e-02
5.044705420732498169e-02 -1.860523968935012817e-02
6.544333696365356445e-02 -2.432404644787311554e-02
7.113070040941238403e-02 -2.605563402175903320e-02
8.560755848884582520e-02 -2.988276071846485138e-02
9.306383877992630005e-02 -3.163801878690719604e-02
9.874361008405685425e-02 -3.290783241391181946e-02
1.245599240064620972e-01 -3.819557279348373413e-02
1.301154792308807373e-01 -3.925930708646774292e-02
1.376103609800338745e-01 -4.066256433725357056e-02
1.460686475038528442e-01 -4.220604151487350464e-02
1.566567718982696533e-01 -4.408233985304832458e-02
1.624868214130401611e-01 -4.508991539478302002e-02
1.775061041116714478e-01 -4.760310426354408264e-02
1.836793571710586548e-01 -4.860137030482292175e-02
1.904831379652023315e-01 -4.967775940895080566e-02
1.966408342123031616e-01 -5.063004791736602783e-02
2.094640880823135376e-01 -5.254488810896873474e-02
2.184504717588424683e-01 -5.383041873574256897e-02
2.267315834760665894e-01 -5.497285723686218262e-02
2.312841713428497314e-01 -5.558335781097412109e-02
2.533698081970214844e-01 -5.836396664381027222e-02
2.581778466701507568e-01 -5.892872065305709839e-02
2.702488303184509277e-01 -6.028134375810623169e-02
2.742227315902709961e-01 -6.070603430271148682e-02
2.889742851257324219e-01 -6.219214946031570435e-02
2.950280308723449707e-01 -6.276048719882965088e-02
3.045716285705566406e-01 -6.360697001218795776e-02
3.226741254329681396e-01 -6.504481285810470581e-02
3.301067352294921875e-01 -6.557113677263259888e-02
3.356326520442962646e-01 -6.593813747167587280e-02
3.596417903900146484e-01 -6.729115545749664307e-02
3.656816780567169189e-01 -6.756947934627532959e-02
3.724451959133148193e-01 -6.785141676664352417e-02
3.796344399452209473e-01 -6.811668723821640015e-02
3.901332616806030273e-01 -6.844025850296020508e-02
4.009457230567932129e-01 -6.869422644376754761e-02
4.073253571987152100e-01 -6.880633533000946045e-02
4.135516881942749023e-01 -6.888878345489501953e-02
4.164290130138397217e-01 -6.891789287328720093e-02
4.264631867408752441e-01 -6.897486746311187744e-02
4.347982108592987061e-01 -6.896971911191940308e-02
4.404423236846923828e-01 -6.893921643495559692e-02
4.477446377277374268e-01 -6.886753439903259277e-02
4.534164667129516602e-01 -6.878680735826492310e-02
4.706707298755645752e-01 -6.840745359659194946e-02
4.793125689029693604e-01 -6.814236193895339966e-02
4.898986816406250000e-01 -6.775005906820297241e-02
4.990024864673614502e-01 -6.735385209321975708e-02
5.038456916809082031e-01 -6.712112575769424438e-02
5.127620697021484375e-01 -6.665335595607757568e-02
5.237467288970947266e-01 -6.600800901651382446e-02
5.326206088066101074e-01 -6.543205678462982178e-02
5.569971799850463867e-01 -6.360810250043869019e-02
5.628473162651062012e-01 -6.311966478824615479e-02
5.675937533378601074e-01 -6.270954012870788574e-02
5.844650864601135254e-01 -6.115518510341644287e-02
6.199449896812438965e-01 -5.743996426463127136e-02
6.340031623840332031e-01 -5.582246556878089905e-02
6.431317329406738281e-01 -5.473443120718002319e-02
6.551083326339721680e-01 -5.326670035719871521e-02
6.667638421058654785e-01 -5.179949477314949036e-02
6.706663966178894043e-01 -5.130060017108917236e-02
6.757080554962158203e-01 -5.065094679594039917e-02
6.845470666885375977e-01 -4.949918389320373535e-02
6.899646520614624023e-01 -4.878593608736991882e-02
7.344877719879150391e-01 -4.278144985437393188e-02
7.463234066963195801e-01 -4.116122797131538391e-02
7.506932020187377930e-01 -4.056217521429061890e-02
7.594887018203735352e-01 -3.935607522726058960e-02
7.658740878105163574e-01 -3.848066926002502441e-02
7.785373926162719727e-01 -3.674693778157234192e-02
7.896012663841247559e-01 -3.523637354373931885e-02
8.034338951110839844e-01 -3.335529565811157227e-02
8.124957680702209473e-01 -3.212819993495941162e-02
8.249092102050781250e-01 -3.045425936579704285e-02
8.344999551773071289e-01 -2.916621789336204529e-02
8.471167087554931641e-01 -2.747773565351963043e-02
8.540690541267395020e-01 -2.654941938817501068e-02
8.658340573310852051e-01 -2.498002164065837860e-02
8.782573938369750977e-01 -2.332108654081821442e-02
9.004126191139221191e-01 -2.033648081123828888e-02
9.081985354423522949e-01 -1.927061751484870911e-02
9.392508864402770996e-01 -1.480363495647907257e-02
9.553443789482116699e-01 -1.219227537512779236e-02
9.636545181274414062e-01 -1.066914759576320648e-02
9.723080396652221680e-01 -8.855359628796577454e-03
9.739019870758056641e-01 -8.485108613967895508e-03
9.744939208030700684e-01 -8.344080299139022827e-03
