9.765375852584838867e-01 -3.372409846633672714e-03
9.761061072349548340e-01 -3.278349293395876884e-03
9.704308509826660156e-01 -2.005991991609334946e-03
9.640498757362365723e-01 -5.225716740824282169e-04
9.378492832183837891e-01 5.860616918653249741e-03
9.261337518692016602e-01 8.802221156656742096e-03
9.147165417671203613e-01 1.170166954398155212e-02
9.111081361770629883e-01 1.262363698333501816e-02
9.037129878997802734e-01 1.452025398612022400e-02
8.972560167312622070e-01 1.618342101573944092e-02
8.795074820518493652e-01 2.078382670879364014e-02
8.747481703758239746e-01 2.202356792986392975e-02
8.618471622467041016e-01 2.539533562958240509e-02
8.569025993347167969e-01 2.669142931699752808e-02
8.512431383132934570e-01 2.817728742957115173e-02
8.486332893371582031e-01 2.886325493454933167e-02
8.378198742866516113e-01 3.171034529805183411e-02
8.240295052528381348e-01 3.535128757357597351e-02
8.161023855209350586e-01 3.744851052761077881e-02
8.126451373100280762e-01 3.836405277252197266e-02
7.783774733543395996e-01 4.746009036898612976e-02
7.565783858299255371e-01 5.325838178396224976e-02
7.470367550849914551e-01 5.579685047268867493e-02
7.452792525291442871e-01 5.626427382230758667e-02
7.323122620582580566e-01 5.971232429146766663e-02
7.217125892639160156e-01 6.252821534872055054e-02
7.023015022277832031e-01 6.767411530017852783e-02
6.996213197708129883e-01 6.838320195674896240e-02
6.897911429405212402e-01 7.097966223955154419e-02
6.795488595962524414e-01 7.367712259292602539e-02
6.706325411796569824e-01 7.601743936538696289e-02
6.583201289176940918e-01 7.923454046249389648e-02
6.299672126770019531e-01 8.655874431133270264e-02
6.269118785858154297e-01 8.733939379453659058e-02
6.202082037925720215e-01 8.904539793729782104e-02
6.148759126663208008e-01 9.039525687694549561e-02
6.086368560791015625e-01 9.196598082780838013e-02
5.980610847473144531e-01 9.460534900426864624e-02
5.918112397193908691e-01 9.615030884742736816e-02
5.892864465713500977e-01 9.677112102508544922e-02
5.480641126632690430e-01 1.065893694758415222e-01
5.442421436309814453e-01 1.074650585651397705e-01
5.311483740806579590e-01 1.104136407375335693e-01
5.147401690483093262e-01 1.139870733022689819e-01
5.056664943695068359e-01 1.159000992774963379e-01
5.037220716476440430e-01 1.163038909435272217e-01
4.924994111061096191e-01 1.185899972915649414e-01
4.841767847537994385e-01 1.202344596385955811e-01
4.726802408695220947e-01 1.224306598305702209e-01
4.573885798454284668e-01 1.252081841230392456e-01
4.505994319915771484e-01 1.263858228921890259e-01
4.492433071136474609e-01 1.266167759895324707e-01
4.415594935417175293e-01 1.278983354568481445e-01
4.335516393184661865e-01 1.291832476854324341e-01
4.194818139076232910e-01 1.313101500272750854e-01
4.164437353610992432e-01 1.317468136548995972e-01
3.972995877265930176e-01 1.343040317296981812e-01
3.715690672397613525e-01 1.371790468692779541e-01
3.680233061313629150e-01 1.375215947628021240e-01
3.603332042694091797e-01 1.382177323102951050e-01
3.455581068992614746e-01 1.393700987100601196e-01
3.284160196781158447e-01 1.403872072696685791e-01
3.213157355785369873e-01 1.407030820846557617e-01
2.923911511898040771e-01 1.413117051124572754e-01
2.854717373847961426e-01 1.412876695394515991e-01
2.798722982406616211e-01 1.412178426980972290e-01
2.669439613819122314e-01 1.408795118331909180e-01
2.389654070138931274e-01 1.392528116703033447e-01
2.365240752696990967e-01 1.390497684478759766e-01
2.298335283994674683e-01 1.384406238794326782e-01
2.239593118429183960e-01 1.378410607576370239e-01
2.048518359661102295e-01 1.354548186063766479e-01
1.961823850870132446e-01 1.341424137353897095e-01
1.867712587118148804e-01 1.325472146272659302e-01
1.770182847976684570e-01 1.306995153427124023e-01
1.586917191743850708e-01 1.266623586416244507e-01
1.364841908216476440e-01 1.207036301493644714e-01
1.269309967756271362e-01 1.177507638931274414e-01
1.175954937934875488e-01 1.146220937371253967e-01
1.023804545402526855e-01 1.089737042784690857e-01
9.585178643465042114e-02 1.063275784254074097e-01
9.082227200269699097e-02 1.041925251483917236e-01
8.563941717147827148e-02 1.019008532166481018e-01
7.998086512088775635e-02 9.928850084543228149e-02
7.399528473615646362e-02 9.639398753643035889e-02
5.187632516026496887e-02 8.439972996711730957e-02
4.609329253435134888e-02 8.088433742523193359e-02
4.147515073418617249e-02 7.794823497533798218e-02
3.213834762573242188e-02 7.162680476903915405e-02
2.628379501402378082e-02 6.736873090267181396e-02
1.347445882856845856e-02 5.709190666675567627e-02
6.770030129700899124e-03 5.105781182646751404e-02
1.968919532373547554e-03 4.637840017676353455e-02
-2.780866809189319611e-03 4.138069972395896912e-02
-1.268581021577119827e-02 2.924860082566738129e-02
-2.023632451891899109e-02 1.702311076223850250e-02
-2.207474783062934875e-02 1.315218210220336914e-02
-2.430801838636398315e-02 7.261533755809068680e-03
-2.484162338078022003e-02 5.472639109939336777e-03
-2.640609443187713623e-02 -5.605649668723344803e-03
-2.624463289976119995e-02 -8.444219827651977539e-03
-2.502782084047794342e-02 -1.419035904109477997e-02
-1.926805637776851654e-02 -2.387351542711257935e-02
-1.671670749783515930e-02 -2.633201144635677338e-02
-1.074350532144308090e-02 -3.052387945353984833e-02
-7.714523002505302429e-03 -3.212605416774749756e-02
-4.164150916039943695e-03 -3.370304405689239502e-02
1.050975406542420387e-03 -3.557616472244262695e-02
1.762344501912593842e-02 -3.931233659386634827e-02
2.553782053291797638e-02 -4.033947736024856567e-02
2.851388789713382721e-02 -4.063855484127998352e-02
3.717201203107833862e-02 -4.129187017679214478e-02
6.513006985187530518e-02 -4.191109165549278259e-02
8.006800711154937744e-02 -4.168272018432617188e-02
8.606740832328796387e-02 -4.152617976069450378e-02
1.134027093648910522e-01 -4.053305462002754211e-02
1.421336531639099121e-01 -3.926419839262962341e-02
1.467481851577758789e-01 -3.905543684959411621e-02
1.558881849050521851e-01 -3.864377364516258240e-02
1.671462655067443848e-01 -3.814442455768585205e-02
1.772994399070739746e-01 -3.770536556839942932e-02
1.796476244926452637e-01 -3.760566934943199158e-02
1.853593140840530396e-01 -3.736639395356178284e-02
1.981797516345977783e-01 -3.684734180569648743e-02
2.081909626722335815e-01 -3.646082803606987000e-02
2.202824801206588745e-01 -3.601735457777976990e-02
2.343139797449111938e-01 -3.553581237792968750e-02
2.437834143638610840e-01 -3.523119166493415833e-02
2.513990104198455811e-01 -3.499806672334671021e-02
2.590390443801879883e-01 -3.477474302053451538e-02
2.751079201698303223e-01 -3.433892875909805298e-02
2.802160978317260742e-01 -3.420980274677276611e-02
2.956291437149047852e-01 -3.384684026241302490e-02
3.057560920715332031e-01 -3.362943232059478760e-02
3.104331791400909424e-01 -3.353446349501609802e-02
3.257321417331695557e-01 -3.324691206216812134e-02
3.589502573013305664e-01 -3.273505717515945435e-02
3.643649816513061523e-01 -3.266496956348419189e-02
3.731684982776641846e-01 -3.255832195281982422e-02
3.807308375835418701e-01 -3.247362747788429260e-02
4.052277803421020508e-01 -3.223942965269088745e-02
4.089332818984985352e-01 -3.220890462398529053e-02
4.255312085151672363e-01 -3.208627924323081970e-02
4.320313930511474609e-01 -3.204405307769775391e-02
4.494722187519073486e-01 -3.194491192698478699e-02
4.518133997917175293e-01 -3.193302825093269348e-02
4.650408327579498291e-01 -3.187148645520210266e-02
4.915265142917633057e-01 -3.177158907055854797e-02
5.084463953971862793e-01 -3.171927481889724731e-02
5.108449459075927734e-01 -3.171234205365180969e-02
5.477494001388549805e-01 -3.161146119236946106e-02
5.545427203178405762e-01 -3.159248828887939453e-02
5.736237168312072754e-01 -3.153485804796218872e-02
5.773065090179443359e-01 -3.152270242571830750e-02
5.987113118171691895e-01 -3.144244849681854248e-02
6.055322885513305664e-01 -3.141263499855995178e-02
6.154224872589111328e-01 -3.136490657925605774e-02
6.461629271507263184e-01 -3.117393329739570618e-02
6.549246311187744141e-01 -3.110499866306781769e-02
6.766654253005981445e-01 -3.089907951653003693e-02
6.833359599113464355e-01 -3.082457557320594788e-02
6.941149234771728516e-01 -3.069142624735832214e-02
7.057436108589172363e-01 -3.052839078009128571e-02
7.094905376434326172e-01 -3.047121502459049225e-02
7.338639497756958008e-01 -3.003707528114318848e-02
7.471266984939575195e-01 -2.974973060190677643e-02
7.609379291534423828e-01 -2.940630540251731873e-02
7.656085491180419922e-01 -2.927904389798641205e-02
7.695941925048828125e-01 -2.916571497917175293e-02
7.754975557327270508e-01 -2.898954227566719055e-02
7.926468849182128906e-01 -2.841708436608314514e-02
8.054513335227966309e-01 -2.792475931346416473e-02
8.129347562789916992e-01 -2.760858088731765747e-02
8.173281550407409668e-01 -2.741248533129692078e-02
8.304731845855712891e-01 -2.677615545690059662e-02
8.472520112991333008e-01 -2.584427408874034882e-02
8.556233048439025879e-01 -2.532300166785717010e-02
8.576897382736206055e-01 -2.518803626298904419e-02
8.692836165428161621e-01 -2.438106946647167206e-02
8.808065056800842285e-01 -2.348746359348297119e-02
8.879440426826477051e-01 -2.288262173533439636e-02
8.950733542442321777e-01 -2.223494090139865875e-02
9.047009348869323730e-01 -2.128353156149387360e-02
9.069290161132812500e-01 -2.104959636926651001e-02
9.245879054069519043e-01 -1.898140832781791687e-02
9.330196976661682129e-01 -1.783483289182186127e-02
9.399326443672180176e-01 -1.679941080510616302e-02
9.474758505821228027e-01 -1.555260363966226578e-02
9.684873819351196289e-01 -1.120383758097887039e-02
9.717636108398437500e-01 -1.038280129432678223e-02
9.746073484420776367e-01 -9.642058052122592926e-03
9.753837585449218750e-01 -9.436402469873428345e-03
