9.709414839744567871e-01 -4.768908955156803131e-03
9.697441458702087402e-01 -4.725133068859577179e-03
9.662562608718872070e-01 -4.530642647296190262e-03
9.566955566406250000e-01 -3.662044415250420570e-03
9.463049769401550293e-01 -2.375278854742646217e-03
9.389725327491760254e-01 -1.323504140600562096e-03
9.213889837265014648e-01 1.542925019748508930e-03
9.138950109481811523e-01 2.880724845454096794e-03
9.037724733352661133e-01 4.776823800057172775e-03
8.930382728576660156e-01 6.884829606860876083e-03
8.814051747322082520e-01 9.267722256481647491e-03
8.732762932777404785e-01 1.098682358860969543e-02
8.663180470466613770e-01 1.249039266258478165e-02
8.553537130355834961e-01 1.491466723382472992e-02
8.352644443511962891e-01 1.951164938509464264e-02
8.273890018463134766e-01 2.136240154504776001e-02
8.161863088607788086e-01 2.403695322573184967e-02
8.071380257606506348e-01 2.622998133301734924e-02
7.898696064949035645e-01 3.048727288842201233e-02
7.755919694900512695e-01 3.406869992613792419e-02
7.623812556266784668e-01 3.742351010441780090e-02
7.534584403038024902e-01 3.970776870846748352e-02
7.423790693283081055e-01 4.256095364689826965e-02
7.368371486663818359e-01 4.399374499917030334e-02
7.185867428779602051e-01 4.873048514127731323e-02
7.113757729530334473e-01 5.060645192861557007e-02
6.989929676055908203e-01 5.382853001356124878e-02
6.836172342300415039e-01 5.782132595777511597e-02
6.690614819526672363e-01 6.158201023936271667e-02
6.624755859375000000e-01 6.327433139085769653e-02
6.543414592742919922e-01 6.535448133945465088e-02
6.423455476760864258e-01 6.839805096387863159e-02
6.326404809951782227e-01 7.083556056022644043e-02
6.232129335403442383e-01 7.317883521318435669e-02
6.162778139114379883e-01 7.488538324832916260e-02
6.074801683425903320e-01 7.702726870775222778e-02
5.978393554687500000e-01 7.934241741895675659e-02
5.913320183753967285e-01 8.088471740484237671e-02
5.709003210067749023e-01 8.560942113399505615e-02
5.593864917755126953e-01 8.818566054105758667e-02
5.511065125465393066e-01 8.999644219875335693e-02
5.390883684158325195e-01 9.255859255790710449e-02
5.324878692626953125e-01 9.393072128295898438e-02
5.144060850143432617e-01 9.755420684814453125e-02
5.060911178588867188e-01 9.915042668581008911e-02
4.857784807682037354e-01 1.028509587049484253e-01
4.707975983619689941e-01 1.053882762789726257e-01
4.637507498264312744e-01 1.065222844481468201e-01
4.545094370841979980e-01 1.079494580626487732e-01
4.374911487102508545e-01 1.103924810886383057e-01
4.276998043060302734e-01 1.116846203804016113e-01
4.166336953639984131e-01 1.130408123135566711e-01
4.092671275138854980e-01 1.138805076479911804e-01
3.952787816524505615e-01 1.153310760855674744e-01
3.859170675277709961e-01 1.161930337548255920e-01
3.770735263824462891e-01 1.169245019555091858e-01
3.664303421974182129e-01 1.176947727799415588e-01
3.565169274806976318e-01 1.183008328080177307e-01
3.483194410800933838e-01 1.187184080481529236e-01
3.351327478885650635e-01 1.192262098193168640e-01
3.289875984191894531e-01 1.193917542695999146e-01
3.208650946617126465e-01 1.195393353700637817e-01
3.119637668132781982e-01 1.196055859327316284e-01
3.026208877563476562e-01 1.195647567510604858e-01
2.967296540737152100e-01 1.194793507456779480e-01
2.845385074615478516e-01 1.191518753767013550e-01
2.756046354770660400e-01 1.187789961695671082e-01
2.632827460765838623e-01 1.180733367800712585e-01
2.428046166896820068e-01 1.163859888911247253e-01
2.272873967885971069e-01 1.146543696522712708e-01
2.159137576818466187e-01 1.131221130490303040e-01
2.071581482887268066e-01 1.117838546633720398e-01
1.973033100366592407e-01 1.101054474711418152e-01
1.940760910511016846e-01 1.095149591565132141e-01
1.838790178298950195e-01 1.075121238827705383e-01
1.704407185316085815e-01 1.045411676168441772e-01
1.605721861124038696e-01 1.021058559417724609e-01
1.416429579257965088e-01 9.678705781698226929e-02
1.300565451383590698e-01 9.307736903429031372e-02
1.215433329343795776e-01 9.011294692754745483e-02
1.121051684021949768e-01 8.657323569059371948e-02
1.043444201350212097e-01 8.344955742359161377e-02
9.661801904439926147e-02 8.013494312763214111e-02
8.662663400173187256e-02 7.552107423543930054e-02
8.173874020576477051e-02 7.311870902776718140e-02
7.288940250873565674e-02 6.850400567054748535e-02
5.891000106930732727e-02 6.042763218283653259e-02
4.275177419185638428e-02 4.960949346423149109e-02
3.720311075448989868e-02 4.542690515518188477e-02
3.336601704359054565e-02 4.235971346497535706e-02
2.290077507495880127e-02 3.306232392787933350e-02
1.867703907191753387e-02 2.878627181053161621e-02
1.320177037268877029e-02 2.253191918134689331e-02
1.006617955863475800e-02 1.837794855237007141e-02
8.286794647574424744e-03 1.570892333984375000e-02
5.051341839134693146e-03 9.663284756243228912e-03
3.934888634830713272e-03 6.661026738584041595e-03
3.276926232501864433e-03 3.976008389145135880e-03
3.001024248078465462e-03 1.200601807795464993e-03
3.047069068998098373e-03 -2.367046981817111373e-04
3.393985796719789505e-03 -2.376704709604382515e-03
5.643527023494243622e-03 -7.137611508369445801e-03
8.378314785659313202e-03 -1.011842954903841019e-02
1.179293449968099594e-02 -1.270290929824113846e-02
1.584348268806934357e-02 -1.503624394536018372e-02
2.123467251658439636e-02 -1.750176027417182922e-02
2.739757113158702850e-02 -1.981264911592006683e-02
3.367045894265174866e-02 -2.182567864656448364e-02
3.723173588514328003e-02 -2.286245487630367279e-02
6.306958943605422974e-02 -2.905464544892311096e-02
8.758977055549621582e-02 -3.374154865741729736e-02
1.003198325634002686e-01 -3.590717166662216187e-02
1.083061769604682922e-01 -3.719357401132583618e-02
1.262945979833602905e-01 -3.991655260324478149e-02
1.427987515926361084e-01 -4.222863912582397461e-02
1.493789851665496826e-01 -4.310562834143638611e-02
1.666200011968612671e-01 -4.529105126857757568e-02
1.944198906421661377e-01 -4.849506169557571411e-02
2.215620279312133789e-01 -5.126623064279556274e-02
2.257499694824218750e-01 -5.166340246796607971e-02
2.408392876386642456e-01 -5.302798002958297729e-02
2.502046227455139160e-01 -5.382279679179191589e-02
2.658409774303436279e-01 -5.506098270416259766e-02
2.765610516071319580e-01 -5.584551021456718445e-02
2.915404736995697021e-01 -5.685351788997650146e-02
2.994337081909179688e-01 -5.734294652938842773e-02
3.073745667934417725e-01 -5.780604109168052673e-02
3.142504394054412842e-01 -5.818308144807815552e-02
3.322532176971435547e-01 -5.906366556882858276e-02
3.439548015594482422e-01 -5.955196544528007507e-02
3.547737300395965576e-01 -5.994334816932678223e-02
3.643312454223632812e-01 -6.024027988314628601e-02
3.796104788780212402e-01 -6.061783432960510254e-02
3.856680393218994141e-01 -6.073386222124099731e-02
4.026887118816375732e-01 -6.095513328909873962e-02
4.141208529472351074e-01 -6.101511046290397644e-02
4.238425195217132568e-01 -6.100873276591300964e-02
4.298583567142486572e-01 -6.097790971398353577e-02
4.387908577919006348e-01 -6.089363619685173035e-02
4.507512152194976807e-01 -6.070756539702415466e-02
4.634226560592651367e-01 -6.041707843542098999e-02
4.753926694393157959e-01 -6.005264073610305786e-02
4.918445050716400146e-01 -5.940613523125648499e-02
4.996547698974609375e-01 -5.903932824730873108e-02
5.063444972038269043e-01 -5.869413539767265320e-02
5.171142816543579102e-01 -5.807801708579063416e-02
5.263108015060424805e-01 -5.749275162816047668e-02
5.371670126914978027e-01 -5.673179030418395996e-02
5.440045595169067383e-01 -5.621378868818283081e-02
5.559052824974060059e-01 -5.524159222841262817e-02
5.703716278076171875e-01 -5.394171923398971558e-02
5.803685188293457031e-01 -5.297053232789039612e-02
5.919289588928222656e-01 -5.177687108516693115e-02
6.022444367408752441e-01 -5.065181851387023926e-02
6.110257506370544434e-01 -4.965296760201454163e-02
6.180148124694824219e-01 -4.883315786719322205e-02
6.221235990524291992e-01 -4.834170266985893250e-02
6.307675838470458984e-01 -4.728687554597854614e-02
6.396062374114990234e-01 -4.618226364254951477e-02
6.478570103645324707e-01 -4.513122886419296265e-02
6.561444997787475586e-01 -4.406010359525680542e-02
6.669989824295043945e-01 -4.264042153954505920e-02
6.778061985969543457e-01 -4.121635481715202332e-02
6.806795001029968262e-01 -4.083714261651039124e-02
7.003167867660522461e-01 -3.825511038303375244e-02
7.070661187171936035e-01 -3.737727552652359009e-02
7.197257280349731445e-01 -3.575350344181060791e-02
7.437772750854492188e-01 -3.278073295950889587e-02
7.563890218734741211e-01 -3.129433095455169678e-02
7.651661634445190430e-01 -3.029255010187625885e-02
7.790526151657104492e-01 -2.876418270170688629e-02
7.858535051345825195e-01 -2.804107591509819031e-02
7.918676137924194336e-01 -2.741533517837524414e-02
7.952070832252502441e-01 -2.707334235310554504e-02
8.132278919219970703e-01 -2.529232949018478394e-02
8.184957504272460938e-01 -2.479105629026889801e-02
8.252473473548889160e-01 -2.416028268635272980e-02
8.315266966819763184e-01 -2.358464151620864868e-02
8.520504236221313477e-01 -2.176550962030887604e-02
8.581451773643493652e-01 -2.123979851603507996e-02
8.716834187507629395e-01 -2.008670195937156677e-02
8.805910348892211914e-01 -1.933323219418525696e-02
8.954514265060424805e-01 -1.806965656578540802e-02
9.029034376144409180e-01 -1.742540113627910614e-02
9.134956598281860352e-01 -1.648625917732715607e-02
9.180697202682495117e-01 -1.606884598731994629e-02
9.339948296546936035e-01 -1.453200075775384903e-02
9.471743702888488770e-01 -1.311544608324766159e-02
9.590754508972167969e-01 -1.166957803070545197e-02
9.673650264739990234e-01 -1.055650599300861359e-02
9.691050648689270020e-01 -1.031557284295558929e-02
9.700964093208312988e-01 -1.017824281007051468e-02
