9.608633518218994141e-01 -3.722765250131487846e-03
9.607449769973754883e-01 -3.769844071939587593e-03
9.594045877456665039e-01 -4.258312750607728958e-03
9.458416104316711426e-01 -6.831973325461149216e-03
9.068751335144042969e-01 -7.100263144820928574e-03
8.864911794662475586e-01 -5.742061883211135864e-03
8.815299272537231445e-01 -5.325301084667444229e-03
8.743687272071838379e-01 -4.675626289099454880e-03
8.632057309150695801e-01 -3.563661128282546997e-03
8.443439006805419922e-01 -1.460648025386035442e-03
8.340338468551635742e-01 -2.154168032575398684e-04
8.265063762664794922e-01 7.285808096639811993e-04
8.218263983726501465e-01 1.328469370491802692e-03
8.133890032768249512e-01 2.432238077744841576e-03
7.965357303619384766e-01 4.707129672169685364e-03
7.915638685226440430e-01 5.392353981733322144e-03
7.853345870971679688e-01 6.257906556129455566e-03
7.786855101585388184e-01 7.188809104263782501e-03
7.663091421127319336e-01 8.934915065765380859e-03
7.638838291168212891e-01 9.278361685574054718e-03
7.543684840202331543e-01 1.062748115509748459e-02
7.417670488357543945e-01 1.241195481270551682e-02
7.175811529159545898e-01 1.579612679779529572e-02
7.168316841125488281e-01 1.589963957667350769e-02
7.038220763206481934e-01 1.767841540277004242e-02
6.962617635726928711e-01 1.869493350386619568e-02
6.912013292312622070e-01 1.936753466725349426e-02
6.862817406654357910e-01 2.001493610441684723e-02
6.703677773475646973e-01 2.206305228173732758e-02
6.684230566024780273e-01 2.230831980705261230e-02
6.516757011413574219e-01 2.437263913452625275e-02
6.422175765037536621e-01 2.550031244754791260e-02
6.137307882308959961e-01 2.873198688030242920e-02
6.076835989952087402e-01 2.938726730644702911e-02
6.008033156394958496e-01 3.012032806873321533e-02
5.970441699028015137e-01 3.051541559398174286e-02
5.915362238883972168e-01 3.108750842511653900e-02
5.847196578979492188e-01 3.178458660840988159e-02
5.764152407646179199e-01 3.261815011501312256e-02
5.701057910919189453e-01 3.324034437537193298e-02
5.568936467170715332e-01 3.451383486390113831e-02
5.428841710090637207e-01 3.582316637039184570e-02
5.266325473785400391e-01 3.729294240474700928e-02
5.084955096244812012e-01 3.887515142560005188e-02
5.067770481109619141e-01 3.902201727032661438e-02
5.055943727493286133e-01 3.912276774644851685e-02
4.566861987113952637e-01 4.307783395051956177e-02
4.502945244312286377e-01 4.356356337666511536e-02
4.476241171360015869e-01 4.376425221562385559e-02
4.200657606124877930e-01 4.575355350971221924e-02
4.080223739147186279e-01 4.657208546996116638e-02
4.048108458518981934e-01 4.678463563323020935e-02
3.994400501251220703e-01 4.713444784283638000e-02
3.848911821842193604e-01 4.804429411888122559e-02
3.800760507583618164e-01 4.833246022462844849e-02
3.704595863819122314e-01 4.888714477419853210e-02
3.588926196098327637e-01 4.951483756303787231e-02
3.549300730228424072e-01 4.971924796700477600e-02
3.390031754970550537e-01 5.048111081123352051e-02
3.351534307003021240e-01 5.064996331930160522e-02
3.293959498405456543e-01 5.089055746793746948e-02
3.005926311016082764e-01 5.185646191239356995e-02
2.774311006069183350e-01 5.230079218745231628e-02
2.698211371898651123e-01 5.237265303730964661e-02
2.574228346347808838e-01 5.240391939878463745e-02
2.512601912021636963e-01 5.237785354256629944e-02
2.501780986785888672e-01 5.237032100558280945e-02
2.363377660512924194e-01 5.219341441988945007e-02
2.322495281696319580e-01 5.211165919899940491e-02
2.263521105051040649e-01 5.196922272443771362e-02
2.055842578411102295e-01 5.122754350304603577e-02
1.947465091943740845e-01 5.068552866578102112e-02
1.911887824535369873e-01 5.048359557986259460e-02
1.870515346527099609e-01 5.023362487554550171e-02
1.842218339443206787e-01 5.005316436290740967e-02
1.791486591100692749e-01 4.971024021506309509e-02
1.767795830965042114e-01 4.954146966338157654e-02
1.657654643058776855e-01 4.868390038609504700e-02
1.606073379516601562e-01 4.824048280715942383e-02
1.508637070655822754e-01 4.732885584235191345e-02
1.412828713655471802e-01 4.633658006787300110e-02
1.313648521900177002e-01 4.520727321505546570e-02
1.196517273783683777e-01 4.373656958341598511e-02
1.100152730941772461e-01 4.241218417882919312e-02
9.661303460597991943e-02 4.039154201745986938e-02
8.686291426420211792e-02 3.878434002399444580e-02
8.355716615915298462e-02 3.821190819144248962e-02
7.662785798311233521e-02 3.696474060416221619e-02
6.837902963161468506e-02 3.539244458079338074e-02
5.747057124972343445e-02 3.315452858805656433e-02
2.379181981086730957e-02 2.479032613337039948e-02
-1.636115484870970249e-03 1.600890047848224640e-02
-4.591962788254022598e-03 1.472418196499347687e-02
-1.240671519190073013e-02 1.083508133888244629e-02
-1.814091950654983521e-02 7.244612090289592743e-03
-2.115126326680183411e-02 4.883816465735435486e-03
-2.506822347640991211e-02 6.352290511131286621e-04
-2.715125866234302521e-02 -4.021128173917531967e-03
-2.714922279119491577e-02 -7.678247522562742233e-03
-2.702801860868930817e-02 -8.205836638808250427e-03
-2.602487057447433472e-02 -1.071896124631166458e-02
-2.384141832590103149e-02 -1.377169042825698853e-02
-2.122722193598747253e-02 -1.628537662327289581e-02
-1.211885735392570496e-02 -2.216435968875885010e-02
9.194704762194305658e-05 -2.755667641758918762e-02
3.047223575413227081e-02 -3.686736524105072021e-02
6.294481456279754639e-02 -4.403646662831306458e-02
8.020440489053726196e-02 -4.716777801513671875e-02
9.375548362731933594e-02 -4.936940222978591919e-02
1.077968627214431763e-01 -5.143968760967254639e-02
1.375344842672348022e-01 -5.519552528858184814e-02
1.638464778661727905e-01 -5.789083987474441528e-02
1.923642605543136597e-01 -6.023782119154930115e-02
2.162516564130783081e-01 -6.180765479803085327e-02
2.227114289999008179e-01 -6.217736378312110901e-02
2.334632277488708496e-01 -6.274554133415222168e-02
2.591851055622100830e-01 -6.388814002275466919e-02
2.700911760330200195e-01 -6.429020315408706665e-02
2.869752049446105957e-01 -6.482763588428497314e-02
3.020225763320922852e-01 -6.522787362337112427e-02
3.119485676288604736e-01 -6.545501202344894409e-02
3.188706338405609131e-01 -6.559722125530242920e-02
3.243059217929840088e-01 -6.569999456405639648e-02
3.282330334186553955e-01 -6.576955318450927734e-02
3.573535978794097900e-01 -6.617022305727005005e-02
3.622876107692718506e-01 -6.621925532817840576e-02
3.730882406234741211e-01 -6.630872935056686401e-02
3.864137232303619385e-01 -6.638644635677337646e-02
4.096058905124664307e-01 -6.643933802843093872e-02
4.232984483242034912e-01 -6.642295420169830322e-02
4.300830364227294922e-01 -6.640197336673736572e-02
4.548502564430236816e-01 -6.625333428382873535e-02
4.633103013038635254e-01 -6.617660075426101685e-02
4.646662473678588867e-01 -6.616307049989700317e-02
4.733849167823791504e-01 -6.606788188219070435e-02
4.782591462135314941e-01 -6.600849330425262451e-02
4.887586832046508789e-01 -6.586543470621109009e-02
4.965347349643707275e-01 -6.574609130620956421e-02
5.099098682403564453e-01 -6.551411747932434082e-02
5.141098499298095703e-01 -6.543432176113128662e-02
5.217648148536682129e-01 -6.528034061193466187e-02
5.339796543121337891e-01 -6.501207500696182251e-02
5.358962416648864746e-01 -6.496748328208923340e-02
5.476431250572204590e-01 -6.467987596988677979e-02
5.660812258720397949e-01 -6.418081372976303101e-02
5.695458650588989258e-01 -6.408101320266723633e-02
5.830864310264587402e-01 -6.367441266775131226e-02
5.929794311523437500e-01 -6.336261332035064697e-02
6.070721745491027832e-01 -6.290131807327270508e-02
6.168398261070251465e-01 -6.257290393114089966e-02
6.277887225151062012e-01 -6.219973415136337280e-02
6.344003081321716309e-01 -6.197317317128181458e-02
6.383944749832153320e-01 -6.183626875281333923e-02
6.418433785438537598e-01 -6.171817705035209656e-02
6.717152595520019531e-01 -6.071333214640617371e-02
6.801906824111938477e-01 -6.043779104948043823e-02
6.938893795013427734e-01 -6.000356003642082214e-02
7.020280361175537109e-01 -5.975198373198509216e-02
7.042739987373352051e-01 -5.968330800533294678e-02
7.325090765953063965e-01 -5.884061753749847412e-02
7.372277379035949707e-01 -5.870144814252853394e-02
7.407191395759582520e-01 -5.859831720590591431e-02
7.466252446174621582e-01 -5.842309445142745972e-02
7.636108994483947754e-01 -5.790737271308898926e-02
7.723417878150939941e-01 -5.763047188520431519e-02
7.758200764656066895e-01 -5.751695856451988220e-02
7.818712592124938965e-01 -5.731416121125221252e-02
7.853729128837585449e-01 -5.719332024455070496e-02
7.886766791343688965e-01 -5.707670375704765320e-02
8.139119744300842285e-01 -5.607574433088302612e-02
8.208250403404235840e-01 -5.575726926326751709e-02
8.226829767227172852e-01 -5.566760152578353882e-02
8.333220481872558594e-01 -5.511609092354774475e-02
8.347317576408386230e-01 -5.503767356276512146e-02
8.443235158920288086e-01 -5.446579679846763611e-02
8.562390804290771484e-01 -5.364593490958213806e-02
8.618696331977844238e-01 -5.320743843913078308e-02
8.666417002677917480e-01 -5.280561000108718872e-02
8.728359937667846680e-01 -5.223701521754264832e-02
8.761522173881530762e-01 -5.190815404057502747e-02
8.803012967109680176e-01 -5.146976560354232788e-02
8.842410445213317871e-01 -5.102290958166122437e-02
8.929257392883300781e-01 -4.991491511464118958e-02
8.950123190879821777e-01 -4.961967840790748596e-02
9.138255119323730469e-01 -4.626008123159408569e-02
9.160812497138977051e-01 -4.574846103787422180e-02
9.269354343414306641e-01 -4.283743351697921753e-02
9.341083168983459473e-01 -4.046877101063728333e-02
9.432744979858398438e-01 -3.710787743330001831e-02
9.496714472770690918e-01 -3.479744866490364075e-02
9.539232850074768066e-01 -3.335139155387878418e-02
9.553071260452270508e-01 -3.289798274636268616e-02
