9.637256264686584473e-01 -6.851522484794259071e-04
9.629641771316528320e-01 -5.613697576336562634e-04
9.591312408447265625e-01 6.716104689985513687e-05
9.424462318420410156e-01 2.882399130612611771e-03
9.273372888565063477e-01 5.513093899935483932e-03
9.180785417556762695e-01 7.156059611588716507e-03
9.079546332359313965e-01 8.976677432656288147e-03
9.040972590446472168e-01 9.676672518253326416e-03
8.923109173774719238e-01 1.183566823601722717e-02
8.836662173271179199e-01 1.343779824674129486e-02
8.643339276313781738e-01 1.707386225461959839e-02
8.599646687507629395e-01 1.790525391697883606e-02
8.458187580108642578e-01 2.061982452869415283e-02
8.347325921058654785e-01 2.277022972702980042e-02
8.189923167228698730e-01 2.585539221763610840e-02
8.138750791549682617e-01 2.686583623290061951e-02
8.043158054351806641e-01 2.876236289739608765e-02
7.960550785064697266e-01 3.041007556021213531e-02
7.880166769027709961e-01 3.202047199010848999e-02
7.842308282852172852e-01 3.278123587369918823e-02
7.707828283309936523e-01 3.549339622259140015e-02
7.592623829841613770e-01 3.782746195793151855e-02
7.370936274528503418e-01 4.233690723776817322e-02
7.327402830123901367e-01 4.322402924299240112e-02
7.175105214118957520e-01 4.632778465747833252e-02
7.088240981101989746e-01 4.809648543596267700e-02
6.908066272735595703e-01 5.175510793924331665e-02
6.848368048667907715e-01 5.296281352639198303e-02
6.721714138984680176e-01 5.551477149128913879e-02
6.653951406478881836e-01 5.687330290675163269e-02
6.391512155532836914e-01 6.207673624157905579e-02
6.320565938949584961e-01 6.346446275711059570e-02
6.122724413871765137e-01 6.728248298168182373e-02
6.054325699806213379e-01 6.858278065919876099e-02
6.012081503868103027e-01 6.938038021326065063e-02
5.974068641662597656e-01 7.009431719779968262e-02
5.844872593879699707e-01 7.249300926923751831e-02
5.734928250312805176e-01 7.449805736541748047e-02
5.630678534507751465e-01 7.636617869138717651e-02
5.553922653198242188e-01 7.771975547075271606e-02
5.418922305107116699e-01 8.005280792713165283e-02
5.367190241813659668e-01 8.092986047267913818e-02
5.163293480873107910e-01 8.428895473480224609e-02
5.100267529487609863e-01 8.529400080442428589e-02
4.955659210681915283e-01 8.753649890422821045e-02
4.835975766181945801e-01 8.932199329137802124e-02
4.723233878612518311e-01 9.094209223985671997e-02
4.630683064460754395e-01 9.222487360239028931e-02
4.556185305118560791e-01 9.322528541088104248e-02
4.390211701393127441e-01 9.534536302089691162e-02
4.271293878555297852e-01 9.676704555749893188e-02
4.211144149303436279e-01 9.745355695486068726e-02
4.113913178443908691e-01 9.851497411727905273e-02
3.982085287570953369e-01 9.985453635454177856e-02
3.944777548313140869e-01 1.002119556069374084e-01
3.871730566024780273e-01 1.008830517530441284e-01
3.727132678031921387e-01 1.020947471261024475e-01
3.666127324104309082e-01 1.025573387742042542e-01
3.574972152709960938e-01 1.031922921538352966e-01
3.474821448326110840e-01 1.038089171051979065e-01
3.323119580745697021e-01 1.045721843838691711e-01
3.127111494541168213e-01 1.052305325865745544e-01
3.010569512844085693e-01 1.054326072335243225e-01
2.936392724514007568e-01 1.054826900362968445e-01
2.863869965076446533e-01 1.054698824882507324e-01
2.787007689476013184e-01 1.053869128227233887e-01
2.749449014663696289e-01 1.053195223212242126e-01
2.590406239032745361e-01 1.048291400074958801e-01
2.473086267709732056e-01 1.042422130703926086e-01
2.298580855131149292e-01 1.029846221208572388e-01
2.237615287303924561e-01 1.024294421076774597e-01
2.098278552293777466e-01 1.009185090661048889e-01
2.061072885990142822e-01 1.004553735256195068e-01
1.943116486072540283e-01 9.881082922220230103e-02
1.880893260240554810e-01 9.783053398132324219e-02
1.802727133035659790e-01 9.648271650075912476e-02
1.720555573701858521e-01 9.491959959268569946e-02
1.649931967258453369e-01 9.345043450593948364e-02
1.537627577781677246e-01 9.086108952760696411e-02
1.373850107192993164e-01 8.648440241813659668e-02
1.273982077836990356e-01 8.343561738729476929e-02
1.140739694237709045e-01 7.887744158506393433e-02
1.047449409961700439e-01 7.532536983489990234e-02
9.691896289587020874e-02 7.209855318069458008e-02
8.486125618219375610e-02 6.664999574422836304e-02
8.026206493377685547e-02 6.440828740596771240e-02
6.757134199142456055e-02 5.770783871412277222e-02
5.573925375938415527e-02 5.069786682724952698e-02
4.805820435285568237e-02 4.568665474653244019e-02
4.162604361772537231e-02 4.116038978099822998e-02
3.399905562400817871e-02 3.531970083713531494e-02
2.590313926339149475e-02 2.837139926850795746e-02
1.925745420157909393e-02 2.177722752094268799e-02
1.529856212437152863e-02 1.718003675341606140e-02
1.148676499724388123e-02 1.176979113370180130e-02
1.014708448201417923e-02 9.374141693115234375e-03
8.798110298812389374e-03 6.283897906541824341e-03
7.934932596981525421e-03 3.078383160755038261e-03
7.777634542435407639e-03 -5.207622307352721691e-04
8.059970103204250336e-03 -2.173527609556913376e-03
8.864763192832469940e-03 -4.382516257464885712e-03
1.112390495836734772e-02 -7.594576105475425720e-03
1.349902525544166565e-02 -9.690341539680957794e-03
1.905767433345317841e-02 -1.289153844118118286e-02
2.303983829915523529e-02 -1.448999065905809402e-02
3.149233758449554443e-02 -1.693830452859401703e-02
4.015109315514564514e-02 -1.867990195751190186e-02
4.877782985568046570e-02 -1.995385810732841492e-02
6.385607272386550903e-02 -2.149189077317714691e-02
7.407996803522109985e-02 -2.220292761921882629e-02
8.214744925498962402e-02 -2.263041213154792786e-02
9.326922148466110229e-02 -2.307129465043544769e-02
1.098282411694526672e-01 -2.348767966032028198e-02
1.209173873066902161e-01 -2.364572510123252869e-02
1.264781802892684937e-01 -2.369594387710094452e-02
1.358354091644287109e-01 -2.374327369034290314e-02
1.444358378648757935e-01 -2.375097014009952545e-02
1.575996130704879761e-01 -2.370699308812618256e-02
1.649790406227111816e-01 -2.365711703896522522e-02
1.800454109907150269e-01 -2.350847423076629639e-02
1.894024759531021118e-01 -2.338919229805469513e-02
1.953587681055068970e-01 -2.330403216183185577e-02
1.989915668964385986e-01 -2.324889041483402252e-02
2.047447115182876587e-01 -2.315697073936462402e-02
2.157862931489944458e-01 -2.296635322272777557e-02
2.247141748666763306e-01 -2.280031517148017883e-02
2.450204640626907349e-01 -2.239111624658107758e-02
2.515823245048522949e-01 -2.225144766271114349e-02
2.666908800601959229e-01 -2.191982232034206390e-02
2.719858586788177490e-01 -2.180103026330471039e-02
2.865445911884307861e-01 -2.146994508802890778e-02
2.912549078464508057e-01 -2.136193588376045227e-02
3.003090023994445801e-01 -2.115382812917232513e-02
3.036753535270690918e-01 -2.107644826173782349e-02
3.230019509792327881e-01 -2.063486725091934204e-02
3.352567255496978760e-01 -2.035980485379695892e-02
3.529728651046752930e-01 -1.997366175055503845e-02
3.625352680683135986e-01 -1.977263391017913818e-02
3.705781698226928711e-01 -1.960837282240390778e-02
3.840162456035614014e-01 -1.934511773288249969e-02
3.968557715415954590e-01 -1.910833455622196198e-02
4.045408666133880615e-01 -1.897422783076763153e-02
4.078319072723388672e-01 -1.891864463686943054e-02
4.208331704139709473e-01 -1.871054619550704956e-02
4.306334853172302246e-01 -1.856640726327896118e-02
4.366764426231384277e-01 -1.848325878381729126e-02
4.480160176753997803e-01 -1.833949424326419830e-02
4.573827683925628662e-01 -1.823319680988788605e-02
4.741408228874206543e-01 -1.807211525738239288e-02
4.848713576793670654e-01 -1.798902451992034912e-02
4.921164512634277344e-01 -1.794188283383846283e-02
5.030118227005004883e-01 -1.788458973169326782e-02
5.144173502922058105e-01 -1.784200221300125122e-02
5.187214016914367676e-01 -1.783049479126930237e-02
5.358473062515258789e-01 -1.780883967876434326e-02
5.436022877693176270e-01 -1.781130582094192505e-02
5.686873197555541992e-01 -1.786760240793228149e-02
5.800660848617553711e-01 -1.791511848568916321e-02
5.877434611320495605e-01 -1.795395463705062866e-02
6.044811606407165527e-01 -1.805499568581581116e-02
6.374284625053405762e-01 -1.830081641674041748e-02
6.458007693290710449e-01 -1.836882345378398895e-02
6.531215310096740723e-01 -1.842882111668586731e-02
6.659095883369445801e-01 -1.853302121162414551e-02
6.723317503929138184e-01 -1.858423277735710144e-02
6.774935126304626465e-01 -1.862447336316108704e-02
6.884241104125976562e-01 -1.870593987405300140e-02
7.034986019134521484e-01 -1.880663260817527771e-02
7.080044746398925781e-01 -1.883336156606674194e-02
7.185689806938171387e-01 -1.888857595622539520e-02
7.312666773796081543e-01 -1.893868669867515564e-02
7.361624240875244141e-01 -1.895252615213394165e-02
7.496454119682312012e-01 -1.897240616381168365e-02
7.543338537216186523e-01 -1.897238940000534058e-02
7.730990648269653320e-01 -1.893072016537189484e-02
7.915633320808410645e-01 -1.881330832839012146e-02
8.210791945457458496e-01 -1.842374354600906372e-02
8.255981206893920898e-01 -1.833754219114780426e-02
8.382036685943603516e-01 -1.805263012647628784e-02
8.476945757865905762e-01 -1.778997667133808136e-02
8.577681183815002441e-01 -1.745936460793018341e-02
8.649767637252807617e-01 -1.718581095337867737e-02
8.831698894500732422e-01 -1.633197627961635590e-02
8.920023441314697266e-01 -1.581595093011856079e-02
9.024156332015991211e-01 -1.510134618729352951e-02
9.096339344978332520e-01 -1.452560536563396454e-02
9.214239716529846191e-01 -1.340926438570022583e-02
9.360730051994323730e-01 -1.161781232804059982e-02
9.507739543914794922e-01 -9.156502783298492432e-03
9.559227824211120605e-01 -8.077828213572502136e-03
9.587716460227966309e-01 -7.423472590744495392e-03
9.613278508186340332e-01 -6.799793336540460587e-03
