9.700994491577148438e-01 -5.364653654396533966e-03
9.695748090744018555e-01 -5.258019547909498215e-03
9.678120613098144531e-01 -4.894041921943426132e-03
9.613415598869323730e-01 -3.506423206999897957e-03
9.559394121170043945e-01 -2.310549141839146614e-03
9.494723081588745117e-01 -8.530365303158760071e-04
9.433526992797851562e-01 5.431423196569085121e-04
9.409809112548828125e-01 1.087562995962798595e-03
9.305599331855773926e-01 3.494598204270005226e-03
9.234541654586791992e-01 5.145974922925233841e-03
9.170167446136474609e-01 6.646586582064628601e-03
9.126864671707153320e-01 7.657659705728292465e-03
9.030947089195251465e-01 9.900211356580257416e-03
8.958517313003540039e-01 1.159464102238416672e-02
8.856613039970397949e-01 1.397756300866603851e-02
8.806677460670471191e-01 1.514404173940420151e-02
8.749671578407287598e-01 1.647409982979297638e-02
8.662936091423034668e-01 1.849364489316940308e-02
8.549402356147766113e-01 2.112706564366817474e-02
8.507796525955200195e-01 2.208871394395828247e-02
8.428501486778259277e-01 2.391528524458408356e-02
8.323612213134765625e-01 2.631773427128791809e-02
8.237318992614746094e-01 2.828066796064376831e-02
8.192715644836425781e-01 2.928994409739971161e-02
8.056859374046325684e-01 3.233908861875534058e-02
8.011814355850219727e-01 3.334124386310577393e-02
7.811807990074157715e-01 3.772932663559913635e-02
7.705660462379455566e-01 4.001342877745628357e-02
7.599775195121765137e-01 4.225770384073257446e-02
7.553892135620117188e-01 4.321888461709022522e-02
7.425969839096069336e-01 4.586106911301612854e-02
7.329943776130676270e-01 4.780593886971473694e-02
7.178975939750671387e-01 5.079271644353866577e-02
7.042620778083801270e-01 5.341214686632156372e-02
6.864796876907348633e-01 5.671056732535362244e-02
6.770645976066589355e-01 5.840096995234489441e-02
6.710507273674011230e-01 5.945986509323120117e-02
6.635788679122924805e-01 6.075258180499076843e-02
6.527794003486633301e-01 6.257539987564086914e-02
6.466891765594482422e-01 6.357930600643157959e-02
6.378308534622192383e-01 6.500813364982604980e-02
6.196703910827636719e-01 6.781984120607376099e-02
6.092565059661865234e-01 6.935995072126388550e-02
5.990322828292846680e-01 7.082022726535797119e-02
5.937674641609191895e-01 7.155206799507141113e-02
5.892903804779052734e-01 7.216355204582214355e-02
5.464850664138793945e-01 7.750177383422851562e-02
5.351421236991882324e-01 7.875991612672805786e-02
5.166780352592468262e-01 8.066511154174804688e-02
5.000964403152465820e-01 8.222315460443496704e-02
4.905184507369995117e-01 8.305615931749343872e-02
4.859881997108459473e-01 8.343286812305450439e-02
4.637070596218109131e-01 8.512162417173385620e-02
4.548167884349822998e-01 8.571813255548477173e-02
4.348656833171844482e-01 8.689182996749877930e-02
4.287627935409545898e-01 8.720438927412033081e-02
4.186060130596160889e-01 8.767522871494293213e-02
4.065734446048736572e-01 8.815187215805053711e-02
3.855476677417755127e-01 8.876685798168182373e-02
3.800859749317169189e-01 8.887994289398193359e-02
3.722948729991912842e-01 8.900704234838485718e-02
3.613126575946807861e-01 8.911653608083724976e-02
3.462233245372772217e-01 8.913000673055648804e-02
3.340959846973419189e-01 8.902180939912796021e-02
3.139582276344299316e-01 8.859675377607345581e-02
3.023826777935028076e-01 8.820720016956329346e-02
2.968040108680725098e-01 8.798004686832427979e-02
2.847294807434082031e-01 8.739756792783737183e-02
2.774263620376586914e-01 8.698311448097229004e-02
2.699963152408599854e-01 8.651167899370193481e-02
2.566400170326232910e-01 8.553345501422882080e-02
2.381436526775360107e-01 8.388559520244598389e-02
2.229769229888916016e-01 8.226219564676284790e-02
2.145190089941024780e-01 8.124323189258575439e-02
2.009962350130081177e-01 7.943411916494369507e-02
1.870642155408859253e-01 7.732354104518890381e-02
1.811942160129547119e-01 7.635450363159179688e-02
1.723933666944503784e-01 7.480794936418533325e-02
1.635371893644332886e-01 7.313252240419387817e-02
1.472437381744384766e-01 6.971363723278045654e-02
1.262746602296829224e-01 6.459719687700271606e-02
1.138891354203224182e-01 6.114394590258598328e-02
1.010306254029273987e-01 5.717125162482261658e-02
9.076429158449172974e-02 5.368089303374290466e-02
8.218880742788314819e-02 5.052212998270988464e-02
7.710813730955123901e-02 4.853568226099014282e-02
7.020455598831176758e-02 4.568626731634140015e-02
6.272225081920623779e-02 4.238271340727806091e-02
5.240928009152412415e-02 3.740724921226501465e-02
3.948220238089561462e-02 3.031229786574840546e-02
3.265746310353279114e-02 2.606083452701568604e-02
2.742379344999790192e-02 2.247901447117328644e-02
1.507065631449222565e-02 1.214673370122909546e-02
1.163189951330423355e-02 8.261766284704208374e-03
9.490207768976688385e-03 5.160077009350061417e-03
8.164502680301666260e-03 2.448563696816563606e-03
7.711235433816909790e-03 9.933501714840531349e-04
7.507676258683204651e-03 -1.368539815302938223e-04
7.471824064850807190e-03 -1.630424056202173233e-03
7.550221867859363556e-03 -2.273302525281906128e-03
8.186523802578449249e-03 -4.182124044746160507e-03
8.891443721950054169e-03 -5.288856569677591324e-03
1.022289507091045380e-02 -6.672952324151992798e-03
1.644435524940490723e-02 -9.948065504431724548e-03
1.855632849037647247e-02 -1.062000636011362076e-02
2.720927447080612183e-02 -1.250245328992605209e-02
3.497107326984405518e-02 -1.357287447899580002e-02
5.000892654061317444e-02 -1.492898445576429367e-02
5.679557844996452332e-02 -1.537879090756177902e-02
7.216648012399673462e-02 -1.620989479124546051e-02
8.459626883268356323e-02 -1.677028276026248932e-02
1.052930280566215515e-01 -1.758501864969730377e-02
1.120904088020324707e-01 -1.783105358481407166e-02
1.394816040992736816e-01 -1.874599047005176544e-02
1.436518877744674683e-01 -1.887599378824234009e-02
1.545830816030502319e-01 -1.920632645487785339e-02
1.708972454071044922e-01 -1.967282406985759735e-02
1.825920492410659790e-01 -1.998898945748806000e-02
1.914578825235366821e-01 -2.021916769444942474e-02
1.984870880842208862e-01 -2.039614878594875336e-02
2.150751501321792603e-01 -2.079569548368453979e-02
2.228305190801620483e-01 -2.097436599433422089e-02
2.320180684328079224e-01 -2.117985300719738007e-02
2.382632493972778320e-01 -2.131592109799385071e-02
2.560604810714721680e-01 -2.168907411396503448e-02
2.635528743267059326e-01 -2.184024266898632050e-02
2.721230089664459229e-01 -2.200929075479507446e-02
2.772042453289031982e-01 -2.210768498480319977e-02
2.928588092327117920e-01 -2.240301109850406647e-02
3.022879362106323242e-01 -2.257573232054710388e-02
3.074363768100738525e-01 -2.266855724155902863e-02
3.221045732498168945e-01 -2.292780950665473938e-02
3.420016765594482422e-01 -2.326858043670654297e-02
3.483353853225708008e-01 -2.337472885847091675e-02
3.581176400184631348e-01 -2.353667840361595154e-02
3.642336726188659668e-01 -2.363675273954868317e-02
3.833805024623870850e-01 -2.394454181194305420e-02
3.910635709762573242e-01 -2.406578697264194489e-02
4.012881517410278320e-01 -2.422514557838439941e-02
4.096239209175109863e-01 -2.435334958136081696e-02
4.159109890460968018e-01 -2.444900013506412506e-02
4.422760307788848877e-01 -2.483942173421382904e-02
4.555867910385131836e-01 -2.502904832363128662e-02
4.652426540851593018e-01 -2.516289800405502319e-02
4.816079139709472656e-01 -2.538143843412399292e-02
4.924155175685882568e-01 -2.551914192736148834e-02
5.076807737350463867e-01 -2.570297569036483765e-02
5.145576000213623047e-01 -2.578114345669746399e-02
5.261871218681335449e-01 -2.590584382414817810e-02
5.423098206520080566e-01 -2.606092579662799835e-02
5.598909854888916016e-01 -2.620224654674530029e-02
5.651661157608032227e-01 -2.623818814754486084e-02
5.695387721061706543e-01 -2.626550756394863129e-02
5.857407450675964355e-01 -2.634559199213981628e-02
6.124126315116882324e-01 -2.639425732195377350e-02
6.214330792427062988e-01 -2.638396434485912323e-02
6.322656869888305664e-01 -2.635179460048675537e-02
6.460685133934020996e-01 -2.627735212445259094e-02
6.615657806396484375e-01 -2.614605240523815155e-02
6.703664660453796387e-01 -2.604781091213226318e-02
6.818292737007141113e-01 -2.589311450719833374e-02
6.884992122650146484e-01 -2.578886039555072784e-02
7.034533023834228516e-01 -2.551623247563838959e-02
7.156479358673095703e-01 -2.525358647108078003e-02
7.380363941192626953e-01 -2.467647567391395569e-02
7.430708408355712891e-01 -2.452984452247619629e-02
7.563700675964355469e-01 -2.411305718123912811e-02
7.680890560150146484e-01 -2.371081896126270294e-02
7.770005464553833008e-01 -2.338336221873760223e-02
7.887928485870361328e-01 -2.292183972895145416e-02
8.042935132980346680e-01 -2.226711437106132507e-02
8.125597834587097168e-01 -2.189595624804496765e-02
8.247173428535461426e-01 -2.132248319685459137e-02
8.285506367683410645e-01 -2.113487198948860168e-02
8.370602726936340332e-01 -2.070668712258338928e-02
8.438254594802856445e-01 -2.035468257963657379e-02
8.571364879608154297e-01 -1.963151991367340088e-02
8.674636483192443848e-01 -1.904155313968658447e-02
8.856052756309509277e-01 -1.793915033340454102e-02
8.899045586585998535e-01 -1.766443811357021332e-02
9.002178907394409180e-01 -1.698181405663490295e-02
9.078922867774963379e-01 -1.644980162382125854e-02
9.184015393257141113e-01 -1.568200811743736267e-02
9.229235649108886719e-01 -1.533526182174682617e-02
9.278016090393066406e-01 -1.494823675602674484e-02
9.322584867477416992e-01 -1.458118949085474014e-02
9.500711560249328613e-01 -1.293808873742818832e-02
9.563070535659790039e-01 -1.226498931646347046e-02
9.662448763847351074e-01 -1.101792883127927780e-02
9.697753190994262695e-01 -1.050593610852956772e-02
9.706249833106994629e-01 -1.037636492401361465e-02
9.714154005050659180e-01 -1.025354955345392227e-02
