9.700576066970825195e-01 -2.533664461225271225e-03
9.695677757263183594e-01 -2.378820674493908882e-03
9.659602642059326172e-01 -1.246904605068266392e-03
9.583172798156738281e-01 1.123882830142974854e-03
9.403749704360961914e-01 6.620340980589389801e-03
9.317667484283447266e-01 9.234858676791191101e-03
9.200613498687744141e-01 1.276951655745506287e-02
9.127977490425109863e-01 1.495118718594312668e-02
8.935045599937438965e-01 2.070116251707077026e-02
8.845888972282409668e-01 2.333544194698333740e-02
8.700715303421020508e-01 2.759271673858165741e-02
8.658520579338073730e-01 2.882258221507072449e-02
8.589131236076354980e-01 3.083722293376922607e-02
8.487573266029357910e-01 3.376861289143562317e-02
8.307958841323852539e-01 3.890110179781913757e-02
8.273108005523681641e-01 3.988914564251899719e-02
8.170999884605407715e-01 4.276921600103378296e-02
8.063711524009704590e-01 4.577136412262916565e-02
7.973003387451171875e-01 4.829006642103195190e-02
7.893103957176208496e-01 5.049363151192665100e-02
7.701627612113952637e-01 5.571707338094711304e-02
7.499949932098388672e-01 6.112974509596824646e-02
7.357277870178222656e-01 6.490269303321838379e-02
7.302901148796081543e-01 6.632824242115020752e-02
7.141851782798767090e-01 7.050976902246475220e-02
7.035928964614868164e-01 7.322623580694198608e-02
6.826087236404418945e-01 7.852669805288314819e-02
6.749963164329528809e-01 8.042228966951370239e-02
6.605500578880310059e-01 8.397793769836425781e-02
6.530060768127441406e-01 8.581265062093734741e-02
6.420866847038269043e-01 8.844051510095596313e-02
6.310341954231262207e-01 9.106583893299102783e-02
6.163080334663391113e-01 9.450764954090118408e-02
6.073099970817565918e-01 9.657760709524154663e-02
5.867017507553100586e-01 1.012185961008071899e-01
5.775627493858337402e-01 1.032297760248184204e-01
5.646311640739440918e-01 1.060233712196350098e-01
5.516280531883239746e-01 1.087676584720611572e-01
5.424094200134277344e-01 1.106715872883796692e-01
5.350165963172912598e-01 1.121725961565971375e-01
5.198107361793518066e-01 1.151837259531021118e-01
5.131087899208068848e-01 1.164769455790519714e-01
5.025710463523864746e-01 1.184662282466888428e-01
4.908653199672698975e-01 1.206101179122924805e-01
4.807843565940856934e-01 1.223981380462646484e-01
4.739167988300323486e-01 1.235840171575546265e-01
4.609696865081787109e-01 1.257454901933670044e-01
4.476017057895660400e-01 1.278705596923828125e-01
4.413558840751647949e-01 1.288244426250457764e-01
4.302900135517120361e-01 1.304507553577423096e-01
4.160911440849304199e-01 1.324125677347183228e-01
4.090443551540374756e-01 1.333315372467041016e-01
3.960290849208831787e-01 1.349288374185562134e-01
3.846896588802337646e-01 1.362095177173614502e-01
3.672646880149841309e-01 1.379636824131011963e-01
3.643611371517181396e-01 1.382295936346054077e-01
3.553514778614044189e-01 1.390045583248138428e-01
3.445931077003479004e-01 1.398272365331649780e-01
3.340678513050079346e-01 1.405187845230102539e-01
3.173770606517791748e-01 1.413719654083251953e-01
2.996460497379302979e-01 1.419273465871810913e-01
2.893763184547424316e-01 1.420714259147644043e-01
2.843839228153228760e-01 1.420918554067611694e-01
2.686576843261718750e-01 1.419324874877929688e-01
2.625122070312500000e-01 1.417736113071441650e-01
2.528535425662994385e-01 1.414079666137695312e-01
2.473351657390594482e-01 1.411329656839370728e-01
2.221496254205703735e-01 1.392197012901306152e-01
2.128310352563858032e-01 1.382160782814025879e-01
1.992002278566360474e-01 1.364310681819915771e-01
1.941878050565719604e-01 1.356741786003112793e-01
1.778022795915603638e-01 1.327926814556121826e-01
1.682191789150238037e-01 1.307966858148574829e-01
1.572573333978652954e-01 1.282060146331787109e-01
1.440920829772949219e-01 1.246216818690299988e-01
1.360817402601242065e-01 1.221653148531913757e-01
1.328941136598587036e-01 1.211257725954055786e-01
1.177388057112693787e-01 1.156599670648574829e-01
1.110650748014450073e-01 1.129564121365547180e-01
1.054086238145828247e-01 1.105095967650413513e-01
9.610111266374588013e-02 1.061487495899200439e-01
8.859820663928985596e-02 1.023040115833282471e-01
7.814389467239379883e-02 9.640059620141983032e-02
6.913918256759643555e-02 9.074281156063079834e-02
6.027550995349884033e-02 8.458074182271957397e-02
5.687372758984565735e-02 8.204110711812973022e-02
4.731867834925651550e-02 7.431641221046447754e-02
4.103241860866546631e-02 6.869069486856460571e-02
3.497363999485969543e-02 6.278190761804580688e-02
3.183934837579727173e-02 5.950791388750076294e-02
2.585354261100292206e-02 5.276469886302947998e-02
1.937484368681907654e-02 4.455306380987167358e-02
1.502950675785541534e-02 3.831690549850463867e-02
1.144488342106342316e-02 3.253814950585365295e-02
6.315540522336959839e-03 2.260293625295162201e-02
3.789891721680760384e-03 1.627900078892707825e-02
2.599424216896295547e-03 1.253967266529798508e-02
8.986657485365867615e-04 4.298769403249025345e-03
6.646253168582916260e-04 1.648486475460231304e-03
6.102469051256775856e-04 -1.053643878549337387e-03
7.582675898447632790e-04 -3.694688202813267708e-03
2.169084036722779274e-03 -1.024049427360296249e-02
3.911524079740047455e-03 -1.412355899810791016e-02
7.140573114156723022e-03 -1.864198409020900726e-02
1.279058121144771576e-02 -2.351111732423305511e-02
1.969788037240505219e-02 -2.724905125796794891e-02
2.322025783360004425e-02 -2.864343672990798950e-02
2.796675264835357666e-02 -3.016167506575584412e-02
3.920433670282363892e-02 -3.264364600181579590e-02
4.663302376866340637e-02 -3.371249884366989136e-02
5.538517236709594727e-02 -3.458555787801742554e-02
6.741446256637573242e-02 -3.530927002429962158e-02
7.734096795320510864e-02 -3.561630845069885254e-02
9.473623335361480713e-02 -3.573807701468467712e-02
1.047211810946464539e-01 -3.564436733722686768e-02
1.148292720317840576e-01 -3.546647354960441589e-02
1.303946226835250854e-01 -3.507763519883155823e-02
1.372021287679672241e-01 -3.487633541226387024e-02
1.464205831289291382e-01 -3.458234295248985291e-02
1.543155163526535034e-01 -3.431582450866699219e-02
1.641671359539031982e-01 -3.396981954574584961e-02
1.709292232990264893e-01 -3.372641652822494507e-02
1.778538376092910767e-01 -3.347398340702056885e-02
1.850942522287368774e-01 -3.320806846022605896e-02
2.047401964664459229e-01 -3.248599171638488770e-02
2.121715396642684937e-01 -3.221558779478073120e-02
2.243684232234954834e-01 -3.177809715270996094e-02
2.299297153949737549e-01 -3.158184140920639038e-02
2.402808219194412231e-01 -3.122288919985294342e-02
2.503832876682281494e-01 -3.088135085999965668e-02
2.599211633205413818e-01 -3.056761063635349274e-02
2.672976553440093994e-01 -3.033110126852989197e-02
2.928776741027832031e-01 -2.955501154065132141e-02
2.962486445903778076e-01 -2.945801615715026855e-02
3.105934262275695801e-01 -2.905937097966670990e-02
3.200900256633758545e-01 -2.880812063813209534e-02
3.380232155323028564e-01 -2.836137823760509491e-02
3.440984189510345459e-01 -2.821824885904788971e-02
3.542586863040924072e-01 -2.798813953995704651e-02
3.657340109348297119e-01 -2.774210274219512939e-02
3.735921978950500488e-01 -2.758204191923141479e-02
3.822739720344543457e-01 -2.741312794387340546e-02
3.964460492134094238e-01 -2.715503238141536713e-02
4.036387503147125244e-01 -2.703234180808067322e-02
4.208476543426513672e-01 -2.676113508641719818e-02
4.285708963871002197e-01 -2.664953842759132385e-02
4.422988295555114746e-01 -2.646639756858348846e-02
4.628910422325134277e-01 -2.622753754258155823e-02
4.815279543399810791e-01 -2.604748308658599854e-02
4.919846653938293457e-01 -2.596105448901653290e-02
5.082623958587646484e-01 -2.584675699472427368e-02
5.147587656974792480e-01 -2.580782584846019745e-02
5.257534980773925781e-01 -2.575034834444522858e-02
5.305032730102539062e-01 -2.572870627045631409e-02
5.511099696159362793e-01 -2.565591037273406982e-02
5.644593834877014160e-01 -2.562583424150943756e-02
5.762279033660888672e-01 -2.560932934284210205e-02
5.954020619392395020e-01 -2.559976652264595032e-02
6.053172945976257324e-01 -2.560180053114891052e-02
6.168836355209350586e-01 -2.560874074697494507e-02
6.242403984069824219e-01 -2.561506070196628571e-02
6.422387361526489258e-01 -2.563371881842613220e-02
6.509652733802795410e-01 -2.564280293881893158e-02
6.571107506752014160e-01 -2.564856596291065216e-02
6.794238090515136719e-01 -2.565935067832469940e-02
6.885431408882141113e-01 -2.565636672079563141e-02
6.973677277565002441e-01 -2.564761042594909668e-02
7.111541032791137695e-01 -2.561935409903526306e-02
7.203282713890075684e-01 -2.558853104710578918e-02
7.343535423278808594e-01 -2.551867626607418060e-02
7.474859952926635742e-01 -2.542351931333541870e-02
7.556730508804321289e-01 -2.534716390073299408e-02
7.660762667655944824e-01 -2.522863075137138367e-02
7.741175889968872070e-01 -2.511867322027683258e-02
7.874963283538818359e-01 -2.489574253559112549e-02
7.966887354850769043e-01 -2.471012808382511139e-02
8.118729591369628906e-01 -2.433707565069198608e-02
8.162085413932800293e-01 -2.421369776129722595e-02
8.380193114280700684e-01 -2.346059679985046387e-02
8.501222133636474609e-01 -2.293225377798080444e-02
8.608495593070983887e-01 -2.238533459603786469e-02
8.678810000419616699e-01 -2.198133617639541626e-02
8.824970722198486328e-01 -2.100770547986030579e-02
8.902194499969482422e-01 -2.040888555347919464e-02
9.089355468750000000e-01 -1.865354739129543304e-02
9.165530204772949219e-01 -1.778667047619819641e-02
9.353466629981994629e-01 -1.512297522276639938e-02
9.465427994728088379e-01 -1.304189581423997879e-02
9.596276283264160156e-01 -9.894991293549537659e-03
9.657824635505676270e-01 -8.058956824243068695e-03
9.678502082824707031e-01 -7.384593132883310318e-03
9.689583778381347656e-01 -7.011576090008020401e-03
