9.574315547943115234e-01 -4.028140101581811905e-03
9.567525386810302734e-01 -4.062697291374206543e-03
9.516335725784301758e-01 -4.262341652065515518e-03
9.444080591201782227e-01 -4.393389448523521423e-03
9.329202175140380859e-01 -4.327487200498580933e-03
9.270192980766296387e-01 -4.189426545053720474e-03
9.133252501487731934e-01 -3.649194026365876198e-03
9.088560342788696289e-01 -3.414588281884789467e-03
8.992641568183898926e-01 -2.825591946020722389e-03
8.893353939056396484e-01 -2.103334059938788414e-03
8.782641887664794922e-01 -1.175028271973133087e-03
8.727587461471557617e-01 -6.683993269689381123e-04
8.636730909347534180e-01 2.295682934345677495e-04
8.511430025100708008e-01 1.587845152243971825e-03
8.352488875389099121e-01 3.498872974887490273e-03
8.270889520645141602e-01 4.557608626782894135e-03
8.179661631584167480e-01 5.801081657409667969e-03
8.046207427978515625e-01 7.729827426373958588e-03
7.838482260704040527e-01 1.097923330962657928e-02
7.796723246574401855e-01 1.166724693030118942e-02
7.631163001060485840e-01 1.450401265174150467e-02
7.515878677368164062e-01 1.657770760357379913e-02
7.399100065231323242e-01 1.875563897192478180e-02
7.381324768066406250e-01 1.909365877509117126e-02
7.313054800033569336e-01 2.040727995336055756e-02
7.239208221435546875e-01 2.185470983386039734e-02
7.129037976264953613e-01 2.406199462711811066e-02
7.057043910026550293e-01 2.553317882120609283e-02
6.930082440376281738e-01 2.817734144628047943e-02
6.862217783927917480e-01 2.961405739188194275e-02
6.765241622924804688e-01 3.169124945998191833e-02
6.512683033943176270e-01 3.720205649733543396e-02
6.421178579330444336e-01 3.922173008322715759e-02
6.354481577873229980e-01 4.069743677973747253e-02
6.183216571807861328e-01 4.448731616139411926e-02
6.135634779930114746e-01 4.553754627704620361e-02
6.023016571998596191e-01 4.801297560334205627e-02
5.882586836814880371e-01 5.106969922780990601e-02
5.621386766433715820e-01 5.662093311548233032e-02
5.580590367317199707e-01 5.746788531541824341e-02
5.479924678802490234e-01 5.953054875135421753e-02
5.327658653259277344e-01 6.256948411464691162e-02
5.207065343856811523e-01 6.489958614110946655e-02
4.857907593250274658e-01 7.121127098798751831e-02
4.792241752147674561e-01 7.231943309307098389e-02
4.664509892463684082e-01 7.439796626567840576e-02
4.497925341129302979e-01 7.694942504167556763e-02
4.378479421138763428e-01 7.866293191909790039e-02
4.274243712425231934e-01 8.007612079381942749e-02
4.178787767887115479e-01 8.130105584859848022e-02
4.042766690254211426e-01 8.292894810438156128e-02
3.975887298583984375e-01 8.367735892534255981e-02
3.833333253860473633e-01 8.515467494726181030e-02
3.706081807613372803e-01 8.633396774530410767e-02
3.592702448368072510e-01 8.727027475833892822e-02
3.452950716018676758e-01 8.827099204063415527e-02
3.320346474647521973e-01 8.905835449695587158e-02
3.152639567852020264e-01 8.981864899396896362e-02
3.092187345027923584e-01 9.002586454153060913e-02
3.022949099540710449e-01 9.021843224763870239e-02
2.934894263744354248e-01 9.039254486560821533e-02
2.806076407432556152e-01 9.049999713897705078e-02
2.677307724952697754e-01 9.042534977197647095e-02
2.622117996215820312e-01 9.033548831939697266e-02
2.429222762584686279e-01 8.973494917154312134e-02
2.357280105352401733e-01 8.939179033041000366e-02
2.202019244432449341e-01 8.841637521982192993e-02
2.170868217945098877e-01 8.818044513463973999e-02
2.110667973756790161e-01 8.768475055694580078e-02
1.884171962738037109e-01 8.532389253377914429e-02
1.784299015998840332e-01 8.401495963335037231e-02
1.726195216178894043e-01 8.317191898822784424e-02
1.662556380033493042e-01 8.217632770538330078e-02
1.533084660768508911e-01 7.990355789661407471e-02
1.429714113473892212e-01 7.783269137144088745e-02
1.310820579528808594e-01 7.514148205518722534e-02
1.225490868091583252e-01 7.298669964075088501e-02
1.046537905931472778e-01 6.778035312891006470e-02
9.265105426311492920e-02 6.368704885244369507e-02
8.189752697944641113e-02 5.953398719429969788e-02
7.426138222217559814e-02 5.626215785741806030e-02
7.120857387781143188e-02 5.487004294991493225e-02
6.271495670080184937e-02 5.071279034018516541e-02
5.563972145318984985e-02 4.688721895217895508e-02
4.870701953768730164e-02 4.275796934962272644e-02
4.050202295184135437e-02 3.727012500166893005e-02
3.624606877565383911e-02 3.410350903868675232e-02
3.289845958352088928e-02 3.142142295837402344e-02
2.800724282860755920e-02 2.712396904826164246e-02
2.037474326789379120e-02 1.907446049153804779e-02
1.717460341751575470e-02 1.483258605003356934e-02
1.604522764682769775e-02 1.310432329773902893e-02
1.358354371041059494e-02 8.502810262143611908e-03
1.216000597923994064e-02 4.379079677164554596e-03
1.185459364205598831e-02 2.820013789460062981e-03
1.172951422631740570e-02 -4.456303140614181757e-04
1.189059298485517502e-02 -1.635267515666782856e-03
1.212845835834741592e-02 -2.636373741552233696e-03
1.270275190472602844e-02 -4.171794746071100235e-03
1.403621584177017212e-02 -6.331818178296089172e-03
1.551527623087167740e-02 -7.913906127214431763e-03
1.797397062182426453e-02 -9.760933928191661835e-03
2.011196501553058624e-02 -1.094782724976539612e-02
2.276599593460559845e-02 -1.210522372275590897e-02
2.741328999400138855e-02 -1.361828856170177460e-02
3.290828689932823181e-02 -1.490288972854614258e-02
4.348128661513328552e-02 -1.654520258307456970e-02
4.996064677834510803e-02 -1.723788306117057800e-02
5.684091523289680481e-02 -1.781193539500236511e-02
7.222041487693786621e-02 -1.870958879590034485e-02
9.069687128067016602e-02 -1.936781220138072968e-02
1.002502292394638062e-01 -1.959613151848316193e-02
1.118849068880081177e-01 -1.980099268257617950e-02
1.219468414783477783e-01 -1.992579177021980286e-02
1.325902640819549561e-01 -2.001377753913402557e-02
1.446161270141601562e-01 -2.006630226969718933e-02
1.578114628791809082e-01 -2.007379569113254547e-02
1.781620234251022339e-01 -1.999505795538425446e-02
1.900793164968490601e-01 -1.990307308733463287e-02
2.037579417228698730e-01 -1.975911483168601990e-02
2.153293043375015259e-01 -1.960715092718601227e-02
2.278111428022384644e-01 -1.941389590501785278e-02
2.469402551651000977e-01 -1.906208507716655731e-02
2.527183294296264648e-01 -1.894325762987136841e-02
2.619237899780273438e-01 -1.874249801039695740e-02
2.733520269393920898e-01 -1.847443170845508575e-02
2.847102880477905273e-01 -1.818836666643619537e-02
2.924559414386749268e-01 -1.798262074589729309e-02
3.030333220958709717e-01 -1.768843457102775574e-02
3.206180334091186523e-01 -1.716790720820426941e-02
3.306674063205718994e-01 -1.685427129268646240e-02
3.436064720153808594e-01 -1.643485948443412781e-02
3.531251847743988037e-01 -1.611618511378765106e-02
3.630417883396148682e-01 -1.577605493366718292e-02
3.841854631900787354e-01 -1.502767298370599747e-02
3.928559720516204834e-01 -1.471352856606245041e-02
4.035087823867797852e-01 -1.432338822633028030e-02
4.082102477550506592e-01 -1.415010727941989899e-02
4.194861948490142822e-01 -1.373277883976697922e-02
4.332644939422607422e-01 -1.322186831384897232e-02
4.444954693317413330e-01 -1.280704047530889511e-02
4.505726695060729980e-01 -1.258399989455938339e-02
4.584202170372009277e-01 -1.229818537831306458e-02
4.677826762199401855e-01 -1.196144800633192062e-02
4.767516553401947021e-01 -1.164438575506210327e-02
4.831418395042419434e-01 -1.142246741801500320e-02
4.941427111625671387e-01 -1.104962546378374100e-02
5.008028745651245117e-01 -1.083037815988063812e-02
5.056396126747131348e-01 -1.067457068711519241e-02
5.154131054878234863e-01 -1.036939397454261780e-02
5.234261155128479004e-01 -1.012971997261047363e-02
5.335796475410461426e-01 -9.841042570769786835e-03
5.487134456634521484e-01 -9.445156902074813843e-03
5.597805380821228027e-01 -9.184075519442558289e-03
5.696690082550048828e-01 -8.972525596618652344e-03
5.759949088096618652e-01 -8.848381228744983673e-03
5.811074972152709961e-01 -8.754572831094264984e-03
5.871581435203552246e-01 -8.651192300021648407e-03
5.945054888725280762e-01 -8.536910638213157654e-03
6.040423512458801270e-01 -8.407088927924633026e-03
6.106905937194824219e-01 -8.328954689204692841e-03
6.235761046409606934e-01 -8.206124417483806610e-03
6.484545469284057617e-01 -8.071650750935077667e-03
6.524668335914611816e-01 -8.061955682933330536e-03
6.688424348831176758e-01 -8.054201491177082062e-03
6.806203126907348633e-01 -8.078020066022872925e-03
6.899934411048889160e-01 -8.112928830087184906e-03
7.078026533126831055e-01 -8.213952183723449707e-03
7.211332321166992188e-01 -8.315528742969036102e-03
7.307221889495849609e-01 -8.400356397032737732e-03
7.420784831047058105e-01 -8.511801250278949738e-03
7.536646127700805664e-01 -8.635981008410453796e-03
7.646958231925964355e-01 -8.762341924011707306e-03
7.731033563613891602e-01 -8.862976916134357452e-03
7.893416285514831543e-01 -9.065173566341400146e-03
8.003392815589904785e-01 -9.205897338688373566e-03
8.080930709838867188e-01 -9.305931627750396729e-03
8.227297067642211914e-01 -9.494293481111526489e-03
8.391678929328918457e-01 -9.700443595647811890e-03
8.461548686027526855e-01 -9.784661233425140381e-03
8.566874265670776367e-01 -9.905760176479816437e-03
8.631451725959777832e-01 -9.975505992770195007e-03
8.777377605438232422e-01 -1.011580694466829300e-02
8.867481350898742676e-01 -1.018644962459802628e-02
8.933501243591308594e-01 -1.022790838032960892e-02
9.067751765251159668e-01 -1.027614809572696686e-02
9.130004048347473145e-01 -1.027685124427080154e-02
9.223737120628356934e-01 -1.024194620549678802e-02
9.354698657989501953e-01 -1.008806843310594559e-02
9.504759907722473145e-01 -9.652473032474517822e-03
9.538950920104980469e-01 -9.492275305092334747e-03
9.558821916580200195e-01 -9.385473094880580902e-03
