9.660921692848205566e-01 -5.132042337208986282e-03
9.655197858810424805e-01 -5.087197292596101761e-03
9.633167386054992676e-01 -4.897535312920808792e-03
9.499276280403137207e-01 -3.359290771186351776e-03
9.242640733718872070e-01 5.585757317021489143e-04
9.120184779167175293e-01 2.694315277040004730e-03
8.950752019882202148e-01 5.853343289345502853e-03
8.895604014396667480e-01 6.925737950950860977e-03
8.783990740776062012e-01 9.155550971627235413e-03
8.695236444473266602e-01 1.098125241696834564e-02
8.540903329849243164e-01 1.425713952630758286e-02
8.476348519325256348e-01 1.566289551556110382e-02
8.351303339004516602e-01 1.844081096351146698e-02
8.259360790252685547e-01 2.052696608006954193e-02
8.035431504249572754e-01 2.574816159904003143e-02
7.961697578430175781e-01 2.750721760094165802e-02
7.848435044288635254e-01 3.024407476186752319e-02
7.760528922080993652e-01 3.239512071013450623e-02
7.574620246887207031e-01 3.701294958591461182e-02
7.444348931312561035e-01 4.029702767729759216e-02
7.316308021545410156e-01 4.355637729167938232e-02
7.136445045471191406e-01 4.817608371376991272e-02
7.001110315322875977e-01 5.167399719357490540e-02
6.954080462455749512e-01 5.289239808917045593e-02
6.807658672332763672e-01 5.668976530432701111e-02
6.687993407249450684e-01 5.979249626398086548e-02
6.585482954978942871e-01 6.244527548551559448e-02
6.513568162918090820e-01 6.430143117904663086e-02
6.250281929969787598e-01 7.104169577360153198e-02
6.163486838340759277e-01 7.323764264583587646e-02
6.017929911613464355e-01 7.688239216804504395e-02
5.839759707450866699e-01 8.126673847436904907e-02
5.661735534667968750e-01 8.554644137620925903e-02
5.616279840469360352e-01 8.662097901105880737e-02
5.537850856781005859e-01 8.845614641904830933e-02
5.470581054687500000e-01 9.001025557518005371e-02
5.337443947792053223e-01 9.302829951047897339e-02
5.135943889617919922e-01 9.743738174438476562e-02
5.048649907112121582e-01 9.928318113088607788e-02
4.898967146873474121e-01 1.023508384823799133e-01
4.822808504104614258e-01 1.038619279861450195e-01
4.720716178417205811e-01 1.058323532342910767e-01
4.611702263355255127e-01 1.078634113073348999e-01
4.483332335948944092e-01 1.101539134979248047e-01
4.426930546760559082e-01 1.111242398619651794e-01
4.365298748016357422e-01 1.121586710214614868e-01
4.149433076381683350e-01 1.155583932995796204e-01
4.087539911270141602e-01 1.164663508534431458e-01
4.035266637802124023e-01 1.172090172767639160e-01
3.899654150009155273e-01 1.190294697880744934e-01
3.728518187999725342e-01 1.210980936884880066e-01
3.651540875434875488e-01 1.219414323568344116e-01
3.576450049877166748e-01 1.227100342512130737e-01
3.495387732982635498e-01 1.234780550003051758e-01
3.399738669395446777e-01 1.242994144558906555e-01
3.292260468006134033e-01 1.251088976860046387e-01
3.168449997901916504e-01 1.258864104747772217e-01
3.083835244178771973e-01 1.263185292482376099e-01
3.041852116584777832e-01 1.265020817518234253e-01
2.990543842315673828e-01 1.266979426145553589e-01
2.878232300281524658e-01 1.270146220922470093e-01
2.681564092636108398e-01 1.271798163652420044e-01
2.571149170398712158e-01 1.270424276590347290e-01
2.526953816413879395e-01 1.269386410713195801e-01
2.461975067853927612e-01 1.267337948083877563e-01
2.405839115381240845e-01 1.265053302049636841e-01
2.341655939817428589e-01 1.261840462684631348e-01
2.220118045806884766e-01 1.253928393125534058e-01
2.147830724716186523e-01 1.248037740588188171e-01
1.689689159393310547e-01 1.187480539083480835e-01
1.513096243143081665e-01 1.151719093322753906e-01
1.447280943393707275e-01 1.136314123868942261e-01
1.395268291234970093e-01 1.123276874423027039e-01
1.344352215528488159e-01 1.109740585088729858e-01
1.288325041532516479e-01 1.093917265534400940e-01
1.239673420786857605e-01 1.079348176717758179e-01
1.174758374691009521e-01 1.058641299605369568e-01
1.015232056379318237e-01 1.000960692763328552e-01
9.329988807439804077e-02 9.669736027717590332e-02
8.457908779382705688e-02 9.272862970829010010e-02
7.907014340162277222e-02 9.000594168901443481e-02
7.234714180231094360e-02 8.643031865358352661e-02
5.808321014046669006e-02 7.775849848985671997e-02
5.159462615847587585e-02 7.322151213884353638e-02
4.604052007198333740e-02 6.897433847188949585e-02
3.497049584984779358e-02 5.924160033464431763e-02
3.247727081179618835e-02 5.675716325640678406e-02
2.638576924800872803e-02 5.008577182888984680e-02
2.243789285421371460e-02 4.518579319119453430e-02
1.961200870573520660e-02 4.130793735384941101e-02
1.481011975556612015e-02 3.371124714612960815e-02
1.187803782522678375e-02 2.810388989746570587e-02
1.075823511928319931e-02 2.564601972699165344e-02
8.770327083766460419e-03 2.055099420249462128e-02
7.330561522394418716e-03 1.571920141577720642e-02
6.126357708126306534e-03 8.334828540682792664e-03
6.121758371591567993e-03 4.451863467693328857e-03
7.047742139548063278e-03 -4.442256467882543802e-04
7.644191849976778030e-03 -1.971543068066239357e-03
7.951305247843265533e-03 -2.607748378068208694e-03
8.988033048808574677e-03 -4.316862672567367554e-03
9.981333278119564056e-03 -5.555587355047464371e-03
1.121452171355485916e-02 -6.764996796846389771e-03
1.281552389264106750e-02 -7.983984425663948059e-03
1.703671552240848541e-02 -1.012277323752641678e-02
2.340701408684253693e-02 -1.190325897186994553e-02
3.132385388016700745e-02 -1.305944845080375671e-02
4.210355877876281738e-02 -1.385046355426311493e-02
4.985784366726875305e-02 -1.417476125061511993e-02
5.859153345227241516e-02 -1.443251129239797592e-02
8.038902282714843750e-02 -1.492044050246477127e-02
8.954675495624542236e-02 -1.512168906629085541e-02
1.030796840786933899e-01 -1.544121839106082916e-02
1.163354739546775818e-01 -1.578408665955066681e-02
1.290301531553268433e-01 -1.613805256783962250e-02
1.405788064002990723e-01 -1.647773571312427521e-02
1.603356003761291504e-01 -1.708538457751274109e-02
1.783491373062133789e-01 -1.765359193086624146e-02
1.884107589721679688e-01 -1.797136850655078888e-02
1.963545083999633789e-01 -1.822062022984027863e-02
2.062482833862304688e-01 -1.852748543024063110e-02
2.158127129077911377e-01 -1.881892234086990356e-02
2.251926511526107788e-01 -1.909843645989894867e-02
2.299367934465408325e-01 -1.923706382513046265e-02
2.431489676237106323e-01 -1.961207576096057892e-02
2.513526976108551025e-01 -1.983587257564067841e-02
2.666494250297546387e-01 -2.023244090378284454e-02
2.702635824680328369e-01 -2.032192610204219818e-02
2.871156036853790283e-01 -2.071630395948886871e-02
2.937954366207122803e-01 -2.086172066628932953e-02
3.100253641605377197e-01 -2.118772268295288086e-02
3.294755518436431885e-01 -2.152491547167301178e-02
3.389628827571868896e-01 -2.166732214391231537e-02
3.416326344013214111e-01 -2.170471474528312683e-02
3.628403544425964355e-01 -2.195915207266807556e-02
3.770531713962554932e-01 -2.208642475306987762e-02
3.845855891704559326e-01 -2.213953994214534760e-02
3.930658400058746338e-01 -2.218735404312610626e-02
4.010479152202606201e-01 -2.222069352865219116e-02
4.111629128456115723e-01 -2.224662899971008301e-02
4.253008067607879639e-01 -2.225230261683464050e-02
4.309907555580139160e-01 -2.224454656243324280e-02
4.399210512638092041e-01 -2.222081460058689117e-02
4.521093368530273438e-01 -2.216586284339427948e-02
4.595429599285125732e-01 -2.211974374949932098e-02
4.636611640453338623e-01 -2.209015376865863800e-02
4.741308689117431641e-01 -2.200214564800262451e-02
4.841250777244567871e-01 -2.190150320529937744e-02
4.973897933959960938e-01 -2.174394577741622925e-02
5.072114467620849609e-01 -2.161066606640815735e-02
5.204463005065917969e-01 -2.141053788363933563e-02
5.356752872467041016e-01 -2.115447632968425751e-02
5.455942153930664062e-01 -2.097518742084503174e-02
5.517856478691101074e-01 -2.085914462804794312e-02
5.662121176719665527e-01 -2.057930827140808105e-02
5.724016427993774414e-01 -2.045639045536518097e-02
5.883173346519470215e-01 -2.013729512691497803e-02
5.945270061492919922e-01 -2.001320011913776398e-02
5.977151393890380859e-01 -1.994989998638629913e-02
6.081576943397521973e-01 -1.974572055041790009e-02
6.239560246467590332e-01 -1.945141330361366272e-02
6.423248052597045898e-01 -1.914344914257526398e-02
6.547715663909912109e-01 -1.896294020116329193e-02
6.664091944694519043e-01 -1.881896890699863434e-02
6.757557988166809082e-01 -1.872259378433227539e-02
6.834018230438232422e-01 -1.865734905004501343e-02
6.921770572662353516e-01 -1.859814114868640900e-02
7.013250589370727539e-01 -1.855466142296791077e-02
7.079825997352600098e-01 -1.853480562567710876e-02
7.323920726776123047e-01 -1.854490861296653748e-02
7.390895485877990723e-01 -1.856916770339012146e-02
7.451434135437011719e-01 -1.859833672642707825e-02
7.621267437934875488e-01 -1.871263049542903900e-02
7.655047178268432617e-01 -1.874029077589511871e-02
7.874657511711120605e-01 -1.894764043390750885e-02
7.994288206100463867e-01 -1.907101646065711975e-02
8.134276866912841797e-01 -1.921159029006958008e-02
8.230712413787841797e-01 -1.929873228073120117e-02
8.355096578598022461e-01 -1.938900165259838104e-02
8.498494029045104980e-01 -1.944457739591598511e-02
8.574066162109375000e-01 -1.944453828036785126e-02
8.683316707611083984e-01 -1.939680799841880798e-02
8.871576786041259766e-01 -1.913424395024776459e-02
8.923874497413635254e-01 -1.900806464254856110e-02
9.101062417030334473e-01 -1.834030635654926300e-02
9.159311056137084961e-01 -1.801778376102447510e-02
9.273070096969604492e-01 -1.718830130994319916e-02
9.445974230766296387e-01 -1.520944759249687195e-02
9.511149525642395020e-01 -1.413562335073947906e-02
9.627819061279296875e-01 -1.154016610234975815e-02
9.658612012863159180e-01 -1.067541725933551788e-02
9.667993783950805664e-01 -1.039529219269752502e-02
