9.758938550949096680e-01 -6.033019628375768661e-03
9.754190444946289062e-01 -5.905650556087493896e-03
9.730616211891174316e-01 -5.271200556308031082e-03
9.651859402656555176e-01 -3.136266954243183136e-03
9.565802812576293945e-01 -7.880951743572950363e-04
9.489413499832153320e-01 1.304094796068966389e-03
9.372679591178894043e-01 4.510692320764064789e-03
9.319070577621459961e-01 5.986184347420930862e-03
9.137116670608520508e-01 1.100555621087551117e-02
9.065257906913757324e-01 1.299253292381763458e-02
8.898229002952575684e-01 1.762185432016849518e-02
8.851454257965087891e-01 1.892125234007835388e-02
8.813494443893432617e-01 1.997688785195350647e-02
8.706524372100830078e-01 2.295728214085102081e-02
8.589441180229187012e-01 2.623015083372592926e-02
8.527101278305053711e-01 2.797781117260456085e-02
8.451809287071228027e-01 3.009369038045406342e-02
8.285539746284484863e-01 3.478858619928359985e-02
8.195949196815490723e-01 3.733223676681518555e-02
8.099660277366638184e-01 4.007784649729728699e-02
7.779043912887573242e-01 4.931491985917091370e-02
7.730505466461181641e-01 5.072654411196708679e-02
7.558928728103637695e-01 5.574370920658111572e-02
7.516592144966125488e-01 5.698810890316963196e-02
7.350728511810302734e-01 6.188556924462318420e-02
7.282478809356689453e-01 6.391027569770812988e-02
7.176800966262817383e-01 6.705473363399505615e-02
7.073492407798767090e-01 7.013772428035736084e-02
6.975613236427307129e-01 7.306495308876037598e-02
6.926434040069580078e-01 7.453723996877670288e-02
6.740074753761291504e-01 8.012001216411590576e-02
6.674612760543823242e-01 8.208004385232925415e-02
6.555936336517333984e-01 8.562805503606796265e-02
6.462903022766113281e-01 8.840193599462509155e-02
6.276667118072509766e-01 9.392359852790832520e-02
6.204473376274108887e-01 9.604938328266143799e-02
6.112079620361328125e-01 9.875492006540298462e-02
6.055003404617309570e-01 1.004168391227722168e-01
5.895284414291381836e-01 1.050228625535964966e-01
5.802310705184936523e-01 1.076696887612342834e-01
5.611605644226074219e-01 1.130056753754615784e-01
5.514452457427978516e-01 1.156699061393737793e-01
5.422064661979675293e-01 1.181656867265701294e-01
5.226547718048095703e-01 1.233134195208549500e-01
5.088919401168823242e-01 1.268166601657867432e-01
4.991267621517181396e-01 1.292362660169601440e-01
4.898454844951629639e-01 1.314817219972610474e-01
4.820680618286132812e-01 1.333205550909042358e-01
4.762823581695556641e-01 1.346620768308639526e-01
4.610321521759033203e-01 1.380849480628967285e-01
4.497770071029663086e-01 1.404998749494552612e-01
4.364747703075408936e-01 1.432242989540100098e-01
4.269407093524932861e-01 1.450859159231185913e-01
4.127776324748992920e-01 1.477030813694000244e-01
4.026498794555664062e-01 1.494603008031845093e-01
3.897472620010375977e-01 1.515537500381469727e-01
3.690904378890991211e-01 1.545451730489730835e-01
3.591235876083374023e-01 1.558203995227813721e-01
3.488819301128387451e-01 1.570103168487548828e-01
3.344338238239288330e-01 1.584715545177459717e-01
3.192913234233856201e-01 1.597149819135665894e-01
3.121153414249420166e-01 1.601960808038711548e-01
3.011688590049743652e-01 1.607899367809295654e-01
2.848093807697296143e-01 1.613465547561645508e-01
2.700847089290618896e-01 1.614879369735717773e-01
2.518448531627655029e-01 1.611558496952056885e-01
2.426512390375137329e-01 1.607617884874343872e-01
2.359172254800796509e-01 1.603714972734451294e-01
2.176249474287033081e-01 1.588526070117950439e-01
2.034404128789901733e-01 1.571810394525527954e-01
1.970979422330856323e-01 1.562840491533279419e-01
1.749781817197799683e-01 1.523694992065429688e-01
1.635040789842605591e-01 1.498155891895294189e-01
1.574883908033370972e-01 1.483205556869506836e-01
1.520508825778961182e-01 1.468716561794281006e-01
1.432082056999206543e-01 1.443070620298385620e-01
1.403093934059143066e-01 1.434075087308883667e-01
1.224971339106559753e-01 1.371866017580032349e-01
1.054909527301788330e-01 1.299917399883270264e-01
1.006246507167816162e-01 1.276743412017822266e-01
9.444488584995269775e-02 1.245467737317085266e-01
8.779747039079666138e-02 1.209338977932929993e-01
8.203453570604324341e-02 1.175748482346534729e-01
7.385810464620590210e-02 1.124089732766151428e-01
6.161437183618545532e-02 1.036590561270713806e-01
5.807771533727645874e-02 1.008698567748069763e-01
4.600043222308158875e-02 9.026920795440673828e-02
3.606710955500602722e-02 7.999905198812484741e-02
3.330361098051071167e-02 7.682602852582931519e-02
2.895833924412727356e-02 7.149831950664520264e-02
1.667041890323162079e-02 5.339683219790458679e-02
1.156966947019100189e-02 4.383986443281173706e-02
9.950236417353153229e-03 4.039403796195983887e-02
7.269653957337141037e-03 3.405252099037170410e-02
4.654238466173410416e-03 2.670712582767009735e-02
3.266064217314124107e-03 2.201027981936931610e-02
2.117533236742019653e-03 1.733930036425590515e-02
8.822204545140266418e-04 1.045411825180053711e-02
2.439906820654869080e-04 -4.147448635194450617e-04
4.572585748974233866e-04 -3.898248774930834770e-03
1.214638119563460350e-03 -8.908196352422237396e-03
2.419021911919116974e-03 -1.332627795636653900e-02
4.143607802689075470e-03 -1.750496216118335724e-02
7.490903604775667191e-03 -2.289766445755958557e-02
1.237700972706079483e-02 -2.803619019687175751e-02
1.958236098289489746e-02 -3.295696899294853210e-02
2.193912677466869354e-02 -3.416628018021583557e-02
2.644266188144683838e-02 -3.610640764236450195e-02
3.282196074724197388e-02 -3.822671249508857727e-02
4.116645455360412598e-02 -4.021534323692321777e-02
5.340853706002235413e-02 -4.205267876386642456e-02
6.392119079828262329e-02 -4.293540865182876587e-02
7.191698253154754639e-02 -4.329970106482505798e-02
8.142231404781341553e-02 -4.346900433301925659e-02
9.129973500967025757e-02 -4.340605437755584717e-02
9.760338813066482544e-02 -4.326299205422401428e-02
1.127790808677673340e-01 -4.266009479761123657e-02
1.243872046470642090e-01 -4.200517758727073669e-02
1.386773437261581421e-01 -4.102642834186553955e-02
1.426802426576614380e-01 -4.072450473904609680e-02
1.606926620006561279e-01 -3.924819827079772949e-02
1.673113256692886353e-01 -3.866578266024589539e-02
1.707165092229843140e-01 -3.835924342274665833e-02
1.875156611204147339e-01 -3.678996860980987549e-02
2.221817076206207275e-01 -3.334814682602882385e-02
2.362843900918960571e-01 -3.190350532531738281e-02
2.482932358980178833e-01 -3.066395036876201630e-02
2.600607275962829590e-01 -2.944571711122989655e-02
2.694655656814575195e-01 -2.847210504114627838e-02
2.820383310317993164e-01 -2.717396058142185211e-02
2.904354929924011230e-01 -2.631080523133277893e-02
2.957931756973266602e-01 -2.576228044927120209e-02
3.018053770065307617e-01 -2.514917030930519104e-02
3.083953261375427246e-01 -2.448048256337642670e-02
3.310478031635284424e-01 -2.221455611288547516e-02
3.373262286186218262e-01 -2.159703709185123444e-02
3.617287576198577881e-01 -1.924939639866352081e-02
3.726178705692291260e-01 -1.823228038847446442e-02
3.888712525367736816e-01 -1.675396412611007690e-02
3.993490636348724365e-01 -1.582851074635982513e-02
4.150707125663757324e-01 -1.448414009064435959e-02
4.264151751995086670e-01 -1.354955043643712997e-02
4.380291104316711426e-01 -1.262576319277286530e-02
4.450675845146179199e-01 -1.208304986357688904e-02
4.639940857887268066e-01 -1.069185044616460800e-02
4.767428636550903320e-01 -9.814245626330375671e-03
4.928881525993347168e-01 -8.776552043855190277e-03
5.063775181770324707e-01 -7.976456545293331146e-03
5.149053335189819336e-01 -7.503608707338571548e-03
5.299877524375915527e-01 -6.732579320669174194e-03
5.420942306518554688e-01 -6.176273338496685028e-03
5.498420596122741699e-01 -5.850446876138448715e-03
5.621908903121948242e-01 -5.381103605031967163e-03
5.679178833961486816e-01 -5.184631794691085815e-03
5.843065381050109863e-01 -4.697919823229312897e-03
5.924525856971740723e-01 -4.498076159507036209e-03
6.004198193550109863e-01 -4.329786635935306549e-03
6.312498450279235840e-01 -3.930272068828344345e-03
6.442195177078247070e-01 -3.879047464579343796e-03
6.526730060577392578e-01 -3.881408832967281342e-03
6.626449227333068848e-01 -3.919178154319524765e-03
6.681587100028991699e-01 -3.955790773034095764e-03
6.791776418685913086e-01 -4.061100073158740997e-03
6.810542941093444824e-01 -4.083168227225542068e-03
6.972248554229736328e-01 -4.320276901125907898e-03
7.031725645065307617e-01 -4.427540116012096405e-03
7.149825692176818848e-01 -4.669843707233667374e-03
7.362276315689086914e-01 -5.193325690925121307e-03
7.428568601608276367e-01 -5.376844201236963272e-03
7.520111203193664551e-01 -5.643929820507764816e-03
7.736480236053466797e-01 -6.328470073640346527e-03
7.791672348976135254e-01 -6.512957159429788589e-03
7.888454198837280273e-01 -6.844073534011840820e-03
7.929468750953674316e-01 -6.986904889345169067e-03
8.030439615249633789e-01 -7.343561854213476181e-03
8.094771504402160645e-01 -7.573689334094524384e-03
8.165985941886901855e-01 -7.830156944692134857e-03
8.244560956954956055e-01 -8.114208467304706573e-03
8.515174984931945801e-01 -9.083759970963001251e-03
8.578923344612121582e-01 -9.305899031460285187e-03
8.714371323585510254e-01 -9.762638248503208160e-03
8.782091140747070312e-01 -9.980585426092147827e-03
8.969691395759582520e-01 -1.053094398230314255e-02
9.027948379516601562e-01 -1.068042032420635223e-02
9.187463521957397461e-01 -1.101313065737485886e-02
9.234024286270141602e-01 -1.108259055763483047e-02
9.375020861625671387e-01 -1.118094846606254578e-02
9.498301744461059570e-01 -1.106080226600170135e-02
9.595388770103454590e-01 -1.074305456131696701e-02
9.703785181045532227e-01 -1.002118177711963654e-02
9.715985059738159180e-01 -9.909975342452526093e-03
9.740123748779296875e-01 -9.671849198639392853e-03
