9.702520966529846191e-01 -5.758843850344419479e-03
9.697522521018981934e-01 -5.627655889838933945e-03
9.671409130096435547e-01 -4.940861836075782776e-03
9.619438052177429199e-01 -3.571661654859781265e-03
9.507945775985717773e-01 -6.437190459109842777e-04
9.443074464797973633e-01 1.047722063958644867e-03
9.357978701591491699e-01 3.249615663662552834e-03
9.332468509674072266e-01 3.905774094164371490e-03
9.267084598541259766e-01 5.578801967203617096e-03
9.235777854919433594e-01 6.375296507030725479e-03
9.138595461845397949e-01 8.828963153064250946e-03
9.112033843994140625e-01 9.494499303400516510e-03
9.053411483764648438e-01 1.095560938119888306e-02
8.989978432655334473e-01 1.252437848597764969e-02
8.878217339515686035e-01 1.525684539228677750e-02
8.851644992828369141e-01 1.590055227279663086e-02
8.734709024429321289e-01 1.870549097657203674e-02
8.638767600059509277e-01 2.097244933247566223e-02
8.584511280059814453e-01 2.224045619368553162e-02
8.528664112091064453e-01 2.353488653898239136e-02
8.311833739280700684e-01 2.845472842454910278e-02
8.241272568702697754e-01 3.001832962036132812e-02
8.104475140571594238e-01 3.299530595541000366e-02
8.043328523635864258e-01 3.430220484733581543e-02
7.982596158981323242e-01 3.558538109064102173e-02
7.896996140480041504e-01 3.736824542284011841e-02
7.823958396911621094e-01 3.886518254876136780e-02
7.768378257751464844e-01 3.998897597193717957e-02
7.682744264602661133e-01 4.169415682554244995e-02
7.611076235771179199e-01 4.309616982936859131e-02
7.481337785720825195e-01 4.557454958558082581e-02
7.328921556472778320e-01 4.838493466377258301e-02
7.156758308410644531e-01 5.142295733094215393e-02
7.126659154891967773e-01 5.193883553147315979e-02
6.993281245231628418e-01 5.416879430413246155e-02
6.951051354408264160e-01 5.485556647181510925e-02
6.851371526718139648e-01 5.643922835588455200e-02
6.686432957649230957e-01 5.894244834780693054e-02
6.591785550117492676e-01 6.031190603971481323e-02
6.544345021247863770e-01 6.097967550158500671e-02
6.415779590606689453e-01 6.272649019956588745e-02
6.242866516113281250e-01 6.492960453033447266e-02
6.121880412101745605e-01 6.637074798345565796e-02
6.025277972221374512e-01 6.746189296245574951e-02
5.954157710075378418e-01 6.823143362998962402e-02
5.877494215965270996e-01 6.902886927127838135e-02
5.772708058357238770e-01 7.006511092185974121e-02
5.611531138420104980e-01 7.153830677270889282e-02
5.445353984832763672e-01 7.290507107973098755e-02
5.328739881515502930e-01 7.377270609140396118e-02
5.041785240173339844e-01 7.559026777744293213e-02
4.962271153926849365e-01 7.601489871740341187e-02
4.891027212142944336e-01 7.636651396751403809e-02
4.844481050968170166e-01 7.658158987760543823e-02
4.536752700805664062e-01 7.771406322717666626e-02
4.500076174736022949e-01 7.781574130058288574e-02
4.338111579418182373e-01 7.818032056093215942e-02
4.237333834171295166e-01 7.833788543939590454e-02
4.122197628021240234e-01 7.845290005207061768e-02
4.025954008102416992e-01 7.849576324224472046e-02
3.939046859741210938e-01 7.849275320768356323e-02
3.795180320739746094e-01 7.840015739202499390e-02
3.710418343544006348e-01 7.829418778419494629e-02
3.340778946876525879e-01 7.737741619348526001e-02
3.288972377777099609e-01 7.718851417303085327e-02
3.135522305965423584e-01 7.653889805078506470e-02
3.020126521587371826e-01 7.595960795879364014e-02
2.786157429218292236e-01 7.453552633523941040e-02
2.597337067127227783e-01 7.312898337841033936e-02
2.405762523412704468e-01 7.144913077354431152e-02
2.271420508623123169e-01 7.010793685913085938e-02
2.191306650638580322e-01 6.923988461494445801e-02
2.142367511987686157e-01 6.868336349725723267e-02
2.000502943992614746e-01 6.695189327001571655e-02
1.904374957084655762e-01 6.567288935184478760e-02
1.794056296348571777e-01 6.409172713756561279e-02
1.687509119510650635e-01 6.244107335805892944e-02
1.487907916307449341e-01 5.898575112223625183e-02
1.357031911611557007e-01 5.642987787723541260e-02
1.213337481021881104e-01 5.331686139106750488e-02
1.138107627630233765e-01 5.154243484139442444e-02
1.024972051382064819e-01 4.866099357604980469e-02
8.657381683588027954e-02 4.409926384687423706e-02
7.856921851634979248e-02 4.153921827673912048e-02
6.494595855474472046e-02 3.666821122169494629e-02
5.591075867414474487e-02 3.299064561724662781e-02
5.086959898471832275e-02 3.074207343161106110e-02
4.576953500509262085e-02 2.829181775450706482e-02
3.702145442366600037e-02 2.356022596359252930e-02
3.301904350519180298e-02 2.109788544476032257e-02
2.819587104022502899e-02 1.777355559170246124e-02
2.423761412501335144e-02 1.462490390986204147e-02
1.977590657770633698e-02 1.029491797089576721e-02
1.829320564866065979e-02 8.529332466423511505e-03
1.550888642668724060e-02 4.140415694564580917e-03
1.445791777223348618e-02 1.321701682172715664e-03
1.406874880194664001e-02 -1.197582110762596130e-03
1.433687657117843628e-02 -4.022642970085144043e-03
1.452782191336154938e-02 -4.708562511950731277e-03
1.546844933182001114e-02 -6.827462464570999146e-03
1.778378151357173920e-02 -9.763965383172035217e-03
1.993429474532604218e-02 -1.158654037863016129e-02
3.066847845911979675e-02 -1.695731654763221741e-02
3.593964129686355591e-02 -1.866351626813411713e-02
4.437790811061859131e-02 -2.082522213459014893e-02
4.770337045192718506e-02 -2.154697105288505554e-02
5.517438054084777832e-02 -2.298231795430183411e-02
6.901385635137557983e-02 -2.517175301909446716e-02
9.188076853752136230e-02 -2.801153063774108887e-02
1.169269084930419922e-01 -3.050658851861953735e-02
1.242956966161727905e-01 -3.116024471819400787e-02
1.322531402111053467e-01 -3.183354437351226807e-02
1.436050832271575928e-01 -3.274203091859817505e-02
1.696100383996963501e-01 -3.462646156549453735e-02
1.814759969711303711e-01 -3.540703654289245605e-02
1.948687732219696045e-01 -3.623468056321144104e-02
2.165217399597167969e-01 -3.746185824275016785e-02
2.248608171939849854e-01 -3.790001198649406433e-02
2.352574467658996582e-01 -3.842064738273620605e-02
2.415942996740341187e-01 -3.872438520193099976e-02
2.529161870479583740e-01 -3.924208134412765503e-02
2.547549903392791748e-01 -3.932319581508636475e-02
2.628068327903747559e-01 -3.966872394084930420e-02
2.706842124462127686e-01 -3.999179601669311523e-02
2.955839335918426514e-01 -4.091834649443626404e-02
3.007833659648895264e-01 -4.109410196542739868e-02
3.086282312870025635e-01 -4.134791716933250427e-02
3.205669224262237549e-01 -4.170830175280570984e-02
3.307669758796691895e-01 -4.199178144335746765e-02
3.425490260124206543e-01 -4.229158535599708557e-02
3.545821607112884521e-01 -4.256750643253326416e-02
3.577816486358642578e-01 -4.263577610254287720e-02
3.658794462680816650e-01 -4.279900342226028442e-02
3.704542517662048340e-01 -4.288519918918609619e-02
3.825802206993103027e-01 -4.309269040822982788e-02
3.867952823638916016e-01 -4.315769299864768982e-02
4.124202430248260498e-01 -4.347384721040725708e-02
4.181708395481109619e-01 -4.352609440684318542e-02
4.294115006923675537e-01 -4.360828548669815063e-02
4.380625784397125244e-01 -4.365345463156700134e-02
4.483778178691864014e-01 -4.368650913238525391e-02
4.695099592208862305e-01 -4.368214309215545654e-02
4.887280166149139404e-01 -4.359129443764686584e-02
4.905144274234771729e-01 -4.357851669192314148e-02
5.105671286582946777e-01 -4.338225722312927246e-02
5.132573246955871582e-01 -4.334837198257446289e-02
5.260283350944519043e-01 -4.316209629178047180e-02
5.496105551719665527e-01 -4.270206391811370850e-02
5.609083771705627441e-01 -4.242465272545814514e-02
5.698567628860473633e-01 -4.217696934938430786e-02
5.813024640083312988e-01 -4.182232543826103210e-02
5.952075123786926270e-01 -4.133119434118270874e-02
6.103311181068420410e-01 -4.071708768606185913e-02
6.131363511085510254e-01 -4.059356451034545898e-02
6.254954338073730469e-01 -4.001200944185256958e-02
6.433279514312744141e-01 -3.906064108014106750e-02
6.524785161018371582e-01 -3.851852566003799438e-02
6.592788100242614746e-01 -3.809113800525665283e-02
6.704174876213073730e-01 -3.734493255615234375e-02
6.782554388046264648e-01 -3.678493574261665344e-02
6.857148408889770508e-01 -3.622491285204887390e-02
7.007701992988586426e-01 -3.501381725072860718e-02
7.183904051780700684e-01 -3.346029669046401978e-02
7.208828926086425781e-01 -3.322892263531684875e-02
7.526641488075256348e-01 -3.004163689911365509e-02
7.656386494636535645e-01 -2.862544357776641846e-02
7.750211954116821289e-01 -2.756591327488422394e-02
7.889037728309631348e-01 -2.595185115933418274e-02
7.922459244728088379e-01 -2.555621415376663208e-02
8.004143238067626953e-01 -2.457982860505580902e-02
8.181145191192626953e-01 -2.243119850754737854e-02
8.239709138870239258e-01 -2.171511016786098480e-02
8.333403468132019043e-01 -2.056982554495334625e-02
8.376156091690063477e-01 -2.004892006516456604e-02
8.497039675712585449e-01 -1.858930662274360657e-02
8.551871180534362793e-01 -1.793720014393329620e-02
8.641425967216491699e-01 -1.689177192747592926e-02
8.702942728996276855e-01 -1.619178801774978638e-02
8.897605538368225098e-01 -1.411728095263242722e-02
8.962886333465576172e-01 -1.348619349300861359e-02
9.095137715339660645e-01 -1.234787702560424805e-02
9.141194820404052734e-01 -1.200600434094667435e-02
9.231256842613220215e-01 -1.144087500870227814e-02
9.266042113304138184e-01 -1.126548554748296738e-02
9.346656203269958496e-01 -1.097085978835821152e-02
9.378346204757690430e-01 -1.090458966791629791e-02
9.425880908966064453e-01 -1.086692791432142258e-02
9.532337188720703125e-01 -1.111145224422216415e-02
9.599454998970031738e-01 -1.156045123934745789e-02
9.679373502731323242e-01 -1.245932839810848236e-02
9.693245887756347656e-01 -1.265638135373592377e-02
9.698776602745056152e-01 -1.273797266185283661e-02
