9.663686752319335938e-01 -6.441075820475816727e-03
9.657476544380187988e-01 -6.407189182937145233e-03
9.626592397689819336e-01 -6.171065848320722580e-03
9.564158320426940918e-01 -5.465625319629907608e-03
9.454585313796997070e-01 -3.801770275458693504e-03
9.361490607261657715e-01 -2.119527896866202354e-03
9.236199259757995605e-01 4.150700697209686041e-04
9.184488058090209961e-01 1.534061739221215248e-03
9.124908447265625000e-01 2.868569688871502876e-03
9.051905274391174316e-01 4.563438240438699722e-03
8.947283029556274414e-01 7.094091270118951797e-03
8.898746967315673828e-01 8.304764516651630402e-03
8.779160380363464355e-01 1.137565355747938156e-02
8.697213530540466309e-01 1.354493293911218643e-02
8.506836295127868652e-01 1.875727251172065735e-02
8.458269238471984863e-01 2.012038789689540863e-02
8.377979993820190430e-01 2.239943109452724457e-02
8.281536102294921875e-01 2.517426013946533203e-02
8.178262114524841309e-01 2.818366698920726776e-02
8.056427836418151855e-01 3.177395090460777283e-02
7.883804440498352051e-01 3.691188991069793701e-02
7.797384262084960938e-01 3.949667513370513916e-02
7.695827484130859375e-01 4.253721237182617188e-02
7.618597745895385742e-01 4.484757408499717712e-02
7.503535747528076172e-01 4.827971756458282471e-02
7.410858273506164551e-01 5.102966725826263428e-02
7.291253805160522461e-01 5.455094575881958008e-02
7.160465121269226074e-01 5.835492536425590515e-02
6.984758377075195312e-01 6.336741149425506592e-02
6.914871931076049805e-01 6.532436609268188477e-02
6.805663704872131348e-01 6.833513081073760986e-02
6.637231707572937012e-01 7.285384833812713623e-02
6.496232151985168457e-01 7.650831341743469238e-02
6.453043818473815918e-01 7.760269194841384888e-02
6.366105079650878906e-01 7.976856082677841187e-02
6.303297281265258789e-01 8.130146563053131104e-02
6.166003942489624023e-01 8.455631136894226074e-02
6.002451777458190918e-01 8.825475722551345825e-02
5.885288715362548828e-01 9.078023582696914673e-02
5.752629041671752930e-01 9.351099282503128052e-02
5.680140852928161621e-01 9.494425356388092041e-02
5.527663230895996094e-01 9.782081097364425659e-02
5.425799489021301270e-01 9.963662922382354736e-02
5.314164161682128906e-01 1.015279293060302734e-01
5.229455828666687012e-01 1.028933972120285034e-01
5.090741515159606934e-01 1.049985587596893311e-01
4.957937002182006836e-01 1.068602949380874634e-01
4.850707054138183594e-01 1.082527190446853638e-01
4.762917757034301758e-01 1.093184947967529297e-01
4.687002003192901611e-01 1.101858615875244141e-01
4.541681110858917236e-01 1.117048487067222595e-01
4.363700747489929199e-01 1.133097261190414429e-01
4.278799891471862793e-01 1.139751598238945007e-01
4.171787202358245850e-01 1.147207245230674744e-01
3.960451483726501465e-01 1.158840134739875793e-01
3.900821506977081299e-01 1.161370277404785156e-01
3.816136419773101807e-01 1.164386793971061707e-01
3.673155605792999268e-01 1.167924702167510986e-01
3.582706749439239502e-01 1.169138848781585693e-01
3.471784591674804688e-01 1.169525980949401855e-01
3.417618274688720703e-01 1.169267743825912476e-01
3.286094665527343750e-01 1.167395859956741333e-01
3.176265060901641846e-01 1.164456680417060852e-01
3.086648881435394287e-01 1.161108389496803284e-01
3.024896979331970215e-01 1.158294603228569031e-01
2.968640625476837158e-01 1.155365332961082458e-01
2.833984494209289551e-01 1.146905943751335144e-01
2.626712620258331299e-01 1.129741966724395752e-01
2.495062053203582764e-01 1.116101294755935669e-01
2.154027968645095825e-01 1.070034503936767578e-01
2.044505625963211060e-01 1.051684543490409851e-01
1.971755027770996094e-01 1.038461998105049133e-01
1.846532970666885376e-01 1.013667806982994080e-01
1.786496490240097046e-01 1.000824347138404846e-01
1.708052605390548706e-01 9.830624610185623169e-02
1.639012098312377930e-01 9.664710611104965210e-02
1.549987345933914185e-01 9.436868131160736084e-02
1.359674334526062012e-01 8.893015980720520020e-02
1.249485909938812256e-01 8.539327979087829590e-02
1.122731193900108337e-01 8.093209564685821533e-02
1.063918396830558777e-01 7.870746403932571411e-02
1.006885021924972534e-01 7.644969969987869263e-02
8.079715073108673096e-02 6.772091984748840332e-02
7.096839696168899536e-02 6.285606324672698975e-02
6.609760224819183350e-02 6.029226630926132202e-02
5.366506800055503845e-02 5.323588848114013672e-02
4.892077669501304626e-02 5.032898858189582825e-02
3.815745562314987183e-02 4.322740063071250916e-02
2.997670508921146393e-02 3.728061914443969727e-02
2.514336444437503815e-02 3.349660709500312805e-02
1.903826370835304260e-02 2.836109139025211334e-02
1.311142649501562119e-02 2.288033254444599152e-02
7.364196702837944031e-03 1.686907187104225159e-02
4.288550000637769699e-03 1.319416891783475876e-02
1.861538970842957497e-03 9.904633276164531708e-03
-9.550618706271052361e-04 5.235568620264530182e-03
-2.261413261294364929e-03 2.319271443411707878e-03
-3.385515185073018074e-03 -2.077957848086953163e-03
-3.479326143860816956e-03 -3.390009514987468719e-03
-3.442259272560477257e-03 -4.674922209233045578e-03
-3.046423196792602539e-03 -6.846514996141195297e-03
-1.704041264019906521e-03 -9.769537486135959625e-03
5.030778120271861553e-04 -1.236313767731189728e-02
2.205386990681290627e-03 -1.375986635684967041e-02
6.433900911360979080e-03 -1.625858433544635773e-02
1.121873687952756882e-02 -1.824190281331539154e-02
1.805116608738899231e-02 -2.029865980148315430e-02
2.977212332189083099e-02 -2.274501882493495941e-02
3.902218490839004517e-02 -2.415185235440731049e-02
5.398940667510032654e-02 -2.589317597448825836e-02
7.036152482032775879e-02 -2.735461108386516571e-02
7.827363163232803345e-02 -2.795596979558467865e-02
8.578877151012420654e-02 -2.848146297037601471e-02
1.063249483704566956e-01 -2.975044026970863342e-02
1.222908869385719299e-01 -3.061617165803909302e-02
1.365673542022705078e-01 -3.132662177085876465e-02
1.591876149177551270e-01 -3.235898166894912720e-02
1.742602288722991943e-01 -3.299552947282791138e-02
1.841816455125808716e-01 -3.339520096778869629e-02
1.876927912235260010e-01 -3.353320807218551636e-02
2.028088718652725220e-01 -3.410777449607849121e-02
2.109732180833816528e-01 -3.440538048744201660e-02
2.269731014966964722e-01 -3.496357053518295288e-02
2.371962219476699829e-01 -3.530314564704895020e-02
2.460033297538757324e-01 -3.558507189154624939e-02
2.546584308147430420e-01 -3.585252910852432251e-02
2.621207237243652344e-01 -3.607544675469398499e-02
2.654722929000854492e-01 -3.617322444915771484e-02
2.833572328090667725e-01 -3.667013719677925110e-02
2.903420925140380859e-01 -3.685263544321060181e-02
3.069915771484375000e-01 -3.726056218147277832e-02
3.219577670097351074e-01 -3.759356215596199036e-02
3.391137719154357910e-01 -3.793416917324066162e-02
3.421537578105926514e-01 -3.798975795507431030e-02
3.633133172988891602e-01 -3.833531215786933899e-02
3.733248710632324219e-01 -3.847255185246467590e-02
3.936797082424163818e-01 -3.869640827178955078e-02
3.991171419620513916e-01 -3.874314203858375549e-02
4.080384075641632080e-01 -3.880742192268371582e-02
4.184336960315704346e-01 -3.886230662465095520e-02
4.322068393230438232e-01 -3.890055790543556213e-02
4.389606118202209473e-01 -3.890445083379745483e-02
4.543314576148986816e-01 -3.887540847063064575e-02
4.619332849979400635e-01 -3.884097188711166382e-02
4.739681184291839600e-01 -3.875836357474327087e-02
4.784546196460723877e-01 -3.871855512261390686e-02
4.943381845951080322e-01 -3.853723779320716858e-02
5.127453207969665527e-01 -3.824616223573684692e-02
5.187196135520935059e-01 -3.813259303569793701e-02
5.327668786048889160e-01 -3.782815113663673401e-02
5.455426573753356934e-01 -3.750555962324142456e-02
5.611643791198730469e-01 -3.705227375030517578e-02
5.747707486152648926e-01 -3.660587966442108154e-02
5.806358456611633301e-01 -3.639912232756614685e-02
5.875670909881591797e-01 -3.614399209618568420e-02
5.987583994865417480e-01 -3.570841252803802490e-02
6.091036200523376465e-01 -3.528128936886787415e-02
6.139690279960632324e-01 -3.507283329963684082e-02
6.189805865287780762e-01 -3.485333919525146484e-02
6.291807293891906738e-01 -3.439270704984664917e-02
6.399476528167724609e-01 -3.388839587569236755e-02
6.556020379066467285e-01 -3.312793001532554626e-02
6.649000048637390137e-01 -3.266436979174613953e-02
6.686703562736511230e-01 -3.247446194291114807e-02
6.886693239212036133e-01 -3.145495057106018066e-02
6.990299820899963379e-01 -3.092286922037601471e-02
7.107587456703186035e-01 -3.032118268311023712e-02
7.286029458045959473e-01 -2.941319160163402557e-02
7.374624013900756836e-01 -2.896778285503387451e-02
7.468027472496032715e-01 -2.850301191210746765e-02
7.575452923774719238e-01 -2.797514013946056366e-02
7.682682871818542480e-01 -2.745542861521244049e-02
7.853820919990539551e-01 -2.663971856236457825e-02
7.884837388992309570e-01 -2.649342641234397888e-02
8.064588308334350586e-01 -2.565152943134307861e-02
8.120256066322326660e-01 -2.539174817502498627e-02
8.192632794380187988e-01 -2.505354583263397217e-02
8.266996741294860840e-01 -2.470446750521659851e-02
8.542031049728393555e-01 -2.337392419576644897e-02
8.636195063591003418e-01 -2.289146557450294495e-02
8.767772316932678223e-01 -2.217774279415607452e-02
8.850829601287841797e-01 -2.169491909444332123e-02
8.987542390823364258e-01 -2.082395553588867188e-02
9.037874937057495117e-01 -2.047243155539035797e-02
9.191960096359252930e-01 -1.925143413245677948e-02
9.226306676864624023e-01 -1.894119568169116974e-02
9.333347678184509277e-01 -1.785123720765113831e-02
9.509540200233459473e-01 -1.544039882719516754e-02
9.581621885299682617e-01 -1.409075595438480377e-02
9.636701941490173340e-01 -1.283687632530927658e-02
9.668400287628173828e-01 -1.200521830469369888e-02
9.675838351249694824e-01 -1.179705746471881866e-02
