9.699152112007141113e-01 -7.021100260317325592e-03
9.692124128341674805e-01 -6.962289568036794662e-03
9.649055600166320801e-01 -6.440251599997282028e-03
9.590991735458374023e-01 -5.486680660396814346e-03
9.495748281478881836e-01 -3.611407941207289696e-03
9.413993358612060547e-01 -1.822274760343134403e-03
9.260344505310058594e-01 1.815513707697391510e-03
9.233253598213195801e-01 2.484928118064999580e-03
9.185894727706909180e-01 3.671602578833699226e-03
9.113714098930358887e-01 5.517013370990753174e-03
8.990119099617004395e-01 8.765490725636482239e-03
8.942782878875732422e-01 1.003571879118680954e-02
8.846304416656494141e-01 1.266420446336269379e-02
8.743095993995666504e-01 1.552904117852449417e-02
8.599051237106323242e-01 1.960712485015392303e-02
8.550071120262145996e-01 2.101271972060203552e-02
8.469765782356262207e-01 2.333578467369079590e-02
8.377819657325744629e-01 2.602135576307773590e-02
8.299757242202758789e-01 2.832071483135223389e-02
8.260369896888732910e-01 2.948682382702827454e-02
8.094938993453979492e-01 3.442133963108062744e-02
7.971816062927246094e-01 3.812375292181968689e-02
7.920520305633544922e-01 3.967154026031494141e-02
7.892311215400695801e-01 4.052352532744407654e-02
7.791684865951538086e-01 4.356639832258224487e-02
7.720510959625244141e-01 4.571993276476860046e-02
7.536830902099609375e-01 5.126842111349105835e-02
7.472642064094543457e-01 5.319980904459953308e-02
7.360030412673950195e-01 5.657270550727844238e-02
7.227742671966552734e-01 6.050086766481399536e-02
7.154678702354431152e-01 6.265063583850860596e-02
7.006873488426208496e-01 6.694647669792175293e-02
6.861694455146789551e-01 7.108469307422637939e-02
6.802644133567810059e-01 7.274144142866134644e-02
6.748003959655761719e-01 7.425976544618606567e-02
6.679257154464721680e-01 7.614877820014953613e-02
6.562914252281188965e-01 7.928813993930816650e-02
6.412062048912048340e-01 8.324240148067474365e-02
6.279226541519165039e-01 8.660670369863510132e-02
6.247453689575195312e-01 8.739420026540756226e-02
6.068208217620849609e-01 9.170549362897872925e-02
5.953148603439331055e-01 9.435047209262847900e-02
5.807203054428100586e-01 9.756061434745788574e-02
5.661880373954772949e-01 1.005897000432014465e-01
5.580431818962097168e-01 1.022120490670204163e-01
5.522773861885070801e-01 1.033271104097366333e-01
5.361953377723693848e-01 1.062878891825675964e-01
5.265362858772277832e-01 1.079583019018173218e-01
5.115853548049926758e-01 1.103808507323265076e-01
4.993886351585388184e-01 1.122075691819190979e-01
4.844226241111755371e-01 1.142619177699089050e-01
4.810983836650848389e-01 1.146898940205574036e-01
4.749092757701873779e-01 1.154589280486106873e-01
4.595628082752227783e-01 1.172087490558624268e-01
4.483232498168945312e-01 1.183464676141738892e-01
4.413041770458221436e-01 1.189945489168167114e-01
4.199086427688598633e-01 1.206695884466171265e-01
4.050900340080261230e-01 1.215605065226554871e-01
3.985711634159088135e-01 1.218814998865127563e-01
3.916654884815216064e-01 1.221738383173942566e-01
3.792883157730102539e-01 1.225736215710639954e-01
3.542687296867370605e-01 1.228864341974258423e-01
3.359023332595825195e-01 1.226837262511253357e-01
3.250993788242340088e-01 1.223890706896781921e-01
3.091917634010314941e-01 1.217128112912178040e-01
2.985733449459075928e-01 1.210972219705581665e-01
2.816565632820129395e-01 1.198372319340705872e-01
2.584347724914550781e-01 1.175276711583137512e-01
2.524471879005432129e-01 1.168192028999328613e-01
2.463744133710861206e-01 1.160518154501914978e-01
2.385261803865432739e-01 1.149858385324478149e-01
2.203064411878585815e-01 1.121770888566970825e-01
2.081564813852310181e-01 1.100328117609024048e-01
1.960191279649734497e-01 1.076619252562522888e-01
1.876738667488098145e-01 1.058927923440933228e-01
1.738183349370956421e-01 1.026913747191429138e-01
1.646641343832015991e-01 1.003852337598800659e-01
1.548527479171752930e-01 9.773394465446472168e-02
1.432933807373046875e-01 9.435585141181945801e-02
1.281262338161468506e-01 8.946820348501205444e-02
1.162649020552635193e-01 8.524649590253829956e-02
1.065323352813720703e-01 8.148983865976333618e-02
9.946804493665695190e-02 7.858081907033920288e-02
8.806799352169036865e-02 7.352557033300399780e-02
8.008728176355361938e-02 6.968906521797180176e-02
6.568535417318344116e-02 6.202956661581993103e-02
5.618284270167350769e-02 5.634730681777000427e-02
5.228019878268241882e-02 5.383826047182083130e-02
4.754500091075897217e-02 5.063495784997940063e-02
4.115003347396850586e-02 4.598936066031455994e-02
3.312823548913002014e-02 3.951758146286010742e-02
2.629373781383037567e-02 3.324276953935623169e-02
1.506199408322572708e-02 2.030412666499614716e-02
1.218824181705713272e-02 1.597479544579982758e-02
1.004042290151119232e-02 1.213399134576320648e-02
7.259025704115629196e-03 5.294671747833490372e-03
6.601737812161445618e-03 2.694348804652690887e-03
6.267435848712921143e-03 6.806494784541428089e-04
6.099576596170663834e-03 -1.388573902659118176e-03
7.579476572573184967e-03 -9.464723058044910431e-03
8.903819136321544647e-03 -1.191528607159852982e-02
1.144557446241378784e-02 -1.508290041238069534e-02
1.472488045692443848e-02 -1.792545057833194733e-02
1.738219708204269409e-02 -1.970954425632953644e-02
2.152653038501739502e-02 -2.195379883050918579e-02
2.537381835281848907e-02 -2.365439757704734802e-02
3.289956599473953247e-02 -2.631665207445621490e-02
4.083806648850440979e-02 -2.851922623813152313e-02
5.600614100694656372e-02 -3.171819821000099182e-02
6.577353179454803467e-02 -3.333024680614471436e-02
7.222174853086471558e-02 -3.425896912813186646e-02
8.623392879962921143e-02 -3.599052876234054565e-02
1.028443425893783569e-01 -3.765136748552322388e-02
1.227429956197738647e-01 -3.922398015856742859e-02
1.320188492536544800e-01 -3.983296453952789307e-02
1.540310233831405640e-01 -4.102173447608947754e-02
1.781286895275115967e-01 -4.198123887181282043e-02
1.867839097976684570e-01 -4.225241765379905701e-02
2.005796581506729126e-01 -4.261430725455284119e-02
2.164299488067626953e-01 -4.293329268693923950e-02
2.326260358095169067e-01 -4.316353425383567810e-02
2.403421998023986816e-01 -4.324214905500411987e-02
2.521870434284210205e-01 -4.332675412297248840e-02
2.647470831871032715e-01 -4.337176680564880371e-02
2.769510447978973389e-01 -4.337452352046966553e-02
2.841470241546630859e-01 -4.335834458470344543e-02
2.912767231464385986e-01 -4.332990944385528564e-02
3.014179468154907227e-01 -4.326909780502319336e-02
3.162788450717926025e-01 -4.313910752534866333e-02
3.290987014770507812e-01 -4.299030080437660217e-02
3.368799388408660889e-01 -4.288432002067565918e-02
3.445972204208374023e-01 -4.276801645755767822e-02
3.648210763931274414e-01 -4.241306334733963013e-02
3.757482171058654785e-01 -4.219260811805725098e-02
3.847829699516296387e-01 -4.199594259262084961e-02
3.939896821975708008e-01 -4.178256914019584656e-02
4.125519394874572754e-01 -4.131430760025978088e-02
4.188217520713806152e-01 -4.114505276083946228e-02
4.280679225921630859e-01 -4.088555648922920227e-02
4.392266571521759033e-01 -4.055707156658172607e-02
4.653168618679046631e-01 -3.972607478499412537e-02
4.705813229084014893e-01 -3.954801335930824280e-02
4.791409969329833984e-01 -3.925122693181037903e-02
4.877790510654449463e-01 -3.894270211458206177e-02
5.019966959953308105e-01 -3.841541334986686707e-02
5.090619921684265137e-01 -3.814446553587913513e-02
5.230639576911926270e-01 -3.759012371301651001e-02
5.400775074958801270e-01 -3.688573464751243591e-02
5.486645102500915527e-01 -3.651743009686470032e-02
5.553945302963256836e-01 -3.622277826070785522e-02
5.695064067840576172e-01 -3.558785840868949890e-02
5.757291316986083984e-01 -3.530053421854972839e-02
5.894057154655456543e-01 -3.465321660041809082e-02
5.928786993026733398e-01 -3.448538482189178467e-02
6.052367091178894043e-01 -3.387681022286415100e-02
6.129429936408996582e-01 -3.348837792873382568e-02
6.203834414482116699e-01 -3.310683369636535645e-02
6.332615613937377930e-01 -3.243148699402809143e-02
6.455449461936950684e-01 -3.176986798644065857e-02
6.618671417236328125e-01 -3.086498193442821503e-02
6.686815023422241211e-01 -3.047874942421913147e-02
6.808632016181945801e-01 -2.977637387812137604e-02
6.895005702972412109e-01 -2.926941215991973877e-02
6.948697566986083984e-01 -2.895068190991878510e-02
7.190743088722229004e-01 -2.748206816613674164e-02
7.330891489982604980e-01 -2.661023847758769989e-02
7.449898123741149902e-01 -2.585918642580509186e-02
7.549028396606445312e-01 -2.522690407931804657e-02
7.750724554061889648e-01 -2.392465248703956604e-02
7.828164696693420410e-01 -2.341994084417819977e-02
7.971390485763549805e-01 -2.248105406761169434e-02
8.043576478958129883e-01 -2.200566790997982025e-02
8.151608109474182129e-01 -2.129210531711578369e-02
8.194372057914733887e-01 -2.100907452404499054e-02
8.333671092987060547e-01 -2.008562721312046051e-02
8.416568636894226074e-01 -1.953537948429584503e-02
8.569909930229187012e-01 -1.851730979979038239e-02
8.628392219543457031e-01 -1.812922768294811249e-02
8.787911534309387207e-01 -1.707208342850208282e-02
8.854755163192749023e-01 -1.662997715175151825e-02
8.910740613937377930e-01 -1.626015268266201019e-02
8.990608453750610352e-01 -1.573342084884643555e-02
9.080172181129455566e-01 -1.514392904937267303e-02
9.117520451545715332e-01 -1.489845663309097290e-02
9.215278625488281250e-01 -1.425661891698837280e-02
9.301529526710510254e-01 -1.369041763246059418e-02
9.410716891288757324e-01 -1.297069247812032700e-02
9.493435025215148926e-01 -1.241797674447298050e-02
9.607092738151550293e-01 -1.162477582693099976e-02
9.652184247970581055e-01 -1.128398999571800232e-02
9.680094122886657715e-01 -1.105870399624109268e-02
9.690067768096923828e-01 -1.097462885081768036e-02
