9.749699234962463379e-01 -7.722232025116682053e-03
9.746270179748535156e-01 -7.619168143719434738e-03
9.732438325881958008e-01 -7.209673989564180374e-03
9.691696166992187500e-01 -6.043219473212957382e-03
9.538781642913818359e-01 -1.897032838314771652e-03
9.457693099975585938e-01 2.305416855961084366e-04
9.339524507522583008e-01 3.281144425272941589e-03
9.271013140678405762e-01 5.029160995036363602e-03
9.020721316337585449e-01 1.132113952189683914e-02
8.940991163253784180e-01 1.330108474940061569e-02
8.839970827102661133e-01 1.579661294817924500e-02
8.771601915359497070e-01 1.747843995690345764e-02
8.727778196334838867e-01 1.855384558439254761e-02
8.578543663024902344e-01 2.220329456031322479e-02
8.377316594123840332e-01 2.710321173071861267e-02
8.347441554069519043e-01 2.782950177788734436e-02
8.185400962829589844e-01 3.176851570606231689e-02
8.133168220520019531e-01 3.303892165422439575e-02
8.066928386688232422e-01 3.465138748288154602e-02
7.990328073501586914e-01 3.651868551969528198e-02
7.877966761589050293e-01 3.926463425159454346e-02
7.683504819869995117e-01 4.404424503445625305e-02
7.583449482917785645e-01 4.652077332139015198e-02
7.549037933349609375e-01 4.737569019198417664e-02
7.340447902679443359e-01 5.259690061211585999e-02
7.231152057647705078e-01 5.536186695098876953e-02
7.078202962875366211e-01 5.926777422428131104e-02
6.956816315650939941e-01 6.239895150065422058e-02
6.801719665527343750e-01 6.643979251384735107e-02
6.740891337394714355e-01 6.803652644157409668e-02
6.680029034614562988e-01 6.964071094989776611e-02
6.552550196647644043e-01 7.302051037549972534e-02
6.483349800109863281e-01 7.486569881439208984e-02
6.295285820960998535e-01 7.991226017475128174e-02
6.087939143180847168e-01 8.551691472530364990e-02
5.984024405479431152e-01 8.833526074886322021e-02
5.914294719696044922e-01 9.022784978151321411e-02
5.839112997055053711e-01 9.226844459772109985e-02
5.727102160453796387e-01 9.530576318502426147e-02
5.691366195678710938e-01 9.627349674701690674e-02
5.535027384757995605e-01 1.004943624138832092e-01
5.399504899978637695e-01 1.041292920708656311e-01
5.289435386657714844e-01 1.070588678121566772e-01
5.011851787567138672e-01 1.143220737576484680e-01
4.907470345497131348e-01 1.169947907328605652e-01
4.820979535579681396e-01 1.191801950335502625e-01
4.713824689388275146e-01 1.218470036983489990e-01
4.591695368289947510e-01 1.248253956437110901e-01
4.506859779357910156e-01 1.268522888422012329e-01
4.433633685111999512e-01 1.285718083381652832e-01
4.296545684337615967e-01 1.317102015018463135e-01
4.158979058265686035e-01 1.347439140081405640e-01
3.966598510742187500e-01 1.387697607278823853e-01
3.789440989494323730e-01 1.422271281480789185e-01
3.669721782207489014e-01 1.444133371114730835e-01
3.640693426132202148e-01 1.449239104986190796e-01
3.468008935451507568e-01 1.477940082550048828e-01
3.380961716175079346e-01 1.491259336471557617e-01
3.187268674373626709e-01 1.517886668443679810e-01
2.961607575416564941e-01 1.543151438236236572e-01
2.830272912979125977e-01 1.554697751998901367e-01
2.761624157428741455e-01 1.559733599424362183e-01
2.718535363674163818e-01 1.562527716159820557e-01
2.558650374412536621e-01 1.570295095443725586e-01
2.522672116756439209e-01 1.571452170610427856e-01
2.379388809204101562e-01 1.573761403560638428e-01
2.301999032497406006e-01 1.573401987552642822e-01
2.169606834650039673e-01 1.569983661174774170e-01
2.101075202226638794e-01 1.566743403673171997e-01
1.996591389179229736e-01 1.559743583202362061e-01
1.927705705165863037e-01 1.553695499897003174e-01
1.844306141138076782e-01 1.544760167598724365e-01
1.779474020004272461e-01 1.536532342433929443e-01
1.682029813528060913e-01 1.521928608417510986e-01
1.565817445516586304e-01 1.500755101442337036e-01
1.358519941568374634e-01 1.451666951179504395e-01
1.308973133563995361e-01 1.437557935714721680e-01
1.053151413798332214e-01 1.347727328538894653e-01
9.593133628368377686e-02 1.306660473346710205e-01
9.148385375738143921e-02 1.285457909107208252e-01
8.245753496885299683e-02 1.238680854439735413e-01
7.793920487165451050e-02 1.213242784142494202e-01
6.605685502290725708e-02 1.139179170131683350e-01
5.367848277091979980e-02 1.049415841698646545e-01
4.965212196111679077e-02 1.017030328512191772e-01
4.537285119295120239e-02 9.806917607784271240e-02
3.122978843748569489e-02 8.443605899810791016e-02
2.238284796476364136e-02 7.435521483421325684e-02
1.801080256700515747e-02 6.881061196327209473e-02
1.515029184520244598e-02 6.494122743606567383e-02
1.279035396873950958e-02 6.158475577831268311e-02
7.004795130342245102e-03 5.259808897972106934e-02
-1.221996062668040395e-04 3.941019997000694275e-02
-2.340900944545865059e-03 3.453986346721649170e-02
-5.415528081357479095e-03 2.670769952237606049e-02
-8.464641869068145752e-03 1.631755381822586060e-02
-8.745505474507808685e-03 1.506004203110933304e-02
-1.016189903020858765e-02 5.489881616085767746e-03
-1.028935145586729050e-02 3.226178931072354317e-03
-1.028263755142688751e-02 -9.588830871507525444e-04
-1.015283353626728058e-02 -3.020197618752717972e-03
-5.698752123862504959e-03 -1.834776252508163452e-02
-3.556322772055864334e-03 -2.174471877515316010e-02
-9.812109638005495071e-04 -2.492824941873550415e-02
4.604490008205175400e-03 -2.997432649135589600e-02
1.071948837488889694e-02 -3.386157006025314331e-02
1.474589947611093521e-02 -3.584928810596466064e-02
1.742412894964218140e-02 -3.698804974555969238e-02
2.564175240695476532e-02 -3.979698941111564636e-02
3.915063291788101196e-02 -4.287865757942199707e-02
4.691877216100692749e-02 -4.407102242112159729e-02
7.713173329830169678e-02 -4.632553458213806152e-02
9.056558459997177124e-02 -4.654073342680931091e-02
1.087228655815124512e-01 -4.634559154510498047e-02
1.203880757093429565e-01 -4.599599912762641907e-02
1.266749352216720581e-01 -4.574897885322570801e-02
1.433453112840652466e-01 -4.492987319827079773e-02
1.513018608093261719e-01 -4.446769505739212036e-02
1.619287729263305664e-01 -4.379082843661308289e-02
1.863003522157669067e-01 -4.203131049871444702e-02
1.952834278345108032e-01 -4.132479801774024963e-02
2.046115547418594360e-01 -4.056486114859580994e-02
2.162252664566040039e-01 -3.958695754408836365e-02
2.265374958515167236e-01 -3.869396448135375977e-02
2.430885136127471924e-01 -3.722249343991279602e-02
2.507551908493041992e-01 -3.652835637331008911e-02
2.622190117835998535e-01 -3.547938913106918335e-02
2.726216018199920654e-01 -3.451899439096450806e-02
2.789663970470428467e-01 -3.393046185374259949e-02
2.929255664348602295e-01 -3.263148292899131775e-02
2.993788421154022217e-01 -3.203030303120613098e-02
3.047271072864532471e-01 -3.153228014707565308e-02
3.584812581539154053e-01 -2.660211920738220215e-02
3.630585074424743652e-01 -2.619350329041481018e-02
3.701350092887878418e-01 -2.556673251092433929e-02
3.783525228500366211e-01 -2.484707348048686981e-02
3.889734447002410889e-01 -2.393127046525478363e-02
3.941445350646972656e-01 -2.349175512790679932e-02
4.047261476516723633e-01 -2.260645478963851929e-02
4.110907912254333496e-01 -2.208369225263595581e-02
4.203660190105438232e-01 -2.133590728044509888e-02
4.290534257888793945e-01 -2.065155096352100372e-02
4.443314671516418457e-01 -1.948869228363037109e-02
4.657117426395416260e-01 -1.795703172683715820e-02
4.803832471370697021e-01 -1.697698980569839478e-02
4.938459396362304688e-01 -1.613280363380908966e-02
5.065674781799316406e-01 -1.538644824177026749e-02
5.310981273651123047e-01 -1.409701164811849594e-02
5.423688292503356934e-01 -1.357385609298944473e-02
5.489928126335144043e-01 -1.328738499432802200e-02
5.612080097198486328e-01 -1.280052121728658676e-02
5.640801787376403809e-01 -1.269389316439628601e-02
5.713355541229248047e-01 -1.243794430047273636e-02
5.725899934768676758e-01 -1.239563990384340286e-02
5.843855142593383789e-01 -1.202585268765687943e-02
5.951196551322937012e-01 -1.173317153006792068e-02
5.999786853790283203e-01 -1.161426212638616562e-02
6.144881248474121094e-01 -1.130861230194568634e-02
6.233962774276733398e-01 -1.115670334547758102e-02
6.294380426406860352e-01 -1.106862910091876984e-02
6.359444260597229004e-01 -1.098689902573823929e-02
6.669507622718811035e-01 -1.076998654752969742e-02
6.753914952278137207e-01 -1.075540576130151749e-02
6.786877512931823730e-01 -1.075428538024425507e-02
6.974088549613952637e-01 -1.079190522432327271e-02
7.091621160507202148e-01 -1.084894314408302307e-02
7.171137928962707520e-01 -1.089974772185087204e-02
7.231794595718383789e-01 -1.094424910843372345e-02
7.626399993896484375e-01 -1.131793577224016190e-02
7.717923521995544434e-01 -1.141644921153783798e-02
7.823464870452880859e-01 -1.153132691979408264e-02
7.880373001098632812e-01 -1.159308012574911118e-02
7.933440208435058594e-01 -1.165016554296016693e-02
7.964702248573303223e-01 -1.168345659971237183e-02
8.029087781906127930e-01 -1.175096631050109863e-02
8.059042692184448242e-01 -1.178179029375314713e-02
8.262828588485717773e-01 -1.197785791009664536e-02
8.299579620361328125e-01 -1.201007794588804245e-02
8.485214710235595703e-01 -1.215398684144020081e-02
8.595629334449768066e-01 -1.222232356667518616e-02
8.672899007797241211e-01 -1.226142700761556625e-02
8.752060532569885254e-01 -1.229347474873065948e-02
8.846129179000854492e-01 -1.232043560594320297e-02
8.948476910591125488e-01 -1.233549416065216064e-02
9.103584885597229004e-01 -1.232974976301193237e-02
9.192970991134643555e-01 -1.231189724057912827e-02
9.362105727195739746e-01 -1.225891523063182831e-02
9.505496621131896973e-01 -1.222393102943897247e-02
9.639437198638916016e-01 -1.227465458214282990e-02
9.724340438842773438e-01 -1.241925917565822601e-02
9.750791788101196289e-01 -1.249232795089483261e-02
9.759152531623840332e-01 -1.251848414540290833e-02
