9.712101221084594727e-01 -5.851786118000745773e-03
9.707037210464477539e-01 -5.726994015276432037e-03
9.675259590148925781e-01 -4.918555729091167450e-03
9.623679518699645996e-01 -3.547308500856161118e-03
9.496042132377624512e-01 2.323054332009633072e-06
9.386913180351257324e-01 3.128845477476716042e-03
9.307901859283447266e-01 5.422585178166627884e-03
9.263319969177246094e-01 6.724609062075614929e-03
9.174667596817016602e-01 9.325947612524032593e-03
9.068367481231689453e-01 1.245971117168664932e-02
8.948493599891662598e-01 1.600367948412895203e-02
8.885958194732666016e-01 1.785375177860260010e-02
8.737623691558837891e-01 2.223806455731391907e-02
8.601680397987365723e-01 2.624222822487354279e-02
8.426985740661621094e-01 3.135367110371589661e-02
8.356420993804931641e-01 3.340382128953933716e-02
8.260484933853149414e-01 3.617489337921142578e-02
8.174636363983154297e-01 3.863658010959625244e-02
7.960674166679382324e-01 4.468628764152526855e-02
7.882950305938720703e-01 4.684953764081001282e-02
7.785133123397827148e-01 4.954280704259872437e-02
7.559444308280944824e-01 5.562003701925277710e-02
7.411229610443115234e-01 5.949610844254493713e-02
7.369922995567321777e-01 6.055870279669761658e-02
7.200706601142883301e-01 6.482702493667602539e-02
7.132962346076965332e-01 6.649576872587203979e-02
6.989251375198364258e-01 6.995601207017898560e-02
6.916408538818359375e-01 7.166682928800582886e-02
6.670634150505065918e-01 7.721396535634994507e-02
6.609699130058288574e-01 7.853330671787261963e-02
6.454640626907348633e-01 8.178550750017166138e-02
6.360910534858703613e-01 8.367634564638137817e-02
6.255276799201965332e-01 8.573759347200393677e-02
6.168245673179626465e-01 8.737900108098983765e-02
6.064880490303039551e-01 8.926046639680862427e-02
5.931815505027770996e-01 9.157126396894454956e-02
5.817375183105468750e-01 9.345630556344985962e-02
5.757995843887329102e-01 9.439647197723388672e-02
5.601560473442077637e-01 9.674675017595291138e-02
5.474513173103332520e-01 9.851811081171035767e-02
5.359186530113220215e-01 1.000173017382621765e-01
5.252034068107604980e-01 1.013160496950149536e-01
5.177679657936096191e-01 1.021631658077239990e-01
5.034909248352050781e-01 1.036639139056205750e-01
4.931274056434631348e-01 1.046482846140861511e-01
4.854599535465240479e-01 1.053189709782600403e-01
4.673486351966857910e-01 1.067062318325042725e-01
4.522706866264343262e-01 1.076468527317047119e-01
4.419563412666320801e-01 1.081764996051788330e-01
4.265933930873870850e-01 1.087916120886802673e-01
4.167384803295135498e-01 1.090754121541976929e-01
4.114160537719726562e-01 1.091923415660858154e-01
4.005289077758789062e-01 1.093514263629913330e-01
3.861317634582519531e-01 1.093949303030967712e-01
3.797861635684967041e-01 1.093531250953674316e-01
3.713088333606719971e-01 1.092385873198509216e-01
3.605729639530181885e-01 1.089961901307106018e-01
3.492245078086853027e-01 1.086205691099166870e-01
3.395322561264038086e-01 1.082014590501785278e-01
3.317339122295379639e-01 1.077977940440177917e-01
3.271327614784240723e-01 1.075315847992897034e-01
3.056503832340240479e-01 1.060097739100456238e-01
2.962943911552429199e-01 1.052011698484420776e-01
2.874587178230285645e-01 1.043548211455345154e-01
2.790057063102722168e-01 1.034689471125602722e-01
2.672516405582427979e-01 1.021114811301231384e-01
2.598945200443267822e-01 1.011863127350807190e-01
2.501491308212280273e-01 9.986975789070129395e-02
2.444638013839721680e-01 9.905315935611724854e-02
2.236517518758773804e-01 9.575064480304718018e-02
2.106351852416992188e-01 9.342772513628005981e-02
1.931539475917816162e-01 8.998269587755203247e-02
1.837353110313415527e-01 8.796598762273788452e-02
1.767124831676483154e-01 8.638640493154525757e-02
1.649187505245208740e-01 8.358314633369445801e-02
1.563280969858169556e-01 8.141811937093734741e-02
1.495494842529296875e-01 7.963374257087707520e-02
1.369480043649673462e-01 7.613055408000946045e-02
1.259561330080032349e-01 7.286688685417175293e-02
1.204572618007659912e-01 7.115741074085235596e-02
1.018753126263618469e-01 6.497255712747573853e-02
9.333487600088119507e-02 6.190110743045806885e-02
8.478327095508575439e-02 5.866632238030433655e-02
6.541554629802703857e-02 5.067243799567222595e-02
5.773442611098289490e-02 4.720587655901908875e-02
5.247131735086441040e-02 4.471731930971145630e-02
4.443017765879631042e-02 4.071407020092010498e-02
3.703609481453895569e-02 3.678523004055023193e-02
2.740149758756160736e-02 3.122545965015888214e-02
2.058845385909080505e-02 2.690550871193408966e-02
1.548186969012022018e-02 2.338467724621295929e-02
9.779214859008789062e-03 1.905749924480915070e-02
5.488828290253877640e-03 1.540489681065082550e-02
2.040757681243121624e-04 1.010792795568704605e-02
-3.754429519176483154e-03 4.901777021586894989e-03
-5.104974377900362015e-03 2.497187815606594086e-03
-6.400114390999078751e-03 -8.288217941299080849e-04
-6.943325046449899673e-03 -4.340633749961853027e-03
-6.833529565483331680e-03 -6.247691810131072998e-03
-6.563435308635234833e-03 -7.600818760693073273e-03
-5.886274389922618866e-03 -9.511775337159633636e-03
-4.633848089724779129e-03 -1.171651948243379593e-02
-1.994594931602478027e-03 -1.473634876310825348e-02
1.854678615927696228e-03 -1.774596795439720154e-02
6.709113717079162598e-03 -2.055432088673114777e-02
2.065603621304035187e-02 -2.616532333195209503e-02
3.233306109905242920e-02 -2.962258644402027130e-02
4.422581568360328674e-02 -3.259540721774101257e-02
5.266575887799263000e-02 -3.450088948011398315e-02
6.738100200891494751e-02 -3.756446018815040588e-02
8.273211121559143066e-02 -4.052830860018730164e-02
9.476905316114425659e-02 -4.273824766278266907e-02
1.054537147283554077e-01 -4.463428258895874023e-02
1.218761652708053589e-01 -4.744541645050048828e-02
1.370344310998916626e-01 -4.993769526481628418e-02
1.515457034111022949e-01 -5.223275721073150635e-02
1.591156721115112305e-01 -5.339394137263298035e-02
1.661270111799240112e-01 -5.444670841097831726e-02
1.831960380077362061e-01 -5.691482871770858765e-02
1.919801384210586548e-01 -5.813040211796760559e-02
1.993753761053085327e-01 -5.912382900714874268e-02
2.173444777727127075e-01 -6.141894683241844177e-02
2.310211658477783203e-01 -6.304830312728881836e-02
2.368149012327194214e-01 -6.370675563812255859e-02
2.481530457735061646e-01 -6.493912637233734131e-02
2.594917714595794678e-01 -6.609548628330230713e-02
2.760561704635620117e-01 -6.764397025108337402e-02
2.801580131053924561e-01 -6.800103932619094849e-02
2.971823811531066895e-01 -6.936866790056228638e-02
3.087948262691497803e-01 -7.019386440515518188e-02
3.156303167343139648e-01 -7.063804566860198975e-02
3.260671794414520264e-01 -7.125605642795562744e-02
3.447083532810211182e-01 -7.217612117528915405e-02
3.510753214359283447e-01 -7.243560254573822021e-02
3.717846274375915527e-01 -7.308374345302581787e-02
3.784777224063873291e-01 -7.322839647531509399e-02
3.917166292667388916e-01 -7.342015206813812256e-02
3.963718414306640625e-01 -7.345756143331527710e-02
4.105611443519592285e-01 -7.347448915243148804e-02
4.239011108875274658e-01 -7.335606962442398071e-02
4.336200952529907227e-01 -7.318720966577529907e-02
4.464930295944213867e-01 -7.285580039024353027e-02
4.533074498176574707e-01 -7.263045758008956909e-02
4.667048454284667969e-01 -7.208658009767532349e-02
4.714123010635375977e-01 -7.186371088027954102e-02
4.780035018920898438e-01 -7.152393460273742676e-02
4.895895123481750488e-01 -7.084846496582031250e-02
4.955957531929016113e-01 -7.045919448137283325e-02
5.116063356399536133e-01 -6.929232180118560791e-02
5.301975607872009277e-01 -6.770552694797515869e-02
5.371326208114624023e-01 -6.705135107040405273e-02
5.438250303268432617e-01 -6.638886034488677979e-02
5.560448169708251953e-01 -6.510222703218460083e-02
5.668085217475891113e-01 -6.388970464468002319e-02
5.767615437507629395e-01 -6.270590424537658691e-02
5.890560746192932129e-01 -6.116617843508720398e-02
6.006942987442016602e-01 -5.963655188679695129e-02
6.083047389984130859e-01 -5.860217660665512085e-02
6.149520277976989746e-01 -5.767884105443954468e-02
6.371586918830871582e-01 -5.448387563228607178e-02
6.440660953521728516e-01 -5.346333980560302734e-02
6.542290449142456055e-01 -5.194656178355216980e-02
6.610168218612670898e-01 -5.092675983905792236e-02
6.715891361236572266e-01 -4.933356493711471558e-02
6.860525012016296387e-01 -4.715811833739280701e-02
6.988320946693420410e-01 -4.525431618094444275e-02
7.080630660057067871e-01 -4.389730468392372131e-02
7.211062312126159668e-01 -4.201444238424301147e-02
7.310234904289245605e-01 -4.061499983072280884e-02
7.475762367248535156e-01 -3.834999725222587585e-02
7.582342028617858887e-01 -3.694204613566398621e-02
7.659459710121154785e-01 -3.594882786273956299e-02
7.821624875068664551e-01 -3.393027186393737793e-02
7.901216745376586914e-01 -3.297366574406623840e-02
8.080008625984191895e-01 -3.090232238173484802e-02
8.146636486053466797e-01 -3.015611879527568817e-02
8.332722783088684082e-01 -2.813746407628059387e-02
8.417499065399169922e-01 -2.724573761224746704e-02
8.529646396636962891e-01 -2.608790434896945953e-02
8.620416522026062012e-01 -2.516514994204044342e-02
8.718520402908325195e-01 -2.417773939669132233e-02
8.787791728973388672e-01 -2.348383516073226929e-02
8.955417275428771973e-01 -2.180009521543979645e-02
9.022086858749389648e-01 -2.112141437828540802e-02
9.192972183227539062e-01 -1.932331547141075134e-02
9.251196980476379395e-01 -1.867904886603355408e-02
9.418726563453674316e-01 -1.665965467691421509e-02
9.478873610496520996e-01 -1.584085449576377869e-02
9.598215222358703613e-01 -1.395639497786760330e-02
9.673209786415100098e-01 -1.249209605157375336e-02
9.700497984886169434e-01 -1.188075542449951172e-02
9.720482826232910156e-01 -1.140085794031620026e-02
