9.631245136260986328e-01 -3.230520756915211678e-03
9.626906514167785645e-01 -3.063351614400744438e-03
9.596104025840759277e-01 -1.924030017107725143e-03
9.517970681190490723e-01 7.228608010336756706e-04
9.287614822387695312e-01 7.598535157740116119e-03
9.197866320610046387e-01 1.008088793605566025e-02
9.053929448127746582e-01 1.392192021012306213e-02
8.976165652275085449e-01 1.593968085944652557e-02
8.845239281654357910e-01 1.926224865019321442e-02
8.781273365020751953e-01 2.085534855723381042e-02
8.732882142066955566e-01 2.204850502312183380e-02
8.679882287979125977e-01 2.334396727383136749e-02
8.565687537193298340e-01 2.609707228839397430e-02
8.505405783653259277e-01 2.753028087317943573e-02
8.350800871849060059e-01 3.114574961364269257e-02
8.315207958221435547e-01 3.196609020233154297e-02
8.262757658958435059e-01 3.316697850823402405e-02
8.175055980682373047e-01 3.515363484621047974e-02
8.053191304206848145e-01 3.787000104784965515e-02
7.969287633895874023e-01 3.971029072999954224e-02
7.829936742782592773e-01 4.271194338798522949e-02
7.747393846511840820e-01 4.445719346404075623e-02
7.591003179550170898e-01 4.769498854875564575e-02
7.541035413742065430e-01 4.871005564928054810e-02
7.393283247947692871e-01 5.165485665202140808e-02
7.348053455352783203e-01 5.253900215029716492e-02
7.259516119956970215e-01 5.424558371305465698e-02
7.149809002876281738e-01 5.631509050726890564e-02
6.990312337875366211e-01 5.923172831535339355e-02
6.899009943008422852e-01 6.085084378719329834e-02
6.860774159431457520e-01 6.151781603693962097e-02
6.723198890686035156e-01 6.386190652847290039e-02
6.607553362846374512e-01 6.576384603977203369e-02
6.541203856468200684e-01 6.682633608579635620e-02
6.438628435134887695e-01 6.842694431543350220e-02
6.353351473808288574e-01 6.971840560436248779e-02
6.180366277694702148e-01 7.222697138786315918e-02
6.100826859474182129e-01 7.332982867956161499e-02
5.978887677192687988e-01 7.495783269405364990e-02
5.895418524742126465e-01 7.602804154157638550e-02
5.816811323165893555e-01 7.700285315513610840e-02
5.710463523864746094e-01 7.827036082744598389e-02
5.622794032096862793e-01 7.927048951387405396e-02
5.520656108856201172e-01 8.038434386253356934e-02
5.424524545669555664e-01 8.138194680213928223e-02
5.220252275466918945e-01 8.333703875541687012e-02
5.069971084594726562e-01 8.463090658187866211e-02
4.983117878437042236e-01 8.532228320837020874e-02
4.902884066104888916e-01 8.592399209737777710e-02
4.807983040809631348e-01 8.658951520919799805e-02
4.684023857116699219e-01 8.738286793231964111e-02
4.636517167091369629e-01 8.766391128301620483e-02
4.547345340251922607e-01 8.815671503543853760e-02
4.412403106689453125e-01 8.881554007530212402e-02
4.283824861049652100e-01 8.934456110000610352e-02
4.216469526290893555e-01 8.958267420530319214e-02
4.157777428627014160e-01 8.976804465055465698e-02
3.910973966121673584e-01 9.031780064105987549e-02
3.715613186359405518e-01 9.048202633857727051e-02
3.628865778446197510e-01 9.047560393810272217e-02
3.584001958370208740e-01 9.045266360044479370e-02
3.523078858852386475e-01 9.039986878633499146e-02
3.440318107604980469e-01 9.028741717338562012e-02
3.297940194606781006e-01 8.998176455497741699e-02
3.269917666912078857e-01 8.990450203418731689e-02
3.218362629413604736e-01 8.974738419055938721e-02
3.088459670543670654e-01 8.926343917846679688e-02
3.010811209678649902e-01 8.891242742538452148e-02
2.911451756954193115e-01 8.839352428913116455e-02
2.617154121398925781e-01 8.637060970067977905e-02
2.494757771492004395e-01 8.530037850141525269e-02
2.396243959665298462e-01 8.433390408754348755e-02
2.298154830932617188e-01 8.327369391918182373e-02
2.227480411529541016e-01 8.244650065898895264e-02
2.042286843061447144e-01 8.001131564378738403e-02
1.970664262771606445e-01 7.895902544260025024e-02
1.747268289327621460e-01 7.523985952138900757e-02
1.431593298912048340e-01 6.868237257003784180e-02
1.335749924182891846e-01 6.633611768484115601e-02
1.255328059196472168e-01 6.422040611505508423e-02
1.181477084755897522e-01 6.214945763349533081e-02
1.153926178812980652e-01 6.134349480271339417e-02
1.042185351252555847e-01 5.787359550595283508e-02
9.762077033519744873e-02 5.566081032156944275e-02
9.294036775827407837e-02 5.401019379496574402e-02
8.501785993576049805e-02 5.104952305555343628e-02
7.078548520803451538e-02 4.512851312756538391e-02
5.727569758892059326e-02 3.862546011805534363e-02
4.472171142697334290e-02 3.154296800494194031e-02
4.011153802275657654e-02 2.860368788242340088e-02
3.367010504007339478e-02 2.408080920577049255e-02
2.979722619056701660e-02 2.105616219341754913e-02
2.703451737761497498e-02 1.871068403124809265e-02
2.238368801772594452e-02 1.426128298044204712e-02
1.933401264250278473e-02 1.081330049782991409e-02
1.737577468156814575e-02 8.214179426431655884e-03
1.538325194269418716e-02 4.987446125596761703e-03
1.405619923025369644e-02 2.119775395840406418e-03
1.335988286882638931e-02 -3.805758751695975661e-05
1.295209769159555435e-02 -2.164774574339389801e-03
1.292218267917633057e-02 -5.385329946875572205e-03
1.427103299647569656e-02 -9.864027611911296844e-03
1.792186684906482697e-02 -1.456448715180158615e-02
2.127510122954845428e-02 -1.718499697744846344e-02
2.901174873113632202e-02 -2.121108956634998322e-02
3.470385074615478516e-02 -2.329086884856224060e-02
4.125870019197463989e-02 -2.516910806298255920e-02
5.467694252729415894e-02 -2.796016260981559753e-02
5.877579376101493835e-02 -2.861994691193103790e-02
7.155253738164901733e-02 -3.028280287981033325e-02
8.388013392686843872e-02 -3.146905079483985901e-02
9.972602874040603638e-02 -3.257859125733375549e-02
1.049021333456039429e-01 -3.286412358283996582e-02
1.152251660823822021e-01 -3.334413096308708191e-02
1.213164255023002625e-01 -3.357919678092002869e-02
1.284194141626358032e-01 -3.381470963358879089e-02
1.360796838998794556e-01 -3.402783721685409546e-02
1.461543589830398560e-01 -3.425249829888343811e-02
1.649849861860275269e-01 -3.453437983989715576e-02
1.679523438215255737e-01 -3.456500545144081116e-02
1.760286241769790649e-01 -3.463211655616760254e-02
1.875687837600708008e-01 -3.469094634056091309e-02
2.074377685785293579e-01 -3.470698744058609009e-02
2.147925645112991333e-01 -3.468984365463256836e-02
2.226797640323638916e-01 -3.465947881340980530e-02
2.335714250802993774e-01 -3.459913283586502075e-02
2.419346719980239868e-01 -3.453971073031425476e-02
2.447871416807174683e-01 -3.451703116297721863e-02
2.647521793842315674e-01 -3.432751074433326721e-02
2.707287669181823730e-01 -3.426123782992362976e-02
2.835835814476013184e-01 -3.410543873906135559e-02
3.036547899246215820e-01 -3.382986783981323242e-02
3.306050300598144531e-01 -3.340674564242362976e-02
3.440078794956207275e-01 -3.317665681242942810e-02
3.547558486461639404e-01 -3.298364579677581787e-02
3.619778156280517578e-01 -3.284994512796401978e-02
3.708658516407012939e-01 -3.268115222454071045e-02
3.738615810871124268e-01 -3.262323886156082153e-02
3.816679418087005615e-01 -3.246992081403732300e-02
3.919532895088195801e-01 -3.226282447576522827e-02
3.995856642723083496e-01 -3.210544958710670471e-02
4.114222824573516846e-01 -3.185530006885528564e-02
4.291029870510101318e-01 -3.146795555949211121e-02
4.410815238952636719e-01 -3.119615465402603149e-02
4.516423940658569336e-01 -3.095006942749023438e-02
4.540104269981384277e-01 -3.089403547346591949e-02
4.714056551456451416e-01 -3.047249652445316315e-02
4.868655502796173096e-01 -3.008224815130233765e-02
4.948732852935791016e-01 -2.987385727465152740e-02
5.064657926559448242e-01 -2.956398017704486847e-02
5.270189642906188965e-01 -2.898834273219108582e-02
5.375770926475524902e-01 -2.867810241878032684e-02
5.685181021690368652e-01 -2.770244516432285309e-02
5.770191550254821777e-01 -2.741484530270099640e-02
5.948886871337890625e-01 -2.677931636571884155e-02
6.005896329879760742e-01 -2.656719461083412170e-02
6.073831319808959961e-01 -2.630820870399475098e-02
6.153066158294677734e-01 -2.599735744297504425e-02
6.237339973449707031e-01 -2.565607056021690369e-02
6.330097913742065430e-01 -2.526737749576568604e-02
6.418995261192321777e-01 -2.488178014755249023e-02
6.573307514190673828e-01 -2.418158389627933502e-02
6.679694652557373047e-01 -2.367592602968215942e-02
6.782281398773193359e-01 -2.317079715430736542e-02
6.920475363731384277e-01 -2.246367745101451874e-02
6.991151571273803711e-01 -2.209057100117206573e-02
7.127805352210998535e-01 -2.134819887578487396e-02
7.265570163726806641e-01 -2.057357132434844971e-02
7.414441108703613281e-01 -1.970982365310192108e-02
7.551913261413574219e-01 -1.889081858098506927e-02
7.623321413993835449e-01 -1.845844462513923645e-02
7.848771214485168457e-01 -1.706930249929428101e-02
7.925582528114318848e-01 -1.659004017710685730e-02
7.985470294952392578e-01 -1.621512882411479950e-02
8.158458471298217773e-01 -1.513025909662246704e-02
8.226571083068847656e-01 -1.470407377928495407e-02
8.308632969856262207e-01 -1.419288944453001022e-02
8.361561894416809082e-01 -1.386513002216815948e-02
8.504083156585693359e-01 -1.299379393458366394e-02
8.579449057579040527e-01 -1.254194602370262146e-02
8.761454820632934570e-01 -1.148753426969051361e-02
8.840898871421813965e-01 -1.104854140430688858e-02
8.940060734748840332e-01 -1.052403263747692108e-02
9.036577939987182617e-01 -1.004355400800704956e-02
9.104043245315551758e-01 -9.728479199111461639e-03
9.142246246337890625e-01 -9.558586403727531433e-03
9.263527393341064453e-01 -9.065135382115840912e-03
9.375896453857421875e-01 -8.676045574247837067e-03
9.506150484085083008e-01 -8.297502994537353516e-03
9.594601392745971680e-01 -8.042422123253345490e-03
9.619672894477844238e-01 -7.958319038152694702e-03
9.635249376296997070e-01 -7.900943979620933533e-03
