9.637306928634643555e-01 -5.620823707431554794e-03
9.631407856941223145e-01 -5.515399388968944550e-03
9.595465064048767090e-01 -4.861773923039436340e-03
9.512788653373718262e-01 -3.301199059933423996e-03
9.283258914947509766e-01 1.277158269658684731e-03
9.173491001129150391e-01 3.541091224178671837e-03
9.028827548027038574e-01 6.565827410668134689e-03
8.948877453804016113e-01 8.250521495938301086e-03
8.852896094322204590e-01 1.028019748628139496e-02
8.729025125503540039e-01 1.290499046444892883e-02
8.658269047737121582e-01 1.440419070422649384e-02
8.597878813743591309e-01 1.568243466317653656e-02
8.510689139366149902e-01 1.752411201596260071e-02
8.452602028846740723e-01 1.874758303165435791e-02
8.310186266899108887e-01 2.173104882240295410e-02
8.262651562690734863e-01 2.272060140967369080e-02
8.184844851493835449e-01 2.433220669627189636e-02
8.096637129783630371e-01 2.614568173885345459e-02
8.022214770317077637e-01 2.766311168670654297e-02
7.919898629188537598e-01 2.972817793488502502e-02
7.742314338684082031e-01 3.324658423662185669e-02
7.684811949729919434e-01 3.436611220240592957e-02
7.473015785217285156e-01 3.839565441012382507e-02
7.417783737182617188e-01 3.942045196890830994e-02
7.312030792236328125e-01 4.135053977370262146e-02
7.205421328544616699e-01 4.325180873274803162e-02
7.082249522209167480e-01 4.539029672741889954e-02
7.022202610969543457e-01 4.640954732894897461e-02
6.870163083076477051e-01 4.892021790146827698e-02
6.784918308258056641e-01 5.028315633535385132e-02
6.681736111640930176e-01 5.188930034637451172e-02
6.508016586303710938e-01 5.448541045188903809e-02
6.389824748039245605e-01 5.617441982030868530e-02
6.341686248779296875e-01 5.684461817145347595e-02
6.242231726646423340e-01 5.819704756140708923e-02
6.174904108047485352e-01 5.908831208944320679e-02
6.026628613471984863e-01 6.098333001136779785e-02
5.850535631179809570e-01 6.311622262001037598e-02
5.768983960151672363e-01 6.406212598085403442e-02
5.641867518424987793e-01 6.548541784286499023e-02
5.576493144035339355e-01 6.619369238615036011e-02
5.331662297248840332e-01 6.870801001787185669e-02
5.215348005294799805e-01 6.982841342687606812e-02
5.145110487937927246e-01 7.048244774341583252e-02
5.025320053100585938e-01 7.155932486057281494e-02
4.952859580516815186e-01 7.218728959560394287e-02
4.869899153709411621e-01 7.288469374179840088e-02
4.795240759849548340e-01 7.349270582199096680e-02
4.661723077297210693e-01 7.453357428312301636e-02
4.561872184276580811e-01 7.527276873588562012e-02
4.402241408824920654e-01 7.638376206159591675e-02
4.318323731422424316e-01 7.693222165107727051e-02
4.220760762691497803e-01 7.753825187683105469e-02
4.139579534530639648e-01 7.801599800586700439e-02
3.904187977313995361e-01 7.925917208194732666e-02
3.877424299716949463e-01 7.938659936189651489e-02
3.797775804996490479e-01 7.974822819232940674e-02
3.651279807090759277e-01 8.034215867519378662e-02
3.543548285961151123e-01 8.071703463792800903e-02
3.464502394199371338e-01 8.095690608024597168e-02
3.369166254997253418e-01 8.120472729206085205e-02
3.298656344413757324e-01 8.135749399662017822e-02
3.118607401847839355e-01 8.162229508161544800e-02
3.017887473106384277e-01 8.168637752532958984e-02
2.961861193180084229e-01 8.169414103031158447e-02
2.883602976799011230e-01 8.166997134685516357e-02
2.771843075752258301e-01 8.156090229749679565e-02
2.642945051193237305e-01 8.131839334964752197e-02
2.495639771223068237e-01 8.087406307458877563e-02
2.226644754409790039e-01 7.953831553459167480e-02
2.131098359823226929e-01 7.887855917215347290e-02
2.049818038940429688e-01 7.823149859905242920e-02
1.939386725425720215e-01 7.721558958292007446e-02
1.872773915529251099e-01 7.652081549167633057e-02
1.804208904504776001e-01 7.573648542165756226e-02
1.720903962850570679e-01 7.468268275260925293e-02
1.567237377166748047e-01 7.241913676261901855e-02
1.414805948734283447e-01 6.970817595720291138e-02
1.352096647024154663e-01 6.844011694192886353e-02
1.231336072087287903e-01 6.571451574563980103e-02
1.188764348626136780e-01 6.465653330087661743e-02
1.111789569258689880e-01 6.260188668966293335e-02
9.324517846107482910e-02 5.700736492872238159e-02
8.787599205970764160e-02 5.507833510637283325e-02
8.320625871419906616e-02 5.329112336039543152e-02
7.318565249443054199e-02 4.907068610191345215e-02
6.639713793992996216e-02 4.587016254663467407e-02
5.688876286149024963e-02 4.082917422056198120e-02
4.220725223422050476e-02 3.134828060865402222e-02
3.728202730417251587e-02 2.751852571964263916e-02
3.163411840796470642e-02 2.251709625124931335e-02
2.442781999707221985e-02 1.453516632318496704e-02
2.165445499122142792e-02 1.043629739433526993e-02
2.014283090829849243e-02 7.539862301200628281e-03
1.906253583729267120e-02 4.552718717604875565e-03
1.865144819021224976e-02 2.138849114999175072e-03
1.870796084403991699e-02 3.987596719525754452e-04
1.904725655913352966e-02 -9.730425081215798855e-04
1.922829076647758484e-02 -1.410415861755609512e-03
1.943072490394115448e-02 -1.807670225389301777e-03
2.034207247197628021e-02 -3.020826959982514381e-03
2.140364050865173340e-02 -3.888235194608569145e-03
2.278360538184642792e-02 -4.611449781805276871e-03
2.513395622372627258e-02 -5.296210758388042450e-03
2.986939437687397003e-02 -5.645632278174161911e-03
3.385900333523750305e-02 -5.387521348893642426e-03
3.755757212638854980e-02 -4.894223529845476151e-03
4.837507382035255432e-02 -2.720201620832085609e-03
5.912379175424575806e-02 -1.069201462087221444e-04
7.011038064956665039e-02 2.644392196089029312e-03
8.009143173694610596e-02 5.068877246230840683e-03
8.487724512815475464e-02 6.186183076351881027e-03
9.317373484373092651e-02 8.039990440011024475e-03
1.073562279343605042e-01 1.094565074890851974e-02
1.145434826612472534e-01 1.228909473866224289e-02
1.212025806307792664e-01 1.345790363848209381e-02
1.395004242658615112e-01 1.631225086748600006e-02
1.513826698064804077e-01 1.790525764226913452e-02
1.574444323778152466e-01 1.864508353173732758e-02
1.645212322473526001e-01 1.945013180375099182e-02
1.811987459659576416e-01 2.111446484923362732e-02
1.906423270702362061e-01 2.192290686070919037e-02
1.995464712381362915e-01 2.260348759591579437e-02
2.062807232141494751e-01 2.306852489709854126e-02
2.168166190385818481e-01 2.371514402329921722e-02
2.258249372243881226e-01 2.419411391019821167e-02
2.375347763299942017e-01 2.472146600484848022e-02
2.462907731533050537e-01 2.504962868988513947e-02
2.678310573101043701e-01 2.563531696796417236e-02
2.770972847938537598e-01 2.579747699201107025e-02
2.889559268951416016e-01 2.593224309384822845e-02
2.980738282203674316e-01 2.598329074680805206e-02
3.138041198253631592e-01 2.597066573798656464e-02
3.193257153034210205e-01 2.593756094574928284e-02
3.302145302295684814e-01 2.583101205527782440e-02
3.356215655803680420e-01 2.575847879052162170e-02
3.494569659233093262e-01 2.551666274666786194e-02
3.593505322933197021e-01 2.529657632112503052e-02
3.674284517765045166e-01 2.508931979537010193e-02
3.719964325428009033e-01 2.496160566806793213e-02
3.838324844837188721e-01 2.459681406617164612e-02
3.914446830749511719e-01 2.433758601546287537e-02
4.090203344821929932e-01 2.367070317268371582e-02
4.160281717777252197e-01 2.337998151779174805e-02
4.305037558078765869e-01 2.273857407271862030e-02
4.372121095657348633e-01 2.242397330701351166e-02
4.531649649143218994e-01 2.163606137037277222e-02
4.813796281814575195e-01 2.012714743614196777e-02
4.899557828903198242e-01 1.964507251977920532e-02
4.985261559486389160e-01 1.915478333830833435e-02
5.089597702026367188e-01 1.854833774268627167e-02
5.290020704269409180e-01 1.736228913068771362e-02
5.461342930793762207e-01 1.633677259087562561e-02
5.535140037536621094e-01 1.589428447186946869e-02
5.660325884819030762e-01 1.514524035155773163e-02
5.796351432800292969e-01 1.433652918785810471e-02
5.882732868194580078e-01 1.382713578641414642e-02
5.934788584709167480e-01 1.352204289287328720e-02
6.007244586944580078e-01 1.309997495263814926e-02
6.064890027046203613e-01 1.276647299528121948e-02
6.171895265579223633e-01 1.215298753231763840e-02
6.316840052604675293e-01 1.133372168987989426e-02
6.492395997047424316e-01 1.035846397280693054e-02
6.555337309837341309e-01 1.001281477510929108e-02
6.697856783866882324e-01 9.236391633749008179e-03
6.775328516960144043e-01 8.817134425044059753e-03
6.948288083076477051e-01 7.884803228080272675e-03
7.101585865020751953e-01 7.058252580463886261e-03
7.198261618614196777e-01 6.534494459629058838e-03
7.267691493034362793e-01 6.156267598271369934e-03
7.345543503761291504e-01 5.729415453970432281e-03
7.472243309020996094e-01 5.026842933148145676e-03
7.615962028503417969e-01 4.214767366647720337e-03
7.663109898567199707e-01 3.944179043173789978e-03
7.768748998641967773e-01 3.329311730340123177e-03
7.829588651657104492e-01 2.969286404550075531e-03
7.920538187026977539e-01 2.422237303107976913e-03
7.992358803749084473e-01 1.982148503884673119e-03
8.279164433479309082e-01 1.430502888979390264e-04
8.419189453125000000e-01 -8.091210620477795601e-04
8.580880761146545410e-01 -1.959697576239705086e-03
8.652170300483703613e-01 -2.485890407115221024e-03
8.818604946136474609e-01 -3.763413522392511368e-03
8.879132270812988281e-01 -4.246090538799762726e-03
9.018962979316711426e-01 -5.400615278631448746e-03
9.058401584625244141e-01 -5.736551247537136078e-03
9.171609878540039062e-01 -6.726871244609355927e-03
9.364086389541625977e-01 -8.497046306729316711e-03
9.496482014656066895e-01 -9.763063862919807434e-03
9.618029594421386719e-01 -1.092167384922504425e-02
9.642076492309570312e-01 -1.114479545503854752e-02
9.652683734893798828e-01 -1.124213635921478271e-02
