9.601705074310302734e-01 -3.189928829669952393e-03
9.593263268470764160e-01 -3.030374646186828613e-03
9.555323719978332520e-01 -2.331973519176244736e-03
9.435532093048095703e-01 -2.674015704542398453e-04
9.274399280548095703e-01 2.310965675860643387e-03
9.183365106582641602e-01 3.707391675561666489e-03
9.106889367103576660e-01 4.857507068663835526e-03
9.059236049652099609e-01 5.565691739320755005e-03
8.965612649917602539e-01 6.941755767911672592e-03
8.874501585960388184e-01 8.265418000519275665e-03
8.724346756935119629e-01 1.042297296226024628e-02
8.662393689155578613e-01 1.130694895982742310e-02
8.585704565048217773e-01 1.239768881350755692e-02
8.476132154464721680e-01 1.395148318260908127e-02
8.281313180923461914e-01 1.670816913247108459e-02
8.199354410171508789e-01 1.786806061863899231e-02
8.125002980232238770e-01 1.892125606536865234e-02
8.061836957931518555e-01 1.981708593666553497e-02
8.000459074974060059e-01 2.068878710269927979e-02
7.978589534759521484e-01 2.099972590804100037e-02
7.845358252525329590e-01 2.289804071187973022e-02
7.744781374931335449e-01 2.433650009334087372e-02
7.640599608421325684e-01 2.583185955882072449e-02
7.608243823051452637e-01 2.629741095006465912e-02
7.490093708038330078e-01 2.800217643380165100e-02
7.419574856758117676e-01 2.902317605912685394e-02
7.288541197776794434e-01 3.092693723738193512e-02
7.152205109596252441e-01 3.291606530547142029e-02
7.004827857017517090e-01 3.507398813962936401e-02
6.933677196502685547e-01 3.611787408590316772e-02
6.796332597732543945e-01 3.813513368368148804e-02
6.730101704597473145e-01 3.910821676254272461e-02
6.602573990821838379e-01 4.098065569996833801e-02
6.512444019317626953e-01 4.230171442031860352e-02
6.420341134071350098e-01 4.364841431379318237e-02
6.367271542549133301e-01 4.442241787910461426e-02
6.247960925102233887e-01 4.615570977330207825e-02
6.134092211723327637e-01 4.779902845621109009e-02
5.982099175453186035e-01 4.997133463621139526e-02
5.920546054840087891e-01 5.084290727972984314e-02
5.704342126846313477e-01 5.385914444923400879e-02
5.653154253959655762e-01 5.456166714429855347e-02
5.476549863815307617e-01 5.694580078125000000e-02
5.379219055175781250e-01 5.823100730776786804e-02
5.241895318031311035e-01 6.000560149550437927e-02
5.196416974067687988e-01 6.058263778686523438e-02
5.060700178146362305e-01 6.227082014083862305e-02
4.963060021400451660e-01 6.345218420028686523e-02
4.893458187580108643e-01 6.427636742591857910e-02
4.777159392833709717e-01 6.561837345361709595e-02
4.666782617568969727e-01 6.684920191764831543e-02
4.625628292560577393e-01 6.729694455862045288e-02
4.473759233951568604e-01 6.889417767524719238e-02
4.272330701351165771e-01 7.087032496929168701e-02
4.194830656051635742e-01 7.158454507589340210e-02
3.977091312408447266e-01 7.344362884759902954e-02
3.778574466705322266e-01 7.493494451045989990e-02
3.661512732505798340e-01 7.571598142385482788e-02
3.511466383934020996e-01 7.660295069217681885e-02
3.353890478610992432e-01 7.738748937845230103e-02
3.224053978919982910e-01 7.791310548782348633e-02
3.141407370567321777e-01 7.818748801946640015e-02
2.885982394218444824e-01 7.871665060520172119e-02
2.687500119209289551e-01 7.876402139663696289e-02
2.566072940826416016e-01 7.861965894699096680e-02
2.457054257392883301e-01 7.836882025003433228e-02
2.376188486814498901e-01 7.810413837432861328e-02
2.331240475177764893e-01 7.792665809392929077e-02
2.218928784132003784e-01 7.738367468118667603e-02
2.166938185691833496e-01 7.708203047513961792e-02
2.115468829870223999e-01 7.675055414438247681e-02
1.992057412862777710e-01 7.581558078527450562e-02
1.908169239759445190e-01 7.506000995635986328e-02
1.797417849302291870e-01 7.390175014734268188e-02
1.711344122886657715e-01 7.286588847637176514e-02
1.600356847047805786e-01 7.133977860212326050e-02
1.530237644910812378e-01 7.025633752346038818e-02
1.446879059076309204e-01 6.883832067251205444e-02
1.350152641534805298e-01 6.700128316879272461e-02
1.272413879632949829e-01 6.536226719617843628e-02
1.188942492008209229e-01 6.342566013336181641e-02
1.126188188791275024e-01 6.183859333395957947e-02
1.027463823556900024e-01 5.909049883484840393e-02
9.537237882614135742e-02 5.681597068905830383e-02
7.798617333173751831e-02 5.056497827172279358e-02
7.277797907590866089e-02 4.840738326311111450e-02
5.702596902847290039e-02 4.086272418498992920e-02
4.341785237193107605e-02 3.270537033677101135e-02
3.870644420385360718e-02 2.938096597790718079e-02
2.992975339293479919e-02 2.216003835201263428e-02
2.629524841904640198e-02 1.859641261398792267e-02
2.077860012650489807e-02 1.198659371584653854e-02
1.825523562729358673e-02 7.938637398183345795e-03
1.634747162461280823e-02 3.334042616188526154e-03
1.580029353499412537e-02 -9.065077028935775161e-05
1.583666168153285980e-02 -1.233200076967477798e-03
1.615070924162864685e-02 -2.931877505034208298e-03
1.630672253668308258e-02 -3.415770828723907471e-03
1.709264330565929413e-02 -5.035313777625560760e-03
1.824686676263809204e-02 -6.504806224256753922e-03
1.968586072325706482e-02 -7.758833933621644974e-03
2.167663723230361938e-02 -8.992340415716171265e-03
2.341212332248687744e-02 -9.798835031688213348e-03
2.690905146300792694e-02 -1.098440308123826981e-02
3.206915408372879028e-02 -1.211921870708465576e-02
3.822759166359901428e-02 -1.294752862304449081e-02
4.291757941246032715e-02 -1.334750559180974960e-02
5.020634457468986511e-02 -1.371602807193994522e-02
6.374358385801315308e-02 -1.389276515692472458e-02
7.303445786237716675e-02 -1.377338636666536331e-02
8.046402037143707275e-02 -1.358151249587535858e-02
9.285245090723037720e-02 -1.311839185655117035e-02
1.092702522873878479e-01 -1.229969784617424011e-02
1.185652017593383789e-01 -1.175836846232414246e-02
1.239253357052803040e-01 -1.142574194818735123e-02
1.299936473369598389e-01 -1.103359740227460861e-02
1.425126641988754272e-01 -1.018055528402328491e-02
1.494899094104766846e-01 -9.683954529464244843e-03
1.572761684656143188e-01 -9.115576744079589844e-03
1.720681637525558472e-01 -8.004478178918361664e-03
1.815822124481201172e-01 -7.274867035448551178e-03
1.920446753501892090e-01 -6.464784964919090271e-03
2.005246281623840332e-01 -5.805451422929763794e-03
2.079809159040451050e-01 -5.225677043199539185e-03
2.193323075771331787e-01 -4.346310161054134369e-03
2.280745506286621094e-01 -3.674288280308246613e-03
2.446632981300354004e-01 -2.418796299025416374e-03
2.584803104400634766e-01 -1.399578060954809189e-03
2.734098732471466064e-01 -3.325158613733947277e-04
2.817588150501251221e-01 2.463659038767218590e-04
2.893323600292205811e-01 7.592862239107489586e-04
2.954660952091217041e-01 1.165677327662706375e-03
3.087676167488098145e-01 2.017405116930603981e-03
3.157022893428802490e-01 2.444479148834943771e-03
3.303650021553039551e-01 3.306639846414327621e-03
3.356648981571197510e-01 3.604013007134199142e-03
3.528181612491607666e-01 4.511633887887001038e-03
3.626480400562286377e-01 4.992411006242036819e-03
3.730999529361724854e-01 5.470793694257736206e-03
3.871055543422698975e-01 6.056989077478647232e-03
3.962429463863372803e-01 6.404586602002382278e-03
4.072632789611816406e-01 6.786300335079431534e-03
4.121702015399932861e-01 6.942867767065763474e-03
4.291809201240539551e-01 7.420666515827178955e-03
4.494772553443908691e-01 7.857189513742923737e-03
4.643922150135040283e-01 8.084875531494617462e-03
4.772621393203735352e-01 8.218516595661640167e-03
4.889967739582061768e-01 8.290560916066169739e-03
5.011730790138244629e-01 8.316458202898502350e-03
5.105910897254943848e-01 8.303525857627391815e-03
5.169386863708496094e-01 8.279179222881793976e-03
5.300789475440979004e-01 8.190616965293884277e-03
5.426671504974365234e-01 8.060501888394355774e-03
5.506186485290527344e-01 7.957251742482185364e-03
5.657012462615966797e-01 7.721026893705129623e-03
5.778481960296630859e-01 7.496823091059923172e-03
5.881216526031494141e-01 7.287017535418272018e-03
6.030068993568420410e-01 6.955945864319801331e-03
6.142687797546386719e-01 6.688495632261037827e-03
6.373062729835510254e-01 6.110640708357095718e-03
6.555023789405822754e-01 5.638112314045429230e-03
6.594814658164978027e-01 5.534012801945209503e-03
6.684617400169372559e-01 5.298864096403121948e-03
6.821635961532592773e-01 4.940976388752460480e-03
6.901652216911315918e-01 4.733186680823564529e-03
7.003953456878662109e-01 4.469343461096286774e-03
7.171818017959594727e-01 4.041281063109636307e-03
7.326501011848449707e-01 3.651676466688513756e-03
7.454259991645812988e-01 3.332068445160984993e-03
7.536110281944274902e-01 3.127507399767637253e-03
7.667602896690368652e-01 2.797501627355813980e-03
7.765603065490722656e-01 2.548904856666922569e-03
7.867012619972229004e-01 2.287553390488028526e-03
7.916176915168762207e-01 2.158801769837737083e-03
7.985333800315856934e-01 1.974843442440032959e-03
8.060707449913024902e-01 1.769804162904620171e-03
8.261740207672119141e-01 1.191836898215115070e-03
8.334130048751831055e-01 9.693878819234669209e-04
8.511595726013183594e-01 3.806098247878253460e-04
8.636535406112670898e-01 -8.093680662568658590e-05
8.690589070320129395e-01 -2.955829550046473742e-04
8.737625479698181152e-01 -4.907945403829216957e-04
8.878576159477233887e-01 -1.130527700297534466e-03
8.952221870422363281e-01 -1.503287581726908684e-03
9.060869216918945312e-01 -2.112484071403741837e-03
9.107919335365295410e-01 -2.401720499619841576e-03
9.270041584968566895e-01 -3.542822087183594704e-03
9.357019662857055664e-01 -4.264658782631158829e-03
9.465939402580261230e-01 -5.290742963552474976e-03
9.528719782829284668e-01 -5.938407033681869507e-03
9.543584585189819336e-01 -6.096094381064176559e-03
9.583371281623840332e-01 -6.522407289594411850e-03
