9.640625119209289551e-01 -5.524073727428913116e-03
9.635972976684570312e-01 -5.458590574562549591e-03
9.620331525802612305e-01 -5.242488812655210495e-03
9.561273455619812012e-01 -4.462901037186384201e-03
9.461756348609924316e-01 -3.204603446647524834e-03
9.400867819786071777e-01 -2.442588331177830696e-03
9.324787259101867676e-01 -1.486522611230611801e-03
9.284327030181884766e-01 -9.743910632096230984e-04
9.226976037025451660e-01 -2.429146552458405495e-04
9.189174771308898926e-01 2.430759777780622244e-04
9.102044701576232910e-01 1.375640276819467545e-03
9.061957597732543945e-01 1.902511226944625378e-03
8.945497274398803711e-01 3.453279146924614906e-03
8.886247873306274414e-01 4.253125283867120743e-03
8.757659196853637695e-01 6.011793855577707291e-03
8.671755194664001465e-01 7.201902102679014206e-03
8.607245087623596191e-01 8.102434687316417694e-03
8.548717498779296875e-01 8.923794142901897430e-03
8.381149768829345703e-01 1.129283942282199860e-02
8.347683548927307129e-01 1.176819112151861191e-02
8.283022642135620117e-01 1.268779765814542770e-02
8.161012530326843262e-01 1.442470587790012360e-02
7.996497750282287598e-01 1.676123589277267456e-02
7.964990139007568359e-01 1.720691099762916565e-02
7.891889810562133789e-01 1.823762245476245880e-02
7.783768773078918457e-01 1.975119672715663910e-02
7.643011212348937988e-01 2.169612050056457520e-02
7.577016949653625488e-01 2.259572036564350128e-02
7.447289824485778809e-01 2.433676831424236298e-02
7.399700284004211426e-01 2.496534399688243866e-02
7.292192578315734863e-01 2.636312507092952728e-02
7.140651345252990723e-01 2.827546745538711548e-02
7.056890130043029785e-01 2.930059842765331268e-02
6.930724382400512695e-01 3.079826757311820984e-02
6.830103397369384766e-01 3.195039182901382446e-02
6.704618334770202637e-01 3.333187103271484375e-02
6.459481716156005859e-01 3.584443405270576477e-02
6.373422741889953613e-01 3.666626662015914917e-02
6.244598031044006348e-01 3.783695772290229797e-02
6.055166125297546387e-01 3.942838683724403381e-02
5.932876467704772949e-01 4.037402570247650146e-02
5.765942931175231934e-01 4.156294837594032288e-02
5.647713541984558105e-01 4.233519360423088074e-02
5.582949519157409668e-01 4.273418337106704712e-02
5.475216507911682129e-01 4.336090758442878723e-02
5.380359292030334473e-01 4.387518763542175293e-02
5.076928138732910156e-01 4.529271647334098816e-02
5.009104013442993164e-01 4.556378722190856934e-02
4.819215834140777588e-01 4.623725637793540955e-02
4.665309786796569824e-01 4.669320583343505859e-02
4.518213868141174316e-01 4.705598205327987671e-02
4.478780031204223633e-01 4.714130982756614685e-02
4.352253973484039307e-01 4.738153144717216492e-02
4.212566912174224854e-01 4.758788272738456726e-02
4.065917134284973145e-01 4.773876443505287170e-02
3.938736915588378906e-01 4.781531170010566711e-02
3.832878470420837402e-01 4.784056171774864197e-02
3.758104145526885986e-01 4.783722013235092163e-02
3.638668656349182129e-01 4.779533296823501587e-02
3.567816913127899170e-01 4.774900525808334351e-02
3.473860323429107666e-01 4.766261205077171326e-02
3.333167135715484619e-01 4.747915267944335938e-02
3.017806708812713623e-01 4.682268202304840088e-02
2.949609756469726562e-01 4.663400724530220032e-02
2.852715253829956055e-01 4.633591324090957642e-02
2.724778652191162109e-01 4.588640853762626648e-02
2.617017626762390137e-01 4.545619711279869080e-02
2.523534595966339111e-01 4.504294320940971375e-02
2.380947023630142212e-01 4.433709383010864258e-02
2.258187532424926758e-01 4.365175217390060425e-02
2.088360935449600220e-01 4.257545247673988342e-02
1.967871189117431641e-01 4.171387851238250732e-02
1.884177178144454956e-01 4.106363281607627869e-02
1.850519478321075439e-01 4.078948870301246643e-02
1.669209152460098267e-01 3.917874768376350403e-02
1.536523401737213135e-01 3.784331306815147400e-02
1.413023471832275391e-01 3.646609932184219360e-02
1.341562718152999878e-01 3.560405597090721130e-02
1.249231249094009399e-01 3.441273048520088196e-02
1.158031448721885681e-01 3.314236178994178772e-02
9.901600331068038940e-02 3.052651137113571167e-02
8.911692351102828979e-02 2.878890745341777802e-02
8.184202015399932861e-02 2.740458212792873383e-02
6.196966767311096191e-02 2.305905148386955261e-02
5.746384337544441223e-02 2.193508483469486237e-02
5.232371017336845398e-02 2.057659253478050232e-02
4.195230826735496521e-02 1.754275150597095490e-02
3.307057172060012817e-02 1.454752497375011444e-02
2.946431748569011688e-02 1.319398917257785797e-02
2.062370255589485168e-02 9.398308582603931427e-03
1.585996523499488831e-02 6.932322867214679718e-03
1.096373703330755234e-02 3.815988544374704361e-03
8.934055455029010773e-03 2.185709076002240181e-03
7.439220324158668518e-03 7.064503734000027180e-04
6.520163267850875854e-03 -4.531148588284850121e-04
5.959316622465848923e-03 -1.383217866532504559e-03
5.354057066142559052e-03 -3.531340043991804123e-03
5.378955509513616562e-03 -4.097894299775362015e-03
5.530613008886575699e-03 -4.790464881807565689e-03
5.845029838383197784e-03 -5.512058734893798828e-03
6.296557374298572540e-03 -6.182036362588405609e-03
6.992098409682512283e-03 -6.917558144778013229e-03
7.652001921087503433e-03 -7.457103114575147629e-03
9.726682677865028381e-03 -8.692450821399688721e-03
1.246117148548364639e-02 -9.818586520850658417e-03
1.786816865205764771e-02 -1.133502274751663208e-02
2.564418502151966095e-02 -1.277985516935586929e-02
4.443077370524406433e-02 -1.488531939685344696e-02
5.105169862508773804e-02 -1.540031563490629196e-02
6.826201826333999634e-02 -1.644708029925823212e-02
9.457075595855712891e-02 -1.754090934991836548e-02
1.101272255182266235e-01 -1.800005137920379639e-02
1.162935048341751099e-01 -1.815243437886238098e-02
1.371802091598510742e-01 -1.856421865522861481e-02
1.427091956138610840e-01 -1.864938624203205109e-02
1.539171785116195679e-01 -1.879529096186161041e-02
1.628297865390777588e-01 -1.888789609074592590e-02
1.721038222312927246e-01 -1.896431483328342438e-02
1.813521683216094971e-01 -1.902209781110286713e-02
1.912357807159423828e-01 -1.906539872288703918e-02
2.025756984949111938e-01 -1.909406110644340515e-02
2.123986482620239258e-01 -1.910271309316158295e-02
2.248245924711227417e-01 -1.909488625824451447e-02
2.296432405710220337e-01 -1.908681541681289673e-02
2.367212325334548950e-01 -1.907041482627391815e-02
2.423544228076934814e-01 -1.905379630625247955e-02
2.577694058418273926e-01 -1.899439655244350433e-02
2.660603523254394531e-01 -1.895532943308353424e-02
2.812571227550506592e-01 -1.887378841638565063e-02
2.961362004280090332e-01 -1.878490857779979706e-02
3.029202520847320557e-01 -1.874241977930068970e-02
3.127130270004272461e-01 -1.867982558906078339e-02
3.241314888000488281e-01 -1.860603690147399902e-02
3.327099382877349854e-01 -1.855080388486385345e-02
3.484564125537872314e-01 -1.845181733369827271e-02
3.550539314746856689e-01 -1.841185800731182098e-02
3.674186766147613525e-01 -1.834034547209739685e-02
3.761419355869293213e-01 -1.829309016466140747e-02
3.897943496704101562e-01 -1.822549849748611450e-02
4.100515842437744141e-01 -1.814193464815616608e-02
4.158644080162048340e-01 -1.812207140028476715e-02
4.395532608032226562e-01 -1.806191354990005493e-02
4.446210861206054688e-01 -1.805355399847030640e-02
4.618297517299652100e-01 -1.803736202418804169e-02
4.852545559406280518e-01 -1.804519072175025940e-02
4.918816089630126953e-01 -1.805336773395538330e-02
5.059146285057067871e-01 -1.807857491075992584e-02
5.125041007995605469e-01 -1.809378899633884430e-02
5.213347673416137695e-01 -1.811713166534900665e-02
5.398266315460205078e-01 -1.817460358142852783e-02
5.481749176979064941e-01 -1.820303127169609070e-02
5.562199950218200684e-01 -1.823099330067634583e-02
5.739465355873107910e-01 -1.829093880951404572e-02
6.014934182167053223e-01 -1.836143806576728821e-02
6.165374517440795898e-01 -1.837630383670330048e-02
6.265765428543090820e-01 -1.837245002388954163e-02
6.370820403099060059e-01 -1.835394650697708130e-02
6.434809565544128418e-01 -1.833442971110343933e-02
6.497231721878051758e-01 -1.830877549946308136e-02
6.614531874656677246e-01 -1.824128627777099609e-02
6.763152480125427246e-01 -1.811599917709827423e-02
6.864299178123474121e-01 -1.800309494137763977e-02
6.951253414154052734e-01 -1.788710616528987885e-02
7.176860570907592773e-01 -1.750130206346511841e-02
7.301798462867736816e-01 -1.723420619964599609e-02
7.423794269561767578e-01 -1.693722233176231384e-02
7.563120126724243164e-01 -1.655604876577854156e-02
7.719168066978454590e-01 -1.607958972454071045e-02
7.864623665809631348e-01 -1.559324841946363449e-02
8.019260764122009277e-01 -1.503819599747657776e-02
8.146666288375854492e-01 -1.455720700323581696e-02
8.225047588348388672e-01 -1.425315439701080322e-02
8.267287015914916992e-01 -1.408733241260051727e-02
8.337319493293762207e-01 -1.381013076752424240e-02
8.415288329124450684e-01 -1.349940709769725800e-02
8.510990738868713379e-01 -1.311742700636386871e-02
8.650920391082763672e-01 -1.256488356739282608e-02
8.723263144493103027e-01 -1.228573545813560486e-02
8.841779828071594238e-01 -1.184508297592401505e-02
8.940072655677795410e-01 -1.150241214781999588e-02
9.009293317794799805e-01 -1.127808541059494019e-02
9.064924716949462891e-01 -1.111058238893747330e-02
9.220685958862304688e-01 -1.072188373655080795e-02
9.274454116821289062e-01 -1.062310207635164261e-02
9.345260858535766602e-01 -1.052886247634887695e-02
9.368457794189453125e-01 -1.050811074674129486e-02
9.446302056312561035e-01 -1.048066467046737671e-02
9.514980316162109375e-01 -1.051712688058614731e-02
9.569270610809326172e-01 -1.058892346918582916e-02
9.601041674613952637e-01 -1.064720377326011658e-02
9.635782241821289062e-01 -1.072122436016798019e-02
9.642223119735717773e-01 -1.073569618165493011e-02
