9.590443968772888184e-01 -3.493290394544601440e-03
9.575629234313964844e-01 -3.230464644730091095e-03
9.543468952178955078e-01 -2.657190198078751564e-03
9.394038319587707520e-01 3.689249206217937171e-05
9.283441901206970215e-01 2.050555311143398285e-03
9.163636565208435059e-01 4.243935924023389816e-03
9.012772440910339355e-01 7.018605712801218033e-03
8.936585187911987305e-01 8.423916064202785492e-03
8.811346888542175293e-01 1.073840167373418808e-02
8.721551895141601562e-01 1.240043621510267258e-02
8.610520362854003906e-01 1.445744652301073074e-02
8.555101752281188965e-01 1.548461709171533585e-02
8.497289419174194336e-01 1.655629649758338928e-02
8.419858813285827637e-01 1.799164153635501862e-02
8.261275887489318848e-01 2.092957869172096252e-02
8.223907947540283203e-01 2.162126637995243073e-02
8.088102340698242188e-01 2.413195930421352386e-02
8.011338710784912109e-01 2.554838359355926514e-02
7.939128279685974121e-01 2.687848173081874847e-02
7.873750329017639160e-01 2.808058261871337891e-02
7.783070206642150879e-01 2.974389865994453430e-02
7.717655897140502930e-01 3.094052523374557495e-02
7.467767596244812012e-01 3.548153862357139587e-02
7.400842905044555664e-01 3.668817877769470215e-02
7.226524353027343750e-01 3.980869799852371216e-02
7.111777663230895996e-01 4.184315726161003113e-02
7.009699940681457520e-01 4.363838583230972290e-02
6.965532898902893066e-01 4.441063106060028076e-02
6.880636811256408691e-01 4.588683322072029114e-02
6.776683926582336426e-01 4.767924919724464417e-02
6.684352159500122070e-01 4.925638809800148010e-02
6.527808308601379395e-01 5.189644917845726013e-02
6.447889208793640137e-01 5.322689935564994812e-02
6.338134407997131348e-01 5.503389611840248108e-02
6.180350780487060547e-01 5.758894234895706177e-02
6.068171858787536621e-01 5.937336757779121399e-02
5.910759568214416504e-01 6.182980164885520935e-02
5.804524421691894531e-01 6.345497816801071167e-02
5.730030536651611328e-01 6.457823514938354492e-02
5.623286366462707520e-01 6.616355478763580322e-02
5.551602840423583984e-01 6.721163541078567505e-02
5.468509197235107422e-01 6.840946525335311890e-02
5.324637889862060547e-01 7.043842226266860962e-02
5.218331217765808105e-01 7.189943641424179077e-02
5.104696154594421387e-01 7.342360168695449829e-02
5.004055500030517578e-01 7.473973929882049561e-02
4.864047169685363770e-01 7.651543617248535156e-02
4.801389575004577637e-01 7.728845626115798950e-02
4.719119071960449219e-01 7.828225195407867432e-02
4.498599469661712646e-01 8.082139492034912109e-02
4.340546727180480957e-01 8.252204954624176025e-02
4.200713038444519043e-01 8.393733948469161987e-02
4.062409996986389160e-01 8.524924516677856445e-02
3.909041881561279297e-01 8.659524470567703247e-02
3.750056028366088867e-01 8.786132186651229858e-02
3.700872659683227539e-01 8.822488039731979370e-02
3.566393852233886719e-01 8.914745599031448364e-02
3.476033508777618408e-01 8.970612287521362305e-02
3.372440636157989502e-01 9.028280526399612427e-02
3.236601352691650391e-01 9.093019366264343262e-02
3.097313046455383301e-01 9.145778417587280273e-02
3.037179410457611084e-01 9.164050966501235962e-02
2.944916188716888428e-01 9.186530858278274536e-02
2.804165184497833252e-01 9.207212179899215698e-02
2.740769088268280029e-01 9.210859239101409912e-02
2.542779445648193359e-01 9.197858721017837524e-02
2.479941248893737793e-01 9.185512363910675049e-02
2.362736612558364868e-01 9.151078015565872192e-02
2.174061089754104614e-01 9.061922878026962280e-02
2.091533392667770386e-01 9.008681029081344604e-02
1.960410624742507935e-01 8.904518187046051025e-02
1.851319521665573120e-01 8.798015862703323364e-02
1.754754930734634399e-01 8.687327802181243896e-02
1.708912551403045654e-01 8.628998696804046631e-02
1.571601182222366333e-01 8.430103957653045654e-02
1.451238542795181274e-01 8.222989737987518311e-02
1.413610279560089111e-01 8.151327818632125854e-02
1.308720856904983521e-01 7.932507246732711792e-02
1.237963289022445679e-01 7.767734676599502563e-02
1.169231086969375610e-01 7.593118399381637573e-02
1.079732030630111694e-01 7.342056185007095337e-02
9.786951541900634766e-02 7.022427767515182495e-02
9.108664095401763916e-02 6.783431023359298706e-02
8.312282711267471313e-02 6.474258005619049072e-02
7.544279843568801880e-02 6.142780557274818420e-02
7.203116267919540405e-02 5.983699113130569458e-02
5.657505989074707031e-02 5.152067914605140686e-02
4.764656350016593933e-02 4.566041007637977600e-02
4.204578697681427002e-02 4.144593328237533569e-02
3.615679964423179626e-02 3.642110154032707214e-02
3.011816181242465973e-02 3.039160743355751038e-02
2.346517890691757202e-02 2.202271297574043274e-02
2.131315879523754120e-02 1.859709061682224274e-02
1.906590163707733154e-02 1.422027964144945145e-02
1.753372326493263245e-02 1.019910536706447601e-02
1.641771197319030762e-02 5.062649957835674286e-03
1.627155020833015442e-02 2.490377519279718399e-03
1.642815954983234406e-02 9.940090967575088143e-05
1.678084954619407654e-02 -1.786170178093016148e-03
1.712487637996673584e-02 -2.984787803143262863e-03
1.820899173617362976e-02 -5.513790063560009003e-03
2.049301750957965851e-02 -8.743494749069213867e-03
2.199167944490909576e-02 -1.022217702120542526e-02
2.699014917016029358e-02 -1.354816649109125137e-02
3.035891428589820862e-02 -1.501699537038803101e-02
3.585409000515937805e-02 -1.666855253279209137e-02
4.436180740594863892e-02 -1.810868270695209503e-02
4.861865937709808350e-02 -1.849434524774551392e-02
5.566589906811714172e-02 -1.879396103322505951e-02
6.693658977746963501e-02 -1.865206100046634674e-02
8.149240911006927490e-02 -1.774842105805873871e-02
9.413978457450866699e-02 -1.656406372785568237e-02
9.884918481111526489e-02 -1.606112159788608551e-02
1.062251031398773193e-01 -1.522528845816850662e-02
1.169189587235450745e-01 -1.393825281411409378e-02
1.200938075780868530e-01 -1.354405749589204788e-02
1.332173645496368408e-01 -1.188018731772899628e-02
1.473164558410644531e-01 -1.006749179214239120e-02
1.561744362115859985e-01 -8.933007717132568359e-03
1.611133813858032227e-01 -8.305381983518600464e-03
1.712762266397476196e-01 -7.030181586742401123e-03
1.761046350002288818e-01 -6.433681119233369827e-03
1.841909289360046387e-01 -5.450574215501546860e-03
1.903075426816940308e-01 -4.721464123576879501e-03
2.177620679140090942e-01 -1.626129611395299435e-03
2.239913493394851685e-01 -9.678976493887603283e-04
2.335149198770523071e-01 4.852957772527588531e-06
2.457673400640487671e-01 1.194988377392292023e-03
2.543043494224548340e-01 1.982508692890405655e-03
2.706510424613952637e-01 3.393156686797738075e-03
2.829996049404144287e-01 4.373011179268360138e-03
2.885023653507232666e-01 4.785730503499507904e-03
3.030897080898284912e-01 5.808186251670122147e-03
3.117456734180450439e-01 6.365708541125059128e-03
3.285972177982330322e-01 7.346197497099637985e-03
3.342345654964447021e-01 7.643350400030612946e-03
3.432748913764953613e-01 8.087726309895515442e-03
3.558903038501739502e-01 8.642015047371387482e-03
3.669428527355194092e-01 9.065077640116214752e-03
3.777085542678833008e-01 9.421499446034431458e-03
3.864380717277526855e-01 9.670602157711982727e-03
4.009445905685424805e-01 1.000656187534332275e-02
4.128355979919433594e-01 1.021046843379735947e-02
4.215795397758483887e-01 1.032011769711971283e-02
4.430359005928039551e-01 1.044838596135377884e-02
4.625334739685058594e-01 1.039844658225774765e-02
4.732695221900939941e-01 1.030676811933517456e-02
4.837371706962585449e-01 1.017571706324815750e-02
4.938718676567077637e-01 1.001149881631135941e-02
5.021113157272338867e-01 9.852236136794090271e-03
5.171068906784057617e-01 9.507051669061183929e-03
5.267121791839599609e-01 9.251263923943042755e-03
5.332477092742919922e-01 9.063034318387508392e-03
5.414390563964843750e-01 8.812084794044494629e-03
5.648203492164611816e-01 8.016196079552173615e-03
5.782721042633056641e-01 7.515034638345241547e-03
5.878157019615173340e-01 7.145035546272993088e-03
5.947089791297912598e-01 6.871896330267190933e-03
6.107066869735717773e-01 6.224329117685556412e-03
6.164663434028625488e-01 5.988058168441057205e-03
6.301631927490234375e-01 5.423373077064752579e-03
6.455526947975158691e-01 4.789881873875856400e-03
6.604426503181457520e-01 4.184253048151731491e-03
6.646647453308105469e-01 4.014573059976100922e-03
6.921600699424743652e-01 2.939886646345257759e-03
6.970028281211853027e-01 2.756855217739939690e-03
7.089222073554992676e-01 2.315152203664183617e-03
7.254516482353210449e-01 1.723715802654623985e-03
7.352679371833801270e-01 1.383980619721114635e-03
7.447326779365539551e-01 1.064198440872132778e-03
7.596285939216613770e-01 5.752531578764319420e-04
7.670246362686157227e-01 3.383708826731890440e-04
7.735372185707092285e-01 1.326321798842400312e-04
7.789707779884338379e-01 -3.718783773365430534e-05
7.847326397895812988e-01 -2.156658447347581387e-04
7.887733578681945801e-01 -3.399688866920769215e-04
7.976604104042053223e-01 -6.113080307841300964e-04
8.059068322181701660e-01 -8.612892706878483295e-04
8.343466520309448242e-01 -1.723302993923425674e-03
8.515328168869018555e-01 -2.258522901684045792e-03
8.638261556625366211e-01 -2.657035598531365395e-03
8.717162013053894043e-01 -2.923009917140007019e-03
8.811280131340026855e-01 -3.254047827795147896e-03
8.927986025810241699e-01 -3.691390389576554298e-03
9.035475254058837891e-01 -4.128682892769575119e-03
9.071774482727050781e-01 -4.285614471882581711e-03
9.238896369934082031e-01 -5.086580757051706314e-03
9.349597692489624023e-01 -5.709680728614330292e-03
9.486761093139648438e-01 -6.621615495532751083e-03
9.574168324470520020e-01 -7.295509334653615952e-03
9.594718813896179199e-01 -7.463502697646617889e-03
9.611599445343017578e-01 -7.603615522384643555e-03
