9.581531882286071777e-01 -2.847574418410658836e-03
9.574071764945983887e-01 -2.740652766078710556e-03
9.544501900672912598e-01 -2.327305497601628304e-03
9.405732154846191406e-01 -5.101670394651591778e-04
9.280934929847717285e-01 1.055243541486561298e-03
9.178219437599182129e-01 2.330553485080599785e-03
8.963203430175781250e-01 5.003761965781450272e-03
8.872429728507995605e-01 6.140491459518671036e-03
8.764453530311584473e-01 7.501288317143917084e-03
8.630490303039550781e-01 9.203782305121421814e-03
8.527069687843322754e-01 1.052907109260559082e-02
8.432598114013671875e-01 1.174778398126363754e-02
8.325564265251159668e-01 1.313761342316865921e-02
8.185470104217529297e-01 1.497006788849830627e-02
7.985581755638122559e-01 1.760707981884479523e-02
7.945853471755981445e-01 1.813376881182193756e-02
7.743114829063415527e-01 2.083128131926059723e-02
7.657275795936584473e-01 2.197656594216823578e-02
7.559640407562255859e-01 2.327999286353588104e-02
7.487816810607910156e-01 2.423854358494281769e-02
7.400195002555847168e-01 2.540670149028301239e-02
7.293736934661865234e-01 2.682251669466495514e-02
7.143175601959228516e-01 2.881443686783313751e-02
7.076376080513000488e-01 2.969279326498508453e-02
6.957433819770812988e-01 3.124606423079967499e-02
6.899011135101318359e-01 3.200307488441467285e-02
6.747952103614807129e-01 3.393872082233428955e-02
6.688653230667114258e-01 3.468882665038108826e-02
6.602164506912231445e-01 3.577167540788650513e-02
6.380603909492492676e-01 3.847626224160194397e-02
6.247306466102600098e-01 4.004840925335884094e-02
6.027026772499084473e-01 4.254236444830894470e-02
5.983426570892333984e-01 4.301942139863967896e-02
5.762366056442260742e-01 4.534744098782539368e-02
5.647113919258117676e-01 4.649839177727699280e-02
5.561726093292236328e-01 4.732233658432960510e-02
5.450333356857299805e-01 4.835956543684005737e-02
5.319101214408874512e-01 4.952587932348251343e-02
5.175362825393676758e-01 5.073316767811775208e-02
5.083200931549072266e-01 5.146826803684234619e-02
5.051504969596862793e-01 5.171405524015426636e-02
4.870833754539489746e-01 5.304501950740814209e-02
4.783988893032073975e-01 5.364241823554039001e-02
4.682956933975219727e-01 5.430255085229873657e-02
4.529472887516021729e-01 5.523324385285377502e-02
4.380155503749847412e-01 5.605443567037582397e-02
4.229139089584350586e-01 5.679939687252044678e-02
4.148244261741638184e-01 5.716262012720108032e-02
3.954306542873382568e-01 5.792965367436408997e-02
3.873101174831390381e-01 5.820651724934577942e-02
3.780051171779632568e-01 5.849087238311767578e-02
3.665427565574645996e-01 5.879194289445877075e-02
3.520303368568420410e-01 5.909292772412300110e-02
3.397260010242462158e-01 5.927553772926330566e-02
3.262789249420166016e-01 5.939577147364616394e-02
3.226388692855834961e-01 5.941362306475639343e-02
3.136427402496337891e-01 5.943006277084350586e-02
3.031446635723114014e-01 5.939789861440658569e-02
2.921205759048461914e-01 5.930218845605850220e-02
2.798385620117187500e-01 5.911722034215927124e-02
2.717524170875549316e-01 5.894817784428596497e-02
2.651436328887939453e-01 5.878095701336860657e-02
2.559936940670013428e-01 5.850452929735183716e-02
2.492017894983291626e-01 5.826429277658462524e-02
2.422543317079544067e-01 5.798636749386787415e-02
2.245971560478210449e-01 5.712460353970527649e-02
2.118089795112609863e-01 5.635045468807220459e-02
2.085622549057006836e-01 5.613242834806442261e-02
1.912233680486679077e-01 5.480940267443656921e-02
1.853069812059402466e-01 5.429300293326377869e-02
1.778550148010253906e-01 5.359197407960891724e-02
1.664514094591140747e-01 5.240311846137046814e-02
1.623999327421188354e-01 5.194487795233726501e-02
1.465356647968292236e-01 4.995367303490638733e-02
1.304221600294113159e-01 4.757520928978919983e-02
1.164097487926483154e-01 4.517175629734992981e-02
1.068845838308334351e-01 4.333549365401268005e-02
1.013837754726409912e-01 4.219243302941322327e-02
9.527202695608139038e-02 4.084568843245506287e-02
8.904129266738891602e-02 3.938343003392219543e-02
8.151420205831527710e-02 3.748614713549613953e-02
7.160744816064834595e-02 3.474541381001472473e-02
6.238876655697822571e-02 3.190882876515388489e-02
5.066241323947906494e-02 2.781519107520580292e-02
4.704238846898078918e-02 2.641849964857101440e-02
4.111540317535400391e-02 2.396476641297340393e-02
3.058844991028308868e-02 1.892515085637569427e-02
2.664893679320812225e-02 1.670714281499385834e-02
2.138821966946125031e-02 1.324397511780261993e-02
1.755427941679954529e-02 1.000471320003271103e-02
1.606589555740356445e-02 8.357058279216289520e-03
1.505977660417556763e-02 6.923314183950424194e-03
1.405199244618415833e-02 4.453761968761682510e-03
1.394297461956739426e-02 3.452348988503217697e-03
1.431936491280794144e-02 1.494954805821180344e-03
1.505800429731607437e-02 2.064837026409804821e-04
1.633959077298641205e-02 -1.156615791842341423e-03
1.750228926539421082e-02 -2.052176743745803833e-03
1.855583675205707550e-02 -2.720092888921499252e-03
2.013243734836578369e-02 -3.560507437214255333e-03
2.323161810636520386e-02 -4.872817080467939377e-03
2.577415667474269867e-02 -5.739863030612468719e-03
2.769314683973789215e-02 -6.309705786406993866e-03
3.133354708552360535e-02 -7.245166692882776260e-03
3.684347122907638550e-02 -8.402811363339424133e-03
4.435225203633308411e-02 -9.645851328969001770e-03
5.298431217670440674e-02 -1.075661089271306992e-02
5.623074248433113098e-02 -1.110892742872238159e-02
6.986800581216812134e-02 -1.229941844940185547e-02
8.175251632928848267e-02 -1.304577384144067764e-02
9.125898033380508423e-02 -1.349522732198238373e-02
1.095843762159347534e-01 -1.407272648066282272e-02
1.205482110381126404e-01 -1.426973100751638412e-02
1.328770965337753296e-01 -1.438114047050476074e-02
1.561625152826309204e-01 -1.432427670806646347e-02
1.693408638238906860e-01 -1.416037231683731079e-02
1.791834831237792969e-01 -1.398393046110868454e-02
1.965043991804122925e-01 -1.357285864651203156e-02
2.116114497184753418e-01 -1.312032993882894516e-02
2.247865796089172363e-01 -1.266173087060451508e-02
2.327406108379364014e-01 -1.235840283334255219e-02
2.418914139270782471e-01 -1.198650337755680084e-02
2.503536939620971680e-01 -1.162199024111032486e-02
2.634163200855255127e-01 -1.102318614721298218e-02
2.781390547752380371e-01 -1.030006818473339081e-02
2.828272581100463867e-01 -1.005990710109472275e-02
2.897950112819671631e-01 -9.694711305201053619e-03
2.965689003467559814e-01 -9.330687113106250763e-03
3.043835759162902832e-01 -8.900331333279609680e-03
3.120771348476409912e-01 -8.466450497508049011e-03
3.219688534736633301e-01 -7.894859649240970612e-03
3.266088366508483887e-01 -7.621791213750839233e-03
3.470398783683776855e-01 -6.386395078152418137e-03
3.633764386177062988e-01 -5.366285331547260284e-03
3.741572499275207520e-01 -4.681080114096403122e-03
3.817566931247711182e-01 -4.193669650703668594e-03
3.905856907367706299e-01 -3.623970551416277885e-03
3.980945050716400146e-01 -3.137448569759726524e-03
4.028982818126678467e-01 -2.825623145326972008e-03
4.167826771736145020e-01 -1.924025011248886585e-03
4.265891611576080322e-01 -1.289224019274115562e-03
4.387448728084564209e-01 -5.081726703792810440e-04
4.515526294708251953e-01 3.034232649952173233e-04
4.662375450134277344e-01 1.212770934216678143e-03
4.752101898193359375e-01 1.753669697791337967e-03
4.855374693870544434e-01 2.359058009460568428e-03
4.927270114421844482e-01 2.767931204289197922e-03
5.000878572463989258e-01 3.174391575157642365e-03
5.125665068626403809e-01 3.831645473837852478e-03
5.186441540718078613e-01 4.135596100240945816e-03
5.232413411140441895e-01 4.357812460511922836e-03
5.301754474639892578e-01 4.679669626057147980e-03
5.391792058944702148e-01 5.072016734629869461e-03
5.455533862113952637e-01 5.331099499017000198e-03
5.572781562805175781e-01 5.764245521277189255e-03
5.720908045768737793e-01 6.225084420293569565e-03
5.805901885032653809e-01 6.443276535719633102e-03
5.855655074119567871e-01 6.554777733981609344e-03
5.972947478294372559e-01 6.769279483705759048e-03
6.024862527847290039e-01 6.842291448265314102e-03
6.072025299072265625e-01 6.896906998008489609e-03
6.270332336425781250e-01 7.005389314144849777e-03
6.406871080398559570e-01 6.969129666686058044e-03
6.444828510284423828e-01 6.943588145077228546e-03
6.670841574668884277e-01 6.660402286797761917e-03
6.760430932044982910e-01 6.489867810159921646e-03
6.856864690780639648e-01 6.272320169955492020e-03
6.953499913215637207e-01 6.021149456501007080e-03
7.105655670166015625e-01 5.563565064221620560e-03
7.188484072685241699e-01 5.285014864057302475e-03
7.303339838981628418e-01 4.867213312536478043e-03
7.380195856094360352e-01 4.568519536405801773e-03
7.458584308624267578e-01 4.249078221619129181e-03
7.514106631278991699e-01 4.014241043478250504e-03
7.604840993881225586e-01 3.615957219153642654e-03
7.668570280075073242e-01 3.325967816635966301e-03
7.821789979934692383e-01 2.596535719931125641e-03
7.892140746116638184e-01 2.247330965474247932e-03
8.027684688568115234e-01 1.551091438159346581e-03
8.174751996994018555e-01 7.632895722053945065e-04
8.329036831855773926e-01 -9.620730270398780704e-05
8.387238383293151855e-01 -4.285670293029397726e-04
8.501110672950744629e-01 -1.090844743885099888e-03
8.626400232315063477e-01 -1.836583600379526615e-03
8.736464381217956543e-01 -2.505015349015593529e-03
8.842236995697021484e-01 -3.157649887725710869e-03
9.058650135993957520e-01 -4.515872336924076080e-03
9.226964116096496582e-01 -5.577025003731250763e-03
9.342740178108215332e-01 -6.291094236075878143e-03
9.501606822013854980e-01 -7.194496225565671921e-03
9.534550905227661133e-01 -7.359616924077272415e-03
9.565925002098083496e-01 -7.505688350647687912e-03
