9.634153842926025391e-01 -2.696873561944812536e-04
9.626854658126831055e-01 -3.514857598929665983e-05
9.596943259239196777e-01 8.903412963263690472e-04
9.501485228538513184e-01 3.650191472843289375e-03
9.279897212982177734e-01 9.658762253820896149e-03
9.175528287887573242e-01 1.241462212055921555e-02
9.023146629333496094e-01 1.640296913683414459e-02
8.974446654319763184e-01 1.767235808074474335e-02
8.873732686042785645e-01 2.029310166835784912e-02
8.774872422218322754e-01 2.286203391849994659e-02
8.670690655708312988e-01 2.556734159588813782e-02
8.577351570129394531e-01 2.799012511968612671e-02
8.500745296478271484e-01 2.997806109488010406e-02
8.378313779830932617e-01 3.315351530909538269e-02
8.157353997230529785e-01 3.887311369180679321e-02
8.051020503044128418e-01 4.161566123366355896e-02
7.954453229904174805e-01 4.409747570753097534e-02
7.836641073226928711e-01 4.711007326841354370e-02
7.736160159111022949e-01 4.966270923614501953e-02
7.552632093429565430e-01 5.427318438887596130e-02
7.349845767021179199e-01 5.926626920700073242e-02
7.244416475296020508e-01 6.181021034717559814e-02
7.152549028396606445e-01 6.399330496788024902e-02
7.124747037887573242e-01 6.464727967977523804e-02
6.936519742012023926e-01 6.898645311594009399e-02
6.874083280563354492e-01 7.038894295692443848e-02
6.752684712409973145e-01 7.305864989757537842e-02
6.588737964630126953e-01 7.653541117906570435e-02
6.375117897987365723e-01 8.082375675439834595e-02
6.267388463020324707e-01 8.287514746189117432e-02
6.121865510940551758e-01 8.552134037017822266e-02
6.044512987136840820e-01 8.686748892068862915e-02
5.871573686599731445e-01 8.972034603357315063e-02
5.794286727905273438e-01 9.092354774475097656e-02
5.701148509979248047e-01 9.231340885162353516e-02
5.604205131530761719e-01 9.368927031755447388e-02
5.483726859092712402e-01 9.529708325862884521e-02
5.403144359588623047e-01 9.630861133337020874e-02
5.245536565780639648e-01 9.813725203275680542e-02
5.162708759307861328e-01 9.901811182498931885e-02
5.066813230514526367e-01 9.996841847896575928e-02
4.974144399166107178e-01 1.008155271410942078e-01
4.844128787517547607e-01 1.018854081630706787e-01
4.662162065505981445e-01 1.031489446759223938e-01
4.614213407039642334e-01 1.034363135695457458e-01
4.541501998901367188e-01 1.038357317447662354e-01
4.390694499015808105e-01 1.045241281390190125e-01
4.320041835308074951e-01 1.047814711928367615e-01
4.179677963256835938e-01 1.051691919565200806e-01
3.976736664772033691e-01 1.054381132125854492e-01
3.896794915199279785e-01 1.054490506649017334e-01
3.855634331703186035e-01 1.054336726665496826e-01
3.799069523811340332e-01 1.053892597556114197e-01
3.699140548706054688e-01 1.052445620298385620e-01
3.637578189373016357e-01 1.051132529973983765e-01
3.564593791961669922e-01 1.049157530069351196e-01
3.451363444328308105e-01 1.045191586017608643e-01
3.262913823127746582e-01 1.036140695214271545e-01
3.204766511917114258e-01 1.032724454998970032e-01
3.142550587654113770e-01 1.028740629553794861e-01
3.064439296722412109e-01 1.023255214095115662e-01
2.849183976650238037e-01 1.005311533808708191e-01
2.762262225151062012e-01 9.968701004981994629e-02
2.727432250976562500e-01 9.932913631200790405e-02
2.596886754035949707e-01 9.788635373115539551e-02
2.488759011030197144e-01 9.656795859336853027e-02
2.395718991756439209e-01 9.534187614917755127e-02
2.318400293588638306e-01 9.425703436136245728e-02
2.191533446311950684e-01 9.234367311000823975e-02
1.987375468015670776e-01 8.890181779861450195e-02
1.827684491872787476e-01 8.587847650051116943e-02
1.754590421915054321e-01 8.439156413078308105e-02
1.624682396650314331e-01 8.157932013273239136e-02
1.577958166599273682e-01 8.051233738660812378e-02
1.504946947097778320e-01 7.878327369689941406e-02
1.421683132648468018e-01 7.671531289815902710e-02
1.359786093235015869e-01 7.510820776224136353e-02
1.263964623212814331e-01 7.249544560909271240e-02
1.169500872492790222e-01 6.976041942834854126e-02
1.109223738312721252e-01 6.792598962783813477e-02
1.025768965482711792e-01 6.526196002960205078e-02
8.256611973047256470e-02 5.820148810744285583e-02
7.705727219581604004e-02 5.606437847018241882e-02
7.070855796337127686e-02 5.348006635904312134e-02
6.100845336914062500e-02 4.924599826335906982e-02
5.043245851993560791e-02 4.415702074766159058e-02
4.008192941546440125e-02 3.856148570775985718e-02
3.621469810605049133e-02 3.627131879329681396e-02
3.157500550150871277e-02 3.334405645728111267e-02
2.767357602715492249e-02 3.070053085684776306e-02
1.892126351594924927e-02 2.393169142305850983e-02
1.455156970769166946e-02 1.988850347697734833e-02
1.103525608777999878e-02 1.606528833508491516e-02
7.990347221493721008e-03 1.198537554591894150e-02
5.945971701294183731e-03 8.318047970533370972e-03
4.539438057690858841e-03 4.068759735673666000e-03
4.293819889426231384e-03 1.450292882509529591e-03
4.773458000272512436e-03 -1.654349965974688530e-03
5.372221115976572037e-03 -3.158181440085172653e-03
5.978907458484172821e-03 -4.239878151565790176e-03
7.198976352810859680e-03 -5.852468777447938919e-03
8.885161019861698151e-03 -7.484877016395330429e-03
1.172023639082908630e-02 -9.490836411714553833e-03
1.481797546148300171e-02 -1.113305706530809402e-02
2.660098113119602203e-02 -1.519345119595527649e-02
3.739318251609802246e-02 -1.763476058840751648e-02
4.487345367670059204e-02 -1.901010796427726746e-02
5.149698257446289062e-02 -2.010071091353893280e-02
6.008538603782653809e-02 -2.139719948172569275e-02
7.052924484014511108e-02 -2.285602875053882599e-02
8.710384368896484375e-02 -2.501126192510128021e-02
9.658206999301910400e-02 -2.618722431361675262e-02
1.052750796079635620e-01 -2.723958902060985565e-02
1.228809058666229248e-01 -2.930706366896629333e-02
1.400364935398101807e-01 -3.124556690454483032e-02
1.508840322494506836e-01 -3.243162482976913452e-02
1.583226323127746582e-01 -3.322612121701240540e-02
1.785424351692199707e-01 -3.530205041170120239e-02
1.973318457603454590e-01 -3.711080923676490784e-02
2.067077755928039551e-01 -3.796611353754997253e-02
2.173815518617630005e-01 -3.889909386634826660e-02
2.255788743495941162e-01 -3.958500549197196960e-02
2.372500300407409668e-01 -4.051393643021583557e-02
2.417514771223068237e-01 -4.085683077573776245e-02
2.596248984336853027e-01 -4.213088378310203552e-02
2.704114615917205811e-01 -4.283009469509124756e-02
2.812399566173553467e-01 -4.347759485244750977e-02
2.881372869014739990e-01 -4.386100545525550842e-02
3.033320903778076172e-01 -4.462420195341110229e-02
3.101584613323211670e-01 -4.492998123168945312e-02
3.215993940830230713e-01 -4.538990557193756104e-02
3.332379460334777832e-01 -4.578918963670730591e-02
3.462153077125549316e-01 -4.615142941474914551e-02
3.513267338275909424e-01 -4.626977071166038513e-02
3.703714609146118164e-01 -4.658768698573112488e-02
3.790282607078552246e-01 -4.666726663708686829e-02
3.897465467453002930e-01 -4.670872911810874939e-02
3.983451426029205322e-01 -4.669593647122383118e-02
4.061062037944793701e-01 -4.664885997772216797e-02
4.150225520133972168e-01 -4.655284062027931213e-02
4.349002838134765625e-01 -4.617583379149436951e-02
4.397377967834472656e-01 -4.604976996779441833e-02
4.496024847030639648e-01 -4.575081914663314819e-02
4.571397304534912109e-01 -4.548439383506774902e-02
4.628211855888366699e-01 -4.526176303625106812e-02
4.699386954307556152e-01 -4.495640099048614502e-02
4.770645797252655029e-01 -4.462121799588203430e-02
4.957551956176757812e-01 -4.360247030854225159e-02
5.051463842391967773e-01 -4.301497712731361389e-02
5.147094130516052246e-01 -4.236559942364692688e-02
5.286281108856201172e-01 -4.133011400699615479e-02
5.344135165214538574e-01 -4.086904600262641907e-02
5.458561778068542480e-01 -3.990601003170013428e-02
5.549094080924987793e-01 -3.909790515899658203e-02
5.680376887321472168e-01 -3.785832226276397705e-02
5.731545686721801758e-01 -3.735491633415222168e-02
5.811003446578979492e-01 -3.655248880386352539e-02
5.925042629241943359e-01 -3.536090999841690063e-02
5.982397198677062988e-01 -3.474588319659233093e-02
6.121888160705566406e-01 -3.321417048573493958e-02
6.190678477287292480e-01 -3.244392201304435730e-02
6.287306547164916992e-01 -3.135068714618682861e-02
6.400997638702392578e-01 -3.005521930754184723e-02
6.512753367424011230e-01 -2.878169529139995575e-02
6.627471446990966797e-01 -2.748475596308708191e-02
6.710848808288574219e-01 -2.655458636581897736e-02
6.797896027565002441e-01 -2.559927105903625488e-02
6.911511421203613281e-01 -2.438313327729701996e-02
6.969016790390014648e-01 -2.378316037356853485e-02
7.140735387802124023e-01 -2.206416986882686615e-02
7.288922667503356934e-01 -2.067884057760238647e-02
7.380461096763610840e-01 -1.987237669527530670e-02
7.491614818572998047e-01 -1.894560270011425018e-02
7.542894482612609863e-01 -1.853770203888416290e-02
7.760092020034790039e-01 -1.694723218679428101e-02
7.882026433944702148e-01 -1.614919863641262054e-02
8.055995106697082520e-01 -1.512141153216362000e-02
8.180847167968750000e-01 -1.445780787616968155e-02
8.328809142112731934e-01 -1.374229602515697479e-02
8.416286110877990723e-01 -1.335091236978769302e-02
8.499068617820739746e-01 -1.299897860735654831e-02
8.566575050354003906e-01 -1.272325031459331512e-02
8.853397369384765625e-01 -1.161795109510421753e-02
8.907831311225891113e-01 -1.140994485467672348e-02
9.018822312355041504e-01 -1.097198203206062317e-02
9.093371033668518066e-01 -1.065832749009132385e-02
9.264250993728637695e-01 -9.820421226322650909e-03
9.369804859161376953e-01 -9.152770042419433594e-03
9.497997760772705078e-01 -8.040732704102993011e-03
9.628453850746154785e-01 -6.252715364098548889e-03
9.643746614456176758e-01 -5.974491592496633530e-03
9.656676650047302246e-01 -5.725212395191192627e-03
