9.594284296035766602e-01 4.078595899045467377e-03
9.584771394729614258e-01 4.596964456140995026e-03
9.524599909782409668e-01 7.435313425958156586e-03
9.425160884857177734e-01 1.125275809317827225e-02
9.175583720207214355e-01 1.891999505460262299e-02
9.063270092010498047e-01 2.192220278084278107e-02
8.931394815444946289e-01 2.523495629429817200e-02
8.843549489974975586e-01 2.734251692891120911e-02
8.733932971954345703e-01 2.988197468221187592e-02
8.625824451446533203e-01 3.230290114879608154e-02
8.535577058792114258e-01 3.426861390471458435e-02
8.444695472717285156e-01 3.620281070470809937e-02
8.297532200813293457e-01 3.924811258912086487e-02
8.235201835632324219e-01 4.050816595554351807e-02
8.142599463462829590e-01 4.234937578439712524e-02
8.100406527519226074e-01 4.317646101117134094e-02
7.949200272560119629e-01 4.608231037855148315e-02
7.825791835784912109e-01 4.838800802826881409e-02
7.758414149284362793e-01 4.962223023176193237e-02
7.657054066658020020e-01 5.144630372524261475e-02
7.556549906730651855e-01 5.321604385972023010e-02
7.494781613349914551e-01 5.428431928157806396e-02
7.370632886886596680e-01 5.638605728745460510e-02
7.264539599418640137e-01 5.813325196504592896e-02
7.097464799880981445e-01 6.079056113958358765e-02
7.052320241928100586e-01 6.148828938603401184e-02
6.953446269035339355e-01 6.298553198575973511e-02
6.906958818435668945e-01 6.367456167936325073e-02
6.842190027236938477e-01 6.461838632822036743e-02
6.665289998054504395e-01 6.709816306829452515e-02
6.558665633201599121e-01 6.852161884307861328e-02
6.430898904800415039e-01 7.015467435121536255e-02
6.350904703140258789e-01 7.113607972860336304e-02
6.282030344009399414e-01 7.195524126291275024e-02
6.165224909782409668e-01 7.328929007053375244e-02
6.062536239624023438e-01 7.440388947725296021e-02
5.843566060066223145e-01 7.659537345170974731e-02
5.780135989189147949e-01 7.718241214752197266e-02
5.626990795135498047e-01 7.851028442382812500e-02
5.554288029670715332e-01 7.909599691629409790e-02
5.509837269783020020e-01 7.943987101316452026e-02
5.397262573242187500e-01 8.026222884654998779e-02
5.305107235908508301e-01 8.088345825672149658e-02
5.204592347145080566e-01 8.150745928287506104e-02
5.058066248893737793e-01 8.231668174266815186e-02
4.931292235851287842e-01 8.292036503553390503e-02
4.821977317333221436e-01 8.336897194385528564e-02
4.764075279235839844e-01 8.357957005500793457e-02
4.662291109561920166e-01 8.390436321496963501e-02
4.552728533744812012e-01 8.418928086757659912e-02
4.433135092258453369e-01 8.442369103431701660e-02
4.370056390762329102e-01 8.451513200998306274e-02
4.269470274448394775e-01 8.461488783359527588e-02
4.198839068412780762e-01 8.465111255645751953e-02
4.008486568927764893e-01 8.460975438356399536e-02
3.948884308338165283e-01 8.455504477024078369e-02
3.870874941349029541e-01 8.445336669683456421e-02
3.706800043582916260e-01 8.412795513868331909e-02
3.596544861793518066e-01 8.382406830787658691e-02
3.498562276363372803e-01 8.349625021219253540e-02
3.443757593631744385e-01 8.328910171985626221e-02
3.357485532760620117e-01 8.292830735445022583e-02
3.292862176895141602e-01 8.263010531663894653e-02
3.168607056140899658e-01 8.198897540569305420e-02
3.108367323875427246e-01 8.164581656455993652e-02
3.026904761791229248e-01 8.114787191152572632e-02
2.903147637844085693e-01 8.031593263149261475e-02
2.780988812446594238e-01 7.940398156642913818e-02
2.707981169223785400e-01 7.881505787372589111e-02
2.625206112861633301e-01 7.810685038566589355e-02
2.557970583438873291e-01 7.749930769205093384e-02
2.384842485189437866e-01 7.579759508371353149e-02
2.320881336927413940e-01 7.511711865663528442e-02
2.256616353988647461e-01 7.440422475337982178e-02
2.146955281496047974e-01 7.311779260635375977e-02
2.001245170831680298e-01 7.126455754041671753e-02
1.871577948331832886e-01 6.946691125631332397e-02
1.712152361869812012e-01 6.704556941986083984e-02
1.597742438316345215e-01 6.514856219291687012e-02
1.485547572374343872e-01 6.314332783222198486e-02
1.434583514928817749e-01 6.218052282929420471e-02
1.353797763586044312e-01 6.058171391487121582e-02
1.251179128885269165e-01 5.841001495718955994e-02
1.175532415509223938e-01 5.669658258557319641e-02
1.107459440827369690e-01 5.506335571408271790e-02
1.027069017291069031e-01 5.301014333963394165e-02
8.400110155344009399e-02 4.760278388857841492e-02
7.408512383699417114e-02 4.428660124540328979e-02
5.494568124413490295e-02 3.661555424332618713e-02
4.941628128290176392e-02 3.396697714924812317e-02
4.031024500727653503e-02 2.897198311984539032e-02
3.460252285003662109e-02 2.527892962098121643e-02
2.933236770331859589e-02 2.127873338758945465e-02
2.476488612592220306e-02 1.707516983151435852e-02
2.174566686153411865e-02 1.363874599337577820e-02
2.015654928982257843e-02 1.145503111183643341e-02
1.908607222139835358e-02 9.737025015056133270e-03
1.710228435695171356e-02 5.423218011856079102e-03
1.650501228868961334e-02 3.310361411422491074e-03
1.612256094813346863e-02 7.620543474331498146e-04
1.633308269083499908e-02 -3.427095478400588036e-03
1.968339458107948303e-02 -1.106300484389066696e-02
2.413888648152351379e-02 -1.592016033828258514e-02
3.400222584605216980e-02 -2.259428240358829498e-02
3.899777308106422424e-02 -2.504985406994819641e-02
4.332094267010688782e-02 -2.688246592879295349e-02
4.691105335950851440e-02 -2.824430912733078003e-02
5.180060863494873047e-02 -2.990951761603355408e-02
6.296400725841522217e-02 -3.307880461215972900e-02
7.211474329233169556e-02 -3.517971932888031006e-02
8.079373836517333984e-02 -3.685615956783294678e-02
8.875178545713424683e-02 -3.817184641957283020e-02
9.443733096122741699e-02 -3.900054097175598145e-02
1.032853648066520691e-01 -4.012961313128471375e-02
1.139135584235191345e-01 -4.126137122511863708e-02
1.217263489961624146e-01 -4.195784777402877808e-02
1.315361857414245605e-01 -4.269053786993026733e-02
1.402578651905059814e-01 -4.322424158453941345e-02
1.486207991838455200e-01 -4.364322870969772339e-02
1.532460600137710571e-01 -4.383925721049308777e-02
1.698225736618041992e-01 -4.435550794005393982e-02
1.768509000539779663e-01 -4.449516907334327698e-02
1.851325780153274536e-01 -4.460573196411132812e-02
1.954049319028854370e-01 -4.466843977570533752e-02
2.074838578701019287e-01 -4.464678093791007996e-02
2.150313705205917358e-01 -4.458564892411231995e-02
2.253475338220596313e-01 -4.444799572229385376e-02
2.317317277193069458e-01 -4.433368891477584839e-02
2.445283532142639160e-01 -4.404288530349731445e-02
2.521457374095916748e-01 -4.383346810936927795e-02
2.631030678749084473e-01 -4.348852857947349548e-02
2.793810367584228516e-01 -4.288889467716217041e-02
2.975395321846008301e-01 -4.210971295833587646e-02
3.137060403823852539e-01 -4.132875427603721619e-02
3.201445043087005615e-01 -4.099677130579948425e-02
3.267439901828765869e-01 -4.064480960369110107e-02
3.345475494861602783e-01 -4.021400213241577148e-02
3.388408720493316650e-01 -3.997042030096054077e-02
3.492951095104217529e-01 -3.935872390866279602e-02
3.563514053821563721e-01 -3.893146663904190063e-02
3.711919188499450684e-01 -3.799703344702720642e-02
3.904521763324737549e-01 -3.671626001596450806e-02
4.068698287010192871e-01 -3.556793928146362305e-02
4.178221821784973145e-01 -3.477461263537406921e-02
4.292645156383514404e-01 -3.392345085740089417e-02
4.342053234577178955e-01 -3.354907780885696411e-02
4.434542059898376465e-01 -3.283742442727088928e-02
4.679536819458007812e-01 -3.088657371699810028e-02
4.791623353958129883e-01 -2.996348403394222260e-02
4.895487129688262939e-01 -2.909171395003795624e-02
4.985017478466033936e-01 -2.832797169685363770e-02
5.112951993942260742e-01 -2.721751667559146881e-02
5.251261591911315918e-01 -2.599285729229450226e-02
5.345589518547058105e-01 -2.514398470520973206e-02
5.457005500793457031e-01 -2.412796020507812500e-02
5.537306070327758789e-01 -2.338727191090583801e-02
5.670767426490783691e-01 -2.214200422167778015e-02
5.741584300994873047e-01 -2.147475630044937134e-02
5.877109766006469727e-01 -2.018712833523750305e-02
5.970157384872436523e-01 -1.929641328752040863e-02
6.131964921951293945e-01 -1.773875020444393158e-02
6.435450315475463867e-01 -1.481165923178195953e-02
6.673708558082580566e-01 -1.254111248999834061e-02
6.716153025627136230e-01 -1.214192435145378113e-02
6.856651902198791504e-01 -1.083638798445463181e-02
6.915766596794128418e-01 -1.029557920992374420e-02
7.042108774185180664e-01 -9.159875102341175079e-03
7.129706144332885742e-01 -8.390652015805244446e-03
7.234612703323364258e-01 -7.491706404834985733e-03
7.313392162322998047e-01 -6.834193132817745209e-03
7.413696050643920898e-01 -6.020798813551664352e-03
7.543146610260009766e-01 -5.013983696699142456e-03
7.613636851310729980e-01 -4.487670958042144775e-03
7.651670575141906738e-01 -4.210483282804489136e-03
7.760804891586303711e-01 -3.442863002419471741e-03
7.805637717247009277e-01 -3.139931010082364082e-03
7.852481007575988770e-01 -2.831468591466546059e-03
7.897437214851379395e-01 -2.543377922847867012e-03
8.054311871528625488e-01 -1.602172385901212692e-03
8.110982775688171387e-01 -1.287934719584882259e-03
8.342996835708618164e-01 -1.572848123032599688e-04
8.422555327415466309e-01 1.681316498434171081e-04
8.515303730964660645e-01 5.036088987253606319e-04
8.664628267288208008e-01 9.363098070025444031e-04
8.792043328285217285e-01 1.189734437502920628e-03
8.840538859367370605e-01 1.255345414392650127e-03
9.058859944343566895e-01 1.309379236772656441e-03
9.269080162048339844e-01 9.089579689316451550e-04
9.406497478485107422e-01 3.431564546190202236e-04
9.528273940086364746e-01 -3.831677313428372145e-04
9.574325680732727051e-01 -7.033735746517777443e-04
9.610034823417663574e-01 -9.592986316420137882e-04
