9.683495759963989258e-01 -1.274586305953562260e-03
9.679328799247741699e-01 -1.212101662531495094e-03
9.647328257560729980e-01 -7.356498390436172485e-04
9.590205550193786621e-01 1.116801649914123118e-04
9.452089071273803711e-01 2.195700537413358688e-03
9.396126270294189453e-01 3.061712253838777542e-03
9.202514290809631348e-01 6.170828826725482941e-03
9.128239154815673828e-01 7.413101848214864731e-03
9.008175134658813477e-01 9.482376277446746826e-03
8.932511806488037109e-01 1.082624681293964386e-02
8.869159221649169922e-01 1.197577174752950668e-02
8.788331747055053711e-01 1.347507070749998093e-02
8.721426725387573242e-01 1.474429015070199966e-02
8.562641143798828125e-01 1.786033995449542999e-02
8.397997617721557617e-01 2.124842442572116852e-02
8.349748849868774414e-01 2.227187715470790863e-02
8.210334777832031250e-01 2.530690282583236694e-02
8.048238754272460938e-01 2.897969819605350494e-02
7.941763997077941895e-01 3.147448971867561340e-02
7.849758863449096680e-01 3.368085622787475586e-02
7.718563675880432129e-01 3.690461814403533936e-02
7.611091136932373047e-01 3.960916772484779358e-02
7.554261684417724609e-01 4.106089100241661072e-02
7.503057718276977539e-01 4.238092899322509766e-02
7.442034482955932617e-01 4.396811500191688538e-02
7.392516136169433594e-01 4.526663571596145630e-02
7.199624180793762207e-01 5.040285363793373108e-02
7.102569341659545898e-01 5.302553996443748474e-02
7.058497071266174316e-01 5.422296747565269470e-02
6.944190859794616699e-01 5.734276399016380310e-02
6.814942359924316406e-01 6.088554859161376953e-02
6.665686964988708496e-01 6.497934460639953613e-02
6.548423171043395996e-01 6.818443536758422852e-02
6.477919816970825195e-01 7.010193914175033569e-02
6.299835443496704102e-01 7.489690184593200684e-02
6.253767609596252441e-01 7.612293213605880737e-02
6.055214405059814453e-01 8.132036775350570679e-02
5.970026254653930664e-01 8.349989354610443115e-02
5.780175924301147461e-01 8.822752535343170166e-02
5.755087137222290039e-01 8.883765339851379395e-02
5.618386268615722656e-01 9.209622442722320557e-02
5.477592349052429199e-01 9.532844275236129761e-02
5.435975790023803711e-01 9.625816345214843750e-02
5.106407403945922852e-01 1.031716838479042053e-01
4.993635714054107666e-01 1.053416430950164795e-01
4.852144718170166016e-01 1.079130843281745911e-01
4.692532420158386230e-01 1.106035411357879639e-01
4.538325965404510498e-01 1.129821091890335083e-01
4.384938478469848633e-01 1.151245906949043274e-01
4.276191294193267822e-01 1.165042147040367126e-01
4.197134077548980713e-01 1.174327358603477478e-01
4.159615933895111084e-01 1.178511977195739746e-01
4.082910120487213135e-01 1.186614856123924255e-01
4.007104337215423584e-01 1.194019392132759094e-01
3.885007202625274658e-01 1.204660460352897644e-01
3.847124278545379639e-01 1.207635030150413513e-01
3.643940985202789307e-01 1.220879256725311279e-01
3.411610126495361328e-01 1.230248287320137024e-01
3.363526463508605957e-01 1.231392621994018555e-01
3.245110809803009033e-01 1.233012750744819641e-01
3.174851834774017334e-01 1.233155429363250732e-01
3.065481483936309814e-01 1.232137605547904968e-01
3.002635240554809570e-01 1.230855807662010193e-01
2.945290803909301758e-01 1.229233816266059875e-01
2.777852714061737061e-01 1.221968010067939758e-01
2.710200548171997070e-01 1.217933669686317444e-01
2.504684031009674072e-01 1.201634183526039124e-01
2.388606816530227661e-01 1.189626753330230713e-01
2.305199950933456421e-01 1.179691776633262634e-01
2.207705229520797729e-01 1.166641712188720703e-01
2.142991274595260620e-01 1.157097294926643372e-01
2.018274962902069092e-01 1.136636659502983093e-01
1.967527121305465698e-01 1.127504333853721619e-01
1.836724877357482910e-01 1.101711168885231018e-01
1.741403788328170776e-01 1.080770418047904968e-01
1.541202962398529053e-01 1.030431613326072693e-01
1.477019935846328735e-01 1.012336239218711853e-01
1.337465345859527588e-01 9.694130718708038330e-02
1.213586777448654175e-01 9.268701821565628052e-02
1.086789593100547791e-01 8.785348385572433472e-02
1.014290824532508850e-01 8.485081046819686890e-02
9.579595923423767090e-02 8.238766342401504517e-02
9.055507183074951172e-02 7.998737692832946777e-02
8.253096789121627808e-02 7.609473168849945068e-02
7.371187955141067505e-02 7.148405909538269043e-02
6.480573862791061401e-02 6.643033027648925781e-02
4.727925360202789307e-02 5.505562201142311096e-02
4.411460459232330322e-02 5.275251716375350952e-02
3.391960635781288147e-02 4.463712126016616821e-02
2.736148796975612640e-02 3.867640718817710876e-02
2.181565947830677032e-02 3.295319899916648865e-02
2.049971371889114380e-02 3.146673738956451416e-02
1.425606291741132736e-02 2.330969087779521942e-02
1.189635321497917175e-02 1.939413323998451233e-02
1.013625785708427429e-02 1.579771004617214203e-02
8.992510847747325897e-03 1.279559824615716934e-02
8.525595068931579590e-03 1.124295499175786972e-02
7.817442528903484344e-03 7.813624106347560883e-03
7.595170289278030396e-03 5.125328432768583298e-03
8.572800084948539734e-03 -1.944232964888215065e-03
1.050006411969661713e-02 -6.428341381251811981e-03
1.528032124042510986e-02 -1.290042605251073837e-02
2.029812335968017578e-02 -1.756227202713489532e-02
2.353948354721069336e-02 -2.004479989409446716e-02
2.878813445568084717e-02 -2.352859452366828918e-02
3.022017329931259155e-02 -2.439210750162601471e-02
3.329037502408027649e-02 -2.614321932196617126e-02
3.769857808947563171e-02 -2.845571190118789673e-02
4.701339825987815857e-02 -3.274008259177207947e-02
5.648392066359519958e-02 -3.646793216466903687e-02
6.070934981107711792e-02 -3.796968236565589905e-02
7.914312928915023804e-02 -4.360783100128173828e-02
9.570639580488204956e-02 -4.766831174492835999e-02
1.110307350754737854e-01 -5.076047778129577637e-02
1.184429377317428589e-01 -5.206003785133361816e-02
1.416845023632049561e-01 -5.542317032814025879e-02
1.577848792076110840e-01 -5.720025300979614258e-02
1.723213046789169312e-01 -5.846710130572319031e-02
1.886174976825714111e-01 -5.954552441835403442e-02
2.103069573640823364e-01 -6.047844141721725464e-02
2.185586243867874146e-01 -6.069561839103698730e-02
2.241124659776687622e-01 -6.080170720815658569e-02
2.345314323902130127e-01 -6.091731414198875427e-02
2.483644336462020874e-01 -6.091061979532241821e-02
2.563217580318450928e-01 -6.082811206579208374e-02
2.629862725734710693e-01 -6.071670725941658020e-02
2.685530483722686768e-01 -6.059493869543075562e-02
2.820975184440612793e-01 -6.019357219338417053e-02
2.946074604988098145e-01 -5.969621986150741577e-02
3.088281154632568359e-01 -5.899098888039588928e-02
3.170798122882843018e-01 -5.851666629314422607e-02
3.263918459415435791e-01 -5.792624130845069885e-02
3.434610664844512939e-01 -5.669870600104331970e-02
3.510147333145141602e-01 -5.609799921512603760e-02
3.574566245079040527e-01 -5.555891618132591248e-02
3.635085523128509521e-01 -5.503055080771446228e-02
3.789991140365600586e-01 -5.358483642339706421e-02
3.828968703746795654e-01 -5.320061743259429932e-02
3.982788622379302979e-01 -5.160764977335929871e-02
4.113076627254486084e-01 -5.016684159636497498e-02
4.394438266754150391e-01 -4.679175466299057007e-02
4.473537206649780273e-01 -4.578297212719917297e-02
4.706768393516540527e-01 -4.267163574695587158e-02
4.827409982681274414e-01 -4.098940268158912659e-02
4.917782843112945557e-01 -3.970034420490264893e-02
4.947361052036285400e-01 -3.927340358495712280e-02
5.068293809890747070e-01 -3.750449419021606445e-02
5.200215578079223633e-01 -3.553646430373191833e-02
5.286872982978820801e-01 -3.422535583376884460e-02
5.374308228492736816e-01 -3.289040923118591309e-02
5.453197360038757324e-01 -3.167756646871566772e-02
5.520586371421813965e-01 -3.063673153519630432e-02
5.626055598258972168e-01 -2.900189161300659180e-02
5.649045109748840332e-01 -2.864497900009155273e-02
5.708222985267639160e-01 -2.772607281804084778e-02
5.761611461639404297e-01 -2.689733356237411499e-02
5.846698880195617676e-01 -2.557898126542568207e-02
5.988340973854064941e-01 -2.339799143373966217e-02
6.076259016990661621e-01 -2.205795049667358398e-02
6.154927611351013184e-01 -2.087118476629257202e-02
6.221008300781250000e-01 -1.988511532545089722e-02
6.432985663414001465e-01 -1.680620200932025909e-02
6.570953726768493652e-01 -1.488751359283924103e-02
6.581704020500183105e-01 -1.474127545952796936e-02
6.784613728523254395e-01 -1.208049524575471878e-02
6.893471479415893555e-01 -1.073762495070695877e-02
7.002463340759277344e-01 -9.457715786993503571e-03
7.120255827903747559e-01 -8.151083253324031830e-03
7.350204586982727051e-01 -5.841517355293035507e-03
7.393381595611572266e-01 -5.444530397653579712e-03
7.607902288436889648e-01 -3.647990059107542038e-03
7.706681489944458008e-01 -2.920263679698109627e-03
7.770469784736633301e-01 -2.483922056853771210e-03
7.790893912315368652e-01 -2.349808579310774803e-03
7.965724468231201172e-01 -1.313413726165890694e-03
8.079516291618347168e-01 -7.471131975762546062e-04
8.167856335639953613e-01 -3.671506419777870178e-04
8.245040178298950195e-01 -7.849832036299631000e-05
8.371626138687133789e-01 3.055866982322186232e-04
8.420468568801879883e-01 4.234158550389111042e-04
8.497508764266967773e-01 5.738997133448719978e-04
8.565928936004638672e-01 6.702560349367558956e-04
8.639582991600036621e-01 7.333530811592936516e-04
8.726134896278381348e-01 7.512535084970295429e-04
8.796955347061157227e-01 7.182826520875096321e-04
8.952770233154296875e-01 4.813561390619724989e-04
9.030862450599670410e-01 2.686376101337373257e-04
9.188245534896850586e-01 -3.833606897387653589e-04
9.449998140335083008e-01 -2.328178612515330315e-03
9.595268964767456055e-01 -4.027881659567356110e-03
9.657173752784729004e-01 -4.877729807049036026e-03
9.674124121665954590e-01 -5.115287378430366516e-03
