9.676285982131958008e-01 -8.889561286196112633e-04
9.668108820915222168e-01 -5.203610635362565517e-04
9.650816321372985840e-01 2.215947315562516451e-04
9.582456946372985840e-01 2.882641274482011795e-03
9.398889541625976562e-01 9.176617488265037537e-03
9.266034364700317383e-01 1.338227186352014542e-02
9.127014279365539551e-01 1.760008558630943298e-02
9.101967215538024902e-01 1.834417693316936493e-02
8.998259902000427246e-01 2.138055115938186646e-02
8.934594392776489258e-01 2.321231551468372345e-02
8.805942535400390625e-01 2.684654667973518372e-02
8.739692568778991699e-01 2.868557907640933990e-02
8.585100173950195312e-01 3.289801627397537231e-02
8.496295809745788574e-01 3.527050465345382690e-02
8.307021260261535645e-01 4.021779075264930725e-02
8.233481049537658691e-01 4.210090264678001404e-02
8.066559433937072754e-01 4.629509150981903076e-02
8.013944625854492188e-01 4.759413748979568481e-02
7.901247143745422363e-01 5.033928528428077698e-02
7.757561802864074707e-01 5.376455187797546387e-02
7.577390670776367188e-01 5.793818086385726929e-02
7.433142662048339844e-01 6.117900088429450989e-02
7.382578849792480469e-01 6.229316070675849915e-02
7.309248447418212891e-01 6.388833373785018921e-02
7.107654213905334473e-01 6.814338266849517822e-02
7.020946741104125977e-01 6.991273164749145508e-02
6.917228102684020996e-01 7.197932153940200806e-02
6.812441349029541016e-01 7.401028275489807129e-02
6.585836410522460938e-01 7.819864153861999512e-02
6.495072245597839355e-01 7.979500293731689453e-02
6.376532912254333496e-01 8.180711418390274048e-02
6.239399313926696777e-01 8.402910083532333374e-02
6.098788380622863770e-01 8.618608862161636353e-02
6.041164398193359375e-01 8.703365176916122437e-02
5.977720022201538086e-01 8.794187754392623901e-02
5.899007916450500488e-01 8.903202414512634277e-02
5.733569264411926270e-01 9.118837863206863403e-02
5.653430819511413574e-01 9.216602891683578491e-02
5.521950125694274902e-01 9.367366880178451538e-02
5.441117286682128906e-01 9.454040229320526123e-02
5.330750942230224609e-01 9.564890712499618530e-02
5.265944600105285645e-01 9.625917673110961914e-02
5.162313580513000488e-01 9.717201441526412964e-02
5.067551136016845703e-01 9.793835878372192383e-02
4.922323524951934814e-01 9.898498654365539551e-02
4.853489995002746582e-01 9.942669421434402466e-02
4.623720347881317139e-01 1.006462052464485168e-01
4.533851146697998047e-01 1.010159179568290710e-01
4.386931955814361572e-01 1.014897897839546204e-01
4.257684350013732910e-01 1.017724201083183289e-01
4.145571589469909668e-01 1.019155308604240417e-01
4.094359874725341797e-01 1.019493043422698975e-01
4.037134945392608643e-01 1.019635945558547974e-01
3.913700878620147705e-01 1.019100695848464966e-01
3.834792077541351318e-01 1.018153280019760132e-01
3.763530850410461426e-01 1.016891822218894958e-01
3.620609939098358154e-01 1.013198494911193848e-01
3.456160128116607666e-01 1.007022261619567871e-01
3.406242728233337402e-01 1.004738435149192810e-01
3.338278234004974365e-01 1.001321226358413696e-01
3.297881782054901123e-01 9.991218894720077515e-02
3.061565458774566650e-01 9.837254881858825684e-02
2.896783947944641113e-01 9.704078733921051025e-02
2.848141789436340332e-01 9.660661220550537109e-02
2.790761291980743408e-01 9.607016295194625854e-02
2.695777714252471924e-01 9.512392431497573853e-02
2.542997598648071289e-01 9.344759583473205566e-02
2.350959628820419312e-01 9.106401354074478149e-02
2.297584414482116699e-01 9.034539014101028442e-02
2.161161601543426514e-01 8.839443325996398926e-02
2.041282951831817627e-01 8.654068410396575928e-02
1.894750744104385376e-01 8.409003913402557373e-02
1.821651011705398560e-01 8.278831094503402710e-02
1.728022098541259766e-01 8.104065060615539551e-02
1.659159213304519653e-01 7.969549298286437988e-02
1.593696177005767822e-01 7.836789637804031372e-02
1.469642221927642822e-01 7.571506500244140625e-02
1.315621733665466309e-01 7.215247303247451782e-02
1.194903030991554260e-01 6.913037598133087158e-02
1.106452718377113342e-01 6.677385419607162476e-02
9.815271943807601929e-02 6.321647763252258301e-02
8.378167450428009033e-02 5.874209851026535034e-02
7.403893023729324341e-02 5.543380603194236755e-02
5.938390269875526428e-02 4.993783310055732727e-02
5.293837934732437134e-02 4.727783799171447754e-02
4.305491223931312561e-02 4.282958433032035828e-02
3.255302459001541138e-02 3.745767101645469666e-02
2.561667561531066895e-02 3.339518979191780090e-02
2.152019180357456207e-02 3.072572685778141022e-02
1.945328339934349060e-02 2.928025647997856140e-02
1.254007313400506973e-02 2.376522496342658997e-02
9.099832735955715179e-03 2.041775733232498169e-02
6.075182929635047913e-03 1.684962213039398193e-02
4.383109044283628464e-03 1.438126154243946075e-02
2.934031421318650246e-03 1.170287653803825378e-02
1.613315893337130547e-03 7.895317859947681427e-03
1.252201036550104618e-03 5.236967466771602631e-03
1.547933905385434628e-03 1.839209580793976784e-03
1.949813566170632839e-03 4.268911143299192190e-04
2.714323811233043671e-03 -1.348482910543680191e-03
4.170477855950593948e-03 -3.635563654825091362e-03
6.263899151235818863e-03 -5.956961307674646378e-03
1.162427570670843124e-02 -9.968127124011516571e-03
1.450906973332166672e-02 -1.158241834491491318e-02
2.098293602466583252e-02 -1.451599411666393280e-02
2.984185703098773956e-02 -1.766245625913143158e-02
3.671850264072418213e-02 -1.971544511616230011e-02
5.253475531935691833e-02 -2.373540960252285004e-02
6.383997946977615356e-02 -2.625424787402153015e-02
7.523324340581893921e-02 -2.860817871987819672e-02
8.888587355613708496e-02 -3.125235438346862793e-02
9.539761394262313843e-02 -3.245831280946731567e-02
1.042467057704925537e-01 -3.404708951711654663e-02
1.169151067733764648e-01 -3.622904419898986816e-02
1.338278353214263916e-01 -3.898337855935096741e-02
1.495565772056579590e-01 -4.138827696442604065e-02
1.565726548433303833e-01 -4.241297766566276550e-02
1.678282022476196289e-01 -4.399507120251655579e-02
1.755042225122451782e-01 -4.503034055233001709e-02
1.857163161039352417e-01 -4.635255038738250732e-02
1.949521005153656006e-01 -4.749407246708869934e-02
2.144500613212585449e-01 -4.973389580845832825e-02
2.265301048755645752e-01 -5.100540444254875183e-02
2.388691455125808716e-01 -5.221217498183250427e-02
2.462805658578872681e-01 -5.289227887988090515e-02
2.555018365383148193e-01 -5.369153246283531189e-02
2.733076214790344238e-01 -5.508768558502197266e-02
2.785412073135375977e-01 -5.546117573976516724e-02
2.911349236965179443e-01 -5.629132315516471863e-02
2.966545224189758301e-01 -5.662461742758750916e-02
3.066373467445373535e-01 -5.718020722270011902e-02
3.167341947555541992e-01 -5.768033489584922791e-02
3.296312987804412842e-01 -5.822877958416938782e-02
3.337514102458953857e-01 -5.838262662291526794e-02
3.475019931793212891e-01 -5.882132798433303833e-02
3.608003854751586914e-01 -5.913611873984336853e-02
3.716317117214202881e-01 -5.931299552321434021e-02
3.753722608089447021e-01 -5.935747548937797546e-02
3.881864845752716064e-01 -5.944530665874481201e-02
3.986962735652923584e-01 -5.944265425205230713e-02
4.101924598217010498e-01 -5.936255306005477905e-02
4.155304431915283203e-01 -5.929793789982795715e-02
4.278526008129119873e-01 -5.908221378922462463e-02
4.453378319740295410e-01 -5.861649662256240845e-02
4.539458453655242920e-01 -5.831832438707351685e-02
4.623377919197082520e-01 -5.798382684588432312e-02
4.728916883468627930e-01 -5.750167369842529297e-02
4.842724800109863281e-01 -5.690508335828781128e-02
4.940739274024963379e-01 -5.632750317454338074e-02
5.086333155632019043e-01 -5.536096543073654175e-02
5.170339345932006836e-01 -5.474448949098587036e-02
5.246941447257995605e-01 -5.414508283138275146e-02
5.395117402076721191e-01 -5.288570374250411987e-02
5.462688207626342773e-01 -5.226820334792137146e-02
5.569766759872436523e-01 -5.123525112867355347e-02
5.652878880500793457e-01 -5.038833990693092346e-02
5.803649425506591797e-01 -4.875447601079940796e-02
5.887562036514282227e-01 -4.779275134205818176e-02
5.968612432479858398e-01 -4.682993516325950623e-02
6.099506616592407227e-01 -4.520858824253082275e-02
6.213364005088806152e-01 -4.373662918806076050e-02
6.339712738990783691e-01 -4.204337298870086670e-02
6.440597176551818848e-01 -4.065196588635444641e-02
6.578954458236694336e-01 -3.869678825139999390e-02
6.730098128318786621e-01 -3.651429712772369385e-02
6.833575367927551270e-01 -3.500191494822502136e-02
6.978130340576171875e-01 -3.287845849990844727e-02
7.058936357498168945e-01 -3.169186785817146301e-02
7.154486179351806641e-01 -3.029441088438034058e-02
7.311158776283264160e-01 -2.802813798189163208e-02
7.461355924606323242e-01 -2.590062282979488373e-02
7.572242617607116699e-01 -2.436754852533340454e-02
7.656447887420654297e-01 -2.322852611541748047e-02
7.723984122276306152e-01 -2.233235724270343781e-02
7.970604896545410156e-01 -1.920712739229202271e-02
8.033592104911804199e-01 -1.844939030706882477e-02
8.178441524505615234e-01 -1.677460223436355591e-02
8.250258564949035645e-01 -1.598073169589042664e-02
8.411285877227783203e-01 -1.429288834333419800e-02
8.481688499450683594e-01 -1.359638571739196777e-02
8.570931553840637207e-01 -1.275091897696256638e-02
8.660033941268920898e-01 -1.194952148944139481e-02
8.926470279693603516e-01 -9.818318299949169159e-03
8.978899121284484863e-01 -9.447271935641765594e-03
9.163969755172729492e-01 -8.267760276794433594e-03
9.231636524200439453e-01 -7.886639796197414398e-03
9.347749352455139160e-01 -7.290004752576351166e-03
9.498205780982971191e-01 -6.588002666831016541e-03
9.559707045555114746e-01 -6.292296573519706726e-03
9.633640646934509277e-01 -5.873263347893953323e-03
9.659953117370605469e-01 -5.690049380064010620e-03
9.672130942344665527e-01 -5.596123635768890381e-03
