9.497901797294616699e-01 -1.837813109159469604e-02
9.495410323143005371e-01 -1.835255324840545654e-02
9.477830529212951660e-01 -1.817282289266586304e-02
9.432553052902221680e-01 -1.771286688745021820e-02
9.216875433921813965e-01 -1.548457331955432892e-02
9.123483896255493164e-01 -1.448410097509622574e-02
8.995214700698852539e-01 -1.307226810604333878e-02
8.974821567535400391e-01 -1.284385845065116882e-02
8.852801918983459473e-01 -1.145557966083288193e-02
8.740353584289550781e-01 -1.014481298625469208e-02
8.630494475364685059e-01 -8.837105706334114075e-03
8.555360436439514160e-01 -7.928311824798583984e-03
8.402937650680541992e-01 -6.051809526979923248e-03
8.282620310783386230e-01 -4.542786628007888794e-03
8.159820437431335449e-01 -2.981126541271805763e-03
8.074841499328613281e-01 -1.889775274321436882e-03
7.998866438865661621e-01 -9.081204188987612724e-04
7.961969375610351562e-01 -4.296924453228712082e-04
7.795665860176086426e-01 1.735715079121291637e-03
7.736169695854187012e-01 2.512124599888920784e-03
7.668617963790893555e-01 3.393257502466440201e-03
7.510548233985900879e-01 5.446726456284523010e-03
7.344449162483215332e-01 7.576099596917629242e-03
7.336841821670532227e-01 7.672558072954416275e-03
7.276390194892883301e-01 8.435003459453582764e-03
7.221380472183227539e-01 9.121702983975410461e-03
7.101517915725708008e-01 1.058954093605279922e-02
7.062196731567382812e-01 1.106127630919218063e-02
6.882609724998474121e-01 1.314023416489362717e-02
6.823244690895080566e-01 1.379615161567926407e-02
6.730783581733703613e-01 1.478192582726478577e-02
6.578254699707031250e-01 1.630221493542194366e-02
6.474002003669738770e-01 1.725753769278526306e-02
6.371575593948364258e-01 1.812466606497764587e-02
6.176195144653320312e-01 1.957154646515846252e-02
6.095882058143615723e-01 2.008553408086299896e-02
6.038994789123535156e-01 2.042103745043277740e-02
6.000601053237915039e-01 2.063418179750442505e-02
5.777224302291870117e-01 2.166721038520336151e-02
5.746289491653442383e-01 2.178333699703216553e-02
5.666167736053466797e-01 2.205525897443294525e-02
5.433080792427062988e-01 2.262490615248680115e-02
5.360825657844543457e-01 2.274037525057792664e-02
5.239747166633605957e-01 2.287615649402141571e-02
5.151966810226440430e-01 2.293311059474945068e-02
5.064718723297119141e-01 2.295839786529541016e-02
4.931191802024841309e-01 2.294295653700828552e-02
4.814918041229248047e-01 2.288273349404335022e-02
4.716676473617553711e-01 2.280262112617492676e-02
4.625834226608276367e-01 2.270793914794921875e-02
4.357658922672271729e-01 2.233805693686008453e-02
4.318767488002777100e-01 2.227576635777950287e-02
4.218979179859161377e-01 2.210878580808639526e-02
4.147139787673950195e-01 2.198343165218830109e-02
4.068620502948760986e-01 2.184287086129188538e-02
3.966322839260101318e-01 2.165624685585498810e-02
3.892605006694793701e-01 2.152073569595813751e-02
3.745321333408355713e-01 2.125165984034538269e-02
3.531105816364288330e-01 2.087708376348018646e-02
3.503396511077880859e-01 2.083100005984306335e-02
3.466692268848419189e-01 2.077101729810237885e-02
3.277766406536102295e-01 2.048449590802192688e-02
3.131881654262542725e-01 2.029364742338657379e-02
3.050766289234161377e-01 2.020080387592315674e-02
2.945553958415985107e-01 2.009578049182891846e-02
2.852782905101776123e-01 2.001838386058807373e-02
2.751447558403015137e-01 1.995080709457397461e-02
2.697882056236267090e-01 1.992240548133850098e-02
2.680433392524719238e-01 1.991426385939121246e-02
2.617143392562866211e-01 1.988927647471427917e-02
2.319900840520858765e-01 1.986651308834552765e-02
2.263212651014328003e-01 1.987917348742485046e-02
2.230174094438552856e-01 1.988888904452323914e-02
2.126908451318740845e-01 1.992983557283878326e-02
2.022983729839324951e-01 1.998587325215339661e-02
1.822099834680557251e-01 2.012834884226322174e-02
1.632104218006134033e-01 2.028894424438476562e-02
1.487545371055603027e-01 2.041386440396308899e-02
1.410578936338424683e-01 2.047657594084739685e-02
1.279109865427017212e-01 2.056960575282573700e-02
9.772305190563201904e-02 2.064575813710689545e-02
8.799952268600463867e-02 2.060205675661563873e-02
6.672739237546920776e-02 2.031695283949375153e-02
3.816535696387290955e-02 1.928558200597763062e-02
2.845948189496994019e-02 1.867298781871795654e-02
1.065996196120977402e-02 1.701012812554836273e-02
5.451425909996032715e-03 1.634652167558670044e-02
-4.905208945274353027e-03 1.469330396503210068e-02
-1.799536682665348053e-02 1.168462447822093964e-02
-3.253026679158210754e-02 5.977193824946880341e-03
-3.522311896085739136e-02 4.336524289101362228e-03
-3.927142545580863953e-02 1.021091360598802567e-03
-4.171445220708847046e-02 -2.174279419705271721e-03
-4.281557723879814148e-02 -4.850798752158880234e-03
-4.302326589822769165e-02 -8.620589040219783783e-03
-4.264609888195991516e-02 -1.021303143352270126e-02
-4.209830239415168762e-02 -1.157521829009056091e-02
-4.149524495005607605e-02 -1.268087048083543777e-02
-4.046295583248138428e-02 -1.414982136338949203e-02
-3.830139338970184326e-02 -1.642140559852123260e-02
-3.618749976158142090e-02 -1.811327598989009857e-02
-3.129962459206581116e-02 -2.103232964873313904e-02
-2.620703540742397308e-02 -2.325562760233879089e-02
-1.772290281951427460e-02 -2.594558335840702057e-02
-1.018165051937103271e-02 -2.768922783434391022e-02
1.996401930227875710e-03 -2.974057011306285858e-02
2.790065668523311615e-02 -3.252302855253219604e-02
4.610941186547279358e-02 -3.396491706371307373e-02
5.352318659424781799e-02 -3.451949357986450195e-02
7.806160300970077515e-02 -3.639434278011322021e-02
9.677479416131973267e-02 -3.794951736927032471e-02
1.125347390770912170e-01 -3.936360403895378113e-02
1.199502795934677124e-01 -4.005945473909378052e-02
1.340651512145996094e-01 -4.142791777849197388e-02
1.413954496383666992e-01 -4.215608909726142883e-02
1.621607840061187744e-01 -4.425054416060447693e-02
1.747904866933822632e-01 -4.552225768566131592e-02
1.800063550472259521e-01 -4.604162275791168213e-02
2.023222893476486206e-01 -4.818953573703765869e-02
2.466129958629608154e-01 -5.182373896241188049e-02
2.535519897937774658e-01 -5.228917673230171204e-02
2.643555104732513428e-01 -5.294808000326156616e-02
2.764998972415924072e-01 -5.358840152621269226e-02
2.861887812614440918e-01 -5.402003228664398193e-02
2.923392653465270996e-01 -5.425665900111198425e-02
2.990877628326416016e-01 -5.448251590132713318e-02
3.124214410781860352e-01 -5.482402816414833069e-02
3.245525062084197998e-01 -5.501396581530570984e-02
3.361270427703857422e-01 -5.508905276656150818e-02
3.575228452682495117e-01 -5.496272444725036621e-02
3.603329360485076904e-01 -5.492138490080833435e-02
3.654999136924743652e-01 -5.483085289597511292e-02
3.761259615421295166e-01 -5.458710342645645142e-02
3.956878781318664551e-01 -5.394632741808891296e-02
4.064217507839202881e-01 -5.349637567996978760e-02
4.108510911464691162e-01 -5.329177901148796082e-02
4.202469289302825928e-01 -5.282315611839294434e-02
4.235010147094726562e-01 -5.265035107731819153e-02
4.359736144542694092e-01 -5.194094777107238770e-02
4.528039097785949707e-01 -5.087614431977272034e-02
4.639930725097656250e-01 -5.010829493403434753e-02
4.878969788551330566e-01 -4.833667725324630737e-02
4.972429573535919189e-01 -4.760457575321197510e-02
5.105642676353454590e-01 -4.653195291757583618e-02
5.150861740112304688e-01 -4.616149887442588806e-02
5.184432864189147949e-01 -4.588473960757255554e-02
5.341144800186157227e-01 -4.457767307758331299e-02
5.399496555328369141e-01 -4.408648982644081116e-02
5.439842939376831055e-01 -4.374605044722557068e-02
5.827705264091491699e-01 -4.048236832022666931e-02
5.867789387702941895e-01 -4.014994576573371887e-02
5.921481847763061523e-01 -3.970716521143913269e-02
6.017834544181823730e-01 -3.892066329717636108e-02
6.105281710624694824e-01 -3.821714222431182861e-02
6.210213303565979004e-01 -3.738751262426376343e-02
6.370641589164733887e-01 -3.615340963006019592e-02
6.397004127502441406e-01 -3.595484420657157898e-02
6.440256237983703613e-01 -3.563180565834045410e-02
6.505877375602722168e-01 -3.514822199940681458e-02
6.633012890815734863e-01 -3.423455730080604553e-02
6.673036217689514160e-01 -3.395343199372291565e-02
6.793345808982849121e-01 -3.312771022319793701e-02
6.895261406898498535e-01 -3.245151415467262268e-02
7.017605900764465332e-01 -3.166901692748069763e-02
7.103274464607238770e-01 -3.114075772464275360e-02
7.281926274299621582e-01 -3.009432740509510040e-02
7.461199164390563965e-01 -2.912580594420433044e-02
7.534202933311462402e-01 -2.875732630491256714e-02
7.764122486114501953e-01 -2.771091461181640625e-02
7.855635881423950195e-01 -2.735052816569805145e-02
7.908931374549865723e-01 -2.715799398720264435e-02
7.983101010322570801e-01 -2.691383287310600281e-02
8.063670992851257324e-01 -2.668384648859500885e-02
8.123600482940673828e-01 -2.653987519443035126e-02
8.171004652976989746e-01 -2.644450403749942780e-02
8.219960331916809082e-01 -2.636512555181980133e-02
8.314891457557678223e-01 -2.627510204911231995e-02
8.366093635559082031e-01 -2.626739814877510071e-02
8.404067158699035645e-01 -2.628321945667266846e-02
8.432204723358154297e-01 -2.630804851651191711e-02
8.485106229782104492e-01 -2.638839557766914368e-02
8.516560792922973633e-01 -2.645931765437126160e-02
8.616729974746704102e-01 -2.682284638285636902e-02
8.703147172927856445e-01 -2.734532207250595093e-02
8.770685195922851562e-01 -2.792466431856155396e-02
8.799777626991271973e-01 -2.822823263704776764e-02
8.854848742485046387e-01 -2.890212647616863251e-02
8.945994377136230469e-01 -3.032725676894187927e-02
9.002833962440490723e-01 -3.141741082072257996e-02
9.234706163406372070e-01 -3.718187287449836731e-02
9.334539175033569336e-01 -4.008062556385993958e-02
9.425233602523803711e-01 -4.282204061746597290e-02
